-0.984455,1.09,0
-0.984455,1.27,0
-0.984455,1.45,0
-0.984455,1.63,0
-0.984455,1.81,0
-0.984455,1.99,0
-0.984455,2.17,0
-0.984455,2.35,0
-0.984455,2.53,0
-0.984455,2.71,0
-0.984455,2.89,0
-0.984455,3.07,0
-0.984455,3.25,0
-0.984455,3.43,0
-0.984455,3.61,0
-0.984455,3.79,0
-0.984455,3.97,0
-0.984455,4.15,0
-0.984455,4.33,0
-0.984455,4.51,0
-0.984455,4.69,0
-0.984455,4.87,0
-0.984455,5.05,0
-0.984455,5.23,0
-0.984455,5.41,0
-0.984455,5.59,0
-0.984455,5.77,0
-0.984455,5.95,0
-0.984455,6.13,0
-0.984455,6.31,0
-0.984455,6.49,0
-0.984455,6.67,0
-0.984455,6.85,0
-0.984455,7.03,0
-0.984455,7.21,0
-0.984455,7.39,0
-0.984455,7.57,0
-0.984455,7.75,0
-0.984455,7.93,0
-0.984455,8.11,0
-0.984455,8.29,0
-0.984455,8.47,0
-0.984455,8.65,0
-0.984455,8.83,0
-0.984455,9.01,0
-0.984455,9.19,0
-0.984455,9.37,0
-0.984455,9.55,0
-0.984455,9.73,0
-0.984455,9.91,0
-0.977166,1.09,0
-0.977166,1.27,0
-0.977166,1.45,0
-0.977166,1.63,0
-0.977166,1.81,0
-0.977166,1.99,0
-0.977166,2.17,0
-0.977166,2.35,0
-0.977166,2.53,0
-0.977166,2.71,0
-0.977166,2.89,0
-0.977166,3.07,0
-0.977166,3.25,0
-0.977166,3.43,0
-0.977166,3.61,0
-0.977166,3.79,0
-0.977166,3.97,0
-0.977166,4.15,0
-0.977166,4.33,0
-0.977166,4.51,0
-0.977166,4.69,0
-0.977166,4.87,0
-0.977166,5.05,0
-0.977166,5.23,0
-0.977166,5.41,0
-0.977166,5.59,0
-0.977166,5.77,0
-0.977166,5.95,0
-0.977166,6.13,0
-0.977166,6.31,0
-0.977166,6.49,0
-0.977166,6.67,0
-0.977166,6.85,0
-0.977166,7.03,0
-0.977166,7.21,0
-0.977166,7.39,0
-0.977166,7.57,0
-0.977166,7.75,0
-0.977166,7.93,0
-0.977166,8.11,0
-0.977166,8.29,0
-0.977166,8.47,0
-0.977166,8.65,0
-0.977166,8.83,0
-0.977166,9.01,0
-0.977166,9.19,0
-0.977166,9.37,0
-0.977166,9.55,0
-0.977166,9.73,0
-0.977166,9.91,0
-0.969878,1.09,0
-0.969878,1.27,0
-0.969878,1.45,0
-0.969878,1.63,0
-0.969878,1.81,0
-0.969878,1.99,0
-0.969878,2.17,0
-0.969878,2.35,0
-0.969878,2.53,0
-0.969878,2.71,0
-0.969878,2.89,0
-0.969878,3.07,0
-0.969878,3.25,0
-0.969878,3.43,0
-0.969878,3.61,0
-0.969878,3.79,0
-0.969878,3.97,0
-0.969878,4.15,0
-0.969878,4.33,0
-0.969878,4.51,0
-0.969878,4.69,0
-0.969878,4.87,0
-0.969878,5.05,0
-0.969878,5.23,0
-0.969878,5.41,0
-0.969878,5.59,0
-0.969878,5.77,0
-0.969878,5.95,0
-0.969878,6.13,0
-0.969878,6.31,0
-0.969878,6.49,0
-0.969878,6.67,0
-0.969878,6.85,0
-0.969878,7.03,0
-0.969878,7.21,0
-0.969878,7.39,0
-0.969878,7.57,0
-0.969878,7.75,0
-0.969878,7.93,0
-0.969878,8.11,0
-0.969878,8.29,0
-0.969878,8.47,0
-0.969878,8.65,0
-0.969878,8.83,0
-0.969878,9.01,0
-0.969878,9.19,0
-0.969878,9.37,0
-0.969878,9.55,0
-0.969878,9.73,0
-0.969878,9.91,0
-0.96259,1.09,0
-0.96259,1.27,0
-0.96259,1.45,0
-0.96259,1.63,0
-0.96259,1.81,0
-0.96259,1.99,0
-0.96259,2.17,0
-0.96259,2.35,0
-0.96259,2.53,0
-0.96259,2.71,0
-0.96259,2.89,0
-0.96259,3.07,0
-0.96259,3.25,0
-0.96259,3.43,0
-0.96259,3.61,0
-0.96259,3.79,0
-0.96259,3.97,0
-0.96259,4.15,0
-0.96259,4.33,0
-0.96259,4.51,0
-0.96259,4.69,0
-0.96259,4.87,0
-0.96259,5.05,0
-0.96259,5.23,0
-0.96259,5.41,0
-0.96259,5.59,0
-0.96259,5.77,0
-0.96259,5.95,0
-0.96259,6.13,0
-0.96259,6.31,0
-0.96259,6.49,0
-0.96259,6.67,0
-0.96259,6.85,0
-0.96259,7.03,0
-0.96259,7.21,0
-0.96259,7.39,0
-0.96259,7.57,0
-0.96259,7.75,0
-0.96259,7.93,0
-0.96259,8.11,0
-0.96259,8.29,0
-0.96259,8.47,0
-0.96259,8.65,0
-0.96259,8.83,0
-0.96259,9.01,0
-0.96259,9.19,0
-0.96259,9.37,0
-0.96259,9.55,0
-0.96259,9.73,0
-0.96259,9.91,0
-0.955302,1.09,-0.0169589
-0.955302,1.27,0.0325798
-0.955302,1.45,0.0638134
-0.955302,1.63,0.00201963
-0.955302,1.81,-0.0414208
-0.955302,1.99,-0.00897256
-0.955302,2.17,0.0382173
-0.955302,2.35,-0.0384126
-0.955302,2.53,-0.0506402
-0.955302,2.71,-0.0376625
-0.955302,2.89,-0.0527946
-0.955302,3.07,-0.0694498
-0.955302,3.25,-0.0748682
-0.955302,3.43,-0.0891751
-0.955302,3.61,-0.126257
-0.955302,3.79,-0.176972
-0.955302,3.97,-0.213664
-0.955302,4.15,-0.204014
-0.955302,4.33,-0.129876
-0.955302,4.51,-0.00495369
-0.955302,4.69,0.129102
-0.955302,4.87,0.231525
-0.955302,5.05,0.285269
-0.955302,5.23,0.294865
-0.955302,5.41,0.272249
-0.955302,5.59,0.22985
-0.955302,5.77,0.176948
-0.955302,5.95,0.119838
-0.955302,6.13,0.0624443
-0.955302,6.31,0.00719512
-0.955302,6.49,-0.0443445
-0.955302,6.67,-0.0911834
-0.955302,6.85,-0.132695
-0.955302,7.03,-0.168462
-0.955302,7.21,-0.198313
-0.955302,7.39,-0.222068
-0.955302,7.57,-0.239659
-0.955302,7.75,-0.251173
-0.955302,7.93,-0.256819
-0.955302,8.11,-0.257736
-0.955302,8.29,-0.253638
-0.955302,8.47,-0.244982
-0.955302,8.65,-0.232377
-0.955302,8.83,-0.216494
-0.955302,9.01,-0.197792
-0.955302,9.19,-0.177086
-0.955302,9.37,-0.155283
-0.955302,9.55,-0.133008
-0.955302,9.73,-0.110801
-0.955302,9.91,-0.0891183
-0.948014,1.09,-0.0235479
-0.948014,1.27,0.0498809
-0.948014,1.45,0.00838756
-0.948014,1.63,-0.0535049
-0.948014,1.81,-0.0514763
-0.948014,1.99,-0.0239788
-0.948014,2.17,0.0951172
-0.948014,2.35,-0.0192292
-0.948014,2.53,-0.0719668
-0.948014,2.71,-0.121299
-0.948014,2.89,-0.174665
-0.948014,3.07,-0.184844
-0.948014,3.25,-0.168512
-0.948014,3.43,-0.176926
-0.948014,3.61,-0.235599
-0.948014,3.79,-0.327413
-0.948014,3.97,-0.406177
-0.948014,4.15,-0.419317
-0.948014,4.33,-0.329407
-0.948014,4.51,-0.137475
-0.948014,4.69,0.107119
-0.948014,4.87,0.332001
-0.948014,5.05,0.48505
-0.948014,5.23,0.553956
-0.948014,5.41,0.551303
-0.948014,5.59,0.49922
-0.948014,5.77,0.41742
-0.948014,5.95,0.320582
-0.948014,6.13,0.218243
-0.948014,6.31,0.116349
-0.948014,6.49,0.0185587
-0.948014,6.67,-0.0727556
-0.948014,6.85,-0.156219
-0.948014,7.03,-0.230962
-0.948014,7.21,-0.296588
-0.948014,7.39,-0.352722
-0.948014,7.57,-0.399133
-0.948014,7.75,-0.435788
-0.948014,7.93,-0.462808
-0.948014,8.11,-0.481831
-0.948014,8.29,-0.492109
-0.948014,8.47,-0.494046
-0.948014,8.65,-0.488292
-0.948014,8.83,-0.475617
-0.948014,9.01,-0.456382
-0.948014,9.19,-0.431675
-0.948014,9.37,-0.402938
-0.948014,9.55,-0.371157
-0.948014,9.73,-0.337271
-0.948014,9.91,-0.302148
-0.940726,1.09,-0.0637975
-0.940726,1.27,0.00896274
-0.940726,1.45,-0.0492094
-0.940726,1.63,-0.0997621
-0.940726,1.81,-0.0524752
-0.940726,1.99,-0.0345542
-0.940726,2.17,0.0927025
-0.940726,2.35,-0.0457979
-0.940726,2.53,-0.0747506
-0.940726,2.71,-0.140957
-0.940726,2.89,-0.190723
-0.940726,3.07,-0.178128
-0.940726,3.25,-0.146934
-0.940726,3.43,-0.150038
-0.940726,3.61,-0.206409
-0.940726,3.79,-0.298929
-0.940726,3.97,-0.389578
-0.940726,4.15,-0.43605
-0.940726,4.33,-0.402246
-0.940726,4.51,-0.271998
-0.940726,4.69,-0.0640332
-0.940726,4.87,0.169303
-0.940726,5.05,0.368392
-0.940726,5.23,0.498049
-0.940726,5.41,0.552175
-0.940726,5.59,0.544443
-0.940726,5.77,0.493549
-0.940726,5.95,0.416489
-0.940726,6.13,0.325529
-0.940726,6.31,0.228863
-0.940726,6.49,0.131714
-0.940726,6.67,0.0376211
-0.940726,6.85,-0.0513005
-0.940726,7.03,-0.133696
-0.940726,7.21,-0.20882
-0.940726,7.39,-0.276087
-0.940726,7.57,-0.335076
-0.940726,7.75,-0.385569
-0.940726,7.93,-0.427481
-0.940726,8.11,-0.462002
-0.940726,8.29,-0.488376
-0.940726,8.47,-0.506741
-0.940726,8.65,-0.517435
-0.940726,8.83,-0.520903
-0.940726,9.01,-0.517208
-0.940726,9.19,-0.507065
-0.940726,9.37,-0.491595
-0.940726,9.55,-0.47155
-0.940726,9.73,-0.447697
-0.940726,9.91,-0.420797
-0.933438,1.09,-0.057895
-0.933438,1.27,-0.0512824
-0.933438,1.45,-0.0997929
-0.933438,1.63,-0.150709
-0.933438,1.81,-0.0607549
-0.933438,1.99,-0.0335932
-0.933438,2.17,0.0775554
-0.933438,2.35,-0.0659368
-0.933438,2.53,-0.0812607
-0.933438,2.71,-0.160056
-0.933438,2.89,-0.193324
-0.933438,3.07,-0.160973
-0.933438,3.25,-0.124703
-0.933438,3.43,-0.126459
-0.933438,3.61,-0.175709
-0.933438,3.79,-0.260206
-0.933438,3.97,-0.354428
-0.933438,4.15,-0.427231
-0.933438,4.33,-0.446112
-0.933438,4.51,-0.385312
-0.933438,4.69,-0.239037
-0.933438,4.87,-0.0318334
-0.933438,5.05,0.186841
-0.933438,5.23,0.368758
-0.933438,5.41,0.486337
-0.933438,5.59,0.536777
-0.933438,5.77,0.531566
-0.933438,5.95,0.487093
-0.933438,6.13,0.417675
-0.933438,6.31,0.334067
-0.933438,6.49,0.243691
-0.933438,6.67,0.15179
-0.933438,6.85,0.0616941
-0.933438,7.03,-0.0244113
-0.933438,7.21,-0.105182
-0.933438,7.39,-0.179701
-0.933438,7.57,-0.247313
-0.933438,7.75,-0.307618
-0.933438,7.93,-0.360385
-0.933438,8.11,-0.406411
-0.933438,8.29,-0.445059
-0.933438,8.47,-0.476343
-0.933438,8.65,-0.500436
-0.933438,8.83,-0.517595
-0.933438,9.01,-0.527755
-0.933438,9.19,-0.53137
-0.933438,9.37,-0.529256
-0.933438,9.55,-0.521948
-0.933438,9.73,-0.510013
-0.933438,9.91,-0.494038
-0.92615,1.09,-0.0142206
-0.92615,1.27,-0.116878
-0.92615,1.45,-0.128768
-0.92615,1.63,-0.186578
-0.92615,1.81,-0.0785219
-0.92615,1.99,-0.0212341
-0.92615,2.17,0.0545659
-0.92615,2.35,-0.0770032
-0.92615,2.53,-0.0935139
-0.92615,2.71,-0.174424
-0.92615,2.89,-0.184494
-0.92615,3.07,-0.14088
-0.92615,3.25,-0.109185
-0.92615,3.43,-0.110264
-0.92615,3.61,-0.14569
-0.92615,3.79,-0.214871
-0.92615,3.97,-0.307221
-0.92615,4.15,-0.400652
-0.92615,4.33,-0.465191
-0.92615,4.51,-0.470246
-0.92615,4.69,-0.394747
-0.92615,4.87,-0.238941
-0.92615,5.05,-0.0318888
-0.92615,5.23,0.180313
-0.92615,5.41,0.355347
-0.92615,5.59,0.470446
-0.92615,5.77,0.523079
-0.92615,5.95,0.523923
-0.92615,6.13,0.487026
-0.92615,6.31,0.42518
-0.92615,6.49,0.34834
-0.92615,6.67,0.263913
-0.92615,6.85,0.176942
-0.92615,7.03,0.0908405
-0.92615,7.21,0.00786055
-0.92615,7.39,-0.0705856
-0.92615,7.57,-0.143506
-0.92615,7.75,-0.210265
-0.92615,7.93,-0.270477
-0.92615,8.11,-0.324573
-0.92615,8.29,-0.372073
-0.92615,8.47,-0.412936
-0.92615,8.65,-0.447252
-0.92615,8.83,-0.475184
-0.92615,9.01,-0.496653
-0.92615,9.19,-0.511954
-0.92615,9.37,-0.521671
-0.92615,9.55,-0.526181
-0.92615,9.73,-0.525894
-0.92615,9.91,-0.521241
-0.918862,1.09,0.030595
-0.918862,1.27,-0.164745
-0.918862,1.45,-0.132481
-0.918862,1.63,-0.192578
-0.918862,1.81,-0.100625
-0.918862,1.99,-0.00257512
-0.918862,2.17,0.0292646
-0.918862,2.35,-0.0821852
-0.918862,2.53,-0.110154
-0.918862,2.71,-0.178506
-0.918862,2.89,-0.165653
-0.918862,3.07,-0.122376
-0.918862,3.25,-0.102242
-0.918862,3.43,-0.0991021
-0.918862,3.61,-0.113002
-0.918862,3.79,-0.161526
-0.918862,3.97,-0.248993
-0.918862,4.15,-0.358684
-0.918862,4.33,-0.460738
-0.918862,4.51,-0.522059
-0.918862,4.69,-0.514329
-0.918862,4.87,-0.422399
-0.918862,5.05,-0.254836
-0.918862,5.23,-0.043795
-0.918862,5.41,0.167234
-0.918862,5.59,0.34059
-0.918862,5.77,0.456344
-0.918862,5.95,0.513339
-0.918862,6.13,0.520865
-0.918862,6.31,0.491533
-0.918862,6.49,0.43722
-0.918862,6.67,0.367526
-0.918862,6.85,0.289554
-0.918862,7.03,0.208319
-0.918862,7.21,0.127324
-0.918862,7.39,0.0486877
-0.918862,7.57,-0.0261068
-0.918862,7.75,-0.0960768
-0.918862,7.93,-0.160617
-0.918862,8.11,-0.219769
-0.918862,8.29,-0.27318
-0.918862,8.47,-0.32076
-0.918862,8.65,-0.362541
-0.918862,8.83,-0.398624
-0.918862,9.01,-0.428958
-0.918862,9.19,-0.453743
-0.918862,9.37,-0.473387
-0.918862,9.55,-0.488163
-0.918862,9.73,-0.498368
-0.918862,9.91,-0.504313
-0.911574,1.09,0.0502204
-0.911574,1.27,-0.174719
-0.911574,1.45,-0.118622
-0.911574,1.63,-0.167276
-0.911574,1.81,-0.113698
-0.911574,1.99,0.014384
-0.911574,2.17,0.0079287
-0.911574,2.35,-0.0860898
-0.911574,2.53,-0.127083
-0.911574,2.71,-0.170049
-0.911574,2.89,-0.141075
-0.911574,3.07,-0.109612
-0.911574,3.25,-0.102493
-0.911574,3.43,-0.0879261
-0.911574,3.61,-0.0739459
-0.911574,3.79,-0.0996167
-0.911574,3.97,-0.181403
-0.911574,4.15,-0.303763
-0.911574,4.33,-0.434629
-0.911574,4.51,-0.539572
-0.911574,4.69,-0.588632
-0.911574,4.87,-0.560218
-0.911574,5.05,-0.448874
-0.911574,5.23,-0.269617
-0.911574,5.41,-0.0549094
-0.911574,5.59,0.154795
-0.911574,5.77,0.326305
-0.911574,5.95,0.443325
-0.911574,6.13,0.505017
-0.911574,6.31,0.519645
-0.911574,6.49,0.498791
-0.911574,6.67,0.453314
-0.911574,6.85,0.392246
-0.911574,7.03,0.322387
-0.911574,7.21,0.248796
-0.911574,7.39,0.174534
-0.911574,7.57,0.101775
-0.911574,7.75,0.0320174
-0.911574,7.93,-0.0337859
-0.911574,8.11,-0.0952135
-0.911574,8.29,-0.151954
-0.911574,8.47,-0.203823
-0.911574,8.65,-0.250764
-0.911574,8.83,-0.292806
-0.911574,9.01,-0.329918
-0.911574,9.19,-0.362219
-0.911574,9.37,-0.389974
-0.911574,9.55,-0.413379
-0.911574,9.73,-0.432644
-0.911574,9.91,-0.447993
-0.904286,1.09,0.0545463
-0.904286,1.27,-0.143035
-0.904286,1.45,-0.0993986
-0.904286,1.63,-0.122126
-0.904286,1.81,-0.102311
-0.904286,1.99,0.0213959
-0.904286,2.17,-0.00367679
-0.904286,2.35,-0.0929308
-0.904286,2.53,-0.139717
-0.904286,2.71,-0.150489
-0.904286,2.89,-0.116366
-0.904286,3.07,-0.104241
-0.904286,3.25,-0.104577
-0.904286,3.43,-0.0703084
-0.904286,3.61,-0.0260035
-0.904286,3.79,-0.0302437
-0.904286,3.97,-0.106921
-0.904286,4.15,-0.238198
-0.904286,4.33,-0.388746
-0.904286,4.51,-0.523973
-0.904286,4.69,-0.615738
-0.904286,4.87,-0.64222
-0.904286,5.05,-0.591397
-0.904286,5.23,-0.464811
-0.904286,5.41,-0.279142
-0.904286,5.59,-0.0658287
-0.904286,5.77,0.139316
-0.904286,5.95,0.308079
-0.904286,6.13,0.426676
-0.904286,6.31,0.494252
-0.904286,6.49,0.51817
-0.904286,6.67,0.508164
-0.904286,6.85,0.474086
-0.904286,7.03,0.424187
-0.904286,7.21,0.365165
-0.904286,7.39,0.301195
-0.904286,7.57,0.235357
-0.904286,7.75,0.169873
-0.904286,7.93,0.10623
-0.904286,8.11,0.0454341
-0.904286,8.29,-0.012101
-0.904286,8.47,-0.0659999
-0.904286,8.65,-0.11605
-0.904286,8.83,-0.162158
-0.904286,9.01,-0.204256
-0.904286,9.19,-0.242371
-0.904286,9.37,-0.276631
-0.904286,9.55,-0.30715
-0.904286,9.73,-0.334064
-0.904286,9.91,-0.35752
-0.896998,1.09,0.0724976
-0.896998,1.27,-0.0885632
-0.896998,1.45,-0.0853165
-0.896998,1.63,-0.0746622
-0.896998,1.81,-0.0582469
-0.896998,1.99,0.0139029
-0.896998,2.17,-0.00181184
-0.896998,2.35,-0.105513
-0.896998,2.53,-0.144931
-0.896998,2.71,-0.123845
-0.896998,2.89,-0.0962884
-0.896998,3.07,-0.103659
-0.896998,3.25,-0.100208
-0.896998,3.43,-0.0408547
-0.896998,3.61,0.0305634
-0.896998,3.79,0.0432674
-0.896998,3.97,-0.0287684
-0.896998,4.15,-0.163885
-0.896998,4.33,-0.324469
-0.896998,4.51,-0.477424
-0.896998,4.69,-0.598295
-0.896998,4.87,-0.668114
-0.896998,5.05,-0.673465
-0.896998,5.23,-0.608139
-0.896998,5.41,-0.475214
-0.896998,5.59,-0.291722
-0.896998,5.77,-0.0853322
-0.896998,5.95,0.112891
-0.896998,6.13,0.279169
-0.896998,6.31,0.401288
-0.896998,6.49,0.478175
-0.896998,6.67,0.51476
-0.896998,6.85,0.519219
-0.896998,7.03,0.49995
-0.896998,7.21,0.464791
-0.896998,7.39,0.418953
-0.896998,7.57,0.366518
-0.896998,7.75,0.310631
-0.896998,7.93,0.253515
-0.896998,8.11,0.196925
-0.896998,8.29,0.141574
-0.896998,8.47,0.0881663
-0.896998,8.65,0.0371825
-0.896998,8.83,-0.0110734
-0.896998,9.01,-0.056408
-0.896998,9.19,-0.0987111
-0.896998,9.37,-0.137957
-0.896998,9.55,-0.174159
-0.896998,9.73,-0.20736
-0.896998,9.91,-0.237623
-0.88971,1.09,0.118165
-0.88971,1.27,-0.0443193
-0.88971,1.45,-0.0822722
-0.88971,1.63,-0.0391786
-0.88971,1.81,0.0133995
-0.88971,1.99,-0.0046904
-0.88971,2.17,0.0133477
-0.88971,2.35,-0.124839
-0.88971,2.53,-0.141563
-0.88971,2.71,-0.0948421
-0.88971,2.89,-0.0825928
-0.88971,3.07,-0.100954
-0.88971,3.25,-0.081197
-0.88971,3.43,0.00214121
-0.88971,3.61,0.0916381
-0.88971,3.79,0.115409
-0.88971,3.97,0.0495898
-0.88971,4.15,-0.0818638
-0.88971,4.33,-0.24225
-0.88971,4.51,-0.401894
-0.88971,4.69,-0.540598
-0.88971,4.87,-0.642911
-0.88971,5.05,-0.696359
-0.88971,5.23,-0.691444
-0.88971,5.41,-0.622607
-0.88971,5.59,-0.493754
-0.88971,5.77,-0.319233
-0.88971,5.95,-0.123549
-0.88971,6.13,0.0674978
-0.88971,6.31,0.233362
-0.88971,6.49,0.362931
-0.88971,6.67,0.452983
-0.88971,6.85,0.506501
-0.88971,7.03,0.529463
-0.88971,7.21,0.529344
-0.88971,7.39,0.511697
-0.88971,7.57,0.481349
-0.88971,7.75,0.442368
-0.88971,7.93,0.397854
-0.88971,8.11,0.350444
-0.88971,8.29,0.301385
-0.88971,8.47,0.251883
-0.88971,8.65,0.202832
-0.88971,8.83,0.15487
-0.88971,9.01,0.108443
-0.88971,9.19,0.0638705
-0.88971,9.37,0.0213694
-0.88971,9.55,-0.0189227
-0.88971,9.73,-0.0569229
-0.88971,9.91,-0.0925886
-0.882422,1.09,0.186072
-0.882422,1.27,-0.0326485
-0.882422,1.45,-0.0896889
-0.882422,1.63,-0.020126
-0.882422,1.81,0.0949901
-0.882422,1.99,-0.0217663
-0.882422,2.17,0.035665
-0.882422,2.35,-0.149728
-0.882422,2.53,-0.129703
-0.882422,2.71,-0.0671489
-0.882422,2.89,-0.0729055
-0.882422,3.07,-0.0872704
-0.882422,3.25,-0.043116
-0.882422,3.43,0.0550387
-0.882422,3.61,0.149378
-0.882422,3.79,0.179463
-0.882422,3.97,0.12534
-0.882422,4.15,0.00806846
-0.882422,4.33,-0.141409
-0.882422,4.51,-0.298444
-0.882422,4.69,-0.446527
-0.882422,4.87,-0.572829
-0.882422,5.05,-0.666059
-0.882422,5.23,-0.715731
-0.882422,5.41,-0.712046
-0.882422,5.59,-0.650202
-0.882422,5.77,-0.532281
-0.882422,5.95,-0.371661
-0.882422,6.13,-0.188119
-0.882422,6.31,-0.00326324
-0.882422,6.49,0.16497
-0.882422,6.67,0.305002
-0.882422,6.85,0.411925
-0.882422,7.03,0.486154
-0.882422,7.21,0.532144
-0.882422,7.39,0.554167
-0.882422,7.57,0.556801
-0.882422,7.75,0.544533
-0.882422,7.93,0.521168
-0.882422,8.11,0.49019
-0.882422,8.29,0.453559
-0.882422,8.47,0.41314
-0.882422,8.65,0.370393
-0.882422,8.83,0.326435
-0.882422,9.01,0.282125
-0.882422,9.19,0.238094
-0.882422,9.37,0.194808
-0.882422,9.55,0.152629
-0.882422,9.73,0.111824
-0.882422,9.91,0.0725877
-0.875134,1.09,0.25997
-0.875134,1.27,-0.0402243
-0.875134,1.45,-0.0967767
-0.875134,1.63,-0.0139312
-0.875134,1.81,0.164373
-0.875134,1.99,-0.0212285
-0.875134,2.17,0.0521994
-0.875134,2.35,-0.175998
-0.875134,2.53,-0.109927
-0.875134,2.71,-0.0426917
-0.875134,2.89,-0.0616418
-0.875134,3.07,-0.0557001
-0.875134,3.25,0.0123506
-0.875134,3.43,0.109279
-0.875134,3.61,0.194146
-0.875134,3.79,0.229425
-0.875134,3.97,0.197224
-0.875134,4.15,0.10743
-0.875134,4.33,-0.0202192
-0.875134,4.51,-0.166941
-0.875134,4.69,-0.318459
-0.875134,4.87,-0.462808
-0.875134,5.05,-0.588907
-0.875134,5.23,-0.685833
-0.875134,5.41,-0.742176
-0.875134,5.59,-0.74874
-0.875134,5.77,-0.699583
-0.875134,5.95,-0.597985
-0.875134,6.13,-0.454188
-0.875134,6.31,-0.284056
-0.875134,6.49,-0.105818
-0.875134,6.67,0.0649997
-0.875134,6.85,0.216435
-0.875134,7.03,0.341752
-0.875134,7.21,0.439638
-0.875134,7.39,0.510793
-0.875134,7.57,0.557627
-0.875134,7.75,0.583665
-0.875134,7.93,0.592583
-0.875134,8.11,0.588182
-0.875134,8.29,0.573052
-0.875134,8.47,0.5497
-0.875134,8.65,0.520217
-0.875134,8.83,0.486303
-0.875134,9.01,0.449396
-0.875134,9.19,0.410545
-0.875134,9.37,0.37054
-0.875134,9.55,0.33006
-0.875134,9.73,0.28964
-0.875134,9.91,0.249697
-0.867846,1.09,0.303119
-0.867846,1.27,-0.0318971
-0.867846,1.45,-0.0819803
-0.867846,1.63,-0.0166476
-0.867846,1.81,0.207611
-0.867846,1.99,0.00464879
-0.867846,2.17,0.0466837
-0.867846,2.35,-0.195628
-0.867846,2.53,-0.0838005
-0.867846,2.71,-0.0226075
-0.867846,2.89,-0.0426511
-0.867846,3.07,-0.00428569
-0.867846,3.25,0.0779886
-0.867846,3.43,0.154473
-0.867846,3.61,0.217989
-0.867846,3.79,0.261793
-0.867846,3.97,0.265311
-0.867846,4.15,0.217982
-0.867846,4.33,0.123186
-0.867846,4.51,-0.00648545
-0.867846,4.69,-0.157109
-0.867846,4.87,-0.315447
-0.867846,5.05,-0.469044
-0.867846,5.23,-0.606043
-0.867846,5.41,-0.714473
-0.867846,5.59,-0.783618
-0.867846,5.77,-0.80388
-0.867846,5.95,-0.77234
-0.867846,6.13,-0.691171
-0.867846,6.31,-0.568123
-0.867846,6.49,-0.416421
-0.867846,6.67,-0.249029
-0.867846,6.85,-0.0799915
-0.867846,7.03,0.0791259
-0.867846,7.21,0.220793
-0.867846,7.39,0.340811
-0.867846,7.57,0.437413
-0.867846,7.75,0.511071
-0.867846,7.93,0.563607
-0.867846,8.11,0.597785
-0.867846,8.29,0.616089
-0.867846,8.47,0.621168
-0.867846,8.65,0.615478
-0.867846,8.83,0.601193
-0.867846,9.01,0.580359
-0.867846,9.19,0.554488
-0.867846,9.37,0.524729
-0.867846,9.55,0.492163
-0.867846,9.73,0.45768
-0.867846,9.91,0.422001
-0.860558,1.09,0.26398
-0.860558,1.27,0.00049762
-0.860558,1.45,-0.0285548
-0.860558,1.63,-0.0253988
-0.860558,1.81,0.225741
-0.860558,1.99,0.0454729
-0.860558,2.17,0.0119036
-0.860558,2.35,-0.197397
-0.860558,2.53,-0.0567282
-0.860558,2.71,-0.00954704
-0.860558,2.89,-0.0118943
-0.860558,3.07,0.0638101
-0.860558,3.25,0.144506
-0.860558,3.43,0.182912
-0.860558,3.61,0.217349
-0.860558,3.79,0.274712
-0.860558,3.97,0.327745
-0.860558,4.15,0.338295
-0.860558,4.33,0.288356
-0.860558,4.51,0.183291
-0.860558,4.69,0.0381984
-0.860558,4.87,-0.13026
-0.860558,5.05,-0.306424
-0.860558,5.23,-0.476501
-0.860558,5.41,-0.628033
-0.860558,5.59,-0.750245
-0.860558,5.77,-0.832927
-0.860558,5.95,-0.870828
-0.860558,6.13,-0.861761
-0.860558,6.31,-0.807258
-0.860558,6.49,-0.714479
-0.860558,6.67,-0.589927
-0.860558,6.85,-0.444102
-0.860558,7.03,-0.288007
-0.860558,7.21,-0.132039
-0.860558,7.39,0.0165535
-0.860558,7.57,0.151967
-0.860558,7.75,0.270425
-0.860558,7.93,0.370146
-0.860558,8.11,0.450965
-0.860558,8.29,0.513681
-0.860558,8.47,0.5598
-0.860558,8.65,0.59118
-0.860558,8.83,0.609798
-0.860558,9.01,0.617891
-0.860558,9.19,0.617193
-0.860558,9.37,0.609062
-0.860558,9.55,0.594925
-0.860558,9.73,0.576017
-0.860558,9.91,0.553398
-0.85327,1.09,0.17753
-0.85327,1.27,0.027684
-0.85327,1.45,0.0436487
-0.85327,1.63,-0.0310163
-0.85327,1.81,0.222347
-0.85327,1.99,0.077272
-0.85327,2.17,-0.0321547
-0.85327,2.35,-0.171566
-0.85327,2.53,-0.0436794
-0.85327,2.71,-0.00944851
-0.85327,2.89,0.03171
-0.85327,3.07,0.142268
-0.85327,3.25,0.203824
-0.85327,3.43,0.191075
-0.85327,3.61,0.190042
-0.85327,3.79,0.260186
-0.85327,3.97,0.370601
-0.85327,4.15,0.454291
-0.85327,4.33,0.465831
-0.85327,4.51,0.398889
-0.85327,4.69,0.269228
-0.85327,4.87,0.098445
-0.85327,5.05,-0.0927723
-0.85327,5.23,-0.287467
-0.85327,5.41,-0.472218
-0.85327,5.59,-0.636587
-0.85327,5.77,-0.771269
-0.85327,5.95,-0.871024
-0.85327,6.13,-0.932482
-0.85327,6.31,-0.954236
-0.85327,6.49,-0.939431
-0.85327,6.67,-0.888695
-0.85327,6.85,-0.806864
-0.85327,7.03,-0.700299
-0.85327,7.21,-0.577591
-0.85327,7.39,-0.444582
-0.85327,7.57,-0.307562
-0.85327,7.75,-0.172561
-0.85327,7.93,-0.0444145
-0.85327,8.11,0.0733113
-0.85327,8.29,0.178379
-0.85327,8.47,0.26963
-0.85327,8.65,0.346791
-0.85327,8.83,0.41025
-0.85327,9.01,0.461158
-0.85327,9.19,0.500631
-0.85327,9.37,0.529625
-0.85327,9.55,0.549385
-0.85327,9.73,0.561133
-0.85327,9.91,0.566023
-0.845982,1.09,0.1959
-0.845982,1.27,0.00891437
-0.845982,1.45,0.078746
-0.845982,1.63,-0.0226861
-0.845982,1.81,0.182754
-0.845982,1.99,0.0847168
-0.845982,2.17,-0.0372654
-0.845982,2.35,-0.120148
-0.845982,2.53,-0.0735112
-0.845982,2.71,-0.0274155
-0.845982,2.89,0.0871453
-0.845982,3.07,0.220201
-0.845982,3.25,0.244423
-0.845982,3.43,0.17006
-0.845982,3.61,0.11908
-0.845982,3.79,0.18058
-0.845982,3.97,0.338498
-0.845982,4.15,0.509897
-0.845982,4.33,0.615404
-0.845982,4.51,0.622712
-0.845982,4.69,0.539784
-0.845982,4.87,0.391138
-0.845982,5.05,0.20371
-0.845982,5.23,-0.000612162
-0.845982,5.41,-0.205942
-0.845982,5.59,-0.401218
-0.845982,5.77,-0.577952
-0.845982,5.95,-0.731181
-0.845982,6.13,-0.857608
-0.845982,6.31,-0.95503
-0.845982,6.49,-1.02453
-0.845982,6.67,-1.06392
-0.845982,6.85,-1.07393
-0.845982,7.03,-1.05622
-0.845982,7.21,-1.01553
-0.845982,7.39,-0.953604
-0.845982,7.57,-0.873387
-0.845982,7.75,-0.779029
-0.845982,7.93,-0.6748
-0.845982,8.11,-0.564807
-0.845982,8.29,-0.45286
-0.845982,8.47,-0.342251
-0.845982,8.65,-0.23567
-0.845982,8.83,-0.135176
-0.845982,9.01,-0.0422485
-0.845982,9.19,0.0423812
-0.845982,9.37,0.118296
-0.845982,9.55,0.185368
-0.845982,9.73,0.243756
-0.845982,9.91,0.293826
-0.838694,1.09,0.228002
-0.838694,1.27,-0.0837049
-0.838694,1.45,-0.028765
-0.838694,1.63,0.0644624
-0.838694,1.81,0.0495183
-0.838694,1.99,-0.0135053
-0.838694,2.17,0.0313881
-0.838694,2.35,0.0235753
-0.838694,2.53,-0.0996944
-0.838694,2.71,-0.0356536
-0.838694,2.89,0.12551
-0.838694,3.07,0.227578
-0.838694,3.25,0.178957
-0.838694,3.43,0.0113262
-0.838694,3.61,-0.148585
-0.838694,3.79,-0.177108
-0.838694,3.97,-0.017189
-0.838694,4.15,0.294862
-0.838694,4.33,0.650265
-0.838694,4.51,0.929954
-0.838694,4.69,1.0688
-0.838694,4.87,1.06163
-0.838694,5.05,0.940092
-0.838694,5.23,0.743435
-0.838694,5.41,0.504335
-0.838694,5.59,0.24646
-0.838694,5.77,-0.0142973
-0.838694,5.95,-0.267134
-0.838694,6.13,-0.505541
-0.838694,6.31,-0.725306
-0.838694,6.49,-0.925192
-0.838694,6.67,-1.10225
-0.838694,6.85,-1.25513
-0.838694,7.03,-1.383
-0.838694,7.21,-1.4879
-0.838694,7.39,-1.56867
-0.838694,7.57,-1.62481
-0.838694,7.75,-1.65705
-0.838694,7.93,-1.66656
-0.838694,8.11,-1.65497
-0.838694,8.29,-1.62401
-0.838694,8.47,-1.57582
-0.838694,8.65,-1.51274
-0.838694,8.83,-1.43721
-0.838694,9.01,-1.35241
-0.838694,9.19,-1.2605
-0.838694,9.37,-1.16305
-0.838694,9.55,-1.06216
-0.838694,9.73,-0.959692
-0.838694,9.91,-0.857278
-0.831406,1.09,0.171587
-0.831406,1.27,-0.182997
-0.831406,1.45,-0.200173
-0.831406,1.63,0.0372081
-0.831406,1.81,0.0236078
-0.831406,1.99,-0.137309
-0.831406,2.17,0.0105272
-0.831406,2.35,0.00165615
-0.831406,2.53,-0.121907
-0.831406,2.71,0.00122518
-0.831406,2.89,0.132137
-0.831406,3.07,0.161511
-0.831406,3.25,0.0708624
-0.831406,3.43,-0.128864
-0.831406,3.61,-0.35969
-0.831406,3.79,-0.506296
-0.831406,3.97,-0.466875
-0.831406,4.15,-0.204259
-0.831406,4.33,0.229682
-0.831406,4.51,0.702782
-0.831406,4.69,1.08131
-0.831406,4.87,1.2913
-0.831406,5.05,1.3299
-0.831406,5.23,1.23301
-0.831406,5.41,1.04412
-0.831406,5.59,0.800507
-0.831406,5.77,0.528834
-0.831406,5.95,0.248649
-0.831406,6.13,-0.0279882
-0.831406,6.31,-0.293469
-0.831406,6.49,-0.543742
-0.831406,6.67,-0.775467
-0.831406,6.85,-0.986563
-0.831406,7.03,-1.17572
-0.831406,7.21,-1.34408
-0.831406,7.39,-1.49057
-0.831406,7.57,-1.61441
-0.831406,7.75,-1.71578
-0.831406,7.93,-1.79516
-0.831406,8.11,-1.85349
-0.831406,8.29,-1.89147
-0.831406,8.47,-1.91022
-0.831406,8.65,-1.91109
-0.831406,8.83,-1.89556
-0.831406,9.01,-1.86598
-0.831406,9.19,-1.82391
-0.831406,9.37,-1.77039
-0.831406,9.55,-1.70714
-0.831406,9.73,-1.63581
-0.831406,9.91,-1.55803
-0.824117,1.09,0.150812
-0.824117,1.27,-0.285178
-0.824117,1.45,-0.248163
-0.824117,1.63,-0.0389479
-0.824117,1.81,0.0523378
-0.824117,1.99,-0.16688
-0.824117,2.17,0.029154
-0.824117,2.35,-0.0424811
-0.824117,2.53,-0.128139
-0.824117,2.71,0.0290858
-0.824117,2.89,0.138452
-0.824117,3.07,0.137204
-0.824117,3.25,0.0388432
-0.824117,3.43,-0.148319
-0.824117,3.61,-0.361615
-0.824117,3.79,-0.496781
-0.824117,3.97,-0.457484
-0.824117,4.15,-0.207715
-0.824117,4.33,0.20422
-0.824117,4.51,0.654956
-0.824117,4.69,1.01956
-0.824117,4.87,1.22715
-0.824117,5.05,1.27298
-0.824117,5.23,1.18931
-0.824117,5.41,1.01646
-0.824117,5.59,0.78969
-0.824117,5.77,0.534645
-0.824117,5.95,0.270169
-0.824117,6.13,0.00807509
-0.824117,6.31,-0.244129
-0.824117,6.49,-0.482293
-0.824117,6.67,-0.703209
-0.824117,6.85,-0.904857
-0.824117,7.03,-1.08599
-0.824117,7.21,-1.24761
-0.824117,7.39,-1.38876
-0.824117,7.57,-1.50881
-0.824117,7.75,-1.60795
-0.824117,7.93,-1.68664
-0.824117,8.11,-1.74598
-0.824117,8.29,-1.78644
-0.824117,8.47,-1.80905
-0.824117,8.65,-1.815
-0.824117,8.83,-1.80565
-0.824117,9.01,-1.78297
-0.824117,9.19,-1.74836
-0.824117,9.37,-1.7029
-0.824117,9.55,-1.6481
-0.824117,9.73,-1.58547
-0.824117,9.91,-1.51646
-0.816829,1.09,0.0687112
-0.816829,1.27,-0.342112
-0.816829,1.45,-0.26261
-0.816829,1.63,-0.112879
-0.816829,1.81,0.0693748
-0.816829,1.99,-0.183517
-0.816829,2.17,0.0376316
-0.816829,2.35,-0.0857685
-0.816829,2.53,-0.122226
-0.816829,2.71,0.0552905
-0.816829,2.89,0.13683
-0.816829,3.07,0.111284
-0.816829,3.25,0.0115401
-0.816829,3.43,-0.163064
-0.816829,3.61,-0.362889
-0.816829,3.79,-0.491246
-0.816829,3.97,-0.455499
-0.816829,4.15,-0.220134
-0.816829,4.33,0.170349
-0.816829,4.51,0.600876
-0.816829,4.69,0.954184
-0.816829,4.87,1.16158
-0.816829,5.05,1.21613
-0.816829,5.23,1.14658
-0.816829,5.41,0.990332
-0.816829,5.59,0.780871
-0.816829,5.77,0.542906
-0.816829,5.95,0.294639
-0.816829,6.13,0.0476375
-0.816829,6.31,-0.190703
-0.816829,6.49,-0.416171
-0.816829,6.67,-0.625698
-0.816829,6.85,-0.817347
-0.816829,7.03,-0.989947
-0.816829,7.21,-1.14435
-0.816829,7.39,-1.27977
-0.816829,7.57,-1.39566
-0.816829,7.75,-1.49227
-0.816829,7.93,-1.57003
-0.816829,8.11,-1.63014
-0.816829,8.29,-1.67289
-0.816829,8.47,-1.6992
-0.816829,8.65,-1.71013
-0.816829,8.83,-1.70689
-0.816829,9.01,-1.6911
-0.816829,9.19,-1.66403
-0.816829,9.37,-1.62673
-0.816829,9.55,-1.58054
-0.816829,9.73,-1.52681
-0.816829,9.91,-1.46684
-0.809541,1.09,-0.0514059
-0.809541,1.27,-0.339417
-0.809541,1.45,-0.245701
-0.809541,1.63,-0.170644
-0.809541,1.81,0.0706602
-0.809541,1.99,-0.186985
-0.809541,2.17,0.0352443
-0.809541,2.35,-0.122305
-0.809541,2.53,-0.106063
-0.809541,2.71,0.0760395
-0.809541,2.89,0.127018
-0.809541,3.07,0.0851674
-0.809541,3.25,-0.0103742
-0.809541,3.43,-0.17302
-0.809541,3.61,-0.363153
-0.809541,3.79,-0.488945
-0.809541,3.97,-0.460459
-0.809541,4.15,-0.242158
-0.809541,4.33,0.125904
-0.809541,4.51,0.537064
-0.809541,4.69,0.88101
-0.809541,4.87,1.09044
-0.809541,5.05,1.15576
-0.809541,5.23,1.10211
-0.809541,5.41,0.964078
-0.809541,5.59,0.773435
-0.809541,5.77,0.554027
-0.809541,5.95,0.323423
-0.809541,6.13,0.0929341
-0.809541,6.31,-0.130182
-0.809541,6.49,-0.341683
-0.809541,6.67,-0.538653
-0.809541,6.85,-0.719252
-0.809541,7.03,-0.882396
-0.809541,7.21,-1.0288
-0.809541,7.39,-1.1578
-0.809541,7.57,-1.269
-0.809541,7.75,-1.36264
-0.809541,7.93,-1.43915
-0.809541,8.11,-1.49978
-0.809541,8.29,-1.54467
-0.809541,8.47,-1.57461
-0.809541,8.65,-1.59055
-0.809541,8.83,-1.59351
-0.809541,9.01,-1.58481
-0.809541,9.19,-1.56556
-0.809541,9.37,-1.53677
-0.809541,9.55,-1.49963
-0.809541,9.73,-1.45529
-0.809541,9.91,-1.40489
-0.802253,1.09,-0.174411
-0.802253,1.27,-0.294616
-0.802253,1.45,-0.198826
-0.802253,1.63,-0.209979
-0.802253,1.81,0.0602765
-0.802253,1.99,-0.17663
-0.802253,2.17,0.0222787
-0.802253,2.35,-0.1502
-0.802253,2.53,-0.0831918
-0.802253,2.71,0.0928675
-0.802253,2.89,0.116844
-0.802253,3.07,0.0648348
-0.802253,3.25,-0.0275833
-0.802253,3.43,-0.182451
-0.802253,3.61,-0.363276
-0.802253,3.79,-0.480589
-0.802253,3.97,-0.448821
-0.802253,4.15,-0.236635
-0.802253,4.33,0.115423
-0.802253,4.51,0.50629
-0.802253,4.69,0.833485
-0.802253,4.87,1.03425
-0.802253,5.05,1.09939
-0.802253,5.23,1.05217
-0.802253,5.41,0.924844
-0.802253,5.59,0.747319
-0.802253,5.77,0.542255
-0.802253,5.95,0.326238
-0.802253,6.13,0.110045
-0.802253,6.31,-0.0994017
-0.802253,6.49,-0.298
-0.802253,6.67,-0.483031
-0.802253,6.85,-0.652791
-0.802253,7.03,-0.80631
-0.802253,7.21,-0.944223
-0.802253,7.39,-1.066
-0.802253,7.57,-1.17135
-0.802253,7.75,-1.26051
-0.802253,7.93,-1.33392
-0.802253,8.11,-1.39292
-0.802253,8.29,-1.43751
-0.802253,8.47,-1.4684
-0.802253,8.65,-1.48645
-0.802253,8.83,-1.49258
-0.802253,9.01,-1.48784
-0.802253,9.19,-1.47326
-0.802253,9.37,-1.44982
-0.802253,9.55,-1.41858
-0.802253,9.73,-1.38059
-0.802253,9.91,-1.33685
-0.794965,1.09,-0.267035
-0.794965,1.27,-0.219564
-0.794965,1.45,-0.136113
-0.794965,1.63,-0.225564
-0.794965,1.81,0.0396689
-0.794965,1.99,-0.157962
-0.794965,2.17,-0.000330881
-0.794965,2.35,-0.167348
-0.794965,2.53,-0.0567192
-0.794965,2.71,0.1032
-0.794965,2.89,0.104092
-0.794965,3.07,0.0478781
-0.794965,3.25,-0.0407272
-0.794965,3.43,-0.190171
-0.794965,3.61,-0.363746
-0.794965,3.79,-0.473469
-0.794965,3.97,-0.438698
-0.794965,4.15,-0.232744
-0.794965,4.33,0.103441
-0.794965,4.51,0.474429
-0.794965,4.69,0.785281
-0.794965,4.87,0.977557
-0.794965,5.05,1.04252
-0.794965,5.23,1.00165
-0.794965,5.41,0.885014
-0.794965,5.59,0.720722
-0.794965,5.77,0.530233
-0.794965,5.95,0.329125
-0.794965,6.13,0.127598
-0.794965,6.31,-0.0677915
-0.794965,6.49,-0.253123
-0.794965,6.67,-0.425878
-0.794965,6.85,-0.584504
-0.794965,7.03,-0.728142
-0.794965,7.21,-0.857354
-0.794965,7.39,-0.971731
-0.794965,7.57,-1.07105
-0.794965,7.75,-1.1556
-0.794965,7.93,-1.22578
-0.794965,8.11,-1.28297
-0.794965,8.29,-1.32709
-0.794965,8.47,-1.35875
-0.794965,8.65,-1.37872
-0.794965,8.83,-1.38782
-0.794965,9.01,-1.38686
-0.794965,9.19,-1.37676
-0.794965,9.37,-1.3585
-0.794965,9.55,-1.33301
-0.794965,9.73,-1.30121
-0.794965,9.91,-1.264
-0.787677,1.09,-0.307669
-0.787677,1.27,-0.133754
-0.787677,1.45,-0.0737999
-0.787677,1.63,-0.215941
-0.787677,1.81,0.0133197
-0.787677,1.99,-0.135585
-0.787677,2.17,-0.028928
-0.787677,2.35,-0.172189
-0.787677,2.53,-0.0298847
-0.787677,2.71,0.106259
-0.787677,2.89,0.089746
-0.787677,3.07,0.0342417
-0.787677,3.25,-0.0508162
-0.787677,3.43,-0.196962
-0.787677,3.61,-0.364804
-0.787677,3.79,-0.467943
-0.787677,3.97,-0.43144
-0.787677,4.15,-0.233226
-0.787677,4.33,0.0861541
-0.787677,4.51,0.437403
-0.787677,4.69,0.732839
-0.787677,4.87,0.917872
-0.787677,5.05,0.98387
-0.787677,5.23,0.950473
-0.787677,5.41,0.845573
-0.787677,5.59,0.695506
-0.787677,5.77,0.520536
-0.787677,5.95,0.335228
-0.787677,6.13,0.14919
-0.787677,6.31,-0.0314055
-0.787677,6.49,-0.202838
-0.787677,6.67,-0.362791
-0.787677,6.85,-0.509858
-0.787677,7.03,-0.643287
-0.787677,7.21,-0.763563
-0.787677,7.39,-0.87038
-0.787677,7.57,-0.963595
-0.787677,7.75,-1.04348
-0.787677,7.93,-1.11044
-0.787677,8.11,-1.16585
-0.787677,8.29,-1.20953
-0.787677,8.47,-1.24201
-0.787677,8.65,-1.26397
-0.787677,8.83,-1.27612
-0.787677,9.01,-1.27905
-0.787677,9.19,-1.27358
-0.787677,9.37,-1.26064
-0.787677,9.55,-1.24106
-0.787677,9.73,-1.21562
-0.787677,9.91,-1.18511
-0.780389,1.09,-0.299902
-0.780389,1.27,-0.0580707
-0.780389,1.45,-0.0229848
-0.780389,1.63,-0.186579
-0.780389,1.81,-0.0129986
-0.780389,1.99,-0.112519
-0.780389,2.17,-0.0579894
-0.780389,2.35,-0.166432
-0.780389,2.53,-0.0063666
-0.780389,2.71,0.103445
-0.780389,2.89,0.0766271
-0.780389,3.07,0.0246472
-0.780389,3.25,-0.0584233
-0.780389,3.43,-0.202393
-0.780389,3.61,-0.363565
-0.780389,3.79,-0.458322
-0.780389,3.97,-0.418915
-0.780389,4.15,-0.228501
-0.780389,4.33,0.0729001
-0.780389,4.51,0.402467
-0.780389,4.69,0.680152
-0.780389,4.87,0.855706
-0.780389,5.05,0.920995
-0.780389,5.23,0.893978
-0.780389,5.41,0.800344
-0.780389,5.59,0.664511
-0.780389,5.77,0.505388
-0.780389,5.95,0.336403
-0.780389,6.13,0.166471
-0.780389,6.31,0.00131498
-0.780389,6.49,-0.155594
-0.780389,6.67,-0.302149
-0.780389,6.85,-0.437096
-0.780389,7.03,-0.55978
-0.780389,7.21,-0.670615
-0.780389,7.39,-0.76938
-0.780389,7.57,-0.855992
-0.780389,7.75,-0.930719
-0.780389,7.93,-0.993929
-0.780389,8.11,-1.04698
-0.780389,8.29,-1.08961
-0.780389,8.47,-1.12229
-0.780389,8.65,-1.14558
-0.780389,8.83,-1.16012
-0.780389,9.01,-1.16629
-0.780389,9.19,-1.1648
-0.780389,9.37,-1.15657
-0.780389,9.55,-1.14228
-0.780389,9.73,-1.12262
-0.780389,9.91,-1.09827
-0.773101,1.09,-0.249876
-0.773101,1.27,-0.00817816
-0.773101,1.45,0.0117711
-0.773101,1.63,-0.15046
-0.773101,1.81,-0.0315568
-0.773101,1.99,-0.092912
-0.773101,2.17,-0.086225
-0.773101,2.35,-0.154866
-0.773101,2.53,0.0132299
-0.773101,2.71,0.0995611
-0.773101,2.89,0.068157
-0.773101,3.07,0.0187399
-0.773101,3.25,-0.0658954
-0.773101,3.43,-0.20854
-0.773101,3.61,-0.360231
-0.773101,3.79,-0.441623
-0.773101,3.97,-0.393896
-0.773101,4.15,-0.206966
-0.773101,4.33,0.0782476
-0.773101,4.51,0.384691
-0.773101,4.69,0.640463
-0.773101,4.87,0.800996
-0.773101,5.05,0.860007
-0.773101,5.23,0.83453
-0.773101,5.41,0.748258
-0.773101,5.59,0.623607
-0.773101,5.77,0.477946
-0.773101,5.95,0.323404
-0.773101,6.13,0.168077
-0.773101,6.31,0.017151
-0.773101,6.49,-0.12622
-0.773101,6.67,-0.260153
-0.773101,6.85,-0.383552
-0.773101,7.03,-0.495866
-0.773101,7.21,-0.597461
-0.773101,7.39,-0.688182
-0.773101,7.57,-0.767993
-0.773101,7.75,-0.837153
-0.773101,7.93,-0.896005
-0.773101,8.11,-0.945889
-0.773101,8.29,-0.986473
-0.773101,8.47,-1.01816
-0.773101,8.65,-1.04147
-0.773101,8.83,-1.05693
-0.773101,9.01,-1.06478
-0.773101,9.19,-1.06565
-0.773101,9.37,-1.06043
-0.773101,9.55,-1.04971
-0.773101,9.73,-1.0341
-0.773101,9.91,-1.01419
-0.765813,1.09,-0.17465
-0.765813,1.27,0.0143015
-0.765813,1.45,0.0254816
-0.765813,1.63,-0.110378
-0.765813,1.81,-0.0411057
-0.765813,1.99,-0.0795046
-0.765813,2.17,-0.109144
-0.765813,2.35,-0.137112
-0.765813,2.53,0.0276898
-0.765813,2.71,0.0931462
-0.765813,2.89,0.0616176
-0.765813,3.07,0.0141573
-0.765813,3.25,-0.0733993
-0.765813,3.43,-0.213951
-0.765813,3.61,-0.354351
-0.765813,3.79,-0.421493
-0.765813,3.97,-0.366222
-0.765813,4.15,-0.184624
-0.765813,4.33,0.0825557
-0.765813,4.51,0.364682
-0.765813,4.69,0.598
-0.765813,4.87,0.743435
-0.765813,5.05,0.796361
-0.765813,5.23,0.77277
-0.765813,5.41,0.694295
-0.765813,5.59,0.58129
-0.765813,5.77,0.449534
-0.765813,5.95,0.309842
-0.765813,6.13,0.169472
-0.765813,6.31,0.0330688
-0.765813,6.49,-0.0965388
-0.765813,6.67,-0.217682
-0.765813,6.85,-0.329414
-0.765813,7.03,-0.431272
-0.765813,7.21,-0.52357
-0.765813,7.39,-0.606205
-0.765813,7.57,-0.679174
-0.765813,7.75,-0.742718
-0.765813,7.93,-0.797148
-0.765813,8.11,-0.843755
-0.765813,8.29,-0.882161
-0.765813,8.47,-0.912707
-0.765813,8.65,-0.935836
-0.765813,8.83,-0.952013
-0.765813,9.01,-0.961332
-0.765813,9.19,-0.96435
-0.765813,9.37,-0.961911
-0.765813,9.55,-0.954534
-0.765813,9.73,-0.942735
-0.765813,9.91,-0.927018
-0.758525,1.09,-0.0995159
-0.758525,1.27,0.0158732
-0.758525,1.45,0.0205147
-0.758525,1.63,-0.0722791
-0.758525,1.81,-0.0407802
-0.758525,1.99,-0.0733692
-0.758525,2.17,-0.123213
-0.758525,2.35,-0.11514
-0.758525,2.53,0.03634
-0.758525,2.71,0.0848451
-0.758525,2.89,0.0562394
-0.758525,3.07,0.00945571
-0.758525,3.25,-0.0814651
-0.758525,3.43,-0.217978
-0.758525,3.61,-0.344965
-0.758525,3.79,-0.397636
-0.758525,3.97,-0.33674
-0.758525,4.15,-0.163391
-0.758525,4.33,0.0832728
-0.758525,4.51,0.339793
-0.758525,4.69,0.550466
-0.758525,4.87,0.68135
-0.758525,5.05,0.729093
-0.758525,5.23,0.708399
-0.758525,5.41,0.638723
-0.758525,5.59,0.538284
-0.758525,5.77,0.421233
-0.758525,5.95,0.297076
-0.758525,6.13,0.172235
-0.758525,6.31,0.0508187
-0.758525,6.49,-0.0646636
-0.758525,6.67,-0.172742
-0.758525,6.85,-0.272601
-0.758525,7.03,-0.363852
-0.758525,7.21,-0.446747
-0.758525,7.39,-0.521222
-0.758525,7.57,-0.587292
-0.758525,7.75,-0.645173
-0.758525,7.93,-0.695136
-0.758525,8.11,-0.738389
-0.758525,8.29,-0.774529
-0.758525,8.47,-0.803833
-0.758525,8.65,-0.826674
-0.758525,8.83,-0.843442
-0.758525,9.01,-0.854117
-0.758525,9.19,-0.859177
-0.758525,9.37,-0.859412
-0.758525,9.55,-0.855258
-0.758525,9.73,-0.847152
-0.758525,9.91,-0.835521
-0.751237,1.09,-0.0444582
-0.751237,1.27,0.0067353
-0.751237,1.45,0.00629274
-0.751237,1.63,-0.0417656
-0.751237,1.81,-0.0318082
-0.751237,1.99,-0.0722236
-0.751237,2.17,-0.126545
-0.751237,2.35,-0.0923433
-0.751237,2.53,0.0393091
-0.751237,2.71,0.0759142
-0.751237,2.89,0.0515914
-0.751237,3.07,0.0040113
-0.751237,3.25,-0.0891482
-0.751237,3.43,-0.218037
-0.751237,3.61,-0.328772
-0.751237,3.79,-0.366789
-0.751237,3.97,-0.302533
-0.751237,4.15,-0.140861
-0.751237,4.33,0.0820037
-0.751237,4.51,0.310501
-0.751237,4.69,0.49707
-0.751237,4.87,0.612811
-0.751237,5.05,0.655421
-0.751237,5.23,0.638091
-0.751237,5.41,0.577913
-0.751237,5.59,0.490838
-0.751237,5.77,0.389283
-0.751237,5.95,0.281412
-0.751237,6.13,0.172788
-0.751237,6.31,0.0669767
-0.751237,6.49,-0.0338376
-0.751237,6.67,-0.12837
-0.751237,6.85,-0.215927
-0.751237,7.03,-0.296176
-0.751237,7.21,-0.369305
-0.751237,7.39,-0.435275
-0.751237,7.57,-0.494107
-0.751237,7.75,-0.545982
-0.751237,7.93,-0.591127
-0.751237,8.11,-0.630642
-0.751237,8.29,-0.664112
-0.751237,8.47,-0.691759
-0.751237,8.65,-0.713886
-0.751237,8.83,-0.730808
-0.751237,9.01,-0.742421
-0.751237,9.19,-0.749121
-0.751237,9.37,-0.751632
-0.751237,9.55,-0.750314
-0.751237,9.73,-0.745526
-0.751237,9.91,-0.73762
-0.743949,1.09,-0.0101429
-0.743949,1.27,0.000775113
-0.743949,1.45,-0.0121396
-0.743949,1.63,-0.0212547
-0.743949,1.81,-0.0168715
-0.743949,1.99,-0.0745887
-0.743949,2.17,-0.122856
-0.743949,2.35,-0.0724412
-0.743949,2.53,0.0398636
-0.743949,2.71,0.0692203
-0.743949,2.89,0.047561
-0.743949,3.07,-0.00283259
-0.743949,3.25,-0.0960878
-0.743949,3.43,-0.212935
-0.743949,3.61,-0.303814
-0.743949,3.79,-0.325309
-0.743949,3.97,-0.257056
-0.743949,4.15,-0.107263
-0.743949,4.33,0.0907134
-0.743949,4.51,0.289029
-0.743949,4.69,0.44827
-0.743949,4.87,0.545281
-0.743949,5.05,0.579378
-0.743949,5.23,0.562495
-0.743949,5.41,0.509413
-0.743949,5.59,0.433735
-0.743949,5.77,0.346025
-0.743949,5.95,0.253077
-0.743949,6.13,0.159552
-0.743949,6.31,0.0684413
-0.743949,6.49,-0.0184274
-0.743949,6.67,-0.0999799
-0.743949,6.85,-0.175637
-0.743949,7.03,-0.245124
-0.743949,7.21,-0.308617
-0.743949,7.39,-0.366077
-0.743949,7.57,-0.417517
-0.743949,7.75,-0.463085
-0.743949,7.93,-0.502966
-0.743949,8.11,-0.538103
-0.743949,8.29,-0.568126
-0.743949,8.47,-0.593212
-0.743949,8.65,-0.613608
-0.743949,8.83,-0.629574
-0.743949,9.01,-0.640952
-0.743949,9.19,-0.648075
-0.743949,9.37,-0.651598
-0.743949,9.55,-0.651819
-0.743949,9.73,-0.649035
-0.743949,9.91,-0.64354
-0.736661,1.09,0.00276381
-0.736661,1.27,0.00454729
-0.736661,1.45,-0.0298387
-0.736661,1.63,-0.00741985
-0.736661,1.81,-0.00201828
-0.736661,1.99,-0.0767628
-0.736661,2.17,-0.109157
-0.736661,2.35,-0.0534583
-0.736661,2.53,0.0372539
-0.736661,2.71,0.0612699
-0.736661,2.89,0.0411456
-0.736661,3.07,-0.0113957
-0.736661,3.25,-0.100521
-0.736661,3.43,-0.200985
-0.736661,3.61,-0.270648
-0.736661,3.79,-0.277539
-0.736661,3.97,-0.209156
-0.736661,4.15,-0.0754226
-0.736661,4.33,0.094423
-0.736661,4.51,0.260769
-0.736661,4.69,0.392149
-0.736661,4.87,0.470753
-0.736661,5.05,0.497063
-0.736661,5.23,0.481459
-0.736661,5.41,0.436272
-0.736661,5.59,0.372701
-0.736661,5.77,0.299424
-0.736661,5.95,0.221902
-0.736661,6.13,0.143914
-0.736661,6.31,0.0678917
-0.736661,6.49,-0.0046833
-0.736661,6.67,-0.0729359
-0.736661,6.85,-0.136392
-0.736661,7.03,-0.194824
-0.736661,7.21,-0.248387
-0.736661,7.39,-0.297044
-0.736661,7.57,-0.340791
-0.736661,7.75,-0.379742
-0.736661,7.93,-0.414039
-0.736661,8.11,-0.444454
-0.736661,8.29,-0.470672
-0.736661,8.47,-0.492828
-0.736661,8.65,-0.511116
-0.736661,8.83,-0.525741
-0.736661,9.01,-0.536516
-0.736661,9.19,-0.543711
-0.736661,9.37,-0.547897
-0.736661,9.55,-0.549315
-0.736661,9.73,-0.548202
-0.736661,9.91,-0.544796
-0.729373,1.09,-0.0017335
-0.729373,1.27,0.0180176
-0.729373,1.45,-0.04075
-0.729373,1.63,0.00154466
-0.729373,1.81,0.00684291
-0.729373,1.99,-0.0742581
-0.729373,2.17,-0.0858293
-0.729373,2.35,-0.0358159
-0.729373,2.53,0.0317214
-0.729373,2.71,0.0508044
-0.729373,2.89,0.0313937
-0.729373,3.07,-0.020588
-0.729373,3.25,-0.0998707
-0.729373,3.43,-0.179731
-0.729373,3.61,-0.227927
-0.729373,3.79,-0.223378
-0.729373,3.97,-0.159743
-0.729373,4.15,-0.0469834
-0.729373,4.33,0.0909815
-0.729373,4.51,0.223255
-0.729373,4.69,0.326129
-0.729373,4.87,0.386676
-0.729373,5.05,0.406046
-0.729373,5.23,0.392732
-0.729373,5.41,0.356452
-0.729373,5.59,0.305931
-0.729373,5.77,0.247931
-0.729373,5.95,0.186608
-0.729373,6.13,0.124871
-0.729373,6.31,0.0646019
-0.729373,6.49,0.00694993
-0.729373,6.67,-0.0474011
-0.729373,6.85,-0.0980754
-0.729373,7.03,-0.144887
-0.729373,7.21,-0.18796
-0.729373,7.39,-0.227256
-0.729373,7.57,-0.262759
-0.729373,7.75,-0.294547
-0.729373,7.93,-0.32272
-0.729373,8.11,-0.347874
-0.729373,8.29,-0.369753
-0.729373,8.47,-0.388455
-0.729373,8.65,-0.404122
-0.729373,8.83,-0.416905
-0.729373,9.01,-0.42661
-0.729373,9.19,-0.433445
-0.729373,9.37,-0.437884
-0.729373,9.55,-0.440108
-0.729373,9.73,-0.440302
-0.729373,9.91,-0.438645
-0.722085,1.09,-0.0118057
-0.722085,1.27,0.029091
-0.722085,1.45,-0.0361829
-0.722085,1.63,0.00506598
-0.722085,1.81,0.00534661
-0.722085,1.99,-0.0617891
-0.722085,2.17,-0.0537793
-0.722085,2.35,-0.020236
-0.722085,2.53,0.0224304
-0.722085,2.71,0.0361263
-0.722085,2.89,0.0183024
-0.722085,3.07,-0.0273571
-0.722085,3.25,-0.0892018
-0.722085,3.43,-0.144386
-0.722085,3.61,-0.172356
-0.722085,3.79,-0.161695
-0.722085,3.97,-0.110179
-0.722085,4.15,-0.0258333
-0.722085,4.33,0.0743304
-0.722085,4.51,0.168945
-0.722085,4.69,0.241964
-0.722085,4.87,0.284824
-0.722085,5.05,0.298651
-0.722085,5.23,0.289524
-0.722085,5.41,0.264244
-0.722085,5.59,0.228895
-0.722085,5.77,0.188221
-0.722085,5.95,0.14507
-0.722085,6.13,0.101469
-0.722085,6.31,0.0587444
-0.722085,6.49,0.0177137
-0.722085,6.67,-0.0211293
-0.722085,6.85,-0.0575051
-0.722085,7.03,-0.091268
-0.722085,7.21,-0.122494
-0.722085,7.39,-0.151147
-0.722085,7.57,-0.177201
-0.722085,7.75,-0.200697
-0.722085,7.93,-0.221695
-0.722085,8.11,-0.240598
-0.722085,8.29,-0.257223
-0.722085,8.47,-0.271626
-0.722085,8.65,-0.2839
-0.722085,8.83,-0.294142
-0.722085,9.01,-0.30218
-0.722085,9.19,-0.308152
-0.722085,9.37,-0.31241
-0.722085,9.55,-0.315075
-0.722085,9.73,-0.316271
-0.722085,9.91,-0.31612
-0.714797,1.09,-0.0114178
-0.714797,1.27,0.0195994
-0.714797,1.45,-0.0179057
-0.714797,1.63,0.00300337
-0.714797,1.81,-0.00301012
-0.714797,1.99,-0.0348467
-0.714797,2.17,-0.0208041
-0.714797,2.35,-0.00781711
-0.714797,2.53,0.0106652
-0.714797,2.71,0.017413
-0.714797,2.89,0.00514071
-0.714797,3.07,-0.0235149
-0.714797,3.25,-0.0579123
-0.714797,3.43,-0.0846091
-0.714797,3.61,-0.0944977
-0.714797,3.79,-0.0835628
-0.714797,3.97,-0.0519786
-0.714797,4.15,-0.00471818
-0.714797,4.33,0.049018
-0.714797,4.51,0.0983157
-0.714797,4.69,0.135425
-0.714797,4.87,0.156486
-0.714797,5.05,0.1625
-0.714797,5.23,0.156794
-0.714797,5.41,0.142903
-0.714797,5.59,0.123935
-0.714797,5.77,0.102314
-0.714797,5.95,0.0794472
-0.714797,6.13,0.0563528
-0.714797,6.31,0.0337048
-0.714797,6.49,0.011919
-0.714797,6.67,-0.00874941
-0.714797,6.85,-0.0281534
-0.714797,7.03,-0.0462137
-0.714797,7.21,-0.0629711
-0.714797,7.39,-0.0784022
-0.714797,7.57,-0.0924869
-0.714797,7.75,-0.105242
-0.714797,7.93,-0.116693
-0.714797,8.11,-0.127051
-0.714797,8.29,-0.136214
-0.714797,8.47,-0.144208
-0.714797,8.65,-0.151079
-0.714797,8.83,-0.156874
-0.714797,9.01,-0.161483
-0.714797,9.19,-0.16498
-0.714797,9.37,-0.167561
-0.714797,9.55,-0.169289
-0.714797,9.73,-0.170227
-0.714797,9.91,-0.17044
-0.707509,1.09,0
-0.707509,1.27,0
-0.707509,1.45,0
-0.707509,1.63,0
-0.707509,1.81,0
-0.707509,1.99,0
-0.707509,2.17,0
-0.707509,2.35,0
-0.707509,2.53,0
-0.707509,2.71,0
-0.707509,2.89,0
-0.707509,3.07,0
-0.707509,3.25,0
-0.707509,3.43,0
-0.707509,3.61,0
-0.707509,3.79,0
-0.707509,3.97,0
-0.707509,4.15,0
-0.707509,4.33,0
-0.707509,4.51,0
-0.707509,4.69,0
-0.707509,4.87,0
-0.707509,5.05,0
-0.707509,5.23,0
-0.707509,5.41,0
-0.707509,5.59,0
-0.707509,5.77,0
-0.707509,5.95,0
-0.707509,6.13,0
-0.707509,6.31,0
-0.707509,6.49,0
-0.707509,6.67,0
-0.707509,6.85,0
-0.707509,7.03,0
-0.707509,7.21,0
-0.707509,7.39,0
-0.707509,7.57,0
-0.707509,7.75,0
-0.707509,7.93,0
-0.707509,8.11,0
-0.707509,8.29,0
-0.707509,8.47,0
-0.707509,8.65,0
-0.707509,8.83,0
-0.707509,9.01,0
-0.707509,9.19,0
-0.707509,9.37,0
-0.707509,9.55,0
-0.707509,9.73,0
-0.707509,9.91,0
-0.700221,1.09,0
-0.700221,1.27,0
-0.700221,1.45,0
-0.700221,1.63,0
-0.700221,1.81,0
-0.700221,1.99,0
-0.700221,2.17,0
-0.700221,2.35,0
-0.700221,2.53,0
-0.700221,2.71,0
-0.700221,2.89,0
-0.700221,3.07,0
-0.700221,3.25,0
-0.700221,3.43,0
-0.700221,3.61,0
-0.700221,3.79,0
-0.700221,3.97,0
-0.700221,4.15,0
-0.700221,4.33,0
-0.700221,4.51,0
-0.700221,4.69,0
-0.700221,4.87,0
-0.700221,5.05,0
-0.700221,5.23,0
-0.700221,5.41,0
-0.700221,5.59,0
-0.700221,5.77,0
-0.700221,5.95,0
-0.700221,6.13,0
-0.700221,6.31,0
-0.700221,6.49,0
-0.700221,6.67,0
-0.700221,6.85,0
-0.700221,7.03,0
-0.700221,7.21,0
-0.700221,7.39,0
-0.700221,7.57,0
-0.700221,7.75,0
-0.700221,7.93,0
-0.700221,8.11,0
-0.700221,8.29,0
-0.700221,8.47,0
-0.700221,8.65,0
-0.700221,8.83,0
-0.700221,9.01,0
-0.700221,9.19,0
-0.700221,9.37,0
-0.700221,9.55,0
-0.700221,9.73,0
-0.700221,9.91,0
-0.692933,1.09,0
-0.692933,1.27,0
-0.692933,1.45,0
-0.692933,1.63,0
-0.692933,1.81,0
-0.692933,1.99,0
-0.692933,2.17,0
-0.692933,2.35,0
-0.692933,2.53,0
-0.692933,2.71,0
-0.692933,2.89,0
-0.692933,3.07,0
-0.692933,3.25,0
-0.692933,3.43,0
-0.692933,3.61,0
-0.692933,3.79,0
-0.692933,3.97,0
-0.692933,4.15,0
-0.692933,4.33,0
-0.692933,4.51,0
-0.692933,4.69,0
-0.692933,4.87,0
-0.692933,5.05,0
-0.692933,5.23,0
-0.692933,5.41,0
-0.692933,5.59,0
-0.692933,5.77,0
-0.692933,5.95,0
-0.692933,6.13,0
-0.692933,6.31,0
-0.692933,6.49,0
-0.692933,6.67,0
-0.692933,6.85,0
-0.692933,7.03,0
-0.692933,7.21,0
-0.692933,7.39,0
-0.692933,7.57,0
-0.692933,7.75,0
-0.692933,7.93,0
-0.692933,8.11,0
-0.692933,8.29,0
-0.692933,8.47,0
-0.692933,8.65,0
-0.692933,8.83,0
-0.692933,9.01,0
-0.692933,9.19,0
-0.692933,9.37,0
-0.692933,9.55,0
-0.692933,9.73,0
-0.692933,9.91,0
-0.685645,1.09,0
-0.685645,1.27,0
-0.685645,1.45,0
-0.685645,1.63,0
-0.685645,1.81,0
-0.685645,1.99,0
-0.685645,2.17,0
-0.685645,2.35,0
-0.685645,2.53,0
-0.685645,2.71,0
-0.685645,2.89,0
-0.685645,3.07,0
-0.685645,3.25,0
-0.685645,3.43,0
-0.685645,3.61,0
-0.685645,3.79,0
-0.685645,3.97,0
-0.685645,4.15,0
-0.685645,4.33,0
-0.685645,4.51,0
-0.685645,4.69,0
-0.685645,4.87,0
-0.685645,5.05,0
-0.685645,5.23,0
-0.685645,5.41,0
-0.685645,5.59,0
-0.685645,5.77,0
-0.685645,5.95,0
-0.685645,6.13,0
-0.685645,6.31,0
-0.685645,6.49,0
-0.685645,6.67,0
-0.685645,6.85,0
-0.685645,7.03,0
-0.685645,7.21,0
-0.685645,7.39,0
-0.685645,7.57,0
-0.685645,7.75,0
-0.685645,7.93,0
-0.685645,8.11,0
-0.685645,8.29,0
-0.685645,8.47,0
-0.685645,8.65,0
-0.685645,8.83,0
-0.685645,9.01,0
-0.685645,9.19,0
-0.685645,9.37,0
-0.685645,9.55,0
-0.685645,9.73,0
-0.685645,9.91,0
-0.678356,1.09,0
-0.678356,1.27,0
-0.678356,1.45,0
-0.678356,1.63,0
-0.678356,1.81,0
-0.678356,1.99,0
-0.678356,2.17,0
-0.678356,2.35,0
-0.678356,2.53,0
-0.678356,2.71,0
-0.678356,2.89,0
-0.678356,3.07,0
-0.678356,3.25,0
-0.678356,3.43,0
-0.678356,3.61,0
-0.678356,3.79,0
-0.678356,3.97,0
-0.678356,4.15,0
-0.678356,4.33,0
-0.678356,4.51,0
-0.678356,4.69,0
-0.678356,4.87,0
-0.678356,5.05,0
-0.678356,5.23,0
-0.678356,5.41,0
-0.678356,5.59,0
-0.678356,5.77,0
-0.678356,5.95,0
-0.678356,6.13,0
-0.678356,6.31,0
-0.678356,6.49,0
-0.678356,6.67,0
-0.678356,6.85,0
-0.678356,7.03,0
-0.678356,7.21,0
-0.678356,7.39,0
-0.678356,7.57,0
-0.678356,7.75,0
-0.678356,7.93,0
-0.678356,8.11,0
-0.678356,8.29,0
-0.678356,8.47,0
-0.678356,8.65,0
-0.678356,8.83,0
-0.678356,9.01,0
-0.678356,9.19,0
-0.678356,9.37,0
-0.678356,9.55,0
-0.678356,9.73,0
-0.678356,9.91,0
-0.671068,1.09,0
-0.671068,1.27,0
-0.671068,1.45,0
-0.671068,1.63,0
-0.671068,1.81,0
-0.671068,1.99,0
-0.671068,2.17,0
-0.671068,2.35,0
-0.671068,2.53,0
-0.671068,2.71,0
-0.671068,2.89,0
-0.671068,3.07,0
-0.671068,3.25,0
-0.671068,3.43,0
-0.671068,3.61,0
-0.671068,3.79,0
-0.671068,3.97,0
-0.671068,4.15,0
-0.671068,4.33,0
-0.671068,4.51,0
-0.671068,4.69,0
-0.671068,4.87,0
-0.671068,5.05,0
-0.671068,5.23,0
-0.671068,5.41,0
-0.671068,5.59,0
-0.671068,5.77,0
-0.671068,5.95,0
-0.671068,6.13,0
-0.671068,6.31,0
-0.671068,6.49,0
-0.671068,6.67,0
-0.671068,6.85,0
-0.671068,7.03,0
-0.671068,7.21,0
-0.671068,7.39,0
-0.671068,7.57,0
-0.671068,7.75,0
-0.671068,7.93,0
-0.671068,8.11,0
-0.671068,8.29,0
-0.671068,8.47,0
-0.671068,8.65,0
-0.671068,8.83,0
-0.671068,9.01,0
-0.671068,9.19,0
-0.671068,9.37,0
-0.671068,9.55,0
-0.671068,9.73,0
-0.671068,9.91,0
-0.66378,1.09,0
-0.66378,1.27,0
-0.66378,1.45,0
-0.66378,1.63,0
-0.66378,1.81,0
-0.66378,1.99,0
-0.66378,2.17,0
-0.66378,2.35,0
-0.66378,2.53,0
-0.66378,2.71,0
-0.66378,2.89,0
-0.66378,3.07,0
-0.66378,3.25,0
-0.66378,3.43,0
-0.66378,3.61,0
-0.66378,3.79,0
-0.66378,3.97,0
-0.66378,4.15,0
-0.66378,4.33,0
-0.66378,4.51,0
-0.66378,4.69,0
-0.66378,4.87,0
-0.66378,5.05,0
-0.66378,5.23,0
-0.66378,5.41,0
-0.66378,5.59,0
-0.66378,5.77,0
-0.66378,5.95,0
-0.66378,6.13,0
-0.66378,6.31,0
-0.66378,6.49,0
-0.66378,6.67,0
-0.66378,6.85,0
-0.66378,7.03,0
-0.66378,7.21,0
-0.66378,7.39,0
-0.66378,7.57,0
-0.66378,7.75,0
-0.66378,7.93,0
-0.66378,8.11,0
-0.66378,8.29,0
-0.66378,8.47,0
-0.66378,8.65,0
-0.66378,8.83,0
-0.66378,9.01,0
-0.66378,9.19,0
-0.66378,9.37,0
-0.66378,9.55,0
-0.66378,9.73,0
-0.66378,9.91,0
-0.656492,1.09,0
-0.656492,1.27,0
-0.656492,1.45,0
-0.656492,1.63,0
-0.656492,1.81,0
-0.656492,1.99,0
-0.656492,2.17,0
-0.656492,2.35,0
-0.656492,2.53,0
-0.656492,2.71,0
-0.656492,2.89,0
-0.656492,3.07,0
-0.656492,3.25,0
-0.656492,3.43,0
-0.656492,3.61,0
-0.656492,3.79,0
-0.656492,3.97,0
-0.656492,4.15,0
-0.656492,4.33,0
-0.656492,4.51,0
-0.656492,4.69,0
-0.656492,4.87,0
-0.656492,5.05,0
-0.656492,5.23,0
-0.656492,5.41,0
-0.656492,5.59,0
-0.656492,5.77,0
-0.656492,5.95,0
-0.656492,6.13,0
-0.656492,6.31,0
-0.656492,6.49,0
-0.656492,6.67,0
-0.656492,6.85,0
-0.656492,7.03,0
-0.656492,7.21,0
-0.656492,7.39,0
-0.656492,7.57,0
-0.656492,7.75,0
-0.656492,7.93,0
-0.656492,8.11,0
-0.656492,8.29,0
-0.656492,8.47,0
-0.656492,8.65,0
-0.656492,8.83,0
-0.656492,9.01,0
-0.656492,9.19,0
-0.656492,9.37,0
-0.656492,9.55,0
-0.656492,9.73,0
-0.656492,9.91,0
-0.649204,1.09,0
-0.649204,1.27,0
-0.649204,1.45,0
-0.649204,1.63,0
-0.649204,1.81,0
-0.649204,1.99,0
-0.649204,2.17,0
-0.649204,2.35,0
-0.649204,2.53,0
-0.649204,2.71,0
-0.649204,2.89,0
-0.649204,3.07,0
-0.649204,3.25,0
-0.649204,3.43,0
-0.649204,3.61,0
-0.649204,3.79,0
-0.649204,3.97,0
-0.649204,4.15,0
-0.649204,4.33,0
-0.649204,4.51,0
-0.649204,4.69,0
-0.649204,4.87,0
-0.649204,5.05,0
-0.649204,5.23,0
-0.649204,5.41,0
-0.649204,5.59,0
-0.649204,5.77,0
-0.649204,5.95,0
-0.649204,6.13,0
-0.649204,6.31,0
-0.649204,6.49,0
-0.649204,6.67,0
-0.649204,6.85,0
-0.649204,7.03,0
-0.649204,7.21,0
-0.649204,7.39,0
-0.649204,7.57,0
-0.649204,7.75,0
-0.649204,7.93,0
-0.649204,8.11,0
-0.649204,8.29,0
-0.649204,8.47,0
-0.649204,8.65,0
-0.649204,8.83,0
-0.649204,9.01,0
-0.649204,9.19,0
-0.649204,9.37,0
-0.649204,9.55,0
-0.649204,9.73,0
-0.649204,9.91,0
-0.641916,1.09,0
-0.641916,1.27,0
-0.641916,1.45,0
-0.641916,1.63,0
-0.641916,1.81,0
-0.641916,1.99,0
-0.641916,2.17,0
-0.641916,2.35,0
-0.641916,2.53,0
-0.641916,2.71,0
-0.641916,2.89,0
-0.641916,3.07,0
-0.641916,3.25,0
-0.641916,3.43,0
-0.641916,3.61,0
-0.641916,3.79,0
-0.641916,3.97,0
-0.641916,4.15,0
-0.641916,4.33,0
-0.641916,4.51,0
-0.641916,4.69,0
-0.641916,4.87,0
-0.641916,5.05,0
-0.641916,5.23,0
-0.641916,5.41,0
-0.641916,5.59,0
-0.641916,5.77,0
-0.641916,5.95,0
-0.641916,6.13,0
-0.641916,6.31,0
-0.641916,6.49,0
-0.641916,6.67,0
-0.641916,6.85,0
-0.641916,7.03,0
-0.641916,7.21,0
-0.641916,7.39,0
-0.641916,7.57,0
-0.641916,7.75,0
-0.641916,7.93,0
-0.641916,8.11,0
-0.641916,8.29,0
-0.641916,8.47,0
-0.641916,8.65,0
-0.641916,8.83,0
-0.641916,9.01,0
-0.641916,9.19,0
-0.641916,9.37,0
-0.641916,9.55,0
-0.641916,9.73,0
-0.641916,9.91,0
-0.634628,1.09,0
-0.634628,1.27,0
-0.634628,1.45,0
-0.634628,1.63,0
-0.634628,1.81,0
-0.634628,1.99,0
-0.634628,2.17,0
-0.634628,2.35,0
-0.634628,2.53,0
-0.634628,2.71,0
-0.634628,2.89,0
-0.634628,3.07,0
-0.634628,3.25,0
-0.634628,3.43,0
-0.634628,3.61,0
-0.634628,3.79,0
-0.634628,3.97,0
-0.634628,4.15,0
-0.634628,4.33,0
-0.634628,4.51,0
-0.634628,4.69,0
-0.634628,4.87,0
-0.634628,5.05,0
-0.634628,5.23,0
-0.634628,5.41,0
-0.634628,5.59,0
-0.634628,5.77,0
-0.634628,5.95,0
-0.634628,6.13,0
-0.634628,6.31,0
-0.634628,6.49,0
-0.634628,6.67,0
-0.634628,6.85,0
-0.634628,7.03,0
-0.634628,7.21,0
-0.634628,7.39,0
-0.634628,7.57,0
-0.634628,7.75,0
-0.634628,7.93,0
-0.634628,8.11,0
-0.634628,8.29,0
-0.634628,8.47,0
-0.634628,8.65,0
-0.634628,8.83,0
-0.634628,9.01,0
-0.634628,9.19,0
-0.634628,9.37,0
-0.634628,9.55,0
-0.634628,9.73,0
-0.634628,9.91,0
-0.62734,1.09,0
-0.62734,1.27,0
-0.62734,1.45,0
-0.62734,1.63,0
-0.62734,1.81,0
-0.62734,1.99,0
-0.62734,2.17,0
-0.62734,2.35,0
-0.62734,2.53,0
-0.62734,2.71,0
-0.62734,2.89,0
-0.62734,3.07,0
-0.62734,3.25,0
-0.62734,3.43,0
-0.62734,3.61,0
-0.62734,3.79,0
-0.62734,3.97,0
-0.62734,4.15,0
-0.62734,4.33,0
-0.62734,4.51,0
-0.62734,4.69,0
-0.62734,4.87,0
-0.62734,5.05,0
-0.62734,5.23,0
-0.62734,5.41,0
-0.62734,5.59,0
-0.62734,5.77,0
-0.62734,5.95,0
-0.62734,6.13,0
-0.62734,6.31,0
-0.62734,6.49,0
-0.62734,6.67,0
-0.62734,6.85,0
-0.62734,7.03,0
-0.62734,7.21,0
-0.62734,7.39,0
-0.62734,7.57,0
-0.62734,7.75,0
-0.62734,7.93,0
-0.62734,8.11,0
-0.62734,8.29,0
-0.62734,8.47,0
-0.62734,8.65,0
-0.62734,8.83,0
-0.62734,9.01,0
-0.62734,9.19,0
-0.62734,9.37,0
-0.62734,9.55,0
-0.62734,9.73,0
-0.62734,9.91,0
