-0.984455,1.09,0
-0.984455,1.27,0
-0.984455,1.45,0
-0.984455,1.63,0
-0.984455,1.81,0
-0.984455,1.99,0
-0.984455,2.17,0
-0.984455,2.35,0
-0.984455,2.53,0
-0.984455,2.71,0
-0.984455,2.89,0
-0.984455,3.07,0
-0.984455,3.25,0
-0.984455,3.43,0
-0.984455,3.61,0
-0.984455,3.79,0
-0.984455,3.97,0
-0.984455,4.15,0
-0.984455,4.33,0
-0.984455,4.51,0
-0.984455,4.69,0
-0.984455,4.87,0
-0.984455,5.05,0
-0.984455,5.23,0
-0.984455,5.41,0
-0.984455,5.59,0
-0.984455,5.77,0
-0.984455,5.95,0
-0.984455,6.13,0
-0.984455,6.31,0
-0.984455,6.49,0
-0.984455,6.67,0
-0.984455,6.85,0
-0.984455,7.03,0
-0.984455,7.21,0
-0.984455,7.39,0
-0.984455,7.57,0
-0.984455,7.75,0
-0.984455,7.93,0
-0.984455,8.11,0
-0.984455,8.29,0
-0.984455,8.47,0
-0.984455,8.65,0
-0.984455,8.83,0
-0.984455,9.01,0
-0.984455,9.19,0
-0.984455,9.37,0
-0.984455,9.55,0
-0.984455,9.73,0
-0.984455,9.91,0
-0.977166,1.09,0
-0.977166,1.27,0
-0.977166,1.45,0
-0.977166,1.63,0
-0.977166,1.81,0
-0.977166,1.99,0
-0.977166,2.17,0
-0.977166,2.35,0
-0.977166,2.53,0
-0.977166,2.71,0
-0.977166,2.89,0
-0.977166,3.07,0
-0.977166,3.25,0
-0.977166,3.43,0
-0.977166,3.61,0
-0.977166,3.79,0
-0.977166,3.97,0
-0.977166,4.15,0
-0.977166,4.33,0
-0.977166,4.51,0
-0.977166,4.69,0
-0.977166,4.87,0
-0.977166,5.05,0
-0.977166,5.23,0
-0.977166,5.41,0
-0.977166,5.59,0
-0.977166,5.77,0
-0.977166,5.95,0
-0.977166,6.13,0
-0.977166,6.31,0
-0.977166,6.49,0
-0.977166,6.67,0
-0.977166,6.85,0
-0.977166,7.03,0
-0.977166,7.21,0
-0.977166,7.39,0
-0.977166,7.57,0
-0.977166,7.75,0
-0.977166,7.93,0
-0.977166,8.11,0
-0.977166,8.29,0
-0.977166,8.47,0
-0.977166,8.65,0
-0.977166,8.83,0
-0.977166,9.01,0
-0.977166,9.19,0
-0.977166,9.37,0
-0.977166,9.55,0
-0.977166,9.73,0
-0.977166,9.91,0
-0.969878,1.09,0
-0.969878,1.27,0
-0.969878,1.45,0
-0.969878,1.63,0
-0.969878,1.81,0
-0.969878,1.99,0
-0.969878,2.17,0
-0.969878,2.35,0
-0.969878,2.53,0
-0.969878,2.71,0
-0.969878,2.89,0
-0.969878,3.07,0
-0.969878,3.25,0
-0.969878,3.43,0
-0.969878,3.61,0
-0.969878,3.79,0
-0.969878,3.97,0
-0.969878,4.15,0
-0.969878,4.33,0
-0.969878,4.51,0
-0.969878,4.69,0
-0.969878,4.87,0
-0.969878,5.05,0
-0.969878,5.23,0
-0.969878,5.41,0
-0.969878,5.59,0
-0.969878,5.77,0
-0.969878,5.95,0
-0.969878,6.13,0
-0.969878,6.31,0
-0.969878,6.49,0
-0.969878,6.67,0
-0.969878,6.85,0
-0.969878,7.03,0
-0.969878,7.21,0
-0.969878,7.39,0
-0.969878,7.57,0
-0.969878,7.75,0
-0.969878,7.93,0
-0.969878,8.11,0
-0.969878,8.29,0
-0.969878,8.47,0
-0.969878,8.65,0
-0.969878,8.83,0
-0.969878,9.01,0
-0.969878,9.19,0
-0.969878,9.37,0
-0.969878,9.55,0
-0.969878,9.73,0
-0.969878,9.91,0
-0.96259,1.09,0
-0.96259,1.27,0
-0.96259,1.45,0
-0.96259,1.63,0
-0.96259,1.81,0
-0.96259,1.99,0
-0.96259,2.17,0
-0.96259,2.35,0
-0.96259,2.53,0
-0.96259,2.71,0
-0.96259,2.89,0
-0.96259,3.07,0
-0.96259,3.25,0
-0.96259,3.43,0
-0.96259,3.61,0
-0.96259,3.79,0
-0.96259,3.97,0
-0.96259,4.15,0
-0.96259,4.33,0
-0.96259,4.51,0
-0.96259,4.69,0
-0.96259,4.87,0
-0.96259,5.05,0
-0.96259,5.23,0
-0.96259,5.41,0
-0.96259,5.59,0
-0.96259,5.77,0
-0.96259,5.95,0
-0.96259,6.13,0
-0.96259,6.31,0
-0.96259,6.49,0
-0.96259,6.67,0
-0.96259,6.85,0
-0.96259,7.03,0
-0.96259,7.21,0
-0.96259,7.39,0
-0.96259,7.57,0
-0.96259,7.75,0
-0.96259,7.93,0
-0.96259,8.11,0
-0.96259,8.29,0
-0.96259,8.47,0
-0.96259,8.65,0
-0.96259,8.83,0
-0.96259,9.01,0
-0.96259,9.19,0
-0.96259,9.37,0
-0.96259,9.55,0
-0.96259,9.73,0
-0.96259,9.91,0
-0.955302,1.09,0
-0.955302,1.27,0
-0.955302,1.45,0
-0.955302,1.63,0
-0.955302,1.81,0
-0.955302,1.99,0
-0.955302,2.17,0
-0.955302,2.35,0
-0.955302,2.53,0
-0.955302,2.71,0
-0.955302,2.89,0
-0.955302,3.07,0
-0.955302,3.25,0
-0.955302,3.43,0
-0.955302,3.61,0
-0.955302,3.79,0
-0.955302,3.97,0
-0.955302,4.15,0
-0.955302,4.33,0
-0.955302,4.51,0
-0.955302,4.69,0
-0.955302,4.87,0
-0.955302,5.05,0
-0.955302,5.23,0
-0.955302,5.41,0
-0.955302,5.59,0
-0.955302,5.77,0
-0.955302,5.95,0
-0.955302,6.13,0
-0.955302,6.31,0
-0.955302,6.49,0
-0.955302,6.67,0
-0.955302,6.85,0
-0.955302,7.03,0
-0.955302,7.21,0
-0.955302,7.39,0
-0.955302,7.57,0
-0.955302,7.75,0
-0.955302,7.93,0
-0.955302,8.11,0
-0.955302,8.29,0
-0.955302,8.47,0
-0.955302,8.65,0
-0.955302,8.83,0
-0.955302,9.01,0
-0.955302,9.19,0
-0.955302,9.37,0
-0.955302,9.55,0
-0.955302,9.73,0
-0.955302,9.91,0
-0.948014,1.09,0
-0.948014,1.27,0
-0.948014,1.45,0
-0.948014,1.63,0
-0.948014,1.81,0
-0.948014,1.99,0
-0.948014,2.17,0
-0.948014,2.35,0
-0.948014,2.53,0
-0.948014,2.71,0
-0.948014,2.89,0
-0.948014,3.07,0
-0.948014,3.25,0
-0.948014,3.43,0
-0.948014,3.61,0
-0.948014,3.79,0
-0.948014,3.97,0
-0.948014,4.15,0
-0.948014,4.33,0
-0.948014,4.51,0
-0.948014,4.69,0
-0.948014,4.87,0
-0.948014,5.05,0
-0.948014,5.23,0
-0.948014,5.41,0
-0.948014,5.59,0
-0.948014,5.77,0
-0.948014,5.95,0
-0.948014,6.13,0
-0.948014,6.31,0
-0.948014,6.49,0
-0.948014,6.67,0
-0.948014,6.85,0
-0.948014,7.03,0
-0.948014,7.21,0
-0.948014,7.39,0
-0.948014,7.57,0
-0.948014,7.75,0
-0.948014,7.93,0
-0.948014,8.11,0
-0.948014,8.29,0
-0.948014,8.47,0
-0.948014,8.65,0
-0.948014,8.83,0
-0.948014,9.01,0
-0.948014,9.19,0
-0.948014,9.37,0
-0.948014,9.55,0
-0.948014,9.73,0
-0.948014,9.91,0
-0.940726,1.09,0
-0.940726,1.27,0
-0.940726,1.45,0
-0.940726,1.63,0
-0.940726,1.81,0
-0.940726,1.99,0
-0.940726,2.17,0
-0.940726,2.35,0
-0.940726,2.53,0
-0.940726,2.71,0
-0.940726,2.89,0
-0.940726,3.07,0
-0.940726,3.25,0
-0.940726,3.43,0
-0.940726,3.61,0
-0.940726,3.79,0
-0.940726,3.97,0
-0.940726,4.15,0
-0.940726,4.33,0
-0.940726,4.51,0
-0.940726,4.69,0
-0.940726,4.87,0
-0.940726,5.05,0
-0.940726,5.23,0
-0.940726,5.41,0
-0.940726,5.59,0
-0.940726,5.77,0
-0.940726,5.95,0
-0.940726,6.13,0
-0.940726,6.31,0
-0.940726,6.49,0
-0.940726,6.67,0
-0.940726,6.85,0
-0.940726,7.03,0
-0.940726,7.21,0
-0.940726,7.39,0
-0.940726,7.57,0
-0.940726,7.75,0
-0.940726,7.93,0
-0.940726,8.11,0
-0.940726,8.29,0
-0.940726,8.47,0
-0.940726,8.65,0
-0.940726,8.83,0
-0.940726,9.01,0
-0.940726,9.19,0
-0.940726,9.37,0
-0.940726,9.55,0
-0.940726,9.73,0
-0.940726,9.91,0
-0.933438,1.09,0
-0.933438,1.27,0
-0.933438,1.45,0
-0.933438,1.63,0
-0.933438,1.81,0
-0.933438,1.99,0
-0.933438,2.17,0
-0.933438,2.35,0
-0.933438,2.53,0
-0.933438,2.71,0
-0.933438,2.89,0
-0.933438,3.07,0
-0.933438,3.25,0
-0.933438,3.43,0
-0.933438,3.61,0
-0.933438,3.79,0
-0.933438,3.97,0
-0.933438,4.15,0
-0.933438,4.33,0
-0.933438,4.51,0
-0.933438,4.69,0
-0.933438,4.87,0
-0.933438,5.05,0
-0.933438,5.23,0
-0.933438,5.41,0
-0.933438,5.59,0
-0.933438,5.77,0
-0.933438,5.95,0
-0.933438,6.13,0
-0.933438,6.31,0
-0.933438,6.49,0
-0.933438,6.67,0
-0.933438,6.85,0
-0.933438,7.03,0
-0.933438,7.21,0
-0.933438,7.39,0
-0.933438,7.57,0
-0.933438,7.75,0
-0.933438,7.93,0
-0.933438,8.11,0
-0.933438,8.29,0
-0.933438,8.47,0
-0.933438,8.65,0
-0.933438,8.83,0
-0.933438,9.01,0
-0.933438,9.19,0
-0.933438,9.37,0
-0.933438,9.55,0
-0.933438,9.73,0
-0.933438,9.91,0
-0.92615,1.09,0
-0.92615,1.27,0
-0.92615,1.45,0
-0.92615,1.63,0
-0.92615,1.81,0
-0.92615,1.99,0
-0.92615,2.17,0
-0.92615,2.35,0
-0.92615,2.53,0
-0.92615,2.71,0
-0.92615,2.89,0
-0.92615,3.07,0
-0.92615,3.25,0
-0.92615,3.43,0
-0.92615,3.61,0
-0.92615,3.79,0
-0.92615,3.97,0
-0.92615,4.15,0
-0.92615,4.33,0
-0.92615,4.51,0
-0.92615,4.69,0
-0.92615,4.87,0
-0.92615,5.05,0
-0.92615,5.23,0
-0.92615,5.41,0
-0.92615,5.59,0
-0.92615,5.77,0
-0.92615,5.95,0
-0.92615,6.13,0
-0.92615,6.31,0
-0.92615,6.49,0
-0.92615,6.67,0
-0.92615,6.85,0
-0.92615,7.03,0
-0.92615,7.21,0
-0.92615,7.39,0
-0.92615,7.57,0
-0.92615,7.75,0
-0.92615,7.93,0
-0.92615,8.11,0
-0.92615,8.29,0
-0.92615,8.47,0
-0.92615,8.65,0
-0.92615,8.83,0
-0.92615,9.01,0
-0.92615,9.19,0
-0.92615,9.37,0
-0.92615,9.55,0
-0.92615,9.73,0
-0.92615,9.91,0
-0.918862,1.09,0
-0.918862,1.27,0
-0.918862,1.45,0
-0.918862,1.63,0
-0.918862,1.81,0
-0.918862,1.99,0
-0.918862,2.17,0
-0.918862,2.35,0
-0.918862,2.53,0
-0.918862,2.71,0
-0.918862,2.89,0
-0.918862,3.07,0
-0.918862,3.25,0
-0.918862,3.43,0
-0.918862,3.61,0
-0.918862,3.79,0
-0.918862,3.97,0
-0.918862,4.15,0
-0.918862,4.33,0
-0.918862,4.51,0
-0.918862,4.69,0
-0.918862,4.87,0
-0.918862,5.05,0
-0.918862,5.23,0
-0.918862,5.41,0
-0.918862,5.59,0
-0.918862,5.77,0
-0.918862,5.95,0
-0.918862,6.13,0
-0.918862,6.31,0
-0.918862,6.49,0
-0.918862,6.67,0
-0.918862,6.85,0
-0.918862,7.03,0
-0.918862,7.21,0
-0.918862,7.39,0
-0.918862,7.57,0
-0.918862,7.75,0
-0.918862,7.93,0
-0.918862,8.11,0
-0.918862,8.29,0
-0.918862,8.47,0
-0.918862,8.65,0
-0.918862,8.83,0
-0.918862,9.01,0
-0.918862,9.19,0
-0.918862,9.37,0
-0.918862,9.55,0
-0.918862,9.73,0
-0.918862,9.91,0
-0.911574,1.09,0
-0.911574,1.27,0
-0.911574,1.45,0
-0.911574,1.63,0
-0.911574,1.81,0
-0.911574,1.99,0
-0.911574,2.17,0
-0.911574,2.35,0
-0.911574,2.53,0
-0.911574,2.71,0
-0.911574,2.89,0
-0.911574,3.07,0
-0.911574,3.25,0
-0.911574,3.43,0
-0.911574,3.61,0
-0.911574,3.79,0
-0.911574,3.97,0
-0.911574,4.15,0
-0.911574,4.33,0
-0.911574,4.51,0
-0.911574,4.69,0
-0.911574,4.87,0
-0.911574,5.05,0
-0.911574,5.23,0
-0.911574,5.41,0
-0.911574,5.59,0
-0.911574,5.77,0
-0.911574,5.95,0
-0.911574,6.13,0
-0.911574,6.31,0
-0.911574,6.49,0
-0.911574,6.67,0
-0.911574,6.85,0
-0.911574,7.03,0
-0.911574,7.21,0
-0.911574,7.39,0
-0.911574,7.57,0
-0.911574,7.75,0
-0.911574,7.93,0
-0.911574,8.11,0
-0.911574,8.29,0
-0.911574,8.47,0
-0.911574,8.65,0
-0.911574,8.83,0
-0.911574,9.01,0
-0.911574,9.19,0
-0.911574,9.37,0
-0.911574,9.55,0
-0.911574,9.73,0
-0.911574,9.91,0
-0.904286,1.09,0
-0.904286,1.27,0
-0.904286,1.45,0
-0.904286,1.63,0
-0.904286,1.81,0
-0.904286,1.99,0
-0.904286,2.17,0
-0.904286,2.35,0
-0.904286,2.53,0
-0.904286,2.71,0
-0.904286,2.89,0
-0.904286,3.07,0
-0.904286,3.25,0
-0.904286,3.43,0
-0.904286,3.61,0
-0.904286,3.79,0
-0.904286,3.97,0
-0.904286,4.15,0
-0.904286,4.33,0
-0.904286,4.51,0
-0.904286,4.69,0
-0.904286,4.87,0
-0.904286,5.05,0
-0.904286,5.23,0
-0.904286,5.41,0
-0.904286,5.59,0
-0.904286,5.77,0
-0.904286,5.95,0
-0.904286,6.13,0
-0.904286,6.31,0
-0.904286,6.49,0
-0.904286,6.67,0
-0.904286,6.85,0
-0.904286,7.03,0
-0.904286,7.21,0
-0.904286,7.39,0
-0.904286,7.57,0
-0.904286,7.75,0
-0.904286,7.93,0
-0.904286,8.11,0
-0.904286,8.29,0
-0.904286,8.47,0
-0.904286,8.65,0
-0.904286,8.83,0
-0.904286,9.01,0
-0.904286,9.19,0
-0.904286,9.37,0
-0.904286,9.55,0
-0.904286,9.73,0
-0.904286,9.91,0
-0.896998,1.09,0.00702268
-0.896998,1.27,-0.00860801
-0.896998,1.45,-0.00472573
-0.896998,1.63,0.00445009
-0.896998,1.81,-0.0057313
-0.896998,1.99,-0.00360896
-0.896998,2.17,-0.00500552
-0.896998,2.35,-0.00711448
-0.896998,2.53,-0.00212105
-0.896998,2.71,0.00410837
-0.896998,2.89,0.00685636
-0.896998,3.07,0.00594382
-0.896998,3.25,0.00564392
-0.896998,3.43,0.0082368
-0.896998,3.61,0.0108782
-0.896998,3.79,0.0100462
-0.896998,3.97,0.00485345
-0.896998,4.15,-0.00327837
-0.896998,4.33,-0.0124068
-0.896998,4.51,-0.0209513
-0.896998,4.69,-0.0277959
-0.896998,4.87,-0.0320759
-0.896998,5.05,-0.0331522
-0.896998,5.23,-0.0306924
-0.896998,5.41,-0.0247817
-0.896998,5.59,-0.0161779
-0.896998,5.77,-0.00618518
-0.896998,5.95,0.00367606
-0.896998,6.13,0.0121931
-0.896998,6.31,0.0186931
-0.896998,6.49,0.0230478
-0.896998,6.67,0.0254391
-0.896998,6.85,0.026227
-0.896998,7.03,0.0257994
-0.896998,7.21,0.0245336
-0.896998,7.39,0.0226806
-0.896998,7.57,0.0204413
-0.896998,7.75,0.0179741
-0.896998,7.93,0.0153935
-0.896998,8.11,0.0127952
-0.896998,8.29,0.0102154
-0.896998,8.47,0.00769324
-0.896998,8.65,0.00525682
-0.896998,8.83,0.00292508
-0.896998,9.01,0.000710595
-0.896998,9.19,-0.00137785
-0.896998,9.37,-0.00333564
-0.896998,9.55,-0.00516079
-0.896998,9.73,-0.00685307
-0.896998,9.91,-0.00841352
-0.88971,1.09,0.0352606
-0.88971,1.27,-0.0268315
-0.88971,1.45,-0.0250915
-0.88971,1.63,0.012733
-0.88971,1.81,-0.0151036
-0.88971,1.99,-0.0155073
-0.88971,2.17,-0.0120252
-0.88971,2.35,-0.0393427
-0.88971,2.53,-0.0159157
-0.88971,2.71,0.0180997
-0.88971,2.89,0.0273455
-0.88971,3.07,0.0203329
-0.88971,3.25,0.0240122
-0.88971,3.43,0.0447941
-0.88971,3.61,0.0644003
-0.88971,3.79,0.0641862
-0.88971,3.97,0.0401622
-0.88971,4.15,0.00035078
-0.88971,4.33,-0.0454128
-0.88971,4.51,-0.0898408
-0.88971,4.69,-0.128273
-0.88971,4.87,-0.157192
-0.88971,5.05,-0.173655
-0.88971,5.23,-0.175287
-0.88971,5.41,-0.160542
-0.88971,5.59,-0.130139
-0.88971,5.77,-0.0874163
-0.88971,5.95,-0.0383778
-0.88971,6.13,0.0104666
-0.88971,6.31,0.0537681
-0.88971,6.49,0.0884667
-0.88971,6.67,0.113492
-0.88971,6.85,0.129379
-0.88971,7.03,0.137482
-0.88971,7.21,0.139608
-0.88971,7.39,0.137104
-0.88971,7.57,0.131167
-0.88971,7.75,0.122822
-0.88971,7.93,0.112864
-0.88971,8.11,0.101989
-0.88971,8.29,0.0905165
-0.88971,8.47,0.0787661
-0.88971,8.65,0.0669809
-0.88971,8.83,0.0553377
-0.88971,9.01,0.0439626
-0.88971,9.19,0.0329498
-0.88971,9.37,0.0223663
-0.88971,9.55,0.0122576
-0.88971,9.73,0.00265391
-0.88971,9.91,-0.00642533
-0.882422,1.09,0.0733311
-0.882422,1.27,-0.0267736
-0.882422,1.45,-0.0545457
-0.882422,1.63,0.00453217
-0.882422,1.81,0.0101369
-0.882422,1.99,-0.019754
-0.882422,2.17,0.0014657
-0.882422,2.35,-0.0776851
-0.882422,2.53,-0.0344731
-0.882422,2.71,0.0244849
-0.882422,2.89,0.0318339
-0.882422,3.07,0.0219975
-0.882422,3.25,0.0394564
-0.882422,3.43,0.0833341
-0.882422,3.61,0.122344
-0.882422,3.79,0.12815
-0.882422,3.97,0.0945902
-0.882422,4.15,0.0340401
-0.882422,4.33,-0.0388007
-0.882422,4.51,-0.113229
-0.882422,4.69,-0.182559
-0.882422,4.87,-0.241712
-0.882422,5.05,-0.286098
-0.882422,5.23,-0.311281
-0.882422,5.41,-0.312937
-0.882422,5.59,-0.288757
-0.882422,5.77,-0.239349
-0.882422,5.95,-0.17029
-0.882422,6.13,-0.0900855
-0.882422,6.31,-0.00821686
-0.882422,6.49,0.067278
-0.882422,6.67,0.131074
-0.882422,6.85,0.180745
-0.882422,7.03,0.216234
-0.882422,7.21,0.239336
-0.882422,7.39,0.251804
-0.882422,7.57,0.255569
-0.882422,7.75,0.252563
-0.882422,7.93,0.244444
-0.882422,8.11,0.232762
-0.882422,8.29,0.21837
-0.882422,8.47,0.202097
-0.882422,8.65,0.184602
-0.882422,8.83,0.166389
-0.882422,9.01,0.147855
-0.882422,9.19,0.129291
-0.882422,9.37,0.110915
-0.882422,9.55,0.0928967
-0.882422,9.73,0.0753664
-0.882422,9.91,0.0584205
-0.875134,1.09,0.141844
-0.875134,1.27,-0.0274307
-0.875134,1.45,-0.0870737
-0.875134,1.63,-0.00735541
-0.875134,1.81,0.0656018
-0.875134,1.99,-0.0114542
-0.875134,2.17,0.0221754
-0.875134,2.35,-0.122846
-0.875134,2.53,-0.0522975
-0.875134,2.71,0.023053
-0.875134,2.89,0.0244131
-0.875134,3.07,0.0233484
-0.875134,3.25,0.0609605
-0.875134,3.43,0.121442
-0.875134,3.61,0.173585
-0.875134,3.79,0.190523
-0.875134,3.97,0.162718
-0.875134,4.15,0.0995004
-0.875134,4.33,0.0145759
-0.875134,4.51,-0.0802992
-0.875134,4.69,-0.176784
-0.875134,4.87,-0.268097
-0.875134,5.05,-0.347898
-0.875134,5.23,-0.409811
-0.875134,5.41,-0.447018
-0.875134,5.59,-0.453893
-0.875134,5.77,-0.42666
-0.875134,5.95,-0.367079
-0.875134,6.13,-0.281149
-0.875134,6.31,-0.178356
-0.875134,6.49,-0.0697518
-0.875134,6.67,0.0351648
-0.875134,6.85,0.128966
-0.875134,7.03,0.207366
-0.875134,7.21,0.269391
-0.875134,7.39,0.315315
-0.875134,7.57,0.346476
-0.875134,7.75,0.36493
-0.875134,7.93,0.372854
-0.875134,8.11,0.372542
-0.875134,8.29,0.365535
-0.875134,8.47,0.353346
-0.875134,8.65,0.337247
-0.875134,8.83,0.318274
-0.875134,9.01,0.297315
-0.875134,9.19,0.275015
-0.875134,9.37,0.251859
-0.875134,9.55,0.22827
-0.875134,9.73,0.204582
-0.875134,9.91,0.181059
-0.867846,1.09,0.221725
-0.867846,1.27,-0.0258989
-0.867846,1.45,-0.093233
-0.867846,1.63,-0.0128363
-0.867846,1.81,0.132193
-0.867846,1.99,0.0131969
-0.867846,2.17,0.0287519
-0.867846,2.35,-0.166532
-0.867846,2.53,-0.0619001
-0.867846,2.71,0.0161664
-0.867846,2.89,0.0150846
-0.867846,3.07,0.0384633
-0.867846,3.25,0.0946643
-0.867846,3.43,0.154179
-0.867846,3.61,0.206501
-0.867846,3.79,0.240374
-0.867846,3.97,0.239121
-0.867846,4.15,0.197245
-0.867846,4.33,0.119412
-0.867846,4.51,0.0161278
-0.867846,4.69,-0.101943
-0.867846,4.87,-0.22502
-0.867846,5.05,-0.343972
-0.867846,5.23,-0.450086
-0.867846,5.41,-0.534477
-0.867846,5.59,-0.589117
-0.867846,5.77,-0.606721
-0.867846,5.95,-0.584981
-0.867846,6.13,-0.525399
-0.867846,6.31,-0.433685
-0.867846,6.49,-0.319739
-0.867846,6.67,-0.193292
-0.867846,6.85,-0.0649774
-0.867846,7.03,0.056391
-0.867846,7.21,0.165012
-0.867846,7.39,0.257603
-0.867846,7.57,0.332715
-0.867846,7.75,0.390604
-0.867846,7.93,0.432566
-0.867846,8.11,0.460639
-0.867846,8.29,0.476645
-0.867846,8.47,0.482554
-0.867846,8.65,0.480203
-0.867846,8.83,0.47122
-0.867846,9.01,0.457157
-0.867846,9.19,0.439152
-0.867846,9.37,0.418072
-0.867846,9.55,0.394736
-0.867846,9.73,0.369823
-0.867846,9.91,0.343883
-0.860558,1.09,0.235334
-0.860558,1.27,-0.00679146
-0.860558,1.45,-0.0436159
-0.860558,1.63,-0.0177175
-0.860558,1.81,0.189461
-0.860558,1.99,0.0482823
-0.860558,2.17,0.00561987
-0.860558,2.35,-0.190377
-0.860558,2.53,-0.0575329
-0.860558,2.71,0.00629996
-0.860558,2.89,0.0154517
-0.860558,3.07,0.0775372
-0.860558,3.25,0.142716
-0.860558,3.43,0.177541
-0.860558,3.61,0.213332
-0.860558,3.79,0.268224
-0.860558,3.97,0.315479
-0.860558,4.15,0.3223
-0.860558,4.33,0.274452
-0.860558,4.51,0.177865
-0.860558,4.69,0.0463709
-0.860558,4.87,-0.10524
-0.860558,5.05,-0.263221
-0.860558,5.23,-0.41552
-0.860558,5.41,-0.551245
-0.860558,5.59,-0.66095
-0.860558,5.77,-0.735633
-0.860558,5.95,-0.770639
-0.860558,6.13,-0.763987
-0.860558,6.31,-0.716964
-0.860558,6.49,-0.635845
-0.860558,6.67,-0.526306
-0.860558,6.85,-0.397592
-0.860558,7.03,-0.259425
-0.860558,7.21,-0.121031
-0.860558,7.39,0.0111518
-0.860558,7.57,0.131938
-0.860558,7.75,0.237928
-0.860558,7.93,0.327485
-0.860558,8.11,0.400413
-0.860558,8.29,0.457367
-0.860558,8.47,0.499637
-0.860558,8.65,0.528841
-0.860558,8.83,0.546702
-0.860558,9.01,0.555189
-0.860558,9.19,0.555828
-0.860558,9.37,0.549808
-0.860558,9.55,0.538389
-0.860558,9.73,0.522663
-0.860558,9.91,0.503567
-0.85327,1.09,0.156408
-0.85327,1.27,0.0201385
-0.85327,1.45,0.0284656
-0.85327,1.63,-0.00258013
-0.85327,1.81,0.20807
-0.85327,1.99,0.047134
-0.85327,2.17,-0.0384276
-0.85327,2.35,-0.166467
-0.85327,2.53,-0.0564427
-0.85327,2.71,-0.0300174
-0.85327,2.89,0.00920333
-0.85327,3.07,0.116729
-0.85327,3.25,0.17707
-0.85327,3.43,0.161279
-0.85327,3.61,0.14812
-0.85327,3.79,0.197716
-0.85327,3.97,0.288586
-0.85327,4.15,0.362491
-0.85327,4.33,0.3775
-0.85327,4.51,0.325637
-0.85327,4.69,0.219115
-0.85327,4.87,0.0760891
-0.85327,5.05,-0.0856243
-0.85327,5.23,-0.251231
-0.85327,5.41,-0.408938
-0.85327,5.59,-0.549546
-0.85327,5.77,-0.66487
-0.85327,5.95,-0.750281
-0.85327,6.13,-0.802798
-0.85327,6.31,-0.821165
-0.85327,6.49,-0.808066
-0.85327,6.67,-0.764063
-0.85327,6.85,-0.693344
-0.85327,7.03,-0.601416
-0.85327,7.21,-0.495697
-0.85327,7.39,-0.381245
-0.85327,7.57,-0.263492
-0.85327,7.75,-0.14763
-0.85327,7.93,-0.0378174
-0.85327,8.11,0.0628859
-0.85327,8.29,0.15258
-0.85327,8.47,0.23029
-0.85327,8.65,0.295805
-0.85327,8.83,0.349479
-0.85327,9.01,0.392319
-0.85327,9.19,0.425303
-0.85327,9.37,0.44927
-0.85327,9.55,0.465305
-0.85327,9.73,0.47447
-0.85327,9.91,0.477765
-0.845982,1.09,0.14499
-0.845982,1.27,-0.00113178
-0.845982,1.45,0.0493607
-0.845982,1.63,0.0397513
-0.845982,1.81,0.149857
-0.845982,1.99,0.00298204
-0.845982,2.17,-0.0458037
-0.845982,2.35,-0.105691
-0.845982,2.53,-0.0747342
-0.845982,2.71,-0.0544307
-0.845982,2.89,0.0313194
-0.845982,3.07,0.152209
-0.845982,3.25,0.188469
-0.845982,3.43,0.127505
-0.845982,3.61,0.0614543
-0.845982,3.79,0.0719026
-0.845982,3.97,0.162655
-0.845982,4.15,0.279354
-0.845982,4.33,0.362208
-0.845982,4.51,0.381975
-0.845982,4.69,0.33925
-0.845982,4.87,0.248728
-0.845982,5.05,0.128452
-0.845982,5.23,-0.00617663
-0.845982,5.41,-0.143617
-0.845982,5.59,-0.275654
-0.845982,5.77,-0.395943
-0.845982,5.95,-0.50069
-0.845982,6.13,-0.587345
-0.845982,6.31,-0.654205
-0.845982,6.49,-0.701873
-0.845982,6.67,-0.72882
-0.845982,6.85,-0.735513
-0.845982,7.03,-0.723122
-0.845982,7.21,-0.694917
-0.845982,7.39,-0.652156
-0.845982,7.57,-0.596912
-0.845982,7.75,-0.532079
-0.845982,7.93,-0.460628
-0.845982,8.11,-0.385406
-0.845982,8.29,-0.30904
-0.845982,8.47,-0.233789
-0.845982,8.65,-0.161491
-0.845982,8.83,-0.0935441
-0.845982,9.01,-0.0309443
-0.845982,9.19,0.02583
-0.845982,9.37,0.0765192
-0.845982,9.55,0.121062
-0.845982,9.73,0.159591
-0.845982,9.91,0.19238
-0.838694,1.09,0.163101
-0.838694,1.27,-0.0898664
-0.838694,1.45,0.019106
-0.838694,1.63,0.049025
-0.838694,1.81,0.0547295
-0.838694,1.99,-0.0753882
-0.838694,2.17,0.0207452
-0.838694,2.35,0.00185152
-0.838694,2.53,-0.0779238
-0.838694,2.71,-0.0447494
-0.838694,2.89,0.0493104
-0.838694,3.07,0.139637
-0.838694,3.25,0.163592
-0.838694,3.43,0.101534
-0.838694,3.61,-0.000502841
-0.838694,3.79,-0.0741265
-0.838694,3.97,-0.0715267
-0.838694,4.15,0.0127654
-0.838694,4.33,0.14343
-0.838694,4.51,0.26811
-0.838694,4.69,0.349284
-0.838694,4.87,0.374516
-0.838694,5.05,0.350306
-0.838694,5.23,0.290072
-0.838694,5.41,0.206861
-0.838694,5.59,0.11105
-0.838694,5.77,0.010131
-0.838694,5.95,-0.0905066
-0.838694,6.13,-0.18737
-0.838694,6.31,-0.278074
-0.838694,6.49,-0.361579
-0.838694,6.67,-0.436305
-0.838694,6.85,-0.501404
-0.838694,7.03,-0.556318
-0.838694,7.21,-0.601714
-0.838694,7.39,-0.637022
-0.838694,7.57,-0.661963
-0.838694,7.75,-0.67681
-0.838694,7.93,-0.682027
-0.838694,8.11,-0.678275
-0.838694,8.29,-0.666302
-0.838694,8.47,-0.647017
-0.838694,8.65,-0.621417
-0.838694,8.83,-0.590548
-0.838694,9.01,-0.55576
-0.838694,9.19,-0.517977
-0.838694,9.37,-0.477888
-0.838694,9.55,-0.436382
-0.838694,9.73,-0.394254
-0.838694,9.91,-0.352199
-0.831406,1.09,0.129733
-0.831406,1.27,-0.110371
-0.831406,1.45,-0.0418051
-0.831406,1.63,0.0217677
-0.831406,1.81,0.0220592
-0.831406,1.99,-0.122506
-0.831406,2.17,0.0658743
-0.831406,2.35,0.0560254
-0.831406,2.53,-0.0433585
-0.831406,2.71,-0.0157899
-0.831406,2.89,0.0355808
-0.831406,3.07,0.0848236
-0.831406,3.25,0.115941
-0.831406,3.43,0.0914309
-0.831406,3.61,0.0118299
-0.831406,3.79,-0.0812779
-0.831406,3.97,-0.13667
-0.831406,4.15,-0.119753
-0.831406,4.33,-0.0281534
-0.831406,4.51,0.104976
-0.831406,4.69,0.233497
-0.831406,4.87,0.323588
-0.831406,5.05,0.364063
-0.831406,5.23,0.359782
-0.831406,5.41,0.321656
-0.831406,5.59,0.260895
-0.831406,5.77,0.186417
-0.831406,5.95,0.105256
-0.831406,6.13,0.0221193
-0.831406,6.31,-0.0598019
-0.831406,6.49,-0.138559
-0.831406,6.67,-0.212606
-0.831406,6.85,-0.280892
-0.831406,7.03,-0.3427
-0.831406,7.21,-0.398141
-0.831406,7.39,-0.446716
-0.831406,7.57,-0.488075
-0.831406,7.75,-0.522193
-0.831406,7.93,-0.549159
-0.831406,8.11,-0.569242
-0.831406,8.29,-0.582651
-0.831406,8.47,-0.589743
-0.831406,8.65,-0.590955
-0.831406,8.83,-0.586776
-0.831406,9.01,-0.57797
-0.831406,9.19,-0.565052
-0.831406,9.37,-0.548393
-0.831406,9.55,-0.52856
-0.831406,9.73,-0.506109
-0.831406,9.91,-0.481575
-0.824117,1.09,0.0843593
-0.824117,1.27,-0.123524
-0.824117,1.45,-0.0402476
-0.824117,1.63,-0.0182921
-0.824117,1.81,0.0153954
-0.824117,1.99,-0.115056
-0.824117,2.17,0.07779
-0.824117,2.35,0.0419567
-0.824117,2.53,-0.0340462
-0.824117,2.71,-0.00442902
-0.824117,2.89,0.0284755
-0.824117,3.07,0.0612413
-0.824117,3.25,0.0869711
-0.824117,3.43,0.0691603
-0.824117,3.61,0.00368389
-0.824117,3.79,-0.0751044
-0.824117,3.97,-0.12281
-0.824117,4.15,-0.10917
-0.824117,4.33,-0.0317451
-0.824117,4.51,0.0817202
-0.824117,4.69,0.192466
-0.824117,4.87,0.271612
-0.824117,5.05,0.309093
-0.824117,5.23,0.308478
-0.824117,5.41,0.278699
-0.824117,5.59,0.229185
-0.824117,5.77,0.16756
-0.824117,5.95,0.0998594
-0.824117,6.13,0.0301706
-0.824117,6.31,-0.0387201
-0.824117,6.49,-0.105073
-0.824117,6.67,-0.167567
-0.824117,6.85,-0.225299
-0.824117,7.03,-0.277665
-0.824117,7.21,-0.324726
-0.824117,7.39,-0.366093
-0.824117,7.57,-0.401494
-0.824117,7.75,-0.430922
-0.824117,7.93,-0.454459
-0.824117,8.11,-0.472383
-0.824117,8.29,-0.484826
-0.824117,8.47,-0.492075
-0.824117,8.65,-0.49448
-0.824117,8.83,-0.492435
-0.824117,9.01,-0.486511
-0.824117,9.19,-0.477128
-0.824117,9.37,-0.46461
-0.824117,9.55,-0.449408
-0.824117,9.73,-0.431968
-0.824117,9.91,-0.412716
-0.816829,1.09,0.016916
-0.816829,1.27,-0.104552
-0.816829,1.45,-0.0313131
-0.816829,1.63,-0.0491131
-0.816829,1.81,0.00683699
-0.816829,1.99,-0.0964181
-0.816829,2.17,0.0813434
-0.816829,2.35,0.0290543
-0.816829,2.53,-0.0236068
-0.816829,2.71,0.00231218
-0.816829,2.89,0.0186489
-0.816829,3.07,0.0399128
-0.816829,3.25,0.06267
-0.816829,3.43,0.0510563
-0.816829,3.61,-0.00171763
-0.816829,3.79,-0.06722
-0.816829,3.97,-0.107623
-0.816829,4.15,-0.0971275
-0.816829,4.33,-0.0333912
-0.816829,4.51,0.0609678
-0.816829,4.69,0.15417
-0.816829,4.87,0.2221
-0.816829,5.05,0.255907
-0.816829,5.23,0.258076
-0.816829,5.41,0.235741
-0.816829,5.59,0.19665
-0.816829,5.77,0.147173
-0.816829,5.95,0.0923521
-0.816829,6.13,0.035644
-0.816829,6.31,-0.0205898
-0.816829,6.49,-0.0748479
-0.816829,6.67,-0.126036
-0.816829,6.85,-0.173407
-0.816829,7.03,-0.216468
-0.816829,7.21,-0.255249
-0.816829,7.39,-0.289454
-0.816829,7.57,-0.318888
-0.816829,7.75,-0.343554
-0.816829,7.93,-0.363525
-0.816829,8.11,-0.379068
-0.816829,8.29,-0.390257
-0.816829,8.47,-0.397315
-0.816829,8.65,-0.400514
-0.816829,8.83,-0.400155
-0.816829,9.01,-0.396652
-0.816829,9.19,-0.39033
-0.816829,9.37,-0.381463
-0.816829,9.55,-0.3704
-0.816829,9.73,-0.357481
-0.816829,9.91,-0.343038
-0.809541,1.09,-0.0461476
-0.809541,1.27,-0.0628678
-0.809541,1.45,-0.0200134
-0.809541,1.63,-0.0645373
-0.809541,1.81,-0.00197682
-0.809541,1.99,-0.0705747
-0.809541,2.17,0.0758933
-0.809541,2.35,0.0190569
-0.809541,2.53,-0.0132523
-0.809541,2.71,0.00447942
-0.809541,2.89,0.00778274
-0.809541,3.07,0.0219331
-0.809541,3.25,0.0428743
-0.809541,3.43,0.0366516
-0.809541,3.61,-0.0042283
-0.809541,3.79,-0.0566846
-0.809541,3.97,-0.0897726
-0.809541,4.15,-0.0825062
-0.809541,4.33,-0.0327028
-0.809541,4.51,0.0421458
-0.809541,4.69,0.117167
-0.809541,4.87,0.173042
-0.809541,5.05,0.202266
-0.809541,5.23,0.206386
-0.809541,5.41,0.190828
-0.809541,5.59,0.161681
-0.809541,5.77,0.124034
-0.809541,5.95,0.0819124
-0.809541,6.13,0.0381042
-0.809541,6.31,-0.00548405
-0.809541,6.49,-0.0476232
-0.809541,6.67,-0.0874526
-0.809541,6.85,-0.124386
-0.809541,7.03,-0.158044
-0.809541,7.21,-0.188432
-0.809541,7.39,-0.215345
-0.809541,7.57,-0.238648
-0.809541,7.75,-0.258351
-0.809541,7.93,-0.274517
-0.809541,8.11,-0.28738
-0.809541,8.29,-0.296972
-0.809541,8.47,-0.303456
-0.809541,8.65,-0.30703
-0.809541,8.83,-0.307914
-0.809541,9.01,-0.306382
-0.809541,9.19,-0.302674
-0.809541,9.37,-0.297008
-0.809541,9.55,-0.289636
-0.809541,9.73,-0.280804
-0.809541,9.91,-0.270753
-0.802253,1.09,-0.0783576
-0.802253,1.27,-0.0192647
-0.802253,1.45,-0.00820283
-0.802253,1.63,-0.0622651
-0.802253,1.81,-0.007952
-0.802253,1.99,-0.0428711
-0.802253,2.17,0.0606619
-0.802253,2.35,0.0101241
-0.802253,2.53,-0.00597151
-0.802253,2.71,0.00352834
-0.802253,2.89,4.03823e-05
-0.802253,3.07,0.0100051
-0.802253,3.25,0.0272899
-0.802253,3.43,0.0237368
-0.802253,3.61,-0.00621356
-0.802253,3.79,-0.044607
-0.802253,3.97,-0.0682452
-0.802253,4.15,-0.0620307
-0.802253,4.33,-0.0249477
-0.802253,4.51,0.029999
-0.802253,4.69,0.084894
-0.802253,4.87,0.125892
-0.802253,5.05,0.147612
-0.802253,5.23,0.151147
-0.802253,5.41,0.140389
-0.802253,5.59,0.119738
-0.802253,5.77,0.0928985
-0.802253,5.95,0.0627819
-0.802253,6.13,0.0314163
-0.802253,6.31,0.00018959
-0.802253,6.49,-0.0299983
-0.802253,6.67,-0.0585318
-0.802253,6.85,-0.0849959
-0.802253,7.03,-0.109127
-0.802253,7.21,-0.130926
-0.802253,7.39,-0.15026
-0.802253,7.57,-0.167048
-0.802253,7.75,-0.181303
-0.802253,7.93,-0.193077
-0.802253,8.11,-0.20256
-0.802253,8.29,-0.209759
-0.802253,8.47,-0.214789
-0.802253,8.65,-0.217786
-0.802253,8.83,-0.218902
-0.802253,9.01,-0.218307
-0.802253,9.19,-0.216168
-0.802253,9.37,-0.212649
-0.802253,9.55,-0.207921
-0.802253,9.73,-0.202152
-0.802253,9.91,-0.195506
-0.794965,1.09,-0.0699741
-0.794965,1.27,0.00878692
-0.794965,1.45,-0.000681776
-0.794965,1.63,-0.0449039
-0.794965,1.81,-0.00934852
-0.794965,1.99,-0.0192121
-0.794965,2.17,0.0391081
-0.794965,2.35,0.00422672
-0.794965,2.53,-0.00141935
-0.794965,2.71,0.00125945
-0.794965,2.89,-0.00402035
-0.794965,3.07,0.00286786
-0.794965,3.25,0.0151071
-0.794965,3.43,0.0132628
-0.794965,3.61,-0.00571821
-0.794965,3.79,-0.0297718
-0.794965,3.97,-0.0441225
-0.794965,4.15,-0.0396151
-0.794965,4.33,-0.0160246
-0.794965,4.51,0.0184082
-0.794965,4.69,0.0526834
-0.794965,4.87,0.0783382
-0.794965,5.05,0.092085
-0.794965,5.23,0.0945924
-0.794965,5.41,0.0882497
-0.794965,5.59,0.0757744
-0.794965,5.77,0.0594674
-0.794965,5.95,0.041122
-0.794965,6.13,0.0219939
-0.794965,6.31,0.00294135
-0.794965,6.49,-0.0154767
-0.794965,6.67,-0.0328865
-0.794965,6.85,-0.049039
-0.794965,7.03,-0.0637795
-0.794965,7.21,-0.0771061
-0.794965,7.39,-0.0889476
-0.794965,7.57,-0.0992623
-0.794965,7.75,-0.108063
-0.794965,7.93,-0.115384
-0.794965,8.11,-0.121355
-0.794965,8.29,-0.12597
-0.794965,8.47,-0.129297
-0.794965,8.65,-0.131416
-0.794965,8.83,-0.132417
-0.794965,9.01,-0.132386
-0.794965,9.19,-0.131422
-0.794965,9.37,-0.129629
-0.794965,9.55,-0.127107
-0.794965,9.73,-0.123952
-0.794965,9.91,-0.12026
-0.787677,1.09,-0.0298902
-0.787677,1.27,0.011027
-0.787677,1.45,0.00116754
-0.787677,1.63,-0.0177746
-0.787677,1.81,-0.00517012
-0.787677,1.99,-0.00394528
-0.787677,2.17,0.014616
-0.787677,2.35,0.00105449
-0.787677,2.53,0.000243361
-0.787677,2.71,-0.000324039
-0.787677,2.89,-0.00319011
-0.787677,3.07,2.64678e-05
-0.787677,3.25,0.00529787
-0.787677,3.43,0.00465394
-0.787677,3.61,-0.00275128
-0.787677,3.79,-0.0119657
-0.787677,3.97,-0.0172947
-0.787677,4.15,-0.0153855
-0.787677,4.33,-0.00629257
-0.787677,4.51,0.00683206
-0.787677,4.69,0.0198816
-0.787677,4.87,0.029694
-0.787677,5.05,0.0350316
-0.787677,5.23,0.0361365
-0.787677,5.41,0.0339001
-0.787677,5.59,0.0293453
-0.787677,5.77,0.0233432
-0.787677,5.95,0.0165665
-0.787677,6.13,0.00948836
-0.787677,6.31,0.0024316
-0.787677,6.49,-0.00439289
-0.787677,6.67,-0.0108471
-0.787677,6.85,-0.0168404
-0.787677,7.03,-0.0223176
-0.787677,7.21,-0.0272768
-0.787677,7.39,-0.0316953
-0.787677,7.57,-0.0355604
-0.787677,7.75,-0.0388783
-0.787677,7.93,-0.0416623
-0.787677,8.11,-0.0439643
-0.787677,8.29,-0.0457794
-0.787677,8.47,-0.047131
-0.787677,8.65,-0.0480478
-0.787677,8.83,-0.0485608
-0.787677,9.01,-0.0486965
-0.787677,9.19,-0.0484899
-0.787677,9.37,-0.0479807
-0.787677,9.55,-0.0472036
-0.787677,9.73,-0.0461925
-0.787677,9.91,-0.0449805
-0.780389,1.09,0
-0.780389,1.27,0
-0.780389,1.45,0
-0.780389,1.63,0
-0.780389,1.81,0
-0.780389,1.99,0
-0.780389,2.17,0
-0.780389,2.35,0
-0.780389,2.53,0
-0.780389,2.71,0
-0.780389,2.89,0
-0.780389,3.07,0
-0.780389,3.25,0
-0.780389,3.43,0
-0.780389,3.61,0
-0.780389,3.79,0
-0.780389,3.97,0
-0.780389,4.15,0
-0.780389,4.33,0
-0.780389,4.51,0
-0.780389,4.69,0
-0.780389,4.87,0
-0.780389,5.05,0
-0.780389,5.23,0
-0.780389,5.41,0
-0.780389,5.59,0
-0.780389,5.77,0
-0.780389,5.95,0
-0.780389,6.13,0
-0.780389,6.31,0
-0.780389,6.49,0
-0.780389,6.67,0
-0.780389,6.85,0
-0.780389,7.03,0
-0.780389,7.21,0
-0.780389,7.39,0
-0.780389,7.57,0
-0.780389,7.75,0
-0.780389,7.93,0
-0.780389,8.11,0
-0.780389,8.29,0
-0.780389,8.47,0
-0.780389,8.65,0
-0.780389,8.83,0
-0.780389,9.01,0
-0.780389,9.19,0
-0.780389,9.37,0
-0.780389,9.55,0
-0.780389,9.73,0
-0.780389,9.91,0
-0.773101,1.09,0
-0.773101,1.27,0
-0.773101,1.45,0
-0.773101,1.63,0
-0.773101,1.81,0
-0.773101,1.99,0
-0.773101,2.17,0
-0.773101,2.35,0
-0.773101,2.53,0
-0.773101,2.71,0
-0.773101,2.89,0
-0.773101,3.07,0
-0.773101,3.25,0
-0.773101,3.43,0
-0.773101,3.61,0
-0.773101,3.79,0
-0.773101,3.97,0
-0.773101,4.15,0
-0.773101,4.33,0
-0.773101,4.51,0
-0.773101,4.69,0
-0.773101,4.87,0
-0.773101,5.05,0
-0.773101,5.23,0
-0.773101,5.41,0
-0.773101,5.59,0
-0.773101,5.77,0
-0.773101,5.95,0
-0.773101,6.13,0
-0.773101,6.31,0
-0.773101,6.49,0
-0.773101,6.67,0
-0.773101,6.85,0
-0.773101,7.03,0
-0.773101,7.21,0
-0.773101,7.39,0
-0.773101,7.57,0
-0.773101,7.75,0
-0.773101,7.93,0
-0.773101,8.11,0
-0.773101,8.29,0
-0.773101,8.47,0
-0.773101,8.65,0
-0.773101,8.83,0
-0.773101,9.01,0
-0.773101,9.19,0
-0.773101,9.37,0
-0.773101,9.55,0
-0.773101,9.73,0
-0.773101,9.91,0
-0.765813,1.09,0
-0.765813,1.27,0
-0.765813,1.45,0
-0.765813,1.63,0
-0.765813,1.81,0
-0.765813,1.99,0
-0.765813,2.17,0
-0.765813,2.35,0
-0.765813,2.53,0
-0.765813,2.71,0
-0.765813,2.89,0
-0.765813,3.07,0
-0.765813,3.25,0
-0.765813,3.43,0
-0.765813,3.61,0
-0.765813,3.79,0
-0.765813,3.97,0
-0.765813,4.15,0
-0.765813,4.33,0
-0.765813,4.51,0
-0.765813,4.69,0
-0.765813,4.87,0
-0.765813,5.05,0
-0.765813,5.23,0
-0.765813,5.41,0
-0.765813,5.59,0
-0.765813,5.77,0
-0.765813,5.95,0
-0.765813,6.13,0
-0.765813,6.31,0
-0.765813,6.49,0
-0.765813,6.67,0
-0.765813,6.85,0
-0.765813,7.03,0
-0.765813,7.21,0
-0.765813,7.39,0
-0.765813,7.57,0
-0.765813,7.75,0
-0.765813,7.93,0
-0.765813,8.11,0
-0.765813,8.29,0
-0.765813,8.47,0
-0.765813,8.65,0
-0.765813,8.83,0
-0.765813,9.01,0
-0.765813,9.19,0
-0.765813,9.37,0
-0.765813,9.55,0
-0.765813,9.73,0
-0.765813,9.91,0
-0.758525,1.09,0
-0.758525,1.27,0
-0.758525,1.45,0
-0.758525,1.63,0
-0.758525,1.81,0
-0.758525,1.99,0
-0.758525,2.17,0
-0.758525,2.35,0
-0.758525,2.53,0
-0.758525,2.71,0
-0.758525,2.89,0
-0.758525,3.07,0
-0.758525,3.25,0
-0.758525,3.43,0
-0.758525,3.61,0
-0.758525,3.79,0
-0.758525,3.97,0
-0.758525,4.15,0
-0.758525,4.33,0
-0.758525,4.51,0
-0.758525,4.69,0
-0.758525,4.87,0
-0.758525,5.05,0
-0.758525,5.23,0
-0.758525,5.41,0
-0.758525,5.59,0
-0.758525,5.77,0
-0.758525,5.95,0
-0.758525,6.13,0
-0.758525,6.31,0
-0.758525,6.49,0
-0.758525,6.67,0
-0.758525,6.85,0
-0.758525,7.03,0
-0.758525,7.21,0
-0.758525,7.39,0
-0.758525,7.57,0
-0.758525,7.75,0
-0.758525,7.93,0
-0.758525,8.11,0
-0.758525,8.29,0
-0.758525,8.47,0
-0.758525,8.65,0
-0.758525,8.83,0
-0.758525,9.01,0
-0.758525,9.19,0
-0.758525,9.37,0
-0.758525,9.55,0
-0.758525,9.73,0
-0.758525,9.91,0
-0.751237,1.09,0
-0.751237,1.27,0
-0.751237,1.45,0
-0.751237,1.63,0
-0.751237,1.81,0
-0.751237,1.99,0
-0.751237,2.17,0
-0.751237,2.35,0
-0.751237,2.53,0
-0.751237,2.71,0
-0.751237,2.89,0
-0.751237,3.07,0
-0.751237,3.25,0
-0.751237,3.43,0
-0.751237,3.61,0
-0.751237,3.79,0
-0.751237,3.97,0
-0.751237,4.15,0
-0.751237,4.33,0
-0.751237,4.51,0
-0.751237,4.69,0
-0.751237,4.87,0
-0.751237,5.05,0
-0.751237,5.23,0
-0.751237,5.41,0
-0.751237,5.59,0
-0.751237,5.77,0
-0.751237,5.95,0
-0.751237,6.13,0
-0.751237,6.31,0
-0.751237,6.49,0
-0.751237,6.67,0
-0.751237,6.85,0
-0.751237,7.03,0
-0.751237,7.21,0
-0.751237,7.39,0
-0.751237,7.57,0
-0.751237,7.75,0
-0.751237,7.93,0
-0.751237,8.11,0
-0.751237,8.29,0
-0.751237,8.47,0
-0.751237,8.65,0
-0.751237,8.83,0
-0.751237,9.01,0
-0.751237,9.19,0
-0.751237,9.37,0
-0.751237,9.55,0
-0.751237,9.73,0
-0.751237,9.91,0
-0.743949,1.09,0
-0.743949,1.27,0
-0.743949,1.45,0
-0.743949,1.63,0
-0.743949,1.81,0
-0.743949,1.99,0
-0.743949,2.17,0
-0.743949,2.35,0
-0.743949,2.53,0
-0.743949,2.71,0
-0.743949,2.89,0
-0.743949,3.07,0
-0.743949,3.25,0
-0.743949,3.43,0
-0.743949,3.61,0
-0.743949,3.79,0
-0.743949,3.97,0
-0.743949,4.15,0
-0.743949,4.33,0
-0.743949,4.51,0
-0.743949,4.69,0
-0.743949,4.87,0
-0.743949,5.05,0
-0.743949,5.23,0
-0.743949,5.41,0
-0.743949,5.59,0
-0.743949,5.77,0
-0.743949,5.95,0
-0.743949,6.13,0
-0.743949,6.31,0
-0.743949,6.49,0
-0.743949,6.67,0
-0.743949,6.85,0
-0.743949,7.03,0
-0.743949,7.21,0
-0.743949,7.39,0
-0.743949,7.57,0
-0.743949,7.75,0
-0.743949,7.93,0
-0.743949,8.11,0
-0.743949,8.29,0
-0.743949,8.47,0
-0.743949,8.65,0
-0.743949,8.83,0
-0.743949,9.01,0
-0.743949,9.19,0
-0.743949,9.37,0
-0.743949,9.55,0
-0.743949,9.73,0
-0.743949,9.91,0
-0.736661,1.09,0
-0.736661,1.27,0
-0.736661,1.45,0
-0.736661,1.63,0
-0.736661,1.81,0
-0.736661,1.99,0
-0.736661,2.17,0
-0.736661,2.35,0
-0.736661,2.53,0
-0.736661,2.71,0
-0.736661,2.89,0
-0.736661,3.07,0
-0.736661,3.25,0
-0.736661,3.43,0
-0.736661,3.61,0
-0.736661,3.79,0
-0.736661,3.97,0
-0.736661,4.15,0
-0.736661,4.33,0
-0.736661,4.51,0
-0.736661,4.69,0
-0.736661,4.87,0
-0.736661,5.05,0
-0.736661,5.23,0
-0.736661,5.41,0
-0.736661,5.59,0
-0.736661,5.77,0
-0.736661,5.95,0
-0.736661,6.13,0
-0.736661,6.31,0
-0.736661,6.49,0
-0.736661,6.67,0
-0.736661,6.85,0
-0.736661,7.03,0
-0.736661,7.21,0
-0.736661,7.39,0
-0.736661,7.57,0
-0.736661,7.75,0
-0.736661,7.93,0
-0.736661,8.11,0
-0.736661,8.29,0
-0.736661,8.47,0
-0.736661,8.65,0
-0.736661,8.83,0
-0.736661,9.01,0
-0.736661,9.19,0
-0.736661,9.37,0
-0.736661,9.55,0
-0.736661,9.73,0
-0.736661,9.91,0
-0.729373,1.09,0
-0.729373,1.27,0
-0.729373,1.45,0
-0.729373,1.63,0
-0.729373,1.81,0
-0.729373,1.99,0
-0.729373,2.17,0
-0.729373,2.35,0
-0.729373,2.53,0
-0.729373,2.71,0
-0.729373,2.89,0
-0.729373,3.07,0
-0.729373,3.25,0
-0.729373,3.43,0
-0.729373,3.61,0
-0.729373,3.79,0
-0.729373,3.97,0
-0.729373,4.15,0
-0.729373,4.33,0
-0.729373,4.51,0
-0.729373,4.69,0
-0.729373,4.87,0
-0.729373,5.05,0
-0.729373,5.23,0
-0.729373,5.41,0
-0.729373,5.59,0
-0.729373,5.77,0
-0.729373,5.95,0
-0.729373,6.13,0
-0.729373,6.31,0
-0.729373,6.49,0
-0.729373,6.67,0
-0.729373,6.85,0
-0.729373,7.03,0
-0.729373,7.21,0
-0.729373,7.39,0
-0.729373,7.57,0
-0.729373,7.75,0
-0.729373,7.93,0
-0.729373,8.11,0
-0.729373,8.29,0
-0.729373,8.47,0
-0.729373,8.65,0
-0.729373,8.83,0
-0.729373,9.01,0
-0.729373,9.19,0
-0.729373,9.37,0
-0.729373,9.55,0
-0.729373,9.73,0
-0.729373,9.91,0
-0.722085,1.09,0
-0.722085,1.27,0
-0.722085,1.45,0
-0.722085,1.63,0
-0.722085,1.81,0
-0.722085,1.99,0
-0.722085,2.17,0
-0.722085,2.35,0
-0.722085,2.53,0
-0.722085,2.71,0
-0.722085,2.89,0
-0.722085,3.07,0
-0.722085,3.25,0
-0.722085,3.43,0
-0.722085,3.61,0
-0.722085,3.79,0
-0.722085,3.97,0
-0.722085,4.15,0
-0.722085,4.33,0
-0.722085,4.51,0
-0.722085,4.69,0
-0.722085,4.87,0
-0.722085,5.05,0
-0.722085,5.23,0
-0.722085,5.41,0
-0.722085,5.59,0
-0.722085,5.77,0
-0.722085,5.95,0
-0.722085,6.13,0
-0.722085,6.31,0
-0.722085,6.49,0
-0.722085,6.67,0
-0.722085,6.85,0
-0.722085,7.03,0
-0.722085,7.21,0
-0.722085,7.39,0
-0.722085,7.57,0
-0.722085,7.75,0
-0.722085,7.93,0
-0.722085,8.11,0
-0.722085,8.29,0
-0.722085,8.47,0
-0.722085,8.65,0
-0.722085,8.83,0
-0.722085,9.01,0
-0.722085,9.19,0
-0.722085,9.37,0
-0.722085,9.55,0
-0.722085,9.73,0
-0.722085,9.91,0
-0.714797,1.09,0
-0.714797,1.27,0
-0.714797,1.45,0
-0.714797,1.63,0
-0.714797,1.81,0
-0.714797,1.99,0
-0.714797,2.17,0
-0.714797,2.35,0
-0.714797,2.53,0
-0.714797,2.71,0
-0.714797,2.89,0
-0.714797,3.07,0
-0.714797,3.25,0
-0.714797,3.43,0
-0.714797,3.61,0
-0.714797,3.79,0
-0.714797,3.97,0
-0.714797,4.15,0
-0.714797,4.33,0
-0.714797,4.51,0
-0.714797,4.69,0
-0.714797,4.87,0
-0.714797,5.05,0
-0.714797,5.23,0
-0.714797,5.41,0
-0.714797,5.59,0
-0.714797,5.77,0
-0.714797,5.95,0
-0.714797,6.13,0
-0.714797,6.31,0
-0.714797,6.49,0
-0.714797,6.67,0
-0.714797,6.85,0
-0.714797,7.03,0
-0.714797,7.21,0
-0.714797,7.39,0
-0.714797,7.57,0
-0.714797,7.75,0
-0.714797,7.93,0
-0.714797,8.11,0
-0.714797,8.29,0
-0.714797,8.47,0
-0.714797,8.65,0
-0.714797,8.83,0
-0.714797,9.01,0
-0.714797,9.19,0
-0.714797,9.37,0
-0.714797,9.55,0
-0.714797,9.73,0
-0.714797,9.91,0
-0.707509,1.09,0
-0.707509,1.27,0
-0.707509,1.45,0
-0.707509,1.63,0
-0.707509,1.81,0
-0.707509,1.99,0
-0.707509,2.17,0
-0.707509,2.35,0
-0.707509,2.53,0
-0.707509,2.71,0
-0.707509,2.89,0
-0.707509,3.07,0
-0.707509,3.25,0
-0.707509,3.43,0
-0.707509,3.61,0
-0.707509,3.79,0
-0.707509,3.97,0
-0.707509,4.15,0
-0.707509,4.33,0
-0.707509,4.51,0
-0.707509,4.69,0
-0.707509,4.87,0
-0.707509,5.05,0
-0.707509,5.23,0
-0.707509,5.41,0
-0.707509,5.59,0
-0.707509,5.77,0
-0.707509,5.95,0
-0.707509,6.13,0
-0.707509,6.31,0
-0.707509,6.49,0
-0.707509,6.67,0
-0.707509,6.85,0
-0.707509,7.03,0
-0.707509,7.21,0
-0.707509,7.39,0
-0.707509,7.57,0
-0.707509,7.75,0
-0.707509,7.93,0
-0.707509,8.11,0
-0.707509,8.29,0
-0.707509,8.47,0
-0.707509,8.65,0
-0.707509,8.83,0
-0.707509,9.01,0
-0.707509,9.19,0
-0.707509,9.37,0
-0.707509,9.55,0
-0.707509,9.73,0
-0.707509,9.91,0
-0.700221,1.09,0
-0.700221,1.27,0
-0.700221,1.45,0
-0.700221,1.63,0
-0.700221,1.81,0
-0.700221,1.99,0
-0.700221,2.17,0
-0.700221,2.35,0
-0.700221,2.53,0
-0.700221,2.71,0
-0.700221,2.89,0
-0.700221,3.07,0
-0.700221,3.25,0
-0.700221,3.43,0
-0.700221,3.61,0
-0.700221,3.79,0
-0.700221,3.97,0
-0.700221,4.15,0
-0.700221,4.33,0
-0.700221,4.51,0
-0.700221,4.69,0
-0.700221,4.87,0
-0.700221,5.05,0
-0.700221,5.23,0
-0.700221,5.41,0
-0.700221,5.59,0
-0.700221,5.77,0
-0.700221,5.95,0
-0.700221,6.13,0
-0.700221,6.31,0
-0.700221,6.49,0
-0.700221,6.67,0
-0.700221,6.85,0
-0.700221,7.03,0
-0.700221,7.21,0
-0.700221,7.39,0
-0.700221,7.57,0
-0.700221,7.75,0
-0.700221,7.93,0
-0.700221,8.11,0
-0.700221,8.29,0
-0.700221,8.47,0
-0.700221,8.65,0
-0.700221,8.83,0
-0.700221,9.01,0
-0.700221,9.19,0
-0.700221,9.37,0
-0.700221,9.55,0
-0.700221,9.73,0
-0.700221,9.91,0
-0.692933,1.09,0
-0.692933,1.27,0
-0.692933,1.45,0
-0.692933,1.63,0
-0.692933,1.81,0
-0.692933,1.99,0
-0.692933,2.17,0
-0.692933,2.35,0
-0.692933,2.53,0
-0.692933,2.71,0
-0.692933,2.89,0
-0.692933,3.07,0
-0.692933,3.25,0
-0.692933,3.43,0
-0.692933,3.61,0
-0.692933,3.79,0
-0.692933,3.97,0
-0.692933,4.15,0
-0.692933,4.33,0
-0.692933,4.51,0
-0.692933,4.69,0
-0.692933,4.87,0
-0.692933,5.05,0
-0.692933,5.23,0
-0.692933,5.41,0
-0.692933,5.59,0
-0.692933,5.77,0
-0.692933,5.95,0
-0.692933,6.13,0
-0.692933,6.31,0
-0.692933,6.49,0
-0.692933,6.67,0
-0.692933,6.85,0
-0.692933,7.03,0
-0.692933,7.21,0
-0.692933,7.39,0
-0.692933,7.57,0
-0.692933,7.75,0
-0.692933,7.93,0
-0.692933,8.11,0
-0.692933,8.29,0
-0.692933,8.47,0
-0.692933,8.65,0
-0.692933,8.83,0
-0.692933,9.01,0
-0.692933,9.19,0
-0.692933,9.37,0
-0.692933,9.55,0
-0.692933,9.73,0
-0.692933,9.91,0
-0.685645,1.09,0
-0.685645,1.27,0
-0.685645,1.45,0
-0.685645,1.63,0
-0.685645,1.81,0
-0.685645,1.99,0
-0.685645,2.17,0
-0.685645,2.35,0
-0.685645,2.53,0
-0.685645,2.71,0
-0.685645,2.89,0
-0.685645,3.07,0
-0.685645,3.25,0
-0.685645,3.43,0
-0.685645,3.61,0
-0.685645,3.79,0
-0.685645,3.97,0
-0.685645,4.15,0
-0.685645,4.33,0
-0.685645,4.51,0
-0.685645,4.69,0
-0.685645,4.87,0
-0.685645,5.05,0
-0.685645,5.23,0
-0.685645,5.41,0
-0.685645,5.59,0
-0.685645,5.77,0
-0.685645,5.95,0
-0.685645,6.13,0
-0.685645,6.31,0
-0.685645,6.49,0
-0.685645,6.67,0
-0.685645,6.85,0
-0.685645,7.03,0
-0.685645,7.21,0
-0.685645,7.39,0
-0.685645,7.57,0
-0.685645,7.75,0
-0.685645,7.93,0
-0.685645,8.11,0
-0.685645,8.29,0
-0.685645,8.47,0
-0.685645,8.65,0
-0.685645,8.83,0
-0.685645,9.01,0
-0.685645,9.19,0
-0.685645,9.37,0
-0.685645,9.55,0
-0.685645,9.73,0
-0.685645,9.91,0
-0.678356,1.09,0
-0.678356,1.27,0
-0.678356,1.45,0
-0.678356,1.63,0
-0.678356,1.81,0
-0.678356,1.99,0
-0.678356,2.17,0
-0.678356,2.35,0
-0.678356,2.53,0
-0.678356,2.71,0
-0.678356,2.89,0
-0.678356,3.07,0
-0.678356,3.25,0
-0.678356,3.43,0
-0.678356,3.61,0
-0.678356,3.79,0
-0.678356,3.97,0
-0.678356,4.15,0
-0.678356,4.33,0
-0.678356,4.51,0
-0.678356,4.69,0
-0.678356,4.87,0
-0.678356,5.05,0
-0.678356,5.23,0
-0.678356,5.41,0
-0.678356,5.59,0
-0.678356,5.77,0
-0.678356,5.95,0
-0.678356,6.13,0
-0.678356,6.31,0
-0.678356,6.49,0
-0.678356,6.67,0
-0.678356,6.85,0
-0.678356,7.03,0
-0.678356,7.21,0
-0.678356,7.39,0
-0.678356,7.57,0
-0.678356,7.75,0
-0.678356,7.93,0
-0.678356,8.11,0
-0.678356,8.29,0
-0.678356,8.47,0
-0.678356,8.65,0
-0.678356,8.83,0
-0.678356,9.01,0
-0.678356,9.19,0
-0.678356,9.37,0
-0.678356,9.55,0
-0.678356,9.73,0
-0.678356,9.91,0
-0.671068,1.09,0
-0.671068,1.27,0
-0.671068,1.45,0
-0.671068,1.63,0
-0.671068,1.81,0
-0.671068,1.99,0
-0.671068,2.17,0
-0.671068,2.35,0
-0.671068,2.53,0
-0.671068,2.71,0
-0.671068,2.89,0
-0.671068,3.07,0
-0.671068,3.25,0
-0.671068,3.43,0
-0.671068,3.61,0
-0.671068,3.79,0
-0.671068,3.97,0
-0.671068,4.15,0
-0.671068,4.33,0
-0.671068,4.51,0
-0.671068,4.69,0
-0.671068,4.87,0
-0.671068,5.05,0
-0.671068,5.23,0
-0.671068,5.41,0
-0.671068,5.59,0
-0.671068,5.77,0
-0.671068,5.95,0
-0.671068,6.13,0
-0.671068,6.31,0
-0.671068,6.49,0
-0.671068,6.67,0
-0.671068,6.85,0
-0.671068,7.03,0
-0.671068,7.21,0
-0.671068,7.39,0
-0.671068,7.57,0
-0.671068,7.75,0
-0.671068,7.93,0
-0.671068,8.11,0
-0.671068,8.29,0
-0.671068,8.47,0
-0.671068,8.65,0
-0.671068,8.83,0
-0.671068,9.01,0
-0.671068,9.19,0
-0.671068,9.37,0
-0.671068,9.55,0
-0.671068,9.73,0
-0.671068,9.91,0
-0.66378,1.09,0
-0.66378,1.27,0
-0.66378,1.45,0
-0.66378,1.63,0
-0.66378,1.81,0
-0.66378,1.99,0
-0.66378,2.17,0
-0.66378,2.35,0
-0.66378,2.53,0
-0.66378,2.71,0
-0.66378,2.89,0
-0.66378,3.07,0
-0.66378,3.25,0
-0.66378,3.43,0
-0.66378,3.61,0
-0.66378,3.79,0
-0.66378,3.97,0
-0.66378,4.15,0
-0.66378,4.33,0
-0.66378,4.51,0
-0.66378,4.69,0
-0.66378,4.87,0
-0.66378,5.05,0
-0.66378,5.23,0
-0.66378,5.41,0
-0.66378,5.59,0
-0.66378,5.77,0
-0.66378,5.95,0
-0.66378,6.13,0
-0.66378,6.31,0
-0.66378,6.49,0
-0.66378,6.67,0
-0.66378,6.85,0
-0.66378,7.03,0
-0.66378,7.21,0
-0.66378,7.39,0
-0.66378,7.57,0
-0.66378,7.75,0
-0.66378,7.93,0
-0.66378,8.11,0
-0.66378,8.29,0
-0.66378,8.47,0
-0.66378,8.65,0
-0.66378,8.83,0
-0.66378,9.01,0
-0.66378,9.19,0
-0.66378,9.37,0
-0.66378,9.55,0
-0.66378,9.73,0
-0.66378,9.91,0
-0.656492,1.09,0
-0.656492,1.27,0
-0.656492,1.45,0
-0.656492,1.63,0
-0.656492,1.81,0
-0.656492,1.99,0
-0.656492,2.17,0
-0.656492,2.35,0
-0.656492,2.53,0
-0.656492,2.71,0
-0.656492,2.89,0
-0.656492,3.07,0
-0.656492,3.25,0
-0.656492,3.43,0
-0.656492,3.61,0
-0.656492,3.79,0
-0.656492,3.97,0
-0.656492,4.15,0
-0.656492,4.33,0
-0.656492,4.51,0
-0.656492,4.69,0
-0.656492,4.87,0
-0.656492,5.05,0
-0.656492,5.23,0
-0.656492,5.41,0
-0.656492,5.59,0
-0.656492,5.77,0
-0.656492,5.95,0
-0.656492,6.13,0
-0.656492,6.31,0
-0.656492,6.49,0
-0.656492,6.67,0
-0.656492,6.85,0
-0.656492,7.03,0
-0.656492,7.21,0
-0.656492,7.39,0
-0.656492,7.57,0
-0.656492,7.75,0
-0.656492,7.93,0
-0.656492,8.11,0
-0.656492,8.29,0
-0.656492,8.47,0
-0.656492,8.65,0
-0.656492,8.83,0
-0.656492,9.01,0
-0.656492,9.19,0
-0.656492,9.37,0
-0.656492,9.55,0
-0.656492,9.73,0
-0.656492,9.91,0
-0.649204,1.09,0
-0.649204,1.27,0
-0.649204,1.45,0
-0.649204,1.63,0
-0.649204,1.81,0
-0.649204,1.99,0
-0.649204,2.17,0
-0.649204,2.35,0
-0.649204,2.53,0
-0.649204,2.71,0
-0.649204,2.89,0
-0.649204,3.07,0
-0.649204,3.25,0
-0.649204,3.43,0
-0.649204,3.61,0
-0.649204,3.79,0
-0.649204,3.97,0
-0.649204,4.15,0
-0.649204,4.33,0
-0.649204,4.51,0
-0.649204,4.69,0
-0.649204,4.87,0
-0.649204,5.05,0
-0.649204,5.23,0
-0.649204,5.41,0
-0.649204,5.59,0
-0.649204,5.77,0
-0.649204,5.95,0
-0.649204,6.13,0
-0.649204,6.31,0
-0.649204,6.49,0
-0.649204,6.67,0
-0.649204,6.85,0
-0.649204,7.03,0
-0.649204,7.21,0
-0.649204,7.39,0
-0.649204,7.57,0
-0.649204,7.75,0
-0.649204,7.93,0
-0.649204,8.11,0
-0.649204,8.29,0
-0.649204,8.47,0
-0.649204,8.65,0
-0.649204,8.83,0
-0.649204,9.01,0
-0.649204,9.19,0
-0.649204,9.37,0
-0.649204,9.55,0
-0.649204,9.73,0
-0.649204,9.91,0
-0.641916,1.09,0
-0.641916,1.27,0
-0.641916,1.45,0
-0.641916,1.63,0
-0.641916,1.81,0
-0.641916,1.99,0
-0.641916,2.17,0
-0.641916,2.35,0
-0.641916,2.53,0
-0.641916,2.71,0
-0.641916,2.89,0
-0.641916,3.07,0
-0.641916,3.25,0
-0.641916,3.43,0
-0.641916,3.61,0
-0.641916,3.79,0
-0.641916,3.97,0
-0.641916,4.15,0
-0.641916,4.33,0
-0.641916,4.51,0
-0.641916,4.69,0
-0.641916,4.87,0
-0.641916,5.05,0
-0.641916,5.23,0
-0.641916,5.41,0
-0.641916,5.59,0
-0.641916,5.77,0
-0.641916,5.95,0
-0.641916,6.13,0
-0.641916,6.31,0
-0.641916,6.49,0
-0.641916,6.67,0
-0.641916,6.85,0
-0.641916,7.03,0
-0.641916,7.21,0
-0.641916,7.39,0
-0.641916,7.57,0
-0.641916,7.75,0
-0.641916,7.93,0
-0.641916,8.11,0
-0.641916,8.29,0
-0.641916,8.47,0
-0.641916,8.65,0
-0.641916,8.83,0
-0.641916,9.01,0
-0.641916,9.19,0
-0.641916,9.37,0
-0.641916,9.55,0
-0.641916,9.73,0
-0.641916,9.91,0
-0.634628,1.09,0
-0.634628,1.27,0
-0.634628,1.45,0
-0.634628,1.63,0
-0.634628,1.81,0
-0.634628,1.99,0
-0.634628,2.17,0
-0.634628,2.35,0
-0.634628,2.53,0
-0.634628,2.71,0
-0.634628,2.89,0
-0.634628,3.07,0
-0.634628,3.25,0
-0.634628,3.43,0
-0.634628,3.61,0
-0.634628,3.79,0
-0.634628,3.97,0
-0.634628,4.15,0
-0.634628,4.33,0
-0.634628,4.51,0
-0.634628,4.69,0
-0.634628,4.87,0
-0.634628,5.05,0
-0.634628,5.23,0
-0.634628,5.41,0
-0.634628,5.59,0
-0.634628,5.77,0
-0.634628,5.95,0
-0.634628,6.13,0
-0.634628,6.31,0
-0.634628,6.49,0
-0.634628,6.67,0
-0.634628,6.85,0
-0.634628,7.03,0
-0.634628,7.21,0
-0.634628,7.39,0
-0.634628,7.57,0
-0.634628,7.75,0
-0.634628,7.93,0
-0.634628,8.11,0
-0.634628,8.29,0
-0.634628,8.47,0
-0.634628,8.65,0
-0.634628,8.83,0
-0.634628,9.01,0
-0.634628,9.19,0
-0.634628,9.37,0
-0.634628,9.55,0
-0.634628,9.73,0
-0.634628,9.91,0
-0.62734,1.09,0
-0.62734,1.27,0
-0.62734,1.45,0
-0.62734,1.63,0
-0.62734,1.81,0
-0.62734,1.99,0
-0.62734,2.17,0
-0.62734,2.35,0
-0.62734,2.53,0
-0.62734,2.71,0
-0.62734,2.89,0
-0.62734,3.07,0
-0.62734,3.25,0
-0.62734,3.43,0
-0.62734,3.61,0
-0.62734,3.79,0
-0.62734,3.97,0
-0.62734,4.15,0
-0.62734,4.33,0
-0.62734,4.51,0
-0.62734,4.69,0
-0.62734,4.87,0
-0.62734,5.05,0
-0.62734,5.23,0
-0.62734,5.41,0
-0.62734,5.59,0
-0.62734,5.77,0
-0.62734,5.95,0
-0.62734,6.13,0
-0.62734,6.31,0
-0.62734,6.49,0
-0.62734,6.67,0
-0.62734,6.85,0
-0.62734,7.03,0
-0.62734,7.21,0
-0.62734,7.39,0
-0.62734,7.57,0
-0.62734,7.75,0
-0.62734,7.93,0
-0.62734,8.11,0
-0.62734,8.29,0
-0.62734,8.47,0
-0.62734,8.65,0
-0.62734,8.83,0
-0.62734,9.01,0
-0.62734,9.19,0
-0.62734,9.37,0
-0.62734,9.55,0
-0.62734,9.73,0
-0.62734,9.91,0
