-0.984455,1.09,0
-0.984455,1.27,0
-0.984455,1.45,0
-0.984455,1.63,0
-0.984455,1.81,0
-0.984455,1.99,0
-0.984455,2.17,0
-0.984455,2.35,0
-0.984455,2.53,0
-0.984455,2.71,0
-0.984455,2.89,0
-0.984455,3.07,0
-0.984455,3.25,0
-0.984455,3.43,0
-0.984455,3.61,0
-0.984455,3.79,0
-0.984455,3.97,0
-0.984455,4.15,0
-0.984455,4.33,0
-0.984455,4.51,0
-0.984455,4.69,0
-0.984455,4.87,0
-0.984455,5.05,0
-0.984455,5.23,0
-0.984455,5.41,0
-0.984455,5.59,0
-0.984455,5.77,0
-0.984455,5.95,0
-0.984455,6.13,0
-0.984455,6.31,0
-0.984455,6.49,0
-0.984455,6.67,0
-0.984455,6.85,0
-0.984455,7.03,0
-0.984455,7.21,0
-0.984455,7.39,0
-0.984455,7.57,0
-0.984455,7.75,0
-0.984455,7.93,0
-0.984455,8.11,0
-0.984455,8.29,0
-0.984455,8.47,0
-0.984455,8.65,0
-0.984455,8.83,0
-0.984455,9.01,0
-0.984455,9.19,0
-0.984455,9.37,0
-0.984455,9.55,0
-0.984455,9.73,0
-0.984455,9.91,0
-0.977166,1.09,0
-0.977166,1.27,0
-0.977166,1.45,0
-0.977166,1.63,0
-0.977166,1.81,0
-0.977166,1.99,0
-0.977166,2.17,0
-0.977166,2.35,0
-0.977166,2.53,0
-0.977166,2.71,0
-0.977166,2.89,0
-0.977166,3.07,0
-0.977166,3.25,0
-0.977166,3.43,0
-0.977166,3.61,0
-0.977166,3.79,0
-0.977166,3.97,0
-0.977166,4.15,0
-0.977166,4.33,0
-0.977166,4.51,0
-0.977166,4.69,0
-0.977166,4.87,0
-0.977166,5.05,0
-0.977166,5.23,0
-0.977166,5.41,0
-0.977166,5.59,0
-0.977166,5.77,0
-0.977166,5.95,0
-0.977166,6.13,0
-0.977166,6.31,0
-0.977166,6.49,0
-0.977166,6.67,0
-0.977166,6.85,0
-0.977166,7.03,0
-0.977166,7.21,0
-0.977166,7.39,0
-0.977166,7.57,0
-0.977166,7.75,0
-0.977166,7.93,0
-0.977166,8.11,0
-0.977166,8.29,0
-0.977166,8.47,0
-0.977166,8.65,0
-0.977166,8.83,0
-0.977166,9.01,0
-0.977166,9.19,0
-0.977166,9.37,0
-0.977166,9.55,0
-0.977166,9.73,0
-0.977166,9.91,0
-0.969878,1.09,0
-0.969878,1.27,0
-0.969878,1.45,0
-0.969878,1.63,0
-0.969878,1.81,0
-0.969878,1.99,0
-0.969878,2.17,0
-0.969878,2.35,0
-0.969878,2.53,0
-0.969878,2.71,0
-0.969878,2.89,0
-0.969878,3.07,0
-0.969878,3.25,0
-0.969878,3.43,0
-0.969878,3.61,0
-0.969878,3.79,0
-0.969878,3.97,0
-0.969878,4.15,0
-0.969878,4.33,0
-0.969878,4.51,0
-0.969878,4.69,0
-0.969878,4.87,0
-0.969878,5.05,0
-0.969878,5.23,0
-0.969878,5.41,0
-0.969878,5.59,0
-0.969878,5.77,0
-0.969878,5.95,0
-0.969878,6.13,0
-0.969878,6.31,0
-0.969878,6.49,0
-0.969878,6.67,0
-0.969878,6.85,0
-0.969878,7.03,0
-0.969878,7.21,0
-0.969878,7.39,0
-0.969878,7.57,0
-0.969878,7.75,0
-0.969878,7.93,0
-0.969878,8.11,0
-0.969878,8.29,0
-0.969878,8.47,0
-0.969878,8.65,0
-0.969878,8.83,0
-0.969878,9.01,0
-0.969878,9.19,0
-0.969878,9.37,0
-0.969878,9.55,0
-0.969878,9.73,0
-0.969878,9.91,0
-0.96259,1.09,-0.00376637
-0.96259,1.27,0.000343672
-0.96259,1.45,-0.00966826
-0.96259,1.63,0.0163389
-0.96259,1.81,0.00284093
-0.96259,1.99,-0.00192766
-0.96259,2.17,-5.45855e-06
-0.96259,2.35,0.00025155
-0.96259,2.53,0.00784839
-0.96259,2.71,0.019311
-0.96259,2.89,-0.0182004
-0.96259,3.07,-0.0228876
-0.96259,3.25,-0.0141705
-0.96259,3.43,0.00520374
-0.96259,3.61,0.0194092
-0.96259,3.79,0.0211207
-0.96259,3.97,0.0199851
-0.96259,4.15,0.0202196
-0.96259,4.33,0.0239701
-0.96259,4.51,0.0379014
-0.96259,4.69,0.105363
-0.96259,4.87,0.0537205
-0.96259,5.05,0.00306006
-0.96259,5.23,-0.00162572
-0.96259,5.41,-0.00230704
-0.96259,5.59,-0.00241253
-0.96259,5.77,-0.00245921
-0.96259,5.95,-0.00256764
-0.96259,6.13,-0.00278294
-0.96259,6.31,-0.00314717
-0.96259,6.49,-0.00372705
-0.96259,6.67,-0.00464441
-0.96259,6.85,-0.00613253
-0.96259,7.03,-0.00867307
-0.96259,7.21,-0.0133569
-0.96259,7.39,-0.0228821
-0.96259,7.57,-0.0439198
-0.96259,7.75,-0.0819369
-0.96259,7.93,-0.0868993
-0.96259,8.11,-0.050641
-0.96259,8.29,-0.0279838
-0.96259,8.47,-0.0171956
-0.96259,8.65,-0.0116714
-0.96259,8.83,-0.00854259
-0.96259,9.01,-0.00661573
-0.96259,9.19,-0.00534732
-0.96259,9.37,-0.00446738
-0.96259,9.55,-0.00383128
-0.96259,9.73,-0.00335589
-0.96259,9.91,-0.00299078
-0.955302,1.09,-0.0125986
-0.955302,1.27,-0.014143
-0.955302,1.45,-0.156711
-0.955302,1.63,0.156559
-0.955302,1.81,0.0480639
-0.955302,1.99,-0.0198812
-0.955302,2.17,0.013154
-0.955302,2.35,0.0475774
-0.955302,2.53,0.14181
-0.955302,2.71,0.155618
-0.955302,2.89,-0.390112
-0.955302,3.07,-0.269308
-0.955302,3.25,-0.0570347
-0.955302,3.43,0.257114
-0.955302,3.61,0.404383
-0.955302,3.79,0.366537
-0.955302,3.97,0.316129
-0.955302,4.15,0.302724
-0.955302,4.33,0.349547
-0.955302,4.51,0.56321
-0.955302,4.69,1.48397
-0.955302,4.87,-0.180094
-0.955302,5.05,-0.167936
-0.955302,5.23,-0.131346
-0.955302,5.41,-0.111738
-0.955302,5.59,-0.102062
-0.955302,5.77,-0.098362
-0.955302,5.95,-0.0990549
-0.955302,6.13,-0.10364
-0.955302,6.31,-0.112406
-0.955302,6.49,-0.126451
-0.955302,6.67,-0.148151
-0.955302,6.85,-0.182058
-0.955302,7.03,-0.23723
-0.955302,7.21,-0.332679
-0.955302,7.39,-0.507627
-0.955302,7.57,-0.814685
-0.955302,7.75,-1.09549
-0.955302,7.93,-0.854495
-0.955302,8.11,-0.466016
-0.955302,8.29,-0.251842
-0.955302,8.47,-0.148402
-0.955302,8.65,-0.0954039
-0.955302,8.83,-0.0659906
-0.955302,9.01,-0.048518
-0.955302,9.19,-0.0375357
-0.955302,9.37,-0.0303066
-0.955302,9.55,-0.0253764
-0.955302,9.73,-0.0219174
-0.955302,9.91,-0.0194348
-0.948014,1.09,0.0112274
-0.948014,1.27,0.0125982
-0.948014,1.45,-0.123589
-0.948014,1.63,-0.00672246
-0.948014,1.81,0.0875737
-0.948014,1.99,-0.0025816
-0.948014,2.17,0.0779956
-0.948014,2.35,0.104728
-0.948014,2.53,0.210905
-0.948014,2.71,-0.187064
-0.948014,2.89,-0.678744
-0.948014,3.07,-0.289195
-0.948014,3.25,0.16327
-0.948014,3.43,0.722026
-0.948014,3.61,0.84889
-0.948014,3.79,0.663119
-0.948014,3.97,0.507811
-0.948014,4.15,0.430895
-0.948014,4.33,0.417899
-0.948014,4.51,0.345833
-0.948014,4.69,-2.0832
-0.948014,4.87,-0.807222
-0.948014,5.05,-0.436518
-0.948014,5.23,-0.316791
-0.948014,5.41,-0.266887
-0.948014,5.59,-0.245565
-0.948014,5.77,-0.239248
-0.948014,5.95,-0.243177
-0.948014,6.13,-0.255863
-0.948014,6.31,-0.277756
-0.948014,6.49,-0.31103
-0.948014,6.67,-0.360432
-0.948014,6.85,-0.434686
-0.948014,7.03,-0.550027
-0.948014,7.21,-0.736347
-0.948014,7.39,-1.03626
-0.948014,7.57,-1.418
-0.948014,7.75,-1.46093
-0.948014,7.93,-0.923492
-0.948014,8.11,-0.4479
-0.948014,8.29,-0.208104
-0.948014,8.47,-0.0965544
-0.948014,8.65,-0.0427317
-0.948014,8.83,-0.0155489
-0.948014,9.01,-0.00148626
-0.948014,9.19,0.00577806
-0.948014,9.37,0.00937415
-0.948014,9.55,0.0109014
-0.948014,9.73,0.0112343
-0.948014,9.91,0.0108702
-0.940726,1.09,0.0332276
-0.940726,1.27,-0.0783501
-0.940726,1.45,-0.0729971
-0.940726,1.63,-0.0836433
-0.940726,1.81,0.133925
-0.940726,1.99,-0.00315388
-0.940726,2.17,0.0828843
-0.940726,2.35,0.101002
-0.940726,2.53,0.181043
-0.940726,2.71,-0.542222
-0.940726,2.89,-0.579213
-0.940726,3.07,-0.164799
-0.940726,3.25,0.336158
-0.940726,3.43,0.937628
-0.940726,3.61,0.967702
-0.940726,3.79,0.667231
-0.940726,3.97,0.433166
-0.940726,4.15,0.260731
-0.940726,4.33,-0.00623361
-0.940726,4.51,-1.40722
-0.940726,4.69,-2.37056
-0.940726,4.87,-0.877842
-0.940726,5.05,-0.492266
-0.940726,5.23,-0.359946
-0.940726,5.41,-0.305289
-0.940726,5.59,-0.28323
-0.940726,5.77,-0.278374
-0.940726,5.95,-0.285215
-0.940726,6.13,-0.302007
-0.940726,6.31,-0.329192
-0.940726,6.49,-0.369053
-0.940726,6.67,-0.426473
-0.940726,6.85,-0.509999
-0.940726,7.03,-0.634082
-0.940726,7.21,-0.819945
-0.940726,7.39,-1.0743
-0.940726,7.57,-1.26872
-0.940726,7.75,-1.04416
-0.940726,7.93,-0.531959
-0.940726,8.11,-0.190125
-0.940726,8.29,-0.0335904
-0.940726,8.47,0.0323887
-0.940726,8.65,0.0592174
-0.940726,8.83,0.0688699
-0.940726,9.01,0.0706773
-0.940726,9.19,0.0688883
-0.940726,9.37,0.0655201
-0.940726,9.55,0.0615196
-0.940726,9.73,0.0573557
-0.940726,9.91,0.0532607
-0.933438,1.09,0.0402196
-0.933438,1.27,-0.0275622
-0.933438,1.45,-0.042885
-0.933438,1.63,-0.0765249
-0.933438,1.81,0.220963
-0.933438,1.99,-0.00735942
-0.933438,2.17,0.0927233
-0.933438,2.35,0.0891577
-0.933438,2.53,0.134658
-0.933438,2.71,-0.848409
-0.933438,2.89,-0.465109
-0.933438,3.07,-0.0443946
-0.933438,3.25,0.517817
-0.933438,3.43,1.17096
-0.933438,3.61,1.03592
-0.933438,3.79,0.576155
-0.933438,3.97,0.233186
-0.933438,4.15,-0.0988304
-0.933438,4.33,-0.786346
-0.933438,4.51,-2.58279
-0.933438,4.69,-1.76158
-0.933438,4.87,-0.77578
-0.933438,5.05,-0.461905
-0.933438,5.23,-0.345521
-0.933438,5.41,-0.298093
-0.933438,5.59,-0.281134
-0.933438,5.77,-0.280648
-0.933438,5.95,-0.291515
-0.933438,6.13,-0.312153
-0.933438,6.31,-0.34304
-0.933438,6.49,-0.386349
-0.933438,6.67,-0.446461
-0.933438,6.85,-0.530461
-0.933438,7.03,-0.648429
-0.933438,7.21,-0.80811
-0.933438,7.39,-0.977611
-0.933438,7.57,-0.978099
-0.933438,7.75,-0.60709
-0.933438,7.93,-0.17697
-0.933438,8.11,0.048143
-0.933438,8.29,0.132779
-0.933438,8.47,0.157455
-0.933438,8.65,0.158998
-0.933438,8.83,0.151976
-0.933438,9.01,0.14208
-0.933438,9.19,0.13166
-0.933438,9.37,0.121678
-0.933438,9.55,0.112453
-0.933438,9.73,0.104062
-0.933438,9.91,0.096478
-0.92615,1.09,0.0315521
-0.92615,1.27,0.000516655
-0.92615,1.45,-0.0293645
-0.92615,1.63,-0.0633276
-0.92615,1.81,0.400148
-0.92615,1.99,-0.0131019
-0.92615,2.17,0.0980795
-0.92615,2.35,0.0727652
-0.92615,2.53,0.0691795
-0.92615,2.71,-0.981204
-0.92615,2.89,-0.352999
-0.92615,3.07,0.0723051
-0.92615,3.25,0.715935
-0.92615,3.43,1.41694
-0.92615,3.61,1.00039
-0.92615,3.79,0.352879
-0.92615,3.97,-0.104323
-0.92615,4.15,-0.607777
-0.92615,4.33,-1.53753
-0.92615,4.51,-2.3324
-0.92615,4.69,-1.28491
-0.92615,4.87,-0.621148
-0.92615,5.05,-0.380789
-0.92615,5.23,-0.288611
-0.92615,5.41,-0.253178
-0.92615,5.59,-0.243725
-0.92615,5.77,-0.248505
-0.92615,5.95,-0.263146
-0.92615,6.13,-0.286325
-0.92615,6.31,-0.318472
-0.92615,6.49,-0.36136
-0.92615,6.67,-0.418283
-0.92615,6.85,-0.493784
-0.92615,7.03,-0.5917
-0.92615,7.21,-0.703814
-0.92615,7.39,-0.763763
-0.92615,7.57,-0.588683
-0.92615,7.75,-0.163218
-0.92615,7.93,0.150365
-0.92615,8.11,0.264663
-0.92615,8.29,0.283411
-0.92615,8.47,0.270147
-0.92615,8.65,0.248509
-0.92615,8.83,0.226334
-0.92615,9.01,0.205942
-0.92615,9.19,0.187893
-0.92615,9.37,0.172146
-0.92615,9.55,0.15843
-0.92615,9.73,0.146448
-0.92615,9.91,0.135934
-0.918862,1.09,0.00847968
-0.918862,1.27,0.00407745
-0.918862,1.45,-0.0261791
-0.918862,1.63,-0.0557432
-0.918862,1.81,0.6072
-0.918862,1.99,-0.0178211
-0.918862,2.17,0.0651857
-0.918862,2.35,0.0547857
-0.918862,2.53,-0.0203888
-0.918862,2.71,-0.933649
-0.918862,2.89,-0.248664
-0.918862,3.07,0.187632
-0.918862,3.25,0.940768
-0.918862,3.43,1.64642
-0.918862,3.61,0.792837
-0.918862,3.79,-0.00201175
-0.918862,3.97,-0.518914
-0.918862,4.15,-1.08632
-0.918862,4.33,-1.8193
-0.918862,4.51,-1.78224
-0.918862,4.69,-0.918108
-0.918862,4.87,-0.447451
-0.918862,5.05,-0.267289
-0.918862,5.23,-0.199621
-0.918862,5.41,-0.177207
-0.918862,5.59,-0.175619
-0.918862,5.77,-0.185272
-0.918862,5.95,-0.202532
-0.918862,6.13,-0.226273
-0.918862,6.31,-0.256704
-0.918862,6.49,-0.294889
-0.918862,6.67,-0.342447
-0.918862,6.85,-0.400375
-0.918862,7.03,-0.464528
-0.918862,7.21,-0.508625
-0.918862,7.39,-0.437498
-0.918862,7.57,-0.112253
-0.918862,7.75,0.281294
-0.918862,7.93,0.443295
-0.918862,8.11,0.447664
-0.918862,8.29,0.405937
-0.918862,8.47,0.359247
-0.918862,8.65,0.317891
-0.918862,8.83,0.28326
-0.918862,9.01,0.254531
-0.918862,9.19,0.23062
-0.918862,9.37,0.210575
-0.918862,9.55,0.193602
-0.918862,9.73,0.179084
-0.918862,9.91,0.166551
-0.911574,1.09,-0.0301268
-0.911574,1.27,-0.004725
-0.911574,1.45,-0.0277595
-0.911574,1.63,-0.0517094
-0.911574,1.81,0.323958
-0.911574,1.99,-0.0181982
-0.911574,2.17,0.014748
-0.911574,2.35,0.0376008
-0.911574,2.53,-0.142467
-0.911574,2.71,-0.78875
-0.911574,2.89,-0.152315
-0.911574,3.07,0.305128
-0.911574,3.25,1.20587
-0.911574,3.43,1.77195
-0.911574,3.61,0.382111
-0.911574,3.79,-0.414442
-0.911574,3.97,-0.885899
-0.911574,4.15,-1.35463
-0.911574,4.33,-1.6962
-0.911574,4.51,-1.29389
-0.911574,4.69,-0.610792
-0.911574,4.87,-0.262616
-0.911574,5.05,-0.130097
-0.911574,5.23,-0.084902
-0.911574,5.41,-0.0749779
-0.911574,5.59,-0.0806185
-0.911574,5.77,-0.0940475
-0.911574,5.95,-0.112229
-0.911574,6.13,-0.134089
-0.911574,6.31,-0.159387
-0.911574,6.49,-0.188079
-0.911574,6.67,-0.219388
-0.911574,6.85,-0.249378
-0.911574,7.03,-0.263184
-0.911574,7.21,-0.212082
-0.911574,7.39,0.0205931
-0.911574,7.57,0.45288
-0.911574,7.75,0.70155
-0.911574,7.93,0.675812
-0.911574,8.11,0.575674
-0.911574,8.29,0.483377
-0.911574,8.47,0.411178
-0.911574,8.65,0.355974
-0.911574,8.83,0.313292
-0.911574,9.01,0.279623
-0.911574,9.19,0.252537
-0.911574,9.37,0.230367
-0.911574,9.55,0.211927
-0.911574,9.73,0.196372
-0.911574,9.91,0.18309
-0.904286,1.09,-0.111706
-0.904286,1.27,-0.0177877
-0.904286,1.45,-0.0294172
-0.904286,1.63,-0.0467552
-0.904286,1.81,0.0183367
-0.904286,1.99,-0.00981775
-0.904286,2.17,-0.0230985
-0.904286,2.35,0.0231298
-0.904286,2.53,-0.307761
-0.904286,2.71,-0.619667
-0.904286,2.89,-0.0619277
-0.904286,3.07,0.429077
-0.904286,3.25,1.52834
-0.904286,3.43,1.61022
-0.904286,3.61,-0.146557
-0.904286,3.79,-0.765182
-0.904286,3.97,-1.10497
-0.904286,4.15,-1.38624
-0.904286,4.33,-1.4024
-0.904286,4.51,-0.883189
-0.904286,4.69,-0.331008
-0.904286,4.87,-0.0663722
-0.904286,5.05,0.0273072
-0.904286,5.23,0.0520383
-0.904286,5.41,0.0503329
-0.904286,5.59,0.0384336
-0.904286,5.77,0.0226441
-0.904286,5.95,0.0055746
-0.904286,6.13,-0.0115544
-0.904286,6.31,-0.0277291
-0.904286,6.49,-0.0412023
-0.904286,6.67,-0.0476176
-0.904286,6.85,-0.0355333
-0.904286,7.03,0.0265505
-0.904286,7.21,0.220651
-0.904286,7.39,0.663137
-0.904286,7.57,1.08479
-0.904286,7.75,1.02964
-0.904286,7.93,0.802512
-0.904286,8.11,0.620834
-0.904286,8.29,0.497082
-0.904286,8.47,0.41234
-0.904286,8.65,0.35215
-0.904286,8.83,0.307723
-0.904286,9.01,0.273785
-0.904286,9.19,0.247107
-0.904286,9.37,0.225637
-0.904286,9.55,0.208012
-0.904286,9.73,0.193299
-0.904286,9.91,0.180843
-0.896998,1.09,-0.272661
-0.896998,1.27,-0.0273626
-0.896998,1.45,-0.0268645
-0.896998,1.63,-0.0369216
-0.896998,1.81,-0.0924622
-0.896998,1.99,0.0132945
-0.896998,2.17,-0.0494192
-0.896998,2.35,0.0131201
-0.896998,2.53,-0.519318
-0.896998,2.71,-0.460462
-0.896998,2.89,0.0248064
-0.896998,3.07,0.56424
-0.896998,3.25,1.92426
-0.896998,3.43,0.978303
-0.896998,3.61,-0.614617
-0.896998,3.79,-0.973636
-0.896998,3.97,-1.15986
-0.896998,4.15,-1.25634
-0.896998,4.33,-1.06362
-0.896998,4.51,-0.518551
-0.896998,4.69,-0.0578757
-0.896998,4.87,0.144444
-0.896998,5.05,0.204065
-0.896998,5.23,0.209244
-0.896998,5.41,0.196392
-0.896998,5.59,0.1791
-0.896998,5.77,0.162423
-0.896998,5.95,0.148713
-0.896998,6.13,0.139594
-0.896998,6.31,0.137349
-0.896998,6.49,0.146432
-0.896998,6.67,0.176991
-0.896998,6.85,0.253419
-0.896998,7.03,0.438183
-0.896998,7.21,0.873701
-0.896998,7.39,1.57349
-0.896998,7.57,1.64606
-0.896998,7.75,1.14525
-0.896998,7.93,0.772553
-0.896998,8.11,0.559412
-0.896998,8.29,0.433574
-0.896998,8.47,0.353798
-0.896998,8.65,0.299803
-0.896998,8.83,0.261244
-0.896998,9.01,0.232501
-0.896998,9.19,0.210321
-0.896998,9.37,0.19272
-0.896998,9.55,0.178432
-0.896998,9.73,0.166612
-0.896998,9.91,0.15668
-0.88971,1.09,-0.201315
-0.88971,1.27,-0.0251564
-0.88971,1.45,-0.0150134
-0.88971,1.63,-0.0199245
-0.88971,1.81,-0.122733
-0.88971,1.99,0.0595025
-0.88971,2.17,-0.0673278
-0.88971,2.35,0.00955912
-0.88971,2.53,-0.741221
-0.88971,2.71,-0.320917
-0.88971,2.89,0.109454
-0.88971,3.07,0.71582
-0.88971,3.25,2.37909
-0.88971,3.43,0.0482343
-0.88971,3.61,-0.898022
-0.88971,3.79,-1.03387
-0.88971,3.97,-1.08912
-0.88971,4.15,-1.03903
-0.88971,4.33,-0.716692
-0.88971,4.51,-0.169929
-0.88971,4.69,0.224424
-0.88971,4.87,0.37409
-0.88971,5.05,0.400232
-0.88971,5.23,0.384927
-0.88971,5.41,0.36046
-0.88971,5.59,0.338128
-0.88971,5.77,0.321794
-0.88971,5.95,0.313688
-0.88971,6.13,0.316176
-0.88971,6.31,0.333563
-0.88971,6.49,0.374743
-0.88971,6.67,0.459924
-0.88971,6.85,0.63862
-0.88971,7.03,1.04235
-0.88971,7.21,1.94379
-0.88971,7.39,2.72008
-0.88971,7.57,1.76046
-0.88971,7.75,0.936253
-0.88971,7.93,0.565362
-0.88971,8.11,0.388829
-0.88971,8.29,0.293866
-0.88971,8.47,0.237151
-0.88971,8.65,0.200403
-0.88971,8.83,0.175038
-0.88971,9.01,0.156643
-0.88971,9.19,0.142762
-0.88971,9.37,0.131942
-0.88971,9.55,0.123285
-0.88971,9.73,0.116208
-0.88971,9.91,0.11032
-0.882422,1.09,-0.141683
-0.882422,1.27,-0.00370986
-0.882422,1.45,0.0139713
-0.882422,1.63,0.00478224
-0.882422,1.81,-0.116491
-0.882422,1.99,0.141614
-0.882422,2.17,-0.0768222
-0.882422,2.35,0.015233
-0.882422,2.53,-0.863287
-0.882422,2.71,-0.201541
-0.882422,2.89,0.192374
-0.882422,3.07,0.889715
-0.882422,3.25,2.70774
-0.882422,3.43,-0.683704
-0.882422,3.61,-0.992524
-0.882422,3.79,-0.981514
-0.882422,3.97,-0.93726
-0.882422,4.15,-0.774703
-0.882422,4.33,-0.360534
-0.882422,4.51,0.188945
-0.882422,4.69,0.530031
-0.882422,4.87,0.626751
-0.882422,5.05,0.614848
-0.882422,5.23,0.575301
-0.882422,5.41,0.537039
-0.882422,5.59,0.508858
-0.882422,5.77,0.493219
-0.882422,5.95,0.492249
-0.882422,6.13,0.509413
-0.882422,6.31,0.552038
-0.882422,6.49,0.636094
-0.882422,6.67,0.799496
-0.882422,6.85,1.1438
-0.882422,7.03,1.97974
-0.882422,7.21,3.83695
-0.882422,7.39,3.0729
-0.882422,7.57,1.07059
-0.882422,7.75,0.436789
-0.882422,7.93,0.225835
-0.882422,8.11,0.139919
-0.882422,8.29,0.0994325
-0.882422,8.47,0.078214
-0.882422,8.65,0.0661678
-0.882422,8.83,0.0588831
-0.882422,9.01,0.054246
-0.882422,9.19,0.0511597
-0.882422,9.37,0.0490208
-0.882422,9.55,0.0474849
-0.882422,9.73,0.046346
-0.882422,9.91,0.0454771
-0.875134,1.09,-0.112515
-0.875134,1.27,0.0409392
-0.875134,1.45,0.0734496
-0.875134,1.63,0.0373194
-0.875134,1.81,-0.0892223
-0.875134,1.99,0.282631
-0.875134,2.17,-0.0762119
-0.875134,2.35,0.0345352
-0.875134,2.53,-0.780484
-0.875134,2.71,-0.100565
-0.875134,2.89,0.272659
-0.875134,3.07,1.09303
-0.875134,3.25,2.19783
-0.875134,3.43,-1.00702
-0.875134,3.61,-0.952934
-0.875134,3.79,-0.855093
-0.875134,3.97,-0.733608
-0.875134,4.15,-0.476112
-0.875134,4.33,0.0222693
-0.875134,4.51,0.585375
-0.875134,4.69,0.873465
-0.875134,4.87,0.904693
-0.875134,5.05,0.842639
-0.875134,5.23,0.770579
-0.875134,5.41,0.713294
-0.875134,5.59,0.675962
-0.875134,5.77,0.65887
-0.875134,5.95,0.663651
-0.875134,6.13,0.694767
-0.875134,6.31,0.762947
-0.875134,6.49,0.893104
-0.875134,6.67,1.14864
-0.875134,6.85,1.72448
-0.875134,7.03,3.36813
-0.875134,7.21,5.24616
-0.875134,7.39,0.817487
-0.875134,7.57,-0.0331454
-0.875134,7.75,-0.145033
-0.875134,7.93,-0.147149
-0.875134,8.11,-0.130265
-0.875134,8.29,-0.111642
-0.875134,8.47,-0.0950512
-0.875134,8.65,-0.0810397
-0.875134,8.83,-0.0693678
-0.875134,9.01,-0.0596556
-0.875134,9.19,-0.0515323
-0.875134,9.37,-0.0446869
-0.875134,9.55,-0.0388767
-0.875134,9.73,-0.0339094
-0.875134,9.91,-0.0296334
-0.867846,1.09,-0.0823308
-0.867846,1.27,0.106838
-0.867846,1.45,0.18719
-0.867846,1.63,0.0802107
-0.867846,1.81,-0.0503504
-0.867846,1.99,0.528702
-0.867846,2.17,-0.0637049
-0.867846,2.35,0.0750564
-0.867846,2.53,-0.551561
-0.867846,2.71,-0.0162661
-0.867846,2.89,0.348273
-0.867846,3.07,1.33438
-0.867846,3.25,0.367982
-0.867846,3.43,-1.0365
-0.867846,3.61,-0.832806
-0.867846,3.79,-0.680994
-0.867846,3.97,-0.491275
-0.867846,4.15,-0.137765
-0.867846,4.33,0.462087
-0.867846,4.51,1.05445
-0.867846,4.69,1.26977
-0.867846,4.87,1.20282
-0.867846,5.05,1.06624
-0.867846,5.23,0.946093
-0.867846,5.41,0.859189
-0.867846,5.59,0.804152
-0.867846,5.77,0.777051
-0.867846,5.95,0.777185
-0.867846,6.13,0.807507
-0.867846,6.31,0.877344
-0.867846,6.49,1.00906
-0.867846,6.67,1.25512
-0.867846,6.85,1.73541
-0.867846,7.03,1.87258
-0.867846,7.21,-2.02207
-0.867846,7.39,-1.34301
-0.867846,7.57,-0.855346
-0.867846,7.75,-0.6035
-0.867846,7.93,-0.45638
-0.867846,8.11,-0.361869
-0.867846,8.29,-0.296771
-0.867846,8.47,-0.249641
-0.867846,8.65,-0.214214
-0.867846,8.83,-0.18679
-0.867846,9.01,-0.165081
-0.867846,9.19,-0.147557
-0.867846,9.37,-0.133166
-0.867846,9.55,-0.121186
-0.867846,9.73,-0.111097
-0.867846,9.91,-0.102515
-0.860558,1.09,-0.0370124
-0.860558,1.27,0.184985
-0.860558,1.45,0.392009
-0.860558,1.63,0.143153
-0.860558,1.81,-0.00824263
-0.860558,1.99,0.881673
-0.860558,2.17,-0.0395516
-0.860558,2.35,0.151715
-0.860558,2.53,-0.313186
-0.860558,2.71,0.0525059
-0.860558,2.89,0.416015
-0.860558,3.07,1.62035
-0.860558,3.25,-0.984618
-0.860558,3.43,-0.918432
-0.860558,3.61,-0.66658
-0.860558,3.79,-0.472791
-0.860558,3.97,-0.210456
-0.860558,4.15,0.261864
-0.860558,4.33,1.01176
-0.860558,4.51,1.65034
-0.860558,4.69,1.72876
-0.860558,4.87,1.49238
-0.860558,5.05,1.23721
-0.860558,5.23,1.04285
-0.860558,5.41,0.907285
-0.860558,5.59,0.81596
-0.860558,5.77,0.75589
-0.860558,5.95,0.718178
-0.860558,6.13,0.693716
-0.860558,6.31,0.665808
-0.860558,6.49,0.58317
-0.860558,6.67,0.217495
-0.860558,6.85,-1.68347
-0.860558,7.03,-6.13915
-0.860558,7.21,-3.74849
-0.860558,7.39,-1.97566
-0.860558,7.57,-1.22918
-0.860558,7.75,-0.858181
-0.860558,7.93,-0.64556
-0.860558,8.11,-0.51104
-0.860558,8.29,-0.419736
-0.860558,8.47,-0.354478
-0.860558,8.65,-0.305963
-0.860558,8.83,-0.268765
-0.860558,9.01,-0.239567
-0.860558,9.19,-0.216178
-0.860558,9.37,-0.197099
-0.860558,9.55,-0.181314
-0.860558,9.73,-0.168096
-0.860558,9.91,-0.156914
-0.85327,1.09,0.0188621
-0.85327,1.27,0.240553
-0.85327,1.45,0.400361
-0.85327,1.63,0.254815
-0.85327,1.81,0.0305438
-0.85327,1.99,0.32234
-0.85327,2.17,-0.00896088
-0.85327,2.35,0.299613
-0.85327,2.53,-0.127844
-0.85327,2.71,0.105789
-0.85327,2.89,0.470537
-0.85327,3.07,1.92807
-0.85327,3.25,-1.22006
-0.85327,3.43,-0.734943
-0.85327,3.61,-0.471013
-0.85327,3.79,-0.23323
-0.85327,3.97,0.121064
-0.85327,4.15,0.769076
-0.85327,4.33,1.77962
-0.85327,4.51,2.46656
-0.85327,4.69,2.22038
-0.85327,4.87,1.66932
-0.85327,5.05,1.22935
-0.85327,5.23,0.927647
-0.85327,5.41,0.717183
-0.85327,5.59,0.557923
-0.85327,5.77,0.419095
-0.85327,5.95,0.271531
-0.85327,6.13,0.0714033
-0.85327,6.31,-0.273113
-0.85327,6.49,-0.992572
-0.85327,6.67,-2.64587
-0.85327,6.85,-5.25693
-0.85327,7.03,-5.09711
-0.85327,7.21,-3.14403
-0.85327,7.39,-1.91888
-0.85327,7.57,-1.27322
-0.85327,7.75,-0.911506
-0.85327,7.93,-0.691836
-0.85327,8.11,-0.548945
-0.85327,8.29,-0.450864
-0.85327,8.47,-0.380582
-0.85327,8.65,-0.328449
-0.85327,8.83,-0.288678
-0.85327,9.01,-0.25767
-0.85327,9.19,-0.233025
-0.85327,9.37,-0.213091
-0.85327,9.55,-0.196743
-0.85327,9.73,-0.183179
-0.85327,9.91,-0.171812
-0.845982,1.09,0.0534505
-0.845982,1.27,0.213172
-0.845982,1.45,-0.321484
-0.845982,1.63,0.520064
-0.845982,1.81,0.0615729
-0.845982,1.99,-0.382371
-0.845982,2.17,0.0163401
-0.845982,2.35,0.623426
-0.845982,2.53,-0.003409
-0.845982,2.71,0.138991
-0.845982,2.89,0.500774
-0.845982,3.07,2.06437
-0.845982,3.25,-0.997858
-0.845982,3.43,-0.515881
-0.845982,3.61,-0.246981
-0.845982,3.79,0.0482218
-0.845982,3.97,0.537697
-0.845982,4.15,1.49827
-0.845982,4.33,3.06912
-0.845982,4.51,3.66183
-0.845982,4.69,2.49285
-0.845982,4.87,1.39776
-0.845982,5.05,0.74203
-0.845982,5.23,0.336923
-0.845982,5.41,0.0474971
-0.845982,5.59,-0.201354
-0.845982,5.77,-0.461129
-0.845982,5.95,-0.783248
-0.845982,6.13,-1.23911
-0.845982,6.31,-1.93778
-0.845982,6.49,-2.99217
-0.845982,6.67,-4.20596
-0.845982,6.85,-4.55624
-0.845982,7.03,-3.5914
-0.845982,7.21,-2.40348
-0.845982,7.39,-1.57763
-0.845982,7.57,-1.07285
-0.845982,7.75,-0.763889
-0.845982,7.93,-0.567915
-0.845982,8.11,-0.438331
-0.845982,8.29,-0.349452
-0.845982,8.47,-0.286469
-0.845982,8.65,-0.240574
-0.845982,8.83,-0.206325
-0.845982,9.01,-0.180267
-0.845982,9.19,-0.160102
-0.845982,9.37,-0.144257
-0.845982,9.55,-0.131651
-0.845982,9.73,-0.121515
-0.845982,9.91,-0.113292
-0.838694,1.09,0.0845371
-0.838694,1.27,0.33616
-0.838694,1.45,-0.23645
-0.838694,1.63,1.4788
-0.838694,1.81,0.0711062
-0.838694,1.99,-0.262785
-0.838694,2.17,0.0470094
-0.838694,2.35,1.87289
-0.838694,2.53,-0.0506057
-0.838694,2.71,0.0900536
-0.838694,2.89,0.478184
-0.838694,3.07,1.95677
-0.838694,3.25,-0.595202
-0.838694,3.43,-0.222281
-0.838694,3.61,0.0893151
-0.838694,3.79,0.534965
-0.838694,3.97,1.39673
-0.838694,4.15,3.4773
-0.838694,4.33,7.88171
-0.838694,4.51,5.16908
-0.838694,4.69,0.824461
-0.838694,4.87,-0.558892
-0.838694,5.05,-1.10048
-0.838694,5.23,-1.41293
-0.838694,5.41,-1.6686
-0.838694,5.59,-1.93292
-0.838694,5.77,-2.23998
-0.838694,5.95,-2.61432
-0.838694,6.13,-3.06562
-0.838694,6.31,-3.562
-0.838694,6.49,-3.97141
-0.838694,6.67,-4.02366
-0.838694,6.85,-3.49967
-0.838694,7.03,-2.57093
-0.838694,7.21,-1.64835
-0.838694,7.39,-0.958535
-0.838694,7.57,-0.506915
-0.838694,7.75,-0.226073
-0.838694,7.93,-0.0539761
-0.838694,8.11,0.0515098
-0.838694,8.29,0.115918
-0.838694,8.47,0.154854
-0.838694,8.65,0.177784
-0.838694,8.83,0.190523
-0.838694,9.01,0.19676
-0.838694,9.19,0.198786
-0.838694,9.37,0.198057
-0.838694,9.55,0.195557
-0.838694,9.73,0.191944
-0.838694,9.91,0.187659
-0.831406,1.09,0.0932321
-0.831406,1.27,-0.00358405
-0.831406,1.45,-0.0235002
-0.831406,1.63,1.29546
-0.831406,1.81,0.0512221
-0.831406,1.99,-0.109814
-0.831406,2.17,0.0832135
-0.831406,2.35,2.69423
-0.831406,2.53,-0.16741
-0.831406,2.71,0.0395791
-0.831406,2.89,0.463367
-0.831406,3.07,0.816699
-0.831406,3.25,-0.317919
-0.831406,3.43,-0.0230672
-0.831406,3.61,0.301155
-0.831406,3.79,0.826524
-0.831406,3.97,1.94309
-0.831406,4.15,5.18579
-0.831406,4.33,11.0424
-0.831406,4.51,0.359253
-0.831406,4.69,-1.71908
-0.831406,4.87,-2.03427
-0.831406,5.05,-2.1348
-0.831406,5.23,-2.2237
-0.831406,5.41,-2.34068
-0.831406,5.59,-2.4967
-0.831406,5.77,-2.69334
-0.831406,5.95,-2.92574
-0.831406,6.13,-3.16962
-0.831406,6.31,-3.36031
-0.831406,6.49,-3.37078
-0.831406,6.67,-3.03715
-0.831406,6.85,-2.3117
-0.831406,7.03,-1.39782
-0.831406,7.21,-0.587754
-0.831406,7.39,-0.0201436
-0.831406,7.57,0.323468
-0.831406,7.75,0.512202
-0.831406,7.93,0.606288
-0.831406,8.11,0.645921
-0.831406,8.29,0.65469
-0.831406,8.47,0.646506
-0.831406,8.65,0.629374
-0.831406,8.83,0.607881
-0.831406,9.01,0.584754
-0.831406,9.19,0.56145
-0.831406,9.37,0.538716
-0.831406,9.55,0.517001
-0.831406,9.73,0.496528
-0.831406,9.91,0.477382
-0.824117,1.09,0.136766
-0.824117,1.27,-0.00571788
-0.824117,1.45,-0.017099
-0.824117,1.63,-0.0389695
-0.824117,1.81,0.0700945
-0.824117,1.99,-0.114535
-0.824117,2.17,0.0991943
-0.824117,2.35,1.53835
-0.824117,2.53,-0.147095
-0.824117,2.71,0.051424
-0.824117,2.89,0.517928
-0.824117,3.07,-0.391876
-0.824117,3.25,-0.256518
-0.824117,3.43,0.018495
-0.824117,3.61,0.341303
-0.824117,3.79,0.892609
-0.824117,3.97,2.14167
-0.824117,4.15,6.13317
-0.824117,4.33,7.76638
-0.824117,4.51,-0.992018
-0.824117,4.69,-1.92955
-0.824117,4.87,-2.04903
-0.824117,5.05,-2.09508
-0.824117,5.23,-2.16125
-0.824117,5.41,-2.2635
-0.824117,5.59,-2.40475
-0.824117,5.77,-2.58174
-0.824117,5.95,-2.78363
-0.824117,6.13,-2.97725
-0.824117,6.31,-3.08637
-0.824117,6.49,-2.97968
-0.824117,6.67,-2.52429
-0.824117,6.85,-1.74623
-0.824117,7.03,-0.888669
-0.824117,7.21,-0.196173
-0.824117,7.39,0.256581
-0.824117,7.57,0.514057
-0.824117,7.75,0.644609
-0.824117,7.93,0.700624
-0.824117,8.11,0.715297
-0.824117,8.29,0.707447
-0.824117,8.47,0.687963
-0.824117,8.65,0.662977
-0.824117,8.83,0.63591
-0.824117,9.01,0.608736
-0.824117,9.19,0.582443
-0.824117,9.37,0.55748
-0.824117,9.55,0.534083
-0.824117,9.73,0.512328
-0.824117,9.91,0.4922
-0.816829,1.09,0.273231
-0.816829,1.27,-0.00607616
-0.816829,1.45,-0.00888676
-0.816829,1.63,-0.205043
-0.816829,1.81,0.0917374
-0.816829,1.99,-0.104228
-0.816829,2.17,0.115786
-0.816829,2.35,-0.113188
-0.816829,2.53,-0.128703
-0.816829,2.71,0.0614761
-0.816829,2.89,0.582879
-0.816829,3.07,-0.574272
-0.816829,3.25,-0.200075
-0.816829,3.43,0.0554827
-0.816829,3.61,0.376717
-0.816829,3.79,0.954726
-0.816829,3.97,2.36002
-0.816829,4.15,7.25116
-0.816829,4.33,3.1283
-0.816829,4.51,-1.68201
-0.816829,4.69,-1.99894
-0.816829,4.87,-2.00732
-0.816829,5.05,-2.02005
-0.816829,5.23,-2.06993
-0.816829,5.41,-2.15873
-0.816829,5.59,-2.28381
-0.816829,5.77,-2.43773
-0.816829,5.95,-2.60376
-0.816829,6.13,-2.74023
-0.816829,6.31,-2.76202
-0.816829,6.49,-2.54201
-0.816829,6.67,-1.99013
-0.816829,6.85,-1.20026
-0.816829,7.03,-0.426859
-0.816829,7.21,0.144644
-0.816829,7.39,0.491646
-0.816829,7.57,0.673475
-0.816829,7.75,0.753973
-0.816829,7.93,0.777535
-0.816829,8.11,0.771035
-0.816829,8.29,0.749148
-0.816829,8.47,0.72017
-0.816829,8.65,0.688632
-0.816829,8.83,0.65696
-0.816829,9.01,0.626481
-0.816829,9.19,0.597786
-0.816829,9.37,0.571065
-0.816829,9.55,0.546372
-0.816829,9.73,0.52366
-0.816829,9.91,0.502825
-0.809541,1.09,0.156072
-0.809541,1.27,-0.00899995
-0.809541,1.45,-0.00275779
-0.809541,1.63,-0.177938
-0.809541,1.81,0.119713
-0.809541,1.99,-0.0909873
-0.809541,2.17,0.131071
-0.809541,2.35,-0.373959
-0.809541,2.53,-0.111093
-0.809541,2.71,0.0705669
-0.809541,2.89,0.655945
-0.809541,3.07,-0.510062
-0.809541,3.25,-0.150059
-0.809541,3.43,0.0868251
-0.809541,3.61,0.404601
-0.809541,3.79,1.00649
-0.809541,3.97,2.58741
-0.809541,4.15,8.10981
-0.809541,4.33,-0.180625
-0.809541,4.51,-1.96734
-0.809541,4.69,-1.96857
-0.809541,4.87,-1.91683
-0.809541,5.05,-1.90924
-0.809541,5.23,-1.9461
-0.809541,5.41,-2.02091
-0.809541,5.59,-2.12707
-0.809541,5.77,-2.2533
-0.809541,5.95,-2.37724
-0.809541,6.13,-2.44983
-0.809541,6.31,-2.38121
-0.809541,6.49,-2.05825
-0.809541,6.67,-1.44195
-0.809541,6.85,-0.680085
-0.809541,7.03,-0.012083
-0.809541,7.21,0.438791
-0.809541,7.39,0.689089
-0.809541,7.57,0.804358
-0.809541,7.75,0.841587
-0.809541,7.93,0.837351
-0.809541,8.11,0.812835
-0.809541,8.29,0.779093
-0.809541,8.47,0.742175
-0.809541,8.65,0.705231
-0.809541,8.83,0.669826
-0.809541,9.01,0.636729
-0.809541,9.19,0.606181
-0.809541,9.37,0.578154
-0.809541,9.55,0.552546
-0.809541,9.73,0.5292
-0.809541,9.91,0.507938
-0.802253,1.09,0.020627
-0.802253,1.27,-0.0115766
-0.802253,1.45,0.000808931
-0.802253,1.63,-0.13632
-0.802253,1.81,0.156034
-0.802253,1.99,-0.0769606
-0.802253,2.17,0.159372
-0.802253,2.35,-0.349814
-0.802253,2.53,-0.0970898
-0.802253,2.71,0.0782629
-0.802253,2.89,0.709036
-0.802253,3.07,-0.418404
-0.802253,3.25,-0.109147
-0.802253,3.43,0.114468
-0.802253,3.61,0.434128
-0.802253,3.79,1.07313
-0.802253,3.97,2.90072
-0.802253,4.15,7.52132
-0.802253,4.33,-1.52459
-0.802253,4.51,-1.98549
-0.802253,4.69,-1.87494
-0.802253,4.87,-1.8069
-0.802253,5.05,-1.79496
-0.802253,5.23,-1.82735
-0.802253,5.41,-1.89441
-0.802253,5.59,-1.98734
-0.802253,5.77,-2.09186
-0.802253,5.95,-2.18029
-0.802253,6.13,-2.19646
-0.802253,6.31,-2.04743
-0.802253,6.49,-1.63872
-0.802253,6.67,-0.98407
-0.802253,6.85,-0.270566
-0.802253,7.03,0.292867
-0.802253,7.21,0.639565
-0.802253,7.39,0.812652
-0.802253,7.57,0.877709
-0.802253,7.75,0.883909
-0.802253,7.93,0.860768
-0.802253,8.11,0.824722
-0.802253,8.29,0.783929
-0.802253,8.47,0.742704
-0.802253,8.65,0.703157
-0.802253,8.83,0.666225
-0.802253,9.01,0.632271
-0.802253,9.19,0.601302
-0.802253,9.37,0.573149
-0.802253,9.55,0.547607
-0.802253,9.73,0.524454
-0.802253,9.91,0.503468
-0.794965,1.09,-0.000409337
-0.794965,1.27,-0.0136704
-0.794965,1.45,0.00231028
-0.794965,1.63,-0.105382
-0.794965,1.81,0.196612
-0.794965,1.99,-0.0630048
-0.794965,2.17,0.195616
-0.794965,2.35,-0.301183
-0.794965,2.53,-0.0845366
-0.794965,2.71,0.085025
-0.794965,2.89,0.483069
-0.794965,3.07,-0.332615
-0.794965,3.25,-0.0731946
-0.794965,3.43,0.1384
-0.794965,3.61,0.459508
-0.794965,3.79,1.13773
-0.794965,3.97,3.25427
-0.794965,4.15,3.79298
-0.794965,4.33,-1.99166
-0.794965,4.51,-1.90518
-0.794965,4.69,-1.75308
-0.794965,4.87,-1.68157
-0.794965,5.05,-1.66838
-0.794965,5.23,-1.69661
-0.794965,5.41,-1.75496
-0.794965,5.59,-1.83284
-0.794965,5.77,-1.9129
-0.794965,5.95,-1.96229
-0.794965,6.13,-1.91901
-0.794965,6.31,-1.6918
-0.794965,6.49,-1.21366
-0.794965,6.67,-0.551273
-0.794965,6.85,0.0892342
-0.794965,7.03,0.544111
-0.794965,7.21,0.79568
-0.794965,7.39,0.90268
-0.794965,7.57,0.926336
-0.794965,7.75,0.907626
-0.794965,7.93,0.86969
-0.794965,8.11,0.824894
-0.794965,8.29,0.778979
-0.794965,8.47,0.734825
-0.794965,8.65,0.69369
-0.794965,8.83,0.656
-0.794965,9.01,0.621789
-0.794965,9.19,0.590877
-0.794965,9.37,0.562984
-0.794965,9.55,0.537829
-0.794965,9.73,0.515138
-0.794965,9.91,0.494656
-0.787677,1.09,-0.00731245
-0.787677,1.27,-0.0142625
-0.787677,1.45,0.00256135
-0.787677,1.63,-0.0828787
-0.787677,1.81,0.169806
-0.787677,1.99,-0.0495371
-0.787677,2.17,0.237856
-0.787677,2.35,-0.255689
-0.787677,2.53,-0.0724573
-0.787677,2.71,0.0910757
-0.787677,2.89,-0.587114
-0.787677,3.07,-0.25961
-0.787677,3.25,-0.0419861
-0.787677,3.43,0.157673
-0.787677,3.61,0.477561
-0.787677,3.79,1.19074
-0.787677,3.97,3.56209
-0.787677,4.15,-0.348665
-0.787677,4.33,-2.05275
-0.787677,4.51,-1.77001
-0.787677,4.69,-1.60998
-0.787677,4.87,-1.54084
-0.787677,5.05,-1.52702
-0.787677,5.23,-1.54998
-0.787677,5.41,-1.59757
-0.787677,5.59,-1.65745
-0.787677,5.77,-1.70927
-0.787677,5.95,-1.71546
-0.787677,6.13,-1.61036
-0.787677,6.31,-1.31057
-0.787677,6.49,-0.784548
-0.787677,6.67,-0.14608
-0.787677,6.85,0.401807
-0.787677,7.03,0.748298
-0.787677,7.21,0.914207
-0.787677,7.39,0.964843
-0.787677,7.57,0.954324
-0.787677,7.75,0.915569
-0.787677,7.93,0.866053
-0.787677,8.11,0.814664
-0.787677,8.29,0.765116
-0.787677,8.47,0.719095
-0.787677,8.65,0.677157
-0.787677,8.83,0.639306
-0.787677,9.01,0.605308
-0.787677,9.19,0.57483
-0.787677,9.37,0.547507
-0.787677,9.55,0.522996
-0.787677,9.73,0.500983
-0.787677,9.91,0.481189
-0.780389,1.09,-0.0103323
-0.780389,1.27,-0.0101394
-0.780389,1.45,0.00212997
-0.780389,1.63,-0.064834
-0.780389,1.81,-0.508326
-0.780389,1.99,-0.0367102
-0.780389,2.17,0.2812
-0.780389,2.35,-0.214999
-0.780389,2.53,-0.0601913
-0.780389,2.71,0.0968965
-0.780389,2.89,-0.956021
-0.780389,3.07,-0.200231
-0.780389,3.25,-0.0158524
-0.780389,3.43,0.172274
-0.780389,3.61,0.488799
-0.780389,3.79,1.23137
-0.780389,3.97,3.56348
-0.780389,4.15,-2.06481
-0.780389,4.33,-1.91844
-0.780389,4.51,-1.60139
-0.780389,4.69,-1.45286
-0.780389,4.87,-1.39034
-0.780389,5.05,-1.37687
-0.780389,5.23,-1.39448
-0.780389,5.41,-1.43066
-0.780389,5.59,-1.47157
-0.780389,5.77,-1.49399
-0.780389,5.95,-1.45633
-0.780389,6.13,-1.29185
-0.780389,6.31,-0.931128
-0.780389,6.49,-0.382922
-0.780389,6.67,0.203352
-0.780389,6.85,0.64768
-0.780389,7.03,0.892587
-0.780389,7.21,0.985465
-0.780389,7.39,0.990964
-0.780389,7.57,0.954496
-0.780389,7.75,0.901404
-0.780389,7.93,0.844268
-0.780389,8.11,0.789085
-0.780389,8.29,0.737941
-0.780389,8.47,0.691578
-0.780389,8.65,0.650008
-0.780389,8.83,0.612919
-0.780389,9.01,0.579875
-0.780389,9.19,0.550436
-0.780389,9.37,0.524185
-0.780389,9.55,0.500739
-0.780389,9.73,0.479762
-0.780389,9.91,0.460962
-0.773101,1.09,-0.0127532
-0.773101,1.27,0.000508648
-0.773101,1.45,0.00383852
-0.773101,1.63,-0.0505076
-0.773101,1.81,-0.670405
-0.773101,1.99,-0.0222484
-0.773101,2.17,0.290162
-0.773101,2.35,-0.183027
-0.773101,2.53,-0.0499413
-0.773101,2.71,0.101253
-0.773101,2.89,-0.67334
-0.773101,3.07,-0.152128
-0.773101,3.25,0.00686609
-0.773101,3.43,0.186338
-0.773101,3.61,0.503371
-0.773101,3.79,1.28431
-0.773101,3.97,2.63143
-0.773101,4.15,-2.2906
-0.773101,4.33,-1.71828
-0.773101,4.51,-1.43318
-0.773101,4.69,-1.30566
-0.773101,4.87,-1.25267
-0.773101,5.05,-1.24136
-0.773101,5.23,-1.25537
-0.773101,5.41,-1.28218
-0.773101,5.59,-1.30649
-0.773101,5.77,-1.30224
-0.773101,5.95,-1.22414
-0.773101,6.13,-1.00624
-0.773101,6.31,-0.598069
-0.773101,6.49,-0.0502645
-0.773101,6.67,0.466549
-0.773101,6.85,0.809765
-0.773101,7.03,0.968938
-0.773101,7.21,1.00608
-0.773101,7.39,0.980066
-0.773101,7.57,0.927256
-0.773101,7.75,0.866416
-0.773101,7.93,0.806206
-0.773101,8.11,0.75043
-0.773101,8.29,0.699994
-0.773101,8.47,0.654989
-0.773101,8.65,0.615069
-0.773101,8.83,0.579726
-0.773101,9.01,0.548408
-0.773101,9.19,0.520624
-0.773101,9.37,0.495941
-0.773101,9.55,0.473964
-0.773101,9.73,0.454355
-0.773101,9.91,0.436827
-0.765813,1.09,-0.0151514
-0.765813,1.27,0.0220983
-0.765813,1.45,0.00803047
-0.765813,1.63,-0.0389508
-0.765813,1.81,-0.391089
-0.765813,1.99,-0.00760577
-0.765813,2.17,-0.259485
-0.765813,2.35,-0.155776
-0.765813,2.53,-0.0394806
-0.765813,2.71,0.10248
-0.765813,2.89,-0.445326
-0.765813,3.07,-0.112002
-0.765813,3.25,0.0260215
-0.765813,3.43,0.196246
-0.765813,3.61,0.509977
-0.765813,3.79,1.30087
-0.765813,3.97,-0.143455
-0.765813,4.15,-2.09518
-0.765813,4.33,-1.50563
-0.765813,4.51,-1.26453
-0.765813,4.69,-1.15758
-0.765813,4.87,-1.11295
-0.765813,5.05,-1.10261
-0.765813,5.23,-1.11181
-0.765813,5.41,-1.12792
-0.765813,5.59,-1.13415
-0.765813,5.77,-1.10177
-0.765813,5.95,-0.982951
-0.765813,6.13,-0.716517
-0.765813,6.31,-0.277575
-0.765813,6.49,0.243377
-0.765813,6.67,0.673626
-0.765813,6.85,0.918183
-0.765813,7.03,1.00377
-0.765813,7.21,0.996995
-0.765813,7.39,0.947962
-0.765813,7.57,0.884368
-0.765813,7.75,0.819353
-0.765813,7.93,0.758405
-0.765813,8.11,0.703604
-0.765813,8.29,0.654967
-0.765813,8.47,0.612105
-0.765813,8.65,0.574416
-0.765813,8.83,0.541264
-0.765813,9.01,0.512021
-0.765813,9.19,0.48617
-0.765813,9.37,0.463279
-0.765813,9.55,0.442956
-0.765813,9.73,0.42487
-0.765813,9.91,0.408741
-0.758525,1.09,-0.0167089
-0.758525,1.27,0.0646421
-0.758525,1.45,0.0166502
-0.758525,1.63,-0.0292687
-0.758525,1.81,-0.249504
-0.758525,1.99,0.0065551
-0.758525,2.17,-0.850833
-0.758525,2.35,-0.131254
-0.758525,2.53,-0.0280044
-0.758525,2.71,0.0944616
-0.758525,2.89,-0.29863
-0.758525,3.07,-0.0784098
-0.758525,3.25,0.0414119
-0.758525,3.43,0.20054
-0.758525,3.61,0.502717
-0.758525,3.79,1.2105
-0.758525,3.97,-2.42176
-0.758525,4.15,-1.79203
-0.758525,4.33,-1.29348
-0.758525,4.51,-1.09608
-0.758525,4.69,-1.00748
-0.758525,4.87,-0.969417
-0.758525,5.05,-0.958512
-0.758525,5.23,-0.961398
-0.758525,5.41,-0.965252
-0.758525,5.59,-0.95179
-0.758525,5.77,-0.890107
-0.758525,5.95,-0.731704
-0.758525,6.13,-0.425076
-0.758525,6.31,0.0236793
-0.758525,6.49,0.491958
-0.758525,6.67,0.824871
-0.758525,6.85,0.977814
-0.758525,7.03,1.00249
-0.758525,7.21,0.962383
-0.758525,7.39,0.897493
-0.758525,7.57,0.82766
-0.758525,7.75,0.761352
-0.758525,7.93,0.701536
-0.758525,8.11,0.648968
-0.758525,8.29,0.603006
-0.758525,8.47,0.562919
-0.758525,8.65,0.527935
-0.758525,8.83,0.497336
-0.758525,9.01,0.470453
-0.758525,9.19,0.446766
-0.758525,9.37,0.425855
-0.758525,9.55,0.40734
-0.758525,9.73,0.390903
-0.758525,9.91,0.376279
-0.751237,1.09,-0.0161333
-0.751237,1.27,0.116683
-0.751237,1.45,0.0296755
-0.751237,1.63,-0.0197503
-0.751237,1.81,-0.171038
-0.751237,1.99,0.0190056
-0.751237,2.17,-0.579008
-0.751237,2.35,-0.10765
-0.751237,2.53,-0.0145782
-0.751237,2.71,0.0526479
-0.751237,2.89,-0.201814
-0.751237,3.07,-0.0507454
-0.751237,3.25,0.0525825
-0.751237,3.43,0.197995
-0.751237,3.61,0.475855
-0.751237,3.79,0.858508
-0.751237,3.97,-2.64277
-0.751237,4.15,-1.47323
-0.751237,4.33,-1.0845
-0.751237,4.51,-0.927513
-0.751237,4.69,-0.855201
-0.751237,4.87,-0.822371
-0.751237,5.05,-0.809893
-0.751237,5.23,-0.805644
-0.751237,5.41,-0.796605
-0.751237,5.59,-0.763276
-0.751237,5.77,-0.673406
-0.751237,5.95,-0.480395
-0.751237,6.13,-0.147659
-0.751237,6.31,0.285335
-0.751237,6.49,0.677783
-0.751237,6.67,0.910093
-0.751237,6.85,0.983339
-0.751237,7.03,0.961279
-0.751237,7.21,0.89868
-0.751237,7.39,0.825177
-0.751237,7.57,0.75381
-0.751237,7.75,0.68931
-0.751237,7.93,0.632736
-0.751237,8.11,0.583885
-0.751237,8.29,0.541682
-0.751237,8.47,0.505185
-0.751237,8.65,0.473535
-0.751237,8.83,0.445987
-0.751237,9.01,0.421869
-0.751237,9.19,0.400677
-0.751237,9.37,0.38202
-0.751237,9.55,0.365542
-0.751237,9.73,0.350946
-0.751237,9.91,0.337987
-0.743949,1.09,-0.00806011
-0.743949,1.27,-0.160215
-0.743949,1.45,0.0387056
-0.743949,1.63,-0.0111006
-0.743949,1.81,-0.11944
-0.743949,1.99,0.0323629
-0.743949,2.17,-0.385349
-0.743949,2.35,-0.088663
-0.743949,2.53,-0.0013704
-0.743949,2.71,-0.0778173
-0.743949,2.89,-0.134328
-0.743949,3.07,-0.0278961
-0.743949,3.25,0.0617325
-0.743949,3.43,0.1948
-0.743949,3.61,0.444048
-0.743949,3.79,0.0575607
-0.743949,3.97,-2.12907
-0.743949,4.15,-1.19086
-0.743949,4.33,-0.90085
-0.743949,4.51,-0.779181
-0.743949,4.69,-0.721438
-0.743949,4.87,-0.693684
-0.743949,5.05,-0.68044
-0.743949,5.23,-0.670663
-0.743949,5.41,-0.651145
-0.743949,5.59,-0.601351
-0.743949,5.77,-0.488314
-0.743949,5.95,-0.269511
-0.743949,6.13,0.0726647
-0.743949,6.31,0.467424
-0.743949,6.49,0.773469
-0.743949,6.67,0.916605
-0.743949,6.85,0.93129
-0.743949,7.03,0.881076
-0.743949,7.21,0.808969
-0.743949,7.39,0.735254
-0.743949,7.57,0.667719
-0.743949,7.75,0.608506
-0.743949,7.93,0.557486
-0.743949,8.11,0.51393
-0.743949,8.29,0.476592
-0.743949,8.47,0.444476
-0.743949,8.65,0.416736
-0.743949,8.83,0.392667
-0.743949,9.01,0.37163
-0.743949,9.19,0.35317
-0.743949,9.37,0.336948
-0.743949,9.55,0.322644
-0.743949,9.73,0.309996
-0.743949,9.91,0.298785
-0.736661,1.09,0.0308872
-0.736661,1.27,-0.153258
-0.736661,1.45,-0.123293
-0.736661,1.63,-0.00173496
-0.736661,1.81,-0.0810881
-0.736661,1.99,0.0417948
-0.736661,2.17,-0.272901
-0.736661,2.35,-0.0708853
-0.736661,2.53,0.0142113
-0.736661,2.71,-0.165181
-0.736661,2.89,-0.084946
-0.736661,3.07,-0.00936772
-0.736661,3.25,0.0667187
-0.736661,3.43,0.183851
-0.736661,3.61,0.37871
-0.736661,3.79,-1.42402
-0.736661,3.97,-1.59078
-0.736661,4.15,-0.93792
-0.736661,4.33,-0.727052
-0.736661,4.51,-0.634676
-0.736661,4.69,-0.58904
-0.736661,4.87,-0.565171
-0.736661,5.05,-0.550607
-0.736661,5.23,-0.53525
-0.736661,5.41,-0.505864
-0.736661,5.59,-0.44147
-0.736661,5.77,-0.309951
-0.736661,5.95,-0.0764624
-0.736661,6.13,0.253897
-0.736661,6.31,0.586855
-0.736661,6.49,0.800464
-0.736661,6.67,0.867459
-0.736661,6.85,0.840699
-0.736661,7.03,0.77517
-0.736661,7.21,0.701606
-0.736661,7.39,0.632496
-0.736661,7.57,0.571701
-0.736661,7.75,0.519593
-0.736661,7.93,0.475311
-0.736661,8.11,0.437855
-0.736661,8.29,0.405946
-0.736661,8.47,0.378625
-0.736661,8.65,0.355107
-0.736661,8.83,0.334756
-0.736661,9.01,0.31699
-0.736661,9.19,0.301417
-0.736661,9.37,0.287754
-0.736661,9.55,0.275726
-0.736661,9.73,0.265107
-0.736661,9.91,0.255709
-0.729373,1.09,0.234145
-0.729373,1.27,-0.101123
-0.729373,1.45,-0.128966
-0.729373,1.63,0.0109922
-0.729373,1.81,-0.0498529
-0.729373,1.99,0.0411861
-0.729373,2.17,-0.197496
-0.729373,2.35,-0.0537861
-0.729373,2.53,0.0331672
-0.729373,2.71,-0.0800728
-0.729373,2.89,-0.0480305
-0.729373,3.07,0.00469689
-0.729373,3.25,0.0664454
-0.729373,3.43,0.162344
-0.729373,3.61,0.257882
-0.729373,3.79,-2.29841
-0.729373,3.97,-1.13188
-0.729373,4.15,-0.706529
-0.729373,4.33,-0.558962
-0.729373,4.51,-0.491161
-0.729373,4.69,-0.455811
-0.729373,4.87,-0.43512
-0.729373,5.05,-0.419225
-0.729373,5.23,-0.39903
-0.729373,5.41,-0.361721
-0.729373,5.59,-0.286947
-0.729373,5.77,-0.14572
-0.729373,5.95,0.0853669
-0.729373,6.13,0.378306
-0.729373,6.31,0.630214
-0.729373,6.49,0.755054
-0.729373,6.67,0.764084
-0.729373,6.85,0.713287
-0.729373,7.03,0.644199
-0.729373,7.21,0.576285
-0.729373,7.39,0.516026
-0.729373,7.57,0.464589
-0.729373,7.75,0.42127
-0.729373,7.93,0.384865
-0.729373,8.11,0.354307
-0.729373,8.29,0.328412
-0.729373,8.47,0.306327
-0.729373,8.65,0.287374
-0.729373,8.83,0.271013
-0.729373,9.01,0.256745
-0.729373,9.19,0.244248
-0.729373,9.37,0.233301
-0.729373,9.55,0.223677
-0.729373,9.73,0.215192
-0.729373,9.91,0.207695
-0.722085,1.09,0.0903399
-0.722085,1.27,-0.0566683
-0.722085,1.45,-0.0972226
-0.722085,1.63,0.0341195
-0.722085,1.81,-0.0234522
-0.722085,1.99,0.0140987
-0.722085,2.17,-0.135086
-0.722085,2.35,-0.0356473
-0.722085,2.53,0.055608
-0.722085,2.71,-0.0200461
-0.722085,2.89,-0.0209066
-0.722085,3.07,0.0131782
-0.722085,3.25,0.0578929
-0.722085,3.43,0.123347
-0.722085,3.61,0.0430757
-0.722085,3.79,-1.74558
-0.722085,3.97,-0.733003
-0.722085,4.15,-0.479884
-0.722085,4.33,-0.384981
-0.722085,4.51,-0.338825
-0.722085,4.69,-0.312818
-0.722085,4.87,-0.295232
-0.722085,5.05,-0.278729
-0.722085,5.23,-0.25566
-0.722085,5.41,-0.214704
-0.722085,5.59,-0.138196
-0.722085,5.77,-0.00362707
-0.722085,5.95,0.198101
-0.722085,6.13,0.422724
-0.722085,6.31,0.580139
-0.722085,6.49,0.62838
-0.722085,6.67,0.600599
-0.722085,6.85,0.542812
-0.722085,7.03,0.481184
-0.722085,7.21,0.425712
-0.722085,7.39,0.378603
-0.722085,7.57,0.339382
-0.722085,7.75,0.306861
-0.722085,7.93,0.279811
-0.722085,8.11,0.257273
-0.722085,8.29,0.238277
-0.722085,8.47,0.222142
-0.722085,8.65,0.208341
-0.722085,8.83,0.196458
-0.722085,9.01,0.186108
-0.722085,9.19,0.17705
-0.722085,9.37,0.169128
-0.722085,9.55,0.162174
-0.722085,9.73,0.15605
-0.722085,9.91,0.150646
-0.714797,1.09,-0.0404388
-0.714797,1.27,-0.0152819
-0.714797,1.45,-0.0651627
-0.714797,1.63,0.0810129
-0.714797,1.81,-0.00318993
-0.714797,1.99,-0.0499414
-0.714797,2.17,-0.0745248
-0.714797,2.35,-0.0185907
-0.714797,2.53,0.0678701
-0.714797,2.71,0.0057021
-0.714797,2.89,-0.00364983
-0.714797,3.07,0.0135124
-0.714797,3.25,0.0386504
-0.714797,3.43,0.0709934
-0.714797,3.61,-0.166326
-0.714797,3.79,-0.817635
-0.714797,3.97,-0.366065
-0.714797,4.15,-0.250683
-0.714797,4.33,-0.204061
-0.714797,4.51,-0.180085
-0.714797,4.69,-0.165524
-0.714797,4.87,-0.154392
-0.714797,5.05,-0.142422
-0.714797,5.23,-0.124637
-0.714797,5.41,-0.093407
-0.714797,5.59,-0.0372027
-0.714797,5.77,0.0563622
-0.714797,5.95,0.184566
-0.714797,6.13,0.3074
-0.714797,6.31,0.373299
-0.714797,6.49,0.376357
-0.714797,6.67,0.345565
-0.714797,6.85,0.305648
-0.714797,7.03,0.267844
-0.714797,7.21,0.235509
-0.714797,7.39,0.20876
-0.714797,7.57,0.186815
-0.714797,7.75,0.168779
-0.714797,7.93,0.153861
-0.714797,8.11,0.141483
-0.714797,8.29,0.131077
-0.714797,8.47,0.122257
-0.714797,8.65,0.114723
-0.714797,8.83,0.108244
-0.714797,9.01,0.102602
-0.714797,9.19,0.0976623
-0.714797,9.37,0.0933458
-0.714797,9.55,0.0895593
-0.714797,9.73,0.0862276
-0.714797,9.91,0.0832895
-0.707509,1.09,0
-0.707509,1.27,0
-0.707509,1.45,0
-0.707509,1.63,0
-0.707509,1.81,0
-0.707509,1.99,0
-0.707509,2.17,0
-0.707509,2.35,0
-0.707509,2.53,0
-0.707509,2.71,0
-0.707509,2.89,0
-0.707509,3.07,0
-0.707509,3.25,0
-0.707509,3.43,0
-0.707509,3.61,0
-0.707509,3.79,0
-0.707509,3.97,0
-0.707509,4.15,0
-0.707509,4.33,0
-0.707509,4.51,0
-0.707509,4.69,0
-0.707509,4.87,0
-0.707509,5.05,0
-0.707509,5.23,0
-0.707509,5.41,0
-0.707509,5.59,0
-0.707509,5.77,0
-0.707509,5.95,0
-0.707509,6.13,0
-0.707509,6.31,0
-0.707509,6.49,0
-0.707509,6.67,0
-0.707509,6.85,0
-0.707509,7.03,0
-0.707509,7.21,0
-0.707509,7.39,0
-0.707509,7.57,0
-0.707509,7.75,0
-0.707509,7.93,0
-0.707509,8.11,0
-0.707509,8.29,0
-0.707509,8.47,0
-0.707509,8.65,0
-0.707509,8.83,0
-0.707509,9.01,0
-0.707509,9.19,0
-0.707509,9.37,0
-0.707509,9.55,0
-0.707509,9.73,0
-0.707509,9.91,0
-0.700221,1.09,0
-0.700221,1.27,0
-0.700221,1.45,0
-0.700221,1.63,0
-0.700221,1.81,0
-0.700221,1.99,0
-0.700221,2.17,0
-0.700221,2.35,0
-0.700221,2.53,0
-0.700221,2.71,0
-0.700221,2.89,0
-0.700221,3.07,0
-0.700221,3.25,0
-0.700221,3.43,0
-0.700221,3.61,0
-0.700221,3.79,0
-0.700221,3.97,0
-0.700221,4.15,0
-0.700221,4.33,0
-0.700221,4.51,0
-0.700221,4.69,0
-0.700221,4.87,0
-0.700221,5.05,0
-0.700221,5.23,0
-0.700221,5.41,0
-0.700221,5.59,0
-0.700221,5.77,0
-0.700221,5.95,0
-0.700221,6.13,0
-0.700221,6.31,0
-0.700221,6.49,0
-0.700221,6.67,0
-0.700221,6.85,0
-0.700221,7.03,0
-0.700221,7.21,0
-0.700221,7.39,0
-0.700221,7.57,0
-0.700221,7.75,0
-0.700221,7.93,0
-0.700221,8.11,0
-0.700221,8.29,0
-0.700221,8.47,0
-0.700221,8.65,0
-0.700221,8.83,0
-0.700221,9.01,0
-0.700221,9.19,0
-0.700221,9.37,0
-0.700221,9.55,0
-0.700221,9.73,0
-0.700221,9.91,0
-0.692933,1.09,0
-0.692933,1.27,0
-0.692933,1.45,0
-0.692933,1.63,0
-0.692933,1.81,0
-0.692933,1.99,0
-0.692933,2.17,0
-0.692933,2.35,0
-0.692933,2.53,0
-0.692933,2.71,0
-0.692933,2.89,0
-0.692933,3.07,0
-0.692933,3.25,0
-0.692933,3.43,0
-0.692933,3.61,0
-0.692933,3.79,0
-0.692933,3.97,0
-0.692933,4.15,0
-0.692933,4.33,0
-0.692933,4.51,0
-0.692933,4.69,0
-0.692933,4.87,0
-0.692933,5.05,0
-0.692933,5.23,0
-0.692933,5.41,0
-0.692933,5.59,0
-0.692933,5.77,0
-0.692933,5.95,0
-0.692933,6.13,0
-0.692933,6.31,0
-0.692933,6.49,0
-0.692933,6.67,0
-0.692933,6.85,0
-0.692933,7.03,0
-0.692933,7.21,0
-0.692933,7.39,0
-0.692933,7.57,0
-0.692933,7.75,0
-0.692933,7.93,0
-0.692933,8.11,0
-0.692933,8.29,0
-0.692933,8.47,0
-0.692933,8.65,0
-0.692933,8.83,0
-0.692933,9.01,0
-0.692933,9.19,0
-0.692933,9.37,0
-0.692933,9.55,0
-0.692933,9.73,0
-0.692933,9.91,0
-0.685645,1.09,0
-0.685645,1.27,0
-0.685645,1.45,0
-0.685645,1.63,0
-0.685645,1.81,0
-0.685645,1.99,0
-0.685645,2.17,0
-0.685645,2.35,0
-0.685645,2.53,0
-0.685645,2.71,0
-0.685645,2.89,0
-0.685645,3.07,0
-0.685645,3.25,0
-0.685645,3.43,0
-0.685645,3.61,0
-0.685645,3.79,0
-0.685645,3.97,0
-0.685645,4.15,0
-0.685645,4.33,0
-0.685645,4.51,0
-0.685645,4.69,0
-0.685645,4.87,0
-0.685645,5.05,0
-0.685645,5.23,0
-0.685645,5.41,0
-0.685645,5.59,0
-0.685645,5.77,0
-0.685645,5.95,0
-0.685645,6.13,0
-0.685645,6.31,0
-0.685645,6.49,0
-0.685645,6.67,0
-0.685645,6.85,0
-0.685645,7.03,0
-0.685645,7.21,0
-0.685645,7.39,0
-0.685645,7.57,0
-0.685645,7.75,0
-0.685645,7.93,0
-0.685645,8.11,0
-0.685645,8.29,0
-0.685645,8.47,0
-0.685645,8.65,0
-0.685645,8.83,0
-0.685645,9.01,0
-0.685645,9.19,0
-0.685645,9.37,0
-0.685645,9.55,0
-0.685645,9.73,0
-0.685645,9.91,0
-0.678356,1.09,0
-0.678356,1.27,0
-0.678356,1.45,0
-0.678356,1.63,0
-0.678356,1.81,0
-0.678356,1.99,0
-0.678356,2.17,0
-0.678356,2.35,0
-0.678356,2.53,0
-0.678356,2.71,0
-0.678356,2.89,0
-0.678356,3.07,0
-0.678356,3.25,0
-0.678356,3.43,0
-0.678356,3.61,0
-0.678356,3.79,0
-0.678356,3.97,0
-0.678356,4.15,0
-0.678356,4.33,0
-0.678356,4.51,0
-0.678356,4.69,0
-0.678356,4.87,0
-0.678356,5.05,0
-0.678356,5.23,0
-0.678356,5.41,0
-0.678356,5.59,0
-0.678356,5.77,0
-0.678356,5.95,0
-0.678356,6.13,0
-0.678356,6.31,0
-0.678356,6.49,0
-0.678356,6.67,0
-0.678356,6.85,0
-0.678356,7.03,0
-0.678356,7.21,0
-0.678356,7.39,0
-0.678356,7.57,0
-0.678356,7.75,0
-0.678356,7.93,0
-0.678356,8.11,0
-0.678356,8.29,0
-0.678356,8.47,0
-0.678356,8.65,0
-0.678356,8.83,0
-0.678356,9.01,0
-0.678356,9.19,0
-0.678356,9.37,0
-0.678356,9.55,0
-0.678356,9.73,0
-0.678356,9.91,0
-0.671068,1.09,0
-0.671068,1.27,0
-0.671068,1.45,0
-0.671068,1.63,0
-0.671068,1.81,0
-0.671068,1.99,0
-0.671068,2.17,0
-0.671068,2.35,0
-0.671068,2.53,0
-0.671068,2.71,0
-0.671068,2.89,0
-0.671068,3.07,0
-0.671068,3.25,0
-0.671068,3.43,0
-0.671068,3.61,0
-0.671068,3.79,0
-0.671068,3.97,0
-0.671068,4.15,0
-0.671068,4.33,0
-0.671068,4.51,0
-0.671068,4.69,0
-0.671068,4.87,0
-0.671068,5.05,0
-0.671068,5.23,0
-0.671068,5.41,0
-0.671068,5.59,0
-0.671068,5.77,0
-0.671068,5.95,0
-0.671068,6.13,0
-0.671068,6.31,0
-0.671068,6.49,0
-0.671068,6.67,0
-0.671068,6.85,0
-0.671068,7.03,0
-0.671068,7.21,0
-0.671068,7.39,0
-0.671068,7.57,0
-0.671068,7.75,0
-0.671068,7.93,0
-0.671068,8.11,0
-0.671068,8.29,0
-0.671068,8.47,0
-0.671068,8.65,0
-0.671068,8.83,0
-0.671068,9.01,0
-0.671068,9.19,0
-0.671068,9.37,0
-0.671068,9.55,0
-0.671068,9.73,0
-0.671068,9.91,0
-0.66378,1.09,0
-0.66378,1.27,0
-0.66378,1.45,0
-0.66378,1.63,0
-0.66378,1.81,0
-0.66378,1.99,0
-0.66378,2.17,0
-0.66378,2.35,0
-0.66378,2.53,0
-0.66378,2.71,0
-0.66378,2.89,0
-0.66378,3.07,0
-0.66378,3.25,0
-0.66378,3.43,0
-0.66378,3.61,0
-0.66378,3.79,0
-0.66378,3.97,0
-0.66378,4.15,0
-0.66378,4.33,0
-0.66378,4.51,0
-0.66378,4.69,0
-0.66378,4.87,0
-0.66378,5.05,0
-0.66378,5.23,0
-0.66378,5.41,0
-0.66378,5.59,0
-0.66378,5.77,0
-0.66378,5.95,0
-0.66378,6.13,0
-0.66378,6.31,0
-0.66378,6.49,0
-0.66378,6.67,0
-0.66378,6.85,0
-0.66378,7.03,0
-0.66378,7.21,0
-0.66378,7.39,0
-0.66378,7.57,0
-0.66378,7.75,0
-0.66378,7.93,0
-0.66378,8.11,0
-0.66378,8.29,0
-0.66378,8.47,0
-0.66378,8.65,0
-0.66378,8.83,0
-0.66378,9.01,0
-0.66378,9.19,0
-0.66378,9.37,0
-0.66378,9.55,0
-0.66378,9.73,0
-0.66378,9.91,0
-0.656492,1.09,0
-0.656492,1.27,0
-0.656492,1.45,0
-0.656492,1.63,0
-0.656492,1.81,0
-0.656492,1.99,0
-0.656492,2.17,0
-0.656492,2.35,0
-0.656492,2.53,0
-0.656492,2.71,0
-0.656492,2.89,0
-0.656492,3.07,0
-0.656492,3.25,0
-0.656492,3.43,0
-0.656492,3.61,0
-0.656492,3.79,0
-0.656492,3.97,0
-0.656492,4.15,0
-0.656492,4.33,0
-0.656492,4.51,0
-0.656492,4.69,0
-0.656492,4.87,0
-0.656492,5.05,0
-0.656492,5.23,0
-0.656492,5.41,0
-0.656492,5.59,0
-0.656492,5.77,0
-0.656492,5.95,0
-0.656492,6.13,0
-0.656492,6.31,0
-0.656492,6.49,0
-0.656492,6.67,0
-0.656492,6.85,0
-0.656492,7.03,0
-0.656492,7.21,0
-0.656492,7.39,0
-0.656492,7.57,0
-0.656492,7.75,0
-0.656492,7.93,0
-0.656492,8.11,0
-0.656492,8.29,0
-0.656492,8.47,0
-0.656492,8.65,0
-0.656492,8.83,0
-0.656492,9.01,0
-0.656492,9.19,0
-0.656492,9.37,0
-0.656492,9.55,0
-0.656492,9.73,0
-0.656492,9.91,0
-0.649204,1.09,0
-0.649204,1.27,0
-0.649204,1.45,0
-0.649204,1.63,0
-0.649204,1.81,0
-0.649204,1.99,0
-0.649204,2.17,0
-0.649204,2.35,0
-0.649204,2.53,0
-0.649204,2.71,0
-0.649204,2.89,0
-0.649204,3.07,0
-0.649204,3.25,0
-0.649204,3.43,0
-0.649204,3.61,0
-0.649204,3.79,0
-0.649204,3.97,0
-0.649204,4.15,0
-0.649204,4.33,0
-0.649204,4.51,0
-0.649204,4.69,0
-0.649204,4.87,0
-0.649204,5.05,0
-0.649204,5.23,0
-0.649204,5.41,0
-0.649204,5.59,0
-0.649204,5.77,0
-0.649204,5.95,0
-0.649204,6.13,0
-0.649204,6.31,0
-0.649204,6.49,0
-0.649204,6.67,0
-0.649204,6.85,0
-0.649204,7.03,0
-0.649204,7.21,0
-0.649204,7.39,0
-0.649204,7.57,0
-0.649204,7.75,0
-0.649204,7.93,0
-0.649204,8.11,0
-0.649204,8.29,0
-0.649204,8.47,0
-0.649204,8.65,0
-0.649204,8.83,0
-0.649204,9.01,0
-0.649204,9.19,0
-0.649204,9.37,0
-0.649204,9.55,0
-0.649204,9.73,0
-0.649204,9.91,0
-0.641916,1.09,0
-0.641916,1.27,0
-0.641916,1.45,0
-0.641916,1.63,0
-0.641916,1.81,0
-0.641916,1.99,0
-0.641916,2.17,0
-0.641916,2.35,0
-0.641916,2.53,0
-0.641916,2.71,0
-0.641916,2.89,0
-0.641916,3.07,0
-0.641916,3.25,0
-0.641916,3.43,0
-0.641916,3.61,0
-0.641916,3.79,0
-0.641916,3.97,0
-0.641916,4.15,0
-0.641916,4.33,0
-0.641916,4.51,0
-0.641916,4.69,0
-0.641916,4.87,0
-0.641916,5.05,0
-0.641916,5.23,0
-0.641916,5.41,0
-0.641916,5.59,0
-0.641916,5.77,0
-0.641916,5.95,0
-0.641916,6.13,0
-0.641916,6.31,0
-0.641916,6.49,0
-0.641916,6.67,0
-0.641916,6.85,0
-0.641916,7.03,0
-0.641916,7.21,0
-0.641916,7.39,0
-0.641916,7.57,0
-0.641916,7.75,0
-0.641916,7.93,0
-0.641916,8.11,0
-0.641916,8.29,0
-0.641916,8.47,0
-0.641916,8.65,0
-0.641916,8.83,0
-0.641916,9.01,0
-0.641916,9.19,0
-0.641916,9.37,0
-0.641916,9.55,0
-0.641916,9.73,0
-0.641916,9.91,0
-0.634628,1.09,0
-0.634628,1.27,0
-0.634628,1.45,0
-0.634628,1.63,0
-0.634628,1.81,0
-0.634628,1.99,0
-0.634628,2.17,0
-0.634628,2.35,0
-0.634628,2.53,0
-0.634628,2.71,0
-0.634628,2.89,0
-0.634628,3.07,0
-0.634628,3.25,0
-0.634628,3.43,0
-0.634628,3.61,0
-0.634628,3.79,0
-0.634628,3.97,0
-0.634628,4.15,0
-0.634628,4.33,0
-0.634628,4.51,0
-0.634628,4.69,0
-0.634628,4.87,0
-0.634628,5.05,0
-0.634628,5.23,0
-0.634628,5.41,0
-0.634628,5.59,0
-0.634628,5.77,0
-0.634628,5.95,0
-0.634628,6.13,0
-0.634628,6.31,0
-0.634628,6.49,0
-0.634628,6.67,0
-0.634628,6.85,0
-0.634628,7.03,0
-0.634628,7.21,0
-0.634628,7.39,0
-0.634628,7.57,0
-0.634628,7.75,0
-0.634628,7.93,0
-0.634628,8.11,0
-0.634628,8.29,0
-0.634628,8.47,0
-0.634628,8.65,0
-0.634628,8.83,0
-0.634628,9.01,0
-0.634628,9.19,0
-0.634628,9.37,0
-0.634628,9.55,0
-0.634628,9.73,0
-0.634628,9.91,0
-0.62734,1.09,0
-0.62734,1.27,0
-0.62734,1.45,0
-0.62734,1.63,0
-0.62734,1.81,0
-0.62734,1.99,0
-0.62734,2.17,0
-0.62734,2.35,0
-0.62734,2.53,0
-0.62734,2.71,0
-0.62734,2.89,0
-0.62734,3.07,0
-0.62734,3.25,0
-0.62734,3.43,0
-0.62734,3.61,0
-0.62734,3.79,0
-0.62734,3.97,0
-0.62734,4.15,0
-0.62734,4.33,0
-0.62734,4.51,0
-0.62734,4.69,0
-0.62734,4.87,0
-0.62734,5.05,0
-0.62734,5.23,0
-0.62734,5.41,0
-0.62734,5.59,0
-0.62734,5.77,0
-0.62734,5.95,0
-0.62734,6.13,0
-0.62734,6.31,0
-0.62734,6.49,0
-0.62734,6.67,0
-0.62734,6.85,0
-0.62734,7.03,0
-0.62734,7.21,0
-0.62734,7.39,0
-0.62734,7.57,0
-0.62734,7.75,0
-0.62734,7.93,0
-0.62734,8.11,0
-0.62734,8.29,0
-0.62734,8.47,0
-0.62734,8.65,0
-0.62734,8.83,0
-0.62734,9.01,0
-0.62734,9.19,0
-0.62734,9.37,0
-0.62734,9.55,0
-0.62734,9.73,0
-0.62734,9.91,0
