-0.984455,1.09,0
-0.984455,1.27,0
-0.984455,1.45,0
-0.984455,1.63,0
-0.984455,1.81,0
-0.984455,1.99,0
-0.984455,2.17,0
-0.984455,2.35,0
-0.984455,2.53,0
-0.984455,2.71,0
-0.984455,2.89,0
-0.984455,3.07,0
-0.984455,3.25,0
-0.984455,3.43,0
-0.984455,3.61,0
-0.984455,3.79,0
-0.984455,3.97,0
-0.984455,4.15,0
-0.984455,4.33,0
-0.984455,4.51,0
-0.984455,4.69,0
-0.984455,4.87,0
-0.984455,5.05,0
-0.984455,5.23,0
-0.984455,5.41,0
-0.984455,5.59,0
-0.984455,5.77,0
-0.984455,5.95,0
-0.984455,6.13,0
-0.984455,6.31,0
-0.984455,6.49,0
-0.984455,6.67,0
-0.984455,6.85,0
-0.984455,7.03,0
-0.984455,7.21,0
-0.984455,7.39,0
-0.984455,7.57,0
-0.984455,7.75,0
-0.984455,7.93,0
-0.984455,8.11,0
-0.984455,8.29,0
-0.984455,8.47,0
-0.984455,8.65,0
-0.984455,8.83,0
-0.984455,9.01,0
-0.984455,9.19,0
-0.984455,9.37,0
-0.984455,9.55,0
-0.984455,9.73,0
-0.984455,9.91,0
-0.977166,1.09,0
-0.977166,1.27,0
-0.977166,1.45,0
-0.977166,1.63,0
-0.977166,1.81,0
-0.977166,1.99,0
-0.977166,2.17,0
-0.977166,2.35,0
-0.977166,2.53,0
-0.977166,2.71,0
-0.977166,2.89,0
-0.977166,3.07,0
-0.977166,3.25,0
-0.977166,3.43,0
-0.977166,3.61,0
-0.977166,3.79,0
-0.977166,3.97,0
-0.977166,4.15,0
-0.977166,4.33,0
-0.977166,4.51,0
-0.977166,4.69,0
-0.977166,4.87,0
-0.977166,5.05,0
-0.977166,5.23,0
-0.977166,5.41,0
-0.977166,5.59,0
-0.977166,5.77,0
-0.977166,5.95,0
-0.977166,6.13,0
-0.977166,6.31,0
-0.977166,6.49,0
-0.977166,6.67,0
-0.977166,6.85,0
-0.977166,7.03,0
-0.977166,7.21,0
-0.977166,7.39,0
-0.977166,7.57,0
-0.977166,7.75,0
-0.977166,7.93,0
-0.977166,8.11,0
-0.977166,8.29,0
-0.977166,8.47,0
-0.977166,8.65,0
-0.977166,8.83,0
-0.977166,9.01,0
-0.977166,9.19,0
-0.977166,9.37,0
-0.977166,9.55,0
-0.977166,9.73,0
-0.977166,9.91,0
-0.969878,1.09,0
-0.969878,1.27,0
-0.969878,1.45,0
-0.969878,1.63,0
-0.969878,1.81,0
-0.969878,1.99,0
-0.969878,2.17,0
-0.969878,2.35,0
-0.969878,2.53,0
-0.969878,2.71,0
-0.969878,2.89,0
-0.969878,3.07,0
-0.969878,3.25,0
-0.969878,3.43,0
-0.969878,3.61,0
-0.969878,3.79,0
-0.969878,3.97,0
-0.969878,4.15,0
-0.969878,4.33,0
-0.969878,4.51,0
-0.969878,4.69,0
-0.969878,4.87,0
-0.969878,5.05,0
-0.969878,5.23,0
-0.969878,5.41,0
-0.969878,5.59,0
-0.969878,5.77,0
-0.969878,5.95,0
-0.969878,6.13,0
-0.969878,6.31,0
-0.969878,6.49,0
-0.969878,6.67,0
-0.969878,6.85,0
-0.969878,7.03,0
-0.969878,7.21,0
-0.969878,7.39,0
-0.969878,7.57,0
-0.969878,7.75,0
-0.969878,7.93,0
-0.969878,8.11,0
-0.969878,8.29,0
-0.969878,8.47,0
-0.969878,8.65,0
-0.969878,8.83,0
-0.969878,9.01,0
-0.969878,9.19,0
-0.969878,9.37,0
-0.969878,9.55,0
-0.969878,9.73,0
-0.969878,9.91,0
-0.96259,1.09,0
-0.96259,1.27,0
-0.96259,1.45,0
-0.96259,1.63,0
-0.96259,1.81,0
-0.96259,1.99,0
-0.96259,2.17,0
-0.96259,2.35,0
-0.96259,2.53,0
-0.96259,2.71,0
-0.96259,2.89,0
-0.96259,3.07,0
-0.96259,3.25,0
-0.96259,3.43,0
-0.96259,3.61,0
-0.96259,3.79,0
-0.96259,3.97,0
-0.96259,4.15,0
-0.96259,4.33,0
-0.96259,4.51,0
-0.96259,4.69,0
-0.96259,4.87,0
-0.96259,5.05,0
-0.96259,5.23,0
-0.96259,5.41,0
-0.96259,5.59,0
-0.96259,5.77,0
-0.96259,5.95,0
-0.96259,6.13,0
-0.96259,6.31,0
-0.96259,6.49,0
-0.96259,6.67,0
-0.96259,6.85,0
-0.96259,7.03,0
-0.96259,7.21,0
-0.96259,7.39,0
-0.96259,7.57,0
-0.96259,7.75,0
-0.96259,7.93,0
-0.96259,8.11,0
-0.96259,8.29,0
-0.96259,8.47,0
-0.96259,8.65,0
-0.96259,8.83,0
-0.96259,9.01,0
-0.96259,9.19,0
-0.96259,9.37,0
-0.96259,9.55,0
-0.96259,9.73,0
-0.96259,9.91,0
-0.955302,1.09,0
-0.955302,1.27,0
-0.955302,1.45,0
-0.955302,1.63,0
-0.955302,1.81,0
-0.955302,1.99,0
-0.955302,2.17,0
-0.955302,2.35,0
-0.955302,2.53,0
-0.955302,2.71,0
-0.955302,2.89,0
-0.955302,3.07,0
-0.955302,3.25,0
-0.955302,3.43,0
-0.955302,3.61,0
-0.955302,3.79,0
-0.955302,3.97,0
-0.955302,4.15,0
-0.955302,4.33,0
-0.955302,4.51,0
-0.955302,4.69,0
-0.955302,4.87,0
-0.955302,5.05,0
-0.955302,5.23,0
-0.955302,5.41,0
-0.955302,5.59,0
-0.955302,5.77,0
-0.955302,5.95,0
-0.955302,6.13,0
-0.955302,6.31,0
-0.955302,6.49,0
-0.955302,6.67,0
-0.955302,6.85,0
-0.955302,7.03,0
-0.955302,7.21,0
-0.955302,7.39,0
-0.955302,7.57,0
-0.955302,7.75,0
-0.955302,7.93,0
-0.955302,8.11,0
-0.955302,8.29,0
-0.955302,8.47,0
-0.955302,8.65,0
-0.955302,8.83,0
-0.955302,9.01,0
-0.955302,9.19,0
-0.955302,9.37,0
-0.955302,9.55,0
-0.955302,9.73,0
-0.955302,9.91,0
-0.948014,1.09,0
-0.948014,1.27,0
-0.948014,1.45,0
-0.948014,1.63,0
-0.948014,1.81,0
-0.948014,1.99,0
-0.948014,2.17,0
-0.948014,2.35,0
-0.948014,2.53,0
-0.948014,2.71,0
-0.948014,2.89,0
-0.948014,3.07,0
-0.948014,3.25,0
-0.948014,3.43,0
-0.948014,3.61,0
-0.948014,3.79,0
-0.948014,3.97,0
-0.948014,4.15,0
-0.948014,4.33,0
-0.948014,4.51,0
-0.948014,4.69,0
-0.948014,4.87,0
-0.948014,5.05,0
-0.948014,5.23,0
-0.948014,5.41,0
-0.948014,5.59,0
-0.948014,5.77,0
-0.948014,5.95,0
-0.948014,6.13,0
-0.948014,6.31,0
-0.948014,6.49,0
-0.948014,6.67,0
-0.948014,6.85,0
-0.948014,7.03,0
-0.948014,7.21,0
-0.948014,7.39,0
-0.948014,7.57,0
-0.948014,7.75,0
-0.948014,7.93,0
-0.948014,8.11,0
-0.948014,8.29,0
-0.948014,8.47,0
-0.948014,8.65,0
-0.948014,8.83,0
-0.948014,9.01,0
-0.948014,9.19,0
-0.948014,9.37,0
-0.948014,9.55,0
-0.948014,9.73,0
-0.948014,9.91,0
-0.940726,1.09,0
-0.940726,1.27,0
-0.940726,1.45,0
-0.940726,1.63,0
-0.940726,1.81,0
-0.940726,1.99,0
-0.940726,2.17,0
-0.940726,2.35,0
-0.940726,2.53,0
-0.940726,2.71,0
-0.940726,2.89,0
-0.940726,3.07,0
-0.940726,3.25,0
-0.940726,3.43,0
-0.940726,3.61,0
-0.940726,3.79,0
-0.940726,3.97,0
-0.940726,4.15,0
-0.940726,4.33,0
-0.940726,4.51,0
-0.940726,4.69,0
-0.940726,4.87,0
-0.940726,5.05,0
-0.940726,5.23,0
-0.940726,5.41,0
-0.940726,5.59,0
-0.940726,5.77,0
-0.940726,5.95,0
-0.940726,6.13,0
-0.940726,6.31,0
-0.940726,6.49,0
-0.940726,6.67,0
-0.940726,6.85,0
-0.940726,7.03,0
-0.940726,7.21,0
-0.940726,7.39,0
-0.940726,7.57,0
-0.940726,7.75,0
-0.940726,7.93,0
-0.940726,8.11,0
-0.940726,8.29,0
-0.940726,8.47,0
-0.940726,8.65,0
-0.940726,8.83,0
-0.940726,9.01,0
-0.940726,9.19,0
-0.940726,9.37,0
-0.940726,9.55,0
-0.940726,9.73,0
-0.940726,9.91,0
-0.933438,1.09,0
-0.933438,1.27,0
-0.933438,1.45,0
-0.933438,1.63,0
-0.933438,1.81,0
-0.933438,1.99,0
-0.933438,2.17,0
-0.933438,2.35,0
-0.933438,2.53,0
-0.933438,2.71,0
-0.933438,2.89,0
-0.933438,3.07,0
-0.933438,3.25,0
-0.933438,3.43,0
-0.933438,3.61,0
-0.933438,3.79,0
-0.933438,3.97,0
-0.933438,4.15,0
-0.933438,4.33,0
-0.933438,4.51,0
-0.933438,4.69,0
-0.933438,4.87,0
-0.933438,5.05,0
-0.933438,5.23,0
-0.933438,5.41,0
-0.933438,5.59,0
-0.933438,5.77,0
-0.933438,5.95,0
-0.933438,6.13,0
-0.933438,6.31,0
-0.933438,6.49,0
-0.933438,6.67,0
-0.933438,6.85,0
-0.933438,7.03,0
-0.933438,7.21,0
-0.933438,7.39,0
-0.933438,7.57,0
-0.933438,7.75,0
-0.933438,7.93,0
-0.933438,8.11,0
-0.933438,8.29,0
-0.933438,8.47,0
-0.933438,8.65,0
-0.933438,8.83,0
-0.933438,9.01,0
-0.933438,9.19,0
-0.933438,9.37,0
-0.933438,9.55,0
-0.933438,9.73,0
-0.933438,9.91,0
-0.92615,1.09,0
-0.92615,1.27,0
-0.92615,1.45,0
-0.92615,1.63,0
-0.92615,1.81,0
-0.92615,1.99,0
-0.92615,2.17,0
-0.92615,2.35,0
-0.92615,2.53,0
-0.92615,2.71,0
-0.92615,2.89,0
-0.92615,3.07,0
-0.92615,3.25,0
-0.92615,3.43,0
-0.92615,3.61,0
-0.92615,3.79,0
-0.92615,3.97,0
-0.92615,4.15,0
-0.92615,4.33,0
-0.92615,4.51,0
-0.92615,4.69,0
-0.92615,4.87,0
-0.92615,5.05,0
-0.92615,5.23,0
-0.92615,5.41,0
-0.92615,5.59,0
-0.92615,5.77,0
-0.92615,5.95,0
-0.92615,6.13,0
-0.92615,6.31,0
-0.92615,6.49,0
-0.92615,6.67,0
-0.92615,6.85,0
-0.92615,7.03,0
-0.92615,7.21,0
-0.92615,7.39,0
-0.92615,7.57,0
-0.92615,7.75,0
-0.92615,7.93,0
-0.92615,8.11,0
-0.92615,8.29,0
-0.92615,8.47,0
-0.92615,8.65,0
-0.92615,8.83,0
-0.92615,9.01,0
-0.92615,9.19,0
-0.92615,9.37,0
-0.92615,9.55,0
-0.92615,9.73,0
-0.92615,9.91,0
-0.918862,1.09,0
-0.918862,1.27,0
-0.918862,1.45,0
-0.918862,1.63,0
-0.918862,1.81,0
-0.918862,1.99,0
-0.918862,2.17,0
-0.918862,2.35,0
-0.918862,2.53,0
-0.918862,2.71,0
-0.918862,2.89,0
-0.918862,3.07,0
-0.918862,3.25,0
-0.918862,3.43,0
-0.918862,3.61,0
-0.918862,3.79,0
-0.918862,3.97,0
-0.918862,4.15,0
-0.918862,4.33,0
-0.918862,4.51,0
-0.918862,4.69,0
-0.918862,4.87,0
-0.918862,5.05,0
-0.918862,5.23,0
-0.918862,5.41,0
-0.918862,5.59,0
-0.918862,5.77,0
-0.918862,5.95,0
-0.918862,6.13,0
-0.918862,6.31,0
-0.918862,6.49,0
-0.918862,6.67,0
-0.918862,6.85,0
-0.918862,7.03,0
-0.918862,7.21,0
-0.918862,7.39,0
-0.918862,7.57,0
-0.918862,7.75,0
-0.918862,7.93,0
-0.918862,8.11,0
-0.918862,8.29,0
-0.918862,8.47,0
-0.918862,8.65,0
-0.918862,8.83,0
-0.918862,9.01,0
-0.918862,9.19,0
-0.918862,9.37,0
-0.918862,9.55,0
-0.918862,9.73,0
-0.918862,9.91,0
-0.911574,1.09,0.0100557
-0.911574,1.27,-0.0242825
-0.911574,1.45,-0.00148987
-0.911574,1.63,0.00220329
-0.911574,1.81,-0.0144345
-0.911574,1.99,-0.00712244
-0.911574,2.17,-0.00727617
-0.911574,2.35,-0.0103275
-0.911574,2.53,-0.00323009
-0.911574,2.71,0.00229364
-0.911574,2.89,0.00697233
-0.911574,3.07,0.00810593
-0.911574,3.25,0.00644586
-0.911574,3.43,0.00541276
-0.911574,3.61,0.00455095
-0.911574,3.79,0.00112605
-0.911574,3.97,-0.00599539
-0.911574,4.15,-0.0157376
-0.911574,4.33,-0.0259649
-0.911574,4.51,-0.0343925
-0.911574,4.69,-0.039012
-0.911574,4.87,-0.0383261
-0.911574,5.05,-0.0318669
-0.911574,5.23,-0.0205233
-0.911574,5.41,-0.0063899
-0.911574,5.59,0.00781716
-0.911574,5.77,0.0197811
-0.911574,5.95,0.0282852
-0.911574,6.13,0.033155
-0.911574,6.31,0.0348564
-0.911574,6.49,0.0341132
-0.911574,6.67,0.0316285
-0.911574,6.85,0.0280003
-0.911574,7.03,0.023687
-0.911574,7.21,0.0190385
-0.911574,7.39,0.0142669
-0.911574,7.57,0.00952611
-0.911574,7.75,0.00492583
-0.911574,7.93,0.000538379
-0.911574,8.11,-0.00359641
-0.911574,8.29,-0.00745545
-0.911574,8.47,-0.0110207
-0.911574,8.65,-0.0142829
-0.911574,8.83,-0.0172395
-0.911574,9.01,-0.0198843
-0.911574,9.19,-0.0222213
-0.911574,9.37,-0.0242641
-0.911574,9.55,-0.0260225
-0.911574,9.73,-0.0275078
-0.911574,9.91,-0.0287324
-0.904286,1.09,0.0110777
-0.904286,1.27,-0.073664
-0.904286,1.45,-0.00295903
-0.904286,1.63,-0.00141263
-0.904286,1.81,-0.0653722
-0.904286,1.99,-0.0211589
-0.904286,2.17,-0.0205763
-0.904286,2.35,-0.0427173
-0.904286,2.53,-0.023143
-0.904286,2.71,0.00451536
-0.904286,2.89,0.0237281
-0.904286,3.07,0.0225324
-0.904286,3.25,0.0154172
-0.904286,3.43,0.0204763
-0.904286,3.61,0.0286987
-0.904286,3.79,0.0215859
-0.904286,3.97,-0.00758814
-0.904286,4.15,-0.0527601
-0.904286,4.33,-0.103157
-0.904286,4.51,-0.148529
-0.904286,4.69,-0.18062
-0.904286,4.87,-0.192949
-0.904286,5.05,-0.181755
-0.904286,5.23,-0.147157
-0.904286,5.41,-0.09374
-0.904286,5.59,-0.0306344
-0.904286,5.77,0.0314319
-0.904286,5.95,0.0837504
-0.904286,6.13,0.121784
-0.904286,6.31,0.144868
-0.904286,6.49,0.154889
-0.904286,6.67,0.154563
-0.904286,6.85,0.146729
-0.904286,7.03,0.133817
-0.904286,7.21,0.117841
-0.904286,7.39,0.100064
-0.904286,7.57,0.0814293
-0.904286,7.75,0.0626348
-0.904286,7.93,0.0441566
-0.904286,8.11,0.0263424
-0.904286,8.29,0.00932512
-0.904286,8.47,-0.00676025
-0.904286,8.65,-0.0218287
-0.904286,8.83,-0.035833
-0.904286,9.01,-0.0487386
-0.904286,9.19,-0.0605374
-0.904286,9.37,-0.0712513
-0.904286,9.55,-0.0809023
-0.904286,9.73,-0.0895195
-0.904286,9.91,-0.0971368
-0.896998,1.09,-0.000813128
-0.896998,1.27,-0.0575559
-0.896998,1.45,-0.0206149
-0.896998,1.63,-0.0160749
-0.896998,1.81,-0.0797991
-0.896998,1.99,-0.0200824
-0.896998,2.17,-0.0143131
-0.896998,2.35,-0.0737325
-0.896998,2.53,-0.053566
-0.896998,2.71,-0.00240766
-0.896998,2.89,0.0227605
-0.896998,3.07,0.0119164
-0.896998,3.25,0.00627558
-0.896998,3.43,0.032995
-0.896998,3.61,0.0650954
-0.896998,3.79,0.0643928
-0.896998,3.97,0.0188068
-0.896998,4.15,-0.058754
-0.896998,4.33,-0.148341
-0.896998,4.51,-0.233057
-0.896998,4.69,-0.300693
-0.896998,4.87,-0.341776
-0.896998,5.05,-0.349444
-0.896998,5.23,-0.320277
-0.896998,5.41,-0.255432
-0.896998,5.59,-0.1632
-0.896998,5.77,-0.0575268
-0.896998,5.95,0.0455903
-0.896998,6.13,0.133599
-0.896998,6.31,0.19974
-0.896998,6.49,0.242991
-0.896998,6.67,0.265528
-0.896998,6.85,0.271315
-0.896998,7.03,0.264538
-0.896998,7.21,0.249194
-0.896998,7.39,0.227945
-0.896998,7.57,0.202903
-0.896998,7.75,0.175718
-0.896998,7.93,0.147572
-0.896998,8.11,0.119424
-0.896998,8.29,0.0916553
-0.896998,8.47,0.0646591
-0.896998,8.65,0.0387107
-0.896998,8.83,0.0139925
-0.896998,9.01,-0.00937621
-0.896998,9.19,-0.0313175
-0.896998,9.37,-0.0517977
-0.896998,9.55,-0.070807
-0.896998,9.73,-0.0883532
-0.896998,9.91,-0.104456
-0.88971,1.09,0.0454344
-0.88971,1.27,-0.0221378
-0.88971,1.45,-0.0574687
-0.88971,1.63,-0.0262941
-0.88971,1.81,-0.0323014
-0.88971,1.99,-0.0162691
-0.88971,2.17,0.00595072
-0.88971,2.35,-0.108542
-0.88971,2.53,-0.0867806
-0.88971,2.71,-0.0169083
-0.88971,2.89,0.00195083
-0.88971,3.07,-0.0174054
-0.88971,3.25,-0.00851049
-0.88971,3.43,0.0495031
-0.88971,3.61,0.110477
-0.88971,3.79,0.121371
-0.88971,3.97,0.0669424
-0.88971,4.15,-0.0335886
-0.88971,4.33,-0.153384
-0.88971,4.51,-0.271502
-0.88971,4.69,-0.374048
-0.88971,4.87,-0.450467
-0.88971,5.05,-0.492121
-0.88971,5.23,-0.492274
-0.88971,5.41,-0.446783
-0.88971,5.59,-0.358075
-0.88971,5.77,-0.235968
-0.88971,5.95,-0.097613
-0.88971,6.13,0.0386896
-0.88971,6.31,0.158155
-0.88971,6.49,0.252573
-0.88971,6.67,0.319333
-0.88971,6.85,0.360274
-0.88971,7.03,0.379443
-0.88971,7.21,0.382037
-0.88971,7.39,0.371931
-0.88971,7.57,0.352523
-0.88971,7.75,0.3267
-0.88971,7.93,0.296675
-0.88971,8.11,0.264357
-0.88971,8.29,0.230638
-0.88971,8.47,0.196397
-0.88971,8.65,0.16229
-0.88971,8.83,0.128788
-0.88971,9.01,0.0962272
-0.88971,9.19,0.064851
-0.88971,9.37,0.0348289
-0.88971,9.55,0.00627225
-0.88971,9.73,-0.0207479
-0.88971,9.91,-0.0461905
-0.882422,1.09,0.151337
-0.882422,1.27,-0.0207191
-0.882422,1.45,-0.0895944
-0.882422,1.63,-0.0222009
-0.882422,1.81,0.0645481
-0.882422,1.99,-0.0194274
-0.882422,2.17,0.0317486
-0.882422,2.35,-0.145727
-0.882422,2.53,-0.110824
-0.882422,2.71,-0.0344451
-0.882422,2.89,-0.0328032
-0.882422,3.07,-0.0487695
-0.882422,3.25,-0.0123758
-0.882422,3.43,0.07429
-0.882422,3.61,0.156889
-0.882422,3.79,0.180642
-0.882422,3.97,0.128966
-0.882422,4.15,0.0219133
-0.882422,4.33,-0.112674
-0.882422,4.51,-0.253121
-0.882422,4.69,-0.385163
-0.882422,4.87,-0.497797
-0.882422,5.05,-0.58129
-0.882422,5.23,-0.626525
-0.882422,5.41,-0.624899
-0.882422,5.59,-0.572104
-0.882422,5.77,-0.469824
-0.882422,5.95,-0.329648
-0.882422,6.13,-0.16884
-0.882422,6.31,-0.00635073
-0.882422,6.49,0.142005
-0.882422,6.67,0.265953
-0.882422,6.85,0.361056
-0.882422,7.03,0.427561
-0.882422,7.21,0.469297
-0.882422,7.39,0.489953
-0.882422,7.57,0.493506
-0.882422,7.75,0.483873
-0.882422,7.93,0.464388
-0.882422,8.11,0.438114
-0.882422,8.29,0.40677
-0.882422,8.47,0.371997
-0.882422,8.65,0.335085
-0.882422,8.83,0.297019
-0.882422,9.01,0.258565
-0.882422,9.19,0.220282
-0.882422,9.37,0.182585
-0.882422,9.55,0.145798
-0.882422,9.73,0.110161
-0.882422,9.91,0.0758511
-0.875134,1.09,0.25997
-0.875134,1.27,-0.0402243
-0.875134,1.45,-0.0967767
-0.875134,1.63,-0.0139312
-0.875134,1.81,0.164373
-0.875134,1.99,-0.0212285
-0.875134,2.17,0.0521994
-0.875134,2.35,-0.175998
-0.875134,2.53,-0.109927
-0.875134,2.71,-0.0426917
-0.875134,2.89,-0.0616418
-0.875134,3.07,-0.0557001
-0.875134,3.25,0.0123506
-0.875134,3.43,0.109279
-0.875134,3.61,0.194146
-0.875134,3.79,0.229425
-0.875134,3.97,0.197224
-0.875134,4.15,0.10743
-0.875134,4.33,-0.0202192
-0.875134,4.51,-0.166941
-0.875134,4.69,-0.318459
-0.875134,4.87,-0.462808
-0.875134,5.05,-0.588907
-0.875134,5.23,-0.685833
-0.875134,5.41,-0.742176
-0.875134,5.59,-0.74874
-0.875134,5.77,-0.699583
-0.875134,5.95,-0.597985
-0.875134,6.13,-0.454188
-0.875134,6.31,-0.284056
-0.875134,6.49,-0.105818
-0.875134,6.67,0.0649997
-0.875134,6.85,0.216435
-0.875134,7.03,0.341752
-0.875134,7.21,0.439638
-0.875134,7.39,0.510793
-0.875134,7.57,0.557627
-0.875134,7.75,0.583665
-0.875134,7.93,0.592583
-0.875134,8.11,0.588182
-0.875134,8.29,0.573052
-0.875134,8.47,0.5497
-0.875134,8.65,0.520217
-0.875134,8.83,0.486303
-0.875134,9.01,0.449396
-0.875134,9.19,0.410545
-0.875134,9.37,0.37054
-0.875134,9.55,0.33006
-0.875134,9.73,0.28964
-0.875134,9.91,0.249697
-0.867846,1.09,0.303119
-0.867846,1.27,-0.0318971
-0.867846,1.45,-0.0819803
-0.867846,1.63,-0.0166476
-0.867846,1.81,0.207611
-0.867846,1.99,0.00464879
-0.867846,2.17,0.0466837
-0.867846,2.35,-0.195628
-0.867846,2.53,-0.0838005
-0.867846,2.71,-0.0226075
-0.867846,2.89,-0.0426511
-0.867846,3.07,-0.00428569
-0.867846,3.25,0.0779886
-0.867846,3.43,0.154473
-0.867846,3.61,0.217989
-0.867846,3.79,0.261793
-0.867846,3.97,0.265311
-0.867846,4.15,0.217982
-0.867846,4.33,0.123186
-0.867846,4.51,-0.00648545
-0.867846,4.69,-0.157109
-0.867846,4.87,-0.315447
-0.867846,5.05,-0.469044
-0.867846,5.23,-0.606043
-0.867846,5.41,-0.714473
-0.867846,5.59,-0.783618
-0.867846,5.77,-0.80388
-0.867846,5.95,-0.77234
-0.867846,6.13,-0.691171
-0.867846,6.31,-0.568123
-0.867846,6.49,-0.416421
-0.867846,6.67,-0.249029
-0.867846,6.85,-0.0799915
-0.867846,7.03,0.0791259
-0.867846,7.21,0.220793
-0.867846,7.39,0.340811
-0.867846,7.57,0.437413
-0.867846,7.75,0.511071
-0.867846,7.93,0.563607
-0.867846,8.11,0.597785
-0.867846,8.29,0.616089
-0.867846,8.47,0.621168
-0.867846,8.65,0.615478
-0.867846,8.83,0.601193
-0.867846,9.01,0.580359
-0.867846,9.19,0.554488
-0.867846,9.37,0.524729
-0.867846,9.55,0.492163
-0.867846,9.73,0.45768
-0.867846,9.91,0.422001
-0.860558,1.09,0.26398
-0.860558,1.27,0.00049762
-0.860558,1.45,-0.0285548
-0.860558,1.63,-0.0253988
-0.860558,1.81,0.225741
-0.860558,1.99,0.0454729
-0.860558,2.17,0.0119036
-0.860558,2.35,-0.197397
-0.860558,2.53,-0.0567282
-0.860558,2.71,-0.00954704
-0.860558,2.89,-0.0118943
-0.860558,3.07,0.0638101
-0.860558,3.25,0.144506
-0.860558,3.43,0.182912
-0.860558,3.61,0.217349
-0.860558,3.79,0.274712
-0.860558,3.97,0.327745
-0.860558,4.15,0.338295
-0.860558,4.33,0.288356
-0.860558,4.51,0.183291
-0.860558,4.69,0.0381984
-0.860558,4.87,-0.13026
-0.860558,5.05,-0.306424
-0.860558,5.23,-0.476501
-0.860558,5.41,-0.628033
-0.860558,5.59,-0.750245
-0.860558,5.77,-0.832927
-0.860558,5.95,-0.870828
-0.860558,6.13,-0.861761
-0.860558,6.31,-0.807258
-0.860558,6.49,-0.714479
-0.860558,6.67,-0.589927
-0.860558,6.85,-0.444102
-0.860558,7.03,-0.288007
-0.860558,7.21,-0.132039
-0.860558,7.39,0.0165535
-0.860558,7.57,0.151967
-0.860558,7.75,0.270425
-0.860558,7.93,0.370146
-0.860558,8.11,0.450965
-0.860558,8.29,0.513681
-0.860558,8.47,0.5598
-0.860558,8.65,0.59118
-0.860558,8.83,0.609798
-0.860558,9.01,0.617891
-0.860558,9.19,0.617193
-0.860558,9.37,0.609062
-0.860558,9.55,0.594925
-0.860558,9.73,0.576017
-0.860558,9.91,0.553398
-0.85327,1.09,0.17753
-0.85327,1.27,0.027684
-0.85327,1.45,0.0436487
-0.85327,1.63,-0.0310163
-0.85327,1.81,0.222347
-0.85327,1.99,0.077272
-0.85327,2.17,-0.0321547
-0.85327,2.35,-0.171566
-0.85327,2.53,-0.0436794
-0.85327,2.71,-0.00944851
-0.85327,2.89,0.03171
-0.85327,3.07,0.142268
-0.85327,3.25,0.203824
-0.85327,3.43,0.191075
-0.85327,3.61,0.190042
-0.85327,3.79,0.260186
-0.85327,3.97,0.370601
-0.85327,4.15,0.454291
-0.85327,4.33,0.465831
-0.85327,4.51,0.398889
-0.85327,4.69,0.269228
-0.85327,4.87,0.098445
-0.85327,5.05,-0.0927723
-0.85327,5.23,-0.287467
-0.85327,5.41,-0.472218
-0.85327,5.59,-0.636587
-0.85327,5.77,-0.771269
-0.85327,5.95,-0.871024
-0.85327,6.13,-0.932482
-0.85327,6.31,-0.954236
-0.85327,6.49,-0.939431
-0.85327,6.67,-0.888695
-0.85327,6.85,-0.806864
-0.85327,7.03,-0.700299
-0.85327,7.21,-0.577591
-0.85327,7.39,-0.444582
-0.85327,7.57,-0.307562
-0.85327,7.75,-0.172561
-0.85327,7.93,-0.0444145
-0.85327,8.11,0.0733113
-0.85327,8.29,0.178379
-0.85327,8.47,0.26963
-0.85327,8.65,0.346791
-0.85327,8.83,0.41025
-0.85327,9.01,0.461158
-0.85327,9.19,0.500631
-0.85327,9.37,0.529625
-0.85327,9.55,0.549385
-0.85327,9.73,0.561133
-0.85327,9.91,0.566023
-0.845982,1.09,0.173547
-0.845982,1.27,0.0195944
-0.845982,1.45,0.0639634
-0.845982,1.63,-0.0119263
-0.845982,1.81,0.179801
-0.845982,1.99,0.0696648
-0.845982,2.17,-0.0440302
-0.845982,2.35,-0.125696
-0.845982,2.53,-0.0789584
-0.845982,2.71,-0.0334662
-0.845982,2.89,0.0781842
-0.845982,3.07,0.209971
-0.845982,3.25,0.236358
-0.845982,3.43,0.16338
-0.845982,3.61,0.107778
-0.845982,3.79,0.157909
-0.845982,3.97,0.302022
-0.845982,4.15,0.462744
-0.845982,4.33,0.564242
-0.845982,4.51,0.574507
-0.845982,4.69,0.499873
-0.845982,4.87,0.362866
-0.845982,5.05,0.188684
-0.845982,5.23,-0.00202162
-0.845982,5.41,-0.194178
-0.845982,5.59,-0.377244
-0.845982,5.77,-0.543122
-0.845982,5.95,-0.687056
-0.845982,6.13,-0.805877
-0.845982,6.31,-0.897468
-0.845982,6.49,-0.962811
-0.845982,6.67,-0.999852
-0.845982,6.85,-1.00925
-0.845982,7.03,-0.992574
-0.845982,7.21,-0.954285
-0.845982,7.39,-0.89604
-0.845982,7.57,-0.82061
-0.845982,7.75,-0.731909
-0.845982,7.93,-0.633961
-0.845982,8.11,-0.53063
-0.845982,8.29,-0.425504
-0.845982,8.47,-0.321679
-0.845982,8.65,-0.221679
-0.845982,8.83,-0.12744
-0.845982,9.01,-0.0403486
-0.845982,9.19,0.0389137
-0.845982,9.37,0.10996
-0.845982,9.55,0.172676
-0.845982,9.73,0.227215
-0.845982,9.91,0.273927
-0.838694,1.09,0.163921
-0.838694,1.27,-0.059598
-0.838694,1.45,-0.0281183
-0.838694,1.63,0.0379209
-0.838694,1.81,0.08833
-0.838694,1.99,-0.0389118
-0.838694,2.17,0.00831734
-0.838694,2.35,-0.0430889
-0.838694,2.53,-0.134021
-0.838694,2.71,-0.0491982
-0.838694,2.89,0.0971002
-0.838694,3.07,0.200437
-0.838694,3.25,0.200803
-0.838694,3.43,0.101087
-0.838694,3.61,-0.0278769
-0.838694,3.79,-0.101085
-0.838694,3.97,-0.0658063
-0.838694,4.15,0.0745798
-0.838694,4.33,0.265799
-0.838694,4.51,0.436195
-0.838694,4.69,0.538441
-0.838694,4.87,0.560053
-0.838694,5.05,0.51326
-0.838694,5.23,0.418167
-0.838694,5.41,0.293262
-0.838694,5.59,0.152818
-0.838694,5.77,0.00692041
-0.838694,5.95,-0.137275
-0.838694,6.13,-0.275218
-0.838694,6.31,-0.403829
-0.838694,6.49,-0.52189
-0.838694,6.67,-0.627296
-0.838694,6.85,-0.718964
-0.838694,7.03,-0.796178
-0.838694,7.21,-0.859957
-0.838694,7.39,-0.909508
-0.838694,7.57,-0.944443
-0.838694,7.75,-0.96515
-0.838694,7.93,-0.97228
-0.838694,8.11,-0.966762
-0.838694,8.29,-0.949634
-0.838694,8.47,-0.922168
-0.838694,8.65,-0.885759
-0.838694,8.83,-0.841869
-0.838694,9.01,-0.792404
-0.838694,9.19,-0.738656
-0.838694,9.37,-0.681593
-0.838694,9.55,-0.622466
-0.838694,9.73,-0.562398
-0.838694,9.91,-0.502373
-0.831406,1.09,0.136814
-0.831406,1.27,-0.0988746
-0.831406,1.45,-0.134541
-0.831406,1.63,0.050125
-0.831406,1.81,0.0586239
-0.831406,1.99,-0.13028
-0.831406,2.17,0.0593898
-0.831406,2.35,0.0187778
-0.831406,2.53,-0.101753
-0.831406,2.71,-0.018545
-0.831406,2.89,0.0805046
-0.831406,3.07,0.137026
-0.831406,3.25,0.146156
-0.831406,3.43,0.0844983
-0.831406,3.61,-0.0338476
-0.831406,3.79,-0.152471
-0.831406,3.97,-0.206478
-0.831406,4.15,-0.155393
-0.831406,4.33,-0.00313416
-0.831406,4.51,0.198681
-0.831406,4.69,0.384185
-0.831406,4.87,0.507841
-0.831406,5.05,0.55708
-0.831406,5.23,0.541367
-0.831406,5.41,0.477682
-0.831406,5.59,0.382629
-0.831406,5.77,0.269082
-0.831406,5.95,0.147053
-0.831406,6.13,0.0231265
-0.831406,6.31,-0.0982874
-0.831406,6.49,-0.214564
-0.831406,6.67,-0.323585
-0.831406,6.85,-0.42393
-0.831406,7.03,-0.514639
-0.831406,7.21,-0.595956
-0.831406,7.39,-0.667182
-0.831406,7.57,-0.727823
-0.831406,7.75,-0.777857
-0.831406,7.93,-0.817424
-0.831406,8.11,-0.846924
-0.831406,8.29,-0.866651
-0.831406,8.47,-0.877124
-0.831406,8.65,-0.878972
-0.831406,8.83,-0.872906
-0.831406,9.01,-0.860039
-0.831406,9.19,-0.841118
-0.831406,9.37,-0.816674
-0.831406,9.55,-0.787532
-0.831406,9.73,-0.754501
-0.831406,9.91,-0.718361
-0.824117,1.09,0.117582
-0.824117,1.27,-0.152867
-0.824117,1.45,-0.143418
-0.824117,1.63,0.0142166
-0.824117,1.81,0.0551427
-0.824117,1.99,-0.145926
-0.824117,2.17,0.0731261
-0.824117,2.35,0.00105555
-0.824117,2.53,-0.0876237
-0.824117,2.71,0.00324498
-0.824117,2.89,0.0778313
-0.824117,3.07,0.112911
-0.824117,3.25,0.117522
-0.824117,3.43,0.0649611
-0.824117,3.61,-0.0392274
-0.824117,3.79,-0.146166
-0.824117,3.97,-0.196359
-0.824117,4.15,-0.152055
-0.824117,4.33,-0.0159959
-0.824117,4.51,0.166158
-0.824117,4.69,0.335772
-0.824117,4.87,0.451465
-0.824117,5.05,0.500906
-0.824117,5.23,0.491676
-0.824117,5.41,0.438519
-0.824117,5.59,0.356249
-0.824117,5.77,0.256554
-0.824117,5.95,0.148552
-0.824117,6.13,0.0383251
-0.824117,6.31,-0.0700283
-0.824117,6.49,-0.174006
-0.824117,6.67,-0.271681
-0.824117,6.85,-0.361757
-0.824117,7.03,-0.443368
-0.824117,7.21,-0.516684
-0.824117,7.39,-0.581123
-0.824117,7.57,-0.63628
-0.824117,7.75,-0.682154
-0.824117,7.93,-0.718878
-0.824117,8.11,-0.74689
-0.824117,8.29,-0.766384
-0.824117,8.47,-0.777799
-0.824117,8.65,-0.781672
-0.824117,8.83,-0.778602
-0.824117,9.01,-0.769479
-0.824117,9.19,-0.754943
-0.824117,9.37,-0.73549
-0.824117,9.55,-0.711815
-0.824117,9.73,-0.684607
-0.824117,9.91,-0.654526
-0.816829,1.09,0.0695821
-0.816829,1.27,-0.174504
-0.816829,1.45,-0.125232
-0.816829,1.63,-0.0192416
-0.816829,1.81,0.0402974
-0.816829,1.99,-0.147308
-0.816829,2.17,0.0818017
-0.816829,2.35,-0.0121112
-0.816829,2.53,-0.068275
-0.816829,2.71,0.0197447
-0.816829,2.89,0.0688769
-0.816829,3.07,0.0882871
-0.816829,3.25,0.0923888
-0.816829,3.43,0.0489965
-0.816829,3.61,-0.0427102
-0.816829,3.79,-0.139443
-0.816829,3.97,-0.186487
-0.816829,4.15,-0.148877
-0.816829,4.33,-0.0283556
-0.816829,4.51,0.135012
-0.816829,4.69,0.289333
-0.816829,4.87,0.397138
-0.816829,5.05,0.446398
-0.816829,5.23,0.443023
-0.816829,5.41,0.399722
-0.816829,5.59,0.329637
-0.816829,5.77,0.243312
-0.816829,5.95,0.148986
-0.816829,6.13,0.0522246
-0.816829,6.31,-0.0432107
-0.816829,6.49,-0.134973
-0.816829,6.67,-0.221336
-0.816829,6.85,-0.301136
-0.816829,7.03,-0.37361
-0.816829,7.21,-0.438867
-0.816829,7.39,-0.496436
-0.816829,7.57,-0.545997
-0.816829,7.75,-0.587562
-0.816829,7.93,-0.621261
-0.816829,8.11,-0.647546
-0.816829,8.29,-0.666527
-0.816829,8.47,-0.678572
-0.816829,8.65,-0.684127
-0.816829,8.83,-0.683692
-0.816829,9.01,-0.677953
-0.816829,9.19,-0.667451
-0.816829,9.37,-0.652636
-0.816829,9.55,-0.634088
-0.816829,9.73,-0.612374
-0.816829,9.91,-0.588048
-0.809541,1.09,0.00619164
-0.809541,1.27,-0.159748
-0.809541,1.45,-0.0877336
-0.809541,1.63,-0.0440509
-0.809541,1.81,0.016116
-0.809541,1.99,-0.135616
-0.809541,2.17,0.0855568
-0.809541,2.35,-0.0179776
-0.809541,2.53,-0.0459027
-0.809541,2.71,0.0293339
-0.809541,2.89,0.0545212
-0.809541,3.07,0.0643278
-0.809541,3.25,0.070996
-0.809541,3.43,0.0365448
-0.809541,3.61,-0.0438342
-0.809541,3.79,-0.131157
-0.809541,3.97,-0.17543
-0.809541,4.15,-0.144707
-0.809541,4.33,-0.0397636
-0.809541,4.51,0.10488
-0.809541,4.69,0.243866
-0.809541,4.87,0.343522
-0.809541,5.05,0.392163
-0.809541,5.23,0.394154
-0.809541,5.41,0.360286
-0.809541,5.59,0.302081
-0.809541,5.77,0.228948
-0.809541,5.95,0.148236
-0.809541,6.13,0.0649662
-0.809541,6.31,-0.0174633
-0.809541,6.49,-0.096895
-0.809541,6.67,-0.171812
-0.809541,6.85,-0.241191
-0.809541,7.03,-0.304375
-0.809541,7.21,-0.361424
-0.809541,7.39,-0.411969
-0.809541,7.57,-0.455768
-0.809541,7.75,-0.492843
-0.809541,7.93,-0.523314
-0.809541,8.11,-0.547625
-0.809541,8.29,-0.565821
-0.809541,8.47,-0.578199
-0.809541,8.65,-0.585121
-0.809541,8.83,-0.586992
-0.809541,9.01,-0.584318
-0.809541,9.19,-0.577542
-0.809541,9.37,-0.567064
-0.809541,9.55,-0.553349
-0.809541,9.73,-0.536857
-0.809541,9.91,-0.518033
-0.802253,1.09,-0.0520895
-0.802253,1.27,-0.118713
-0.802253,1.45,-0.0396623
-0.802253,1.63,-0.0586817
-0.802253,1.81,-0.00972641
-0.802253,1.99,-0.113029
-0.802253,2.17,0.0802332
-0.802253,2.35,-0.0220291
-0.802253,2.53,-0.0262254
-0.802253,2.71,0.0330563
-0.802253,2.89,0.0406584
-0.802253,3.07,0.0456054
-0.802253,3.25,0.053598
-0.802253,3.43,0.0249282
-0.802253,3.61,-0.0451787
-0.802253,3.79,-0.121095
-0.802253,3.97,-0.158563
-0.802253,4.15,-0.130483
-0.802253,4.33,-0.0386308
-0.802253,4.51,0.0868306
-0.802253,4.69,0.207294
-0.802253,4.87,0.294152
-0.802253,5.05,0.337408
-0.802253,5.23,0.340673
-0.802253,5.41,0.313075
-0.802253,5.59,0.264457
-0.802253,5.77,0.202924
-0.802253,5.95,0.13477
-0.802253,6.13,0.0643238
-0.802253,6.31,-0.00548073
-0.802253,6.49,-0.0727661
-0.802253,6.67,-0.136246
-0.802253,6.85,-0.195061
-0.802253,7.03,-0.24867
-0.802253,7.21,-0.297112
-0.802253,7.39,-0.340106
-0.802253,7.57,-0.377475
-0.802253,7.75,-0.409255
-0.802253,7.93,-0.435556
-0.802253,8.11,-0.456807
-0.802253,8.29,-0.473009
-0.802253,8.47,-0.484406
-0.802253,8.65,-0.491295
-0.802253,8.83,-0.494003
-0.802253,9.01,-0.4929
-0.802253,9.19,-0.488351
-0.802253,9.37,-0.480711
-0.802253,9.55,-0.470356
-0.802253,9.73,-0.457654
-0.802253,9.91,-0.442966
-0.794965,1.09,-0.0899098
-0.794965,1.27,-0.0650596
-0.794965,1.45,0.00545407
-0.794965,1.63,-0.0626638
-0.794965,1.81,-0.0327411
-0.794965,1.99,-0.0845519
-0.794965,2.17,0.069641
-0.794965,2.35,-0.0209695
-0.794965,2.53,-0.00973173
-0.794965,2.71,0.0309929
-0.794965,2.89,0.026583
-0.794965,3.07,0.0302629
-0.794965,3.25,0.0395064
-0.794965,3.43,0.0157235
-0.794965,3.61,-0.0442818
-0.794965,3.79,-0.108471
-0.794965,3.97,-0.139011
-0.794965,4.15,-0.113919
-0.794965,4.33,-0.0357473
-0.794965,4.51,0.0699462
-0.794965,4.69,0.171303
-0.794965,4.87,0.244752
-0.794965,5.05,0.282013
-0.794965,5.23,0.286015
-0.794965,5.41,0.26427
-0.794965,5.59,0.224949
-0.794965,5.77,0.174826
-0.794965,5.95,0.119117
-0.794965,6.13,0.0614339
-0.794965,6.31,0.00422415
-0.794965,6.49,-0.050938
-0.794965,6.67,-0.103
-0.794965,6.85,-0.151265
-0.794965,7.03,-0.195306
-0.794965,7.21,-0.235144
-0.794965,7.39,-0.270576
-0.794965,7.57,-0.301481
-0.794965,7.75,-0.327898
-0.794965,7.93,-0.349926
-0.794965,8.11,-0.367954
-0.794965,8.29,-0.381956
-0.794965,8.47,-0.392121
-0.794965,8.65,-0.398686
-0.794965,8.83,-0.401906
-0.794965,9.01,-0.402036
-0.794965,9.19,-0.399363
-0.794965,9.37,-0.394194
-0.794965,9.55,-0.386819
-0.794965,9.73,-0.377525
-0.794965,9.91,-0.366592
-0.787677,1.09,-0.100151
-0.787677,1.27,-0.0148163
-0.787677,1.45,0.036097
-0.787677,1.63,-0.0568134
-0.787677,1.81,-0.0477058
-0.787677,1.99,-0.0548499
-0.787677,2.17,0.0560059
-0.787677,2.35,-0.015731
-0.787677,2.53,0.00187138
-0.787677,2.71,0.024365
-0.787677,2.89,0.0138281
-0.787677,3.07,0.0184566
-0.787677,3.25,0.0283126
-0.787677,3.43,0.00896658
-0.787677,3.61,-0.0405251
-0.787677,3.79,-0.092527
-0.787677,3.97,-0.116368
-0.787677,4.15,-0.0951873
-0.787677,4.33,-0.0317952
-0.787677,4.51,0.0532701
-0.787677,4.69,0.134921
-0.787677,4.87,0.194526
-0.787677,5.05,0.225454
-0.787677,5.23,0.229934
-0.787677,5.41,0.213868
-0.787677,5.59,0.183739
-0.787677,5.77,0.144962
-0.787677,5.95,0.101668
-0.787677,6.13,0.0567353
-0.787677,6.31,0.0121083
-0.787677,6.49,-0.0309542
-0.787677,6.67,-0.0716307
-0.787677,6.85,-0.109385
-0.787677,7.03,-0.143892
-0.787677,7.21,-0.175163
-0.787677,7.39,-0.203058
-0.787677,7.57,-0.227498
-0.787677,7.75,-0.248522
-0.787677,7.93,-0.266211
-0.787677,8.11,-0.280895
-0.787677,8.29,-0.292531
-0.787677,8.47,-0.301259
-0.787677,8.65,-0.307255
-0.787677,8.83,-0.310706
-0.787677,9.01,-0.311773
-0.787677,9.19,-0.31067
-0.787677,9.37,-0.307644
-0.787677,9.55,-0.30291
-0.787677,9.73,-0.296678
-0.787677,9.91,-0.289154
-0.780389,1.09,-0.0865451
-0.780389,1.27,0.0175944
-0.780389,1.45,0.046793
-0.780389,1.63,-0.0433239
-0.780389,1.81,-0.0514778
-0.780389,1.99,-0.028913
-0.780389,2.17,0.0407367
-0.780389,2.35,-0.00936411
-0.780389,2.53,0.00750827
-0.780389,2.71,0.0158568
-0.780389,2.89,0.00466824
-0.780389,3.07,0.0104861
-0.780389,3.25,0.019287
-0.780389,3.43,0.00390084
-0.780389,3.61,-0.034347
-0.780389,3.79,-0.0733224
-0.780389,3.97,-0.0901711
-0.780389,4.15,-0.0731416
-0.780389,4.33,-0.0250243
-0.780389,4.51,0.0387834
-0.780389,4.69,0.0999191
-0.780389,4.87,0.144739
-0.780389,5.05,0.168371
-0.780389,5.23,0.172445
-0.780389,5.41,0.1613
-0.780389,5.59,0.139726
-0.780389,5.77,0.111748
-0.780389,5.95,0.0803985
-0.780389,6.13,0.0478001
-0.780389,6.31,0.0153861
-0.780389,6.49,-0.0159142
-0.780389,6.67,-0.0455054
-0.780389,6.85,-0.0730047
-0.780389,7.03,-0.0981842
-0.780389,7.21,-0.121046
-0.780389,7.39,-0.141501
-0.780389,7.57,-0.159506
-0.780389,7.75,-0.17509
-0.780389,7.93,-0.188317
-0.780389,8.11,-0.199442
-0.780389,8.29,-0.208418
-0.780389,8.47,-0.215342
-0.780389,8.65,-0.220334
-0.780389,8.83,-0.223524
-0.780389,9.01,-0.225
-0.780389,9.19,-0.224911
-0.780389,9.37,-0.223444
-0.780389,9.55,-0.220745
-0.780389,9.73,-0.216957
-0.780389,9.91,-0.212222
-0.773101,1.09,-0.0559393
-0.773101,1.27,0.0272539
-0.773101,1.45,0.038966
-0.773101,1.63,-0.0265967
-0.773101,1.81,-0.041938
-0.773101,1.99,-0.0102866
-0.773101,2.17,0.0241232
-0.773101,2.35,-0.00446244
-0.773101,2.53,0.00774942
-0.773101,2.71,0.00815217
-0.773101,2.89,0.000105548
-0.773101,3.07,0.00548554
-0.773101,3.25,0.0112823
-0.773101,3.43,0.00011709
-0.773101,3.61,-0.0253419
-0.773101,3.79,-0.0499693
-0.773101,3.97,-0.0593907
-0.773101,4.15,-0.0469008
-0.773101,4.33,-0.0150126
-0.773101,4.51,0.0261951
-0.773101,4.69,0.0652121
-0.773101,4.87,0.0936167
-0.773101,5.05,0.108518
-0.773101,5.23,0.111051
-0.773101,5.41,0.103997
-0.773101,5.59,0.0903981
-0.773101,5.77,0.0728038
-0.773101,5.95,0.0531083
-0.773101,6.13,0.0326411
-0.773101,6.31,0.0122981
-0.773101,6.49,-0.00733989
-0.773101,6.67,-0.0259048
-0.773101,6.85,-0.0431638
-0.773101,7.03,-0.0589813
-0.773101,7.21,-0.073357
-0.773101,7.39,-0.0862439
-0.773101,7.57,-0.0976194
-0.773101,7.75,-0.107506
-0.773101,7.93,-0.115945
-0.773101,8.11,-0.123108
-0.773101,8.29,-0.128956
-0.773101,8.47,-0.133547
-0.773101,8.65,-0.136954
-0.773101,8.83,-0.139255
-0.773101,9.01,-0.140489
-0.773101,9.19,-0.140747
-0.773101,9.37,-0.140152
-0.773101,9.55,-0.138793
-0.773101,9.73,-0.136754
-0.773101,9.91,-0.13412
-0.765813,1.09,-0.0209618
-0.765813,1.27,0.0160834
-0.765813,1.45,0.0179157
-0.765813,1.63,-0.0101121
-0.765813,1.81,-0.0205993
-0.765813,1.99,-0.000828575
-0.765813,2.17,0.00914946
-0.765813,2.35,-0.00104655
-0.765813,2.53,0.00404113
-0.765813,2.71,0.00228893
-0.765813,2.89,-0.000993817
-0.765813,3.07,0.00206404
-0.765813,3.25,0.00439656
-0.765813,3.43,-0.00102426
-0.765813,3.61,-0.0121976
-0.765813,3.79,-0.022393
-0.765813,3.97,-0.0257291
-0.765813,4.15,-0.0197479
-0.765813,4.33,-0.00580317
-0.765813,4.51,0.011773
-0.765813,4.69,0.0282255
-0.765813,4.87,0.0401226
-0.765813,5.05,0.0463348
-0.765813,5.23,0.047381
-0.765813,5.41,0.0444386
-0.765813,5.59,0.0387825
-0.765813,5.77,0.0314804
-0.765813,5.95,0.0233117
-0.765813,6.13,0.0148257
-0.765813,6.31,0.00639196
-0.765813,6.49,-0.00175025
-0.765813,6.67,-0.00945031
-0.765813,6.85,-0.0166148
-0.765813,7.03,-0.0231898
-0.765813,7.21,-0.0291748
-0.765813,7.39,-0.0345527
-0.765813,7.57,-0.0393165
-0.765813,7.75,-0.0434766
-0.765813,7.93,-0.0470497
-0.765813,8.11,-0.0501117
-0.765813,8.29,-0.0526425
-0.765813,8.47,-0.0546645
-0.765813,8.65,-0.0562069
-0.765813,8.83,-0.0573006
-0.765813,9.01,-0.0579548
-0.765813,9.19,-0.0582063
-0.765813,9.37,-0.0581085
-0.765813,9.55,-0.0576959
-0.765813,9.73,-0.0570024
-0.765813,9.91,-0.0560613
-0.758525,1.09,0
-0.758525,1.27,0
-0.758525,1.45,0
-0.758525,1.63,0
-0.758525,1.81,0
-0.758525,1.99,0
-0.758525,2.17,0
-0.758525,2.35,0
-0.758525,2.53,0
-0.758525,2.71,0
-0.758525,2.89,0
-0.758525,3.07,0
-0.758525,3.25,0
-0.758525,3.43,0
-0.758525,3.61,0
-0.758525,3.79,0
-0.758525,3.97,0
-0.758525,4.15,0
-0.758525,4.33,0
-0.758525,4.51,0
-0.758525,4.69,0
-0.758525,4.87,0
-0.758525,5.05,0
-0.758525,5.23,0
-0.758525,5.41,0
-0.758525,5.59,0
-0.758525,5.77,0
-0.758525,5.95,0
-0.758525,6.13,0
-0.758525,6.31,0
-0.758525,6.49,0
-0.758525,6.67,0
-0.758525,6.85,0
-0.758525,7.03,0
-0.758525,7.21,0
-0.758525,7.39,0
-0.758525,7.57,0
-0.758525,7.75,0
-0.758525,7.93,0
-0.758525,8.11,0
-0.758525,8.29,0
-0.758525,8.47,0
-0.758525,8.65,0
-0.758525,8.83,0
-0.758525,9.01,0
-0.758525,9.19,0
-0.758525,9.37,0
-0.758525,9.55,0
-0.758525,9.73,0
-0.758525,9.91,0
-0.751237,1.09,0
-0.751237,1.27,0
-0.751237,1.45,0
-0.751237,1.63,0
-0.751237,1.81,0
-0.751237,1.99,0
-0.751237,2.17,0
-0.751237,2.35,0
-0.751237,2.53,0
-0.751237,2.71,0
-0.751237,2.89,0
-0.751237,3.07,0
-0.751237,3.25,0
-0.751237,3.43,0
-0.751237,3.61,0
-0.751237,3.79,0
-0.751237,3.97,0
-0.751237,4.15,0
-0.751237,4.33,0
-0.751237,4.51,0
-0.751237,4.69,0
-0.751237,4.87,0
-0.751237,5.05,0
-0.751237,5.23,0
-0.751237,5.41,0
-0.751237,5.59,0
-0.751237,5.77,0
-0.751237,5.95,0
-0.751237,6.13,0
-0.751237,6.31,0
-0.751237,6.49,0
-0.751237,6.67,0
-0.751237,6.85,0
-0.751237,7.03,0
-0.751237,7.21,0
-0.751237,7.39,0
-0.751237,7.57,0
-0.751237,7.75,0
-0.751237,7.93,0
-0.751237,8.11,0
-0.751237,8.29,0
-0.751237,8.47,0
-0.751237,8.65,0
-0.751237,8.83,0
-0.751237,9.01,0
-0.751237,9.19,0
-0.751237,9.37,0
-0.751237,9.55,0
-0.751237,9.73,0
-0.751237,9.91,0
-0.743949,1.09,0
-0.743949,1.27,0
-0.743949,1.45,0
-0.743949,1.63,0
-0.743949,1.81,0
-0.743949,1.99,0
-0.743949,2.17,0
-0.743949,2.35,0
-0.743949,2.53,0
-0.743949,2.71,0
-0.743949,2.89,0
-0.743949,3.07,0
-0.743949,3.25,0
-0.743949,3.43,0
-0.743949,3.61,0
-0.743949,3.79,0
-0.743949,3.97,0
-0.743949,4.15,0
-0.743949,4.33,0
-0.743949,4.51,0
-0.743949,4.69,0
-0.743949,4.87,0
-0.743949,5.05,0
-0.743949,5.23,0
-0.743949,5.41,0
-0.743949,5.59,0
-0.743949,5.77,0
-0.743949,5.95,0
-0.743949,6.13,0
-0.743949,6.31,0
-0.743949,6.49,0
-0.743949,6.67,0
-0.743949,6.85,0
-0.743949,7.03,0
-0.743949,7.21,0
-0.743949,7.39,0
-0.743949,7.57,0
-0.743949,7.75,0
-0.743949,7.93,0
-0.743949,8.11,0
-0.743949,8.29,0
-0.743949,8.47,0
-0.743949,8.65,0
-0.743949,8.83,0
-0.743949,9.01,0
-0.743949,9.19,0
-0.743949,9.37,0
-0.743949,9.55,0
-0.743949,9.73,0
-0.743949,9.91,0
-0.736661,1.09,0
-0.736661,1.27,0
-0.736661,1.45,0
-0.736661,1.63,0
-0.736661,1.81,0
-0.736661,1.99,0
-0.736661,2.17,0
-0.736661,2.35,0
-0.736661,2.53,0
-0.736661,2.71,0
-0.736661,2.89,0
-0.736661,3.07,0
-0.736661,3.25,0
-0.736661,3.43,0
-0.736661,3.61,0
-0.736661,3.79,0
-0.736661,3.97,0
-0.736661,4.15,0
-0.736661,4.33,0
-0.736661,4.51,0
-0.736661,4.69,0
-0.736661,4.87,0
-0.736661,5.05,0
-0.736661,5.23,0
-0.736661,5.41,0
-0.736661,5.59,0
-0.736661,5.77,0
-0.736661,5.95,0
-0.736661,6.13,0
-0.736661,6.31,0
-0.736661,6.49,0
-0.736661,6.67,0
-0.736661,6.85,0
-0.736661,7.03,0
-0.736661,7.21,0
-0.736661,7.39,0
-0.736661,7.57,0
-0.736661,7.75,0
-0.736661,7.93,0
-0.736661,8.11,0
-0.736661,8.29,0
-0.736661,8.47,0
-0.736661,8.65,0
-0.736661,8.83,0
-0.736661,9.01,0
-0.736661,9.19,0
-0.736661,9.37,0
-0.736661,9.55,0
-0.736661,9.73,0
-0.736661,9.91,0
-0.729373,1.09,0
-0.729373,1.27,0
-0.729373,1.45,0
-0.729373,1.63,0
-0.729373,1.81,0
-0.729373,1.99,0
-0.729373,2.17,0
-0.729373,2.35,0
-0.729373,2.53,0
-0.729373,2.71,0
-0.729373,2.89,0
-0.729373,3.07,0
-0.729373,3.25,0
-0.729373,3.43,0
-0.729373,3.61,0
-0.729373,3.79,0
-0.729373,3.97,0
-0.729373,4.15,0
-0.729373,4.33,0
-0.729373,4.51,0
-0.729373,4.69,0
-0.729373,4.87,0
-0.729373,5.05,0
-0.729373,5.23,0
-0.729373,5.41,0
-0.729373,5.59,0
-0.729373,5.77,0
-0.729373,5.95,0
-0.729373,6.13,0
-0.729373,6.31,0
-0.729373,6.49,0
-0.729373,6.67,0
-0.729373,6.85,0
-0.729373,7.03,0
-0.729373,7.21,0
-0.729373,7.39,0
-0.729373,7.57,0
-0.729373,7.75,0
-0.729373,7.93,0
-0.729373,8.11,0
-0.729373,8.29,0
-0.729373,8.47,0
-0.729373,8.65,0
-0.729373,8.83,0
-0.729373,9.01,0
-0.729373,9.19,0
-0.729373,9.37,0
-0.729373,9.55,0
-0.729373,9.73,0
-0.729373,9.91,0
-0.722085,1.09,0
-0.722085,1.27,0
-0.722085,1.45,0
-0.722085,1.63,0
-0.722085,1.81,0
-0.722085,1.99,0
-0.722085,2.17,0
-0.722085,2.35,0
-0.722085,2.53,0
-0.722085,2.71,0
-0.722085,2.89,0
-0.722085,3.07,0
-0.722085,3.25,0
-0.722085,3.43,0
-0.722085,3.61,0
-0.722085,3.79,0
-0.722085,3.97,0
-0.722085,4.15,0
-0.722085,4.33,0
-0.722085,4.51,0
-0.722085,4.69,0
-0.722085,4.87,0
-0.722085,5.05,0
-0.722085,5.23,0
-0.722085,5.41,0
-0.722085,5.59,0
-0.722085,5.77,0
-0.722085,5.95,0
-0.722085,6.13,0
-0.722085,6.31,0
-0.722085,6.49,0
-0.722085,6.67,0
-0.722085,6.85,0
-0.722085,7.03,0
-0.722085,7.21,0
-0.722085,7.39,0
-0.722085,7.57,0
-0.722085,7.75,0
-0.722085,7.93,0
-0.722085,8.11,0
-0.722085,8.29,0
-0.722085,8.47,0
-0.722085,8.65,0
-0.722085,8.83,0
-0.722085,9.01,0
-0.722085,9.19,0
-0.722085,9.37,0
-0.722085,9.55,0
-0.722085,9.73,0
-0.722085,9.91,0
-0.714797,1.09,0
-0.714797,1.27,0
-0.714797,1.45,0
-0.714797,1.63,0
-0.714797,1.81,0
-0.714797,1.99,0
-0.714797,2.17,0
-0.714797,2.35,0
-0.714797,2.53,0
-0.714797,2.71,0
-0.714797,2.89,0
-0.714797,3.07,0
-0.714797,3.25,0
-0.714797,3.43,0
-0.714797,3.61,0
-0.714797,3.79,0
-0.714797,3.97,0
-0.714797,4.15,0
-0.714797,4.33,0
-0.714797,4.51,0
-0.714797,4.69,0
-0.714797,4.87,0
-0.714797,5.05,0
-0.714797,5.23,0
-0.714797,5.41,0
-0.714797,5.59,0
-0.714797,5.77,0
-0.714797,5.95,0
-0.714797,6.13,0
-0.714797,6.31,0
-0.714797,6.49,0
-0.714797,6.67,0
-0.714797,6.85,0
-0.714797,7.03,0
-0.714797,7.21,0
-0.714797,7.39,0
-0.714797,7.57,0
-0.714797,7.75,0
-0.714797,7.93,0
-0.714797,8.11,0
-0.714797,8.29,0
-0.714797,8.47,0
-0.714797,8.65,0
-0.714797,8.83,0
-0.714797,9.01,0
-0.714797,9.19,0
-0.714797,9.37,0
-0.714797,9.55,0
-0.714797,9.73,0
-0.714797,9.91,0
-0.707509,1.09,0
-0.707509,1.27,0
-0.707509,1.45,0
-0.707509,1.63,0
-0.707509,1.81,0
-0.707509,1.99,0
-0.707509,2.17,0
-0.707509,2.35,0
-0.707509,2.53,0
-0.707509,2.71,0
-0.707509,2.89,0
-0.707509,3.07,0
-0.707509,3.25,0
-0.707509,3.43,0
-0.707509,3.61,0
-0.707509,3.79,0
-0.707509,3.97,0
-0.707509,4.15,0
-0.707509,4.33,0
-0.707509,4.51,0
-0.707509,4.69,0
-0.707509,4.87,0
-0.707509,5.05,0
-0.707509,5.23,0
-0.707509,5.41,0
-0.707509,5.59,0
-0.707509,5.77,0
-0.707509,5.95,0
-0.707509,6.13,0
-0.707509,6.31,0
-0.707509,6.49,0
-0.707509,6.67,0
-0.707509,6.85,0
-0.707509,7.03,0
-0.707509,7.21,0
-0.707509,7.39,0
-0.707509,7.57,0
-0.707509,7.75,0
-0.707509,7.93,0
-0.707509,8.11,0
-0.707509,8.29,0
-0.707509,8.47,0
-0.707509,8.65,0
-0.707509,8.83,0
-0.707509,9.01,0
-0.707509,9.19,0
-0.707509,9.37,0
-0.707509,9.55,0
-0.707509,9.73,0
-0.707509,9.91,0
-0.700221,1.09,0
-0.700221,1.27,0
-0.700221,1.45,0
-0.700221,1.63,0
-0.700221,1.81,0
-0.700221,1.99,0
-0.700221,2.17,0
-0.700221,2.35,0
-0.700221,2.53,0
-0.700221,2.71,0
-0.700221,2.89,0
-0.700221,3.07,0
-0.700221,3.25,0
-0.700221,3.43,0
-0.700221,3.61,0
-0.700221,3.79,0
-0.700221,3.97,0
-0.700221,4.15,0
-0.700221,4.33,0
-0.700221,4.51,0
-0.700221,4.69,0
-0.700221,4.87,0
-0.700221,5.05,0
-0.700221,5.23,0
-0.700221,5.41,0
-0.700221,5.59,0
-0.700221,5.77,0
-0.700221,5.95,0
-0.700221,6.13,0
-0.700221,6.31,0
-0.700221,6.49,0
-0.700221,6.67,0
-0.700221,6.85,0
-0.700221,7.03,0
-0.700221,7.21,0
-0.700221,7.39,0
-0.700221,7.57,0
-0.700221,7.75,0
-0.700221,7.93,0
-0.700221,8.11,0
-0.700221,8.29,0
-0.700221,8.47,0
-0.700221,8.65,0
-0.700221,8.83,0
-0.700221,9.01,0
-0.700221,9.19,0
-0.700221,9.37,0
-0.700221,9.55,0
-0.700221,9.73,0
-0.700221,9.91,0
-0.692933,1.09,0
-0.692933,1.27,0
-0.692933,1.45,0
-0.692933,1.63,0
-0.692933,1.81,0
-0.692933,1.99,0
-0.692933,2.17,0
-0.692933,2.35,0
-0.692933,2.53,0
-0.692933,2.71,0
-0.692933,2.89,0
-0.692933,3.07,0
-0.692933,3.25,0
-0.692933,3.43,0
-0.692933,3.61,0
-0.692933,3.79,0
-0.692933,3.97,0
-0.692933,4.15,0
-0.692933,4.33,0
-0.692933,4.51,0
-0.692933,4.69,0
-0.692933,4.87,0
-0.692933,5.05,0
-0.692933,5.23,0
-0.692933,5.41,0
-0.692933,5.59,0
-0.692933,5.77,0
-0.692933,5.95,0
-0.692933,6.13,0
-0.692933,6.31,0
-0.692933,6.49,0
-0.692933,6.67,0
-0.692933,6.85,0
-0.692933,7.03,0
-0.692933,7.21,0
-0.692933,7.39,0
-0.692933,7.57,0
-0.692933,7.75,0
-0.692933,7.93,0
-0.692933,8.11,0
-0.692933,8.29,0
-0.692933,8.47,0
-0.692933,8.65,0
-0.692933,8.83,0
-0.692933,9.01,0
-0.692933,9.19,0
-0.692933,9.37,0
-0.692933,9.55,0
-0.692933,9.73,0
-0.692933,9.91,0
-0.685645,1.09,0
-0.685645,1.27,0
-0.685645,1.45,0
-0.685645,1.63,0
-0.685645,1.81,0
-0.685645,1.99,0
-0.685645,2.17,0
-0.685645,2.35,0
-0.685645,2.53,0
-0.685645,2.71,0
-0.685645,2.89,0
-0.685645,3.07,0
-0.685645,3.25,0
-0.685645,3.43,0
-0.685645,3.61,0
-0.685645,3.79,0
-0.685645,3.97,0
-0.685645,4.15,0
-0.685645,4.33,0
-0.685645,4.51,0
-0.685645,4.69,0
-0.685645,4.87,0
-0.685645,5.05,0
-0.685645,5.23,0
-0.685645,5.41,0
-0.685645,5.59,0
-0.685645,5.77,0
-0.685645,5.95,0
-0.685645,6.13,0
-0.685645,6.31,0
-0.685645,6.49,0
-0.685645,6.67,0
-0.685645,6.85,0
-0.685645,7.03,0
-0.685645,7.21,0
-0.685645,7.39,0
-0.685645,7.57,0
-0.685645,7.75,0
-0.685645,7.93,0
-0.685645,8.11,0
-0.685645,8.29,0
-0.685645,8.47,0
-0.685645,8.65,0
-0.685645,8.83,0
-0.685645,9.01,0
-0.685645,9.19,0
-0.685645,9.37,0
-0.685645,9.55,0
-0.685645,9.73,0
-0.685645,9.91,0
-0.678356,1.09,0
-0.678356,1.27,0
-0.678356,1.45,0
-0.678356,1.63,0
-0.678356,1.81,0
-0.678356,1.99,0
-0.678356,2.17,0
-0.678356,2.35,0
-0.678356,2.53,0
-0.678356,2.71,0
-0.678356,2.89,0
-0.678356,3.07,0
-0.678356,3.25,0
-0.678356,3.43,0
-0.678356,3.61,0
-0.678356,3.79,0
-0.678356,3.97,0
-0.678356,4.15,0
-0.678356,4.33,0
-0.678356,4.51,0
-0.678356,4.69,0
-0.678356,4.87,0
-0.678356,5.05,0
-0.678356,5.23,0
-0.678356,5.41,0
-0.678356,5.59,0
-0.678356,5.77,0
-0.678356,5.95,0
-0.678356,6.13,0
-0.678356,6.31,0
-0.678356,6.49,0
-0.678356,6.67,0
-0.678356,6.85,0
-0.678356,7.03,0
-0.678356,7.21,0
-0.678356,7.39,0
-0.678356,7.57,0
-0.678356,7.75,0
-0.678356,7.93,0
-0.678356,8.11,0
-0.678356,8.29,0
-0.678356,8.47,0
-0.678356,8.65,0
-0.678356,8.83,0
-0.678356,9.01,0
-0.678356,9.19,0
-0.678356,9.37,0
-0.678356,9.55,0
-0.678356,9.73,0
-0.678356,9.91,0
-0.671068,1.09,0
-0.671068,1.27,0
-0.671068,1.45,0
-0.671068,1.63,0
-0.671068,1.81,0
-0.671068,1.99,0
-0.671068,2.17,0
-0.671068,2.35,0
-0.671068,2.53,0
-0.671068,2.71,0
-0.671068,2.89,0
-0.671068,3.07,0
-0.671068,3.25,0
-0.671068,3.43,0
-0.671068,3.61,0
-0.671068,3.79,0
-0.671068,3.97,0
-0.671068,4.15,0
-0.671068,4.33,0
-0.671068,4.51,0
-0.671068,4.69,0
-0.671068,4.87,0
-0.671068,5.05,0
-0.671068,5.23,0
-0.671068,5.41,0
-0.671068,5.59,0
-0.671068,5.77,0
-0.671068,5.95,0
-0.671068,6.13,0
-0.671068,6.31,0
-0.671068,6.49,0
-0.671068,6.67,0
-0.671068,6.85,0
-0.671068,7.03,0
-0.671068,7.21,0
-0.671068,7.39,0
-0.671068,7.57,0
-0.671068,7.75,0
-0.671068,7.93,0
-0.671068,8.11,0
-0.671068,8.29,0
-0.671068,8.47,0
-0.671068,8.65,0
-0.671068,8.83,0
-0.671068,9.01,0
-0.671068,9.19,0
-0.671068,9.37,0
-0.671068,9.55,0
-0.671068,9.73,0
-0.671068,9.91,0
-0.66378,1.09,0
-0.66378,1.27,0
-0.66378,1.45,0
-0.66378,1.63,0
-0.66378,1.81,0
-0.66378,1.99,0
-0.66378,2.17,0
-0.66378,2.35,0
-0.66378,2.53,0
-0.66378,2.71,0
-0.66378,2.89,0
-0.66378,3.07,0
-0.66378,3.25,0
-0.66378,3.43,0
-0.66378,3.61,0
-0.66378,3.79,0
-0.66378,3.97,0
-0.66378,4.15,0
-0.66378,4.33,0
-0.66378,4.51,0
-0.66378,4.69,0
-0.66378,4.87,0
-0.66378,5.05,0
-0.66378,5.23,0
-0.66378,5.41,0
-0.66378,5.59,0
-0.66378,5.77,0
-0.66378,5.95,0
-0.66378,6.13,0
-0.66378,6.31,0
-0.66378,6.49,0
-0.66378,6.67,0
-0.66378,6.85,0
-0.66378,7.03,0
-0.66378,7.21,0
-0.66378,7.39,0
-0.66378,7.57,0
-0.66378,7.75,0
-0.66378,7.93,0
-0.66378,8.11,0
-0.66378,8.29,0
-0.66378,8.47,0
-0.66378,8.65,0
-0.66378,8.83,0
-0.66378,9.01,0
-0.66378,9.19,0
-0.66378,9.37,0
-0.66378,9.55,0
-0.66378,9.73,0
-0.66378,9.91,0
-0.656492,1.09,0
-0.656492,1.27,0
-0.656492,1.45,0
-0.656492,1.63,0
-0.656492,1.81,0
-0.656492,1.99,0
-0.656492,2.17,0
-0.656492,2.35,0
-0.656492,2.53,0
-0.656492,2.71,0
-0.656492,2.89,0
-0.656492,3.07,0
-0.656492,3.25,0
-0.656492,3.43,0
-0.656492,3.61,0
-0.656492,3.79,0
-0.656492,3.97,0
-0.656492,4.15,0
-0.656492,4.33,0
-0.656492,4.51,0
-0.656492,4.69,0
-0.656492,4.87,0
-0.656492,5.05,0
-0.656492,5.23,0
-0.656492,5.41,0
-0.656492,5.59,0
-0.656492,5.77,0
-0.656492,5.95,0
-0.656492,6.13,0
-0.656492,6.31,0
-0.656492,6.49,0
-0.656492,6.67,0
-0.656492,6.85,0
-0.656492,7.03,0
-0.656492,7.21,0
-0.656492,7.39,0
-0.656492,7.57,0
-0.656492,7.75,0
-0.656492,7.93,0
-0.656492,8.11,0
-0.656492,8.29,0
-0.656492,8.47,0
-0.656492,8.65,0
-0.656492,8.83,0
-0.656492,9.01,0
-0.656492,9.19,0
-0.656492,9.37,0
-0.656492,9.55,0
-0.656492,9.73,0
-0.656492,9.91,0
-0.649204,1.09,0
-0.649204,1.27,0
-0.649204,1.45,0
-0.649204,1.63,0
-0.649204,1.81,0
-0.649204,1.99,0
-0.649204,2.17,0
-0.649204,2.35,0
-0.649204,2.53,0
-0.649204,2.71,0
-0.649204,2.89,0
-0.649204,3.07,0
-0.649204,3.25,0
-0.649204,3.43,0
-0.649204,3.61,0
-0.649204,3.79,0
-0.649204,3.97,0
-0.649204,4.15,0
-0.649204,4.33,0
-0.649204,4.51,0
-0.649204,4.69,0
-0.649204,4.87,0
-0.649204,5.05,0
-0.649204,5.23,0
-0.649204,5.41,0
-0.649204,5.59,0
-0.649204,5.77,0
-0.649204,5.95,0
-0.649204,6.13,0
-0.649204,6.31,0
-0.649204,6.49,0
-0.649204,6.67,0
-0.649204,6.85,0
-0.649204,7.03,0
-0.649204,7.21,0
-0.649204,7.39,0
-0.649204,7.57,0
-0.649204,7.75,0
-0.649204,7.93,0
-0.649204,8.11,0
-0.649204,8.29,0
-0.649204,8.47,0
-0.649204,8.65,0
-0.649204,8.83,0
-0.649204,9.01,0
-0.649204,9.19,0
-0.649204,9.37,0
-0.649204,9.55,0
-0.649204,9.73,0
-0.649204,9.91,0
-0.641916,1.09,0
-0.641916,1.27,0
-0.641916,1.45,0
-0.641916,1.63,0
-0.641916,1.81,0
-0.641916,1.99,0
-0.641916,2.17,0
-0.641916,2.35,0
-0.641916,2.53,0
-0.641916,2.71,0
-0.641916,2.89,0
-0.641916,3.07,0
-0.641916,3.25,0
-0.641916,3.43,0
-0.641916,3.61,0
-0.641916,3.79,0
-0.641916,3.97,0
-0.641916,4.15,0
-0.641916,4.33,0
-0.641916,4.51,0
-0.641916,4.69,0
-0.641916,4.87,0
-0.641916,5.05,0
-0.641916,5.23,0
-0.641916,5.41,0
-0.641916,5.59,0
-0.641916,5.77,0
-0.641916,5.95,0
-0.641916,6.13,0
-0.641916,6.31,0
-0.641916,6.49,0
-0.641916,6.67,0
-0.641916,6.85,0
-0.641916,7.03,0
-0.641916,7.21,0
-0.641916,7.39,0
-0.641916,7.57,0
-0.641916,7.75,0
-0.641916,7.93,0
-0.641916,8.11,0
-0.641916,8.29,0
-0.641916,8.47,0
-0.641916,8.65,0
-0.641916,8.83,0
-0.641916,9.01,0
-0.641916,9.19,0
-0.641916,9.37,0
-0.641916,9.55,0
-0.641916,9.73,0
-0.641916,9.91,0
-0.634628,1.09,0
-0.634628,1.27,0
-0.634628,1.45,0
-0.634628,1.63,0
-0.634628,1.81,0
-0.634628,1.99,0
-0.634628,2.17,0
-0.634628,2.35,0
-0.634628,2.53,0
-0.634628,2.71,0
-0.634628,2.89,0
-0.634628,3.07,0
-0.634628,3.25,0
-0.634628,3.43,0
-0.634628,3.61,0
-0.634628,3.79,0
-0.634628,3.97,0
-0.634628,4.15,0
-0.634628,4.33,0
-0.634628,4.51,0
-0.634628,4.69,0
-0.634628,4.87,0
-0.634628,5.05,0
-0.634628,5.23,0
-0.634628,5.41,0
-0.634628,5.59,0
-0.634628,5.77,0
-0.634628,5.95,0
-0.634628,6.13,0
-0.634628,6.31,0
-0.634628,6.49,0
-0.634628,6.67,0
-0.634628,6.85,0
-0.634628,7.03,0
-0.634628,7.21,0
-0.634628,7.39,0
-0.634628,7.57,0
-0.634628,7.75,0
-0.634628,7.93,0
-0.634628,8.11,0
-0.634628,8.29,0
-0.634628,8.47,0
-0.634628,8.65,0
-0.634628,8.83,0
-0.634628,9.01,0
-0.634628,9.19,0
-0.634628,9.37,0
-0.634628,9.55,0
-0.634628,9.73,0
-0.634628,9.91,0
-0.62734,1.09,0
-0.62734,1.27,0
-0.62734,1.45,0
-0.62734,1.63,0
-0.62734,1.81,0
-0.62734,1.99,0
-0.62734,2.17,0
-0.62734,2.35,0
-0.62734,2.53,0
-0.62734,2.71,0
-0.62734,2.89,0
-0.62734,3.07,0
-0.62734,3.25,0
-0.62734,3.43,0
-0.62734,3.61,0
-0.62734,3.79,0
-0.62734,3.97,0
-0.62734,4.15,0
-0.62734,4.33,0
-0.62734,4.51,0
-0.62734,4.69,0
-0.62734,4.87,0
-0.62734,5.05,0
-0.62734,5.23,0
-0.62734,5.41,0
-0.62734,5.59,0
-0.62734,5.77,0
-0.62734,5.95,0
-0.62734,6.13,0
-0.62734,6.31,0
-0.62734,6.49,0
-0.62734,6.67,0
-0.62734,6.85,0
-0.62734,7.03,0
-0.62734,7.21,0
-0.62734,7.39,0
-0.62734,7.57,0
-0.62734,7.75,0
-0.62734,7.93,0
-0.62734,8.11,0
-0.62734,8.29,0
-0.62734,8.47,0
-0.62734,8.65,0
-0.62734,8.83,0
-0.62734,9.01,0
-0.62734,9.19,0
-0.62734,9.37,0
-0.62734,9.55,0
-0.62734,9.73,0
-0.62734,9.91,0
