-0.984455,1.09,0
-0.984455,1.27,0
-0.984455,1.45,0
-0.984455,1.63,0
-0.984455,1.81,0
-0.984455,1.99,0
-0.984455,2.17,0
-0.984455,2.35,0
-0.984455,2.53,0
-0.984455,2.71,0
-0.984455,2.89,0
-0.984455,3.07,0
-0.984455,3.25,0
-0.984455,3.43,0
-0.984455,3.61,0
-0.984455,3.79,0
-0.984455,3.97,0
-0.984455,4.15,0
-0.984455,4.33,0
-0.984455,4.51,0
-0.984455,4.69,0
-0.984455,4.87,0
-0.984455,5.05,0
-0.984455,5.23,0
-0.984455,5.41,0
-0.984455,5.59,0
-0.984455,5.77,0
-0.984455,5.95,0
-0.984455,6.13,0
-0.984455,6.31,0
-0.984455,6.49,0
-0.984455,6.67,0
-0.984455,6.85,0
-0.984455,7.03,0
-0.984455,7.21,0
-0.984455,7.39,0
-0.984455,7.57,0
-0.984455,7.75,0
-0.984455,7.93,0
-0.984455,8.11,0
-0.984455,8.29,0
-0.984455,8.47,0
-0.984455,8.65,0
-0.984455,8.83,0
-0.984455,9.01,0
-0.984455,9.19,0
-0.984455,9.37,0
-0.984455,9.55,0
-0.984455,9.73,0
-0.984455,9.91,0
-0.977166,1.09,0
-0.977166,1.27,0
-0.977166,1.45,0
-0.977166,1.63,0
-0.977166,1.81,0
-0.977166,1.99,0
-0.977166,2.17,0
-0.977166,2.35,0
-0.977166,2.53,0
-0.977166,2.71,0
-0.977166,2.89,0
-0.977166,3.07,0
-0.977166,3.25,0
-0.977166,3.43,0
-0.977166,3.61,0
-0.977166,3.79,0
-0.977166,3.97,0
-0.977166,4.15,0
-0.977166,4.33,0
-0.977166,4.51,0
-0.977166,4.69,0
-0.977166,4.87,0
-0.977166,5.05,0
-0.977166,5.23,0
-0.977166,5.41,0
-0.977166,5.59,0
-0.977166,5.77,0
-0.977166,5.95,0
-0.977166,6.13,0
-0.977166,6.31,0
-0.977166,6.49,0
-0.977166,6.67,0
-0.977166,6.85,0
-0.977166,7.03,0
-0.977166,7.21,0
-0.977166,7.39,0
-0.977166,7.57,0
-0.977166,7.75,0
-0.977166,7.93,0
-0.977166,8.11,0
-0.977166,8.29,0
-0.977166,8.47,0
-0.977166,8.65,0
-0.977166,8.83,0
-0.977166,9.01,0
-0.977166,9.19,0
-0.977166,9.37,0
-0.977166,9.55,0
-0.977166,9.73,0
-0.977166,9.91,0
-0.969878,1.09,0
-0.969878,1.27,0
-0.969878,1.45,0
-0.969878,1.63,0
-0.969878,1.81,0
-0.969878,1.99,0
-0.969878,2.17,0
-0.969878,2.35,0
-0.969878,2.53,0
-0.969878,2.71,0
-0.969878,2.89,0
-0.969878,3.07,0
-0.969878,3.25,0
-0.969878,3.43,0
-0.969878,3.61,0
-0.969878,3.79,0
-0.969878,3.97,0
-0.969878,4.15,0
-0.969878,4.33,0
-0.969878,4.51,0
-0.969878,4.69,0
-0.969878,4.87,0
-0.969878,5.05,0
-0.969878,5.23,0
-0.969878,5.41,0
-0.969878,5.59,0
-0.969878,5.77,0
-0.969878,5.95,0
-0.969878,6.13,0
-0.969878,6.31,0
-0.969878,6.49,0
-0.969878,6.67,0
-0.969878,6.85,0
-0.969878,7.03,0
-0.969878,7.21,0
-0.969878,7.39,0
-0.969878,7.57,0
-0.969878,7.75,0
-0.969878,7.93,0
-0.969878,8.11,0
-0.969878,8.29,0
-0.969878,8.47,0
-0.969878,8.65,0
-0.969878,8.83,0
-0.969878,9.01,0
-0.969878,9.19,0
-0.969878,9.37,0
-0.969878,9.55,0
-0.969878,9.73,0
-0.969878,9.91,0
-0.96259,1.09,-0.00495899
-0.96259,1.27,0.000408896
-0.96259,1.45,-0.0128026
-0.96259,1.63,0.0217825
-0.96259,1.81,0.00375842
-0.96259,1.99,-0.00256454
-0.96259,2.17,4.61952e-06
-0.96259,2.35,0.000380975
-0.96259,2.53,0.0105179
-0.96259,2.71,0.0256649
-0.96259,2.89,-0.0244013
-0.96259,3.07,-0.0304697
-0.96259,3.25,-0.0187601
-0.96259,3.43,0.0070583
-0.96259,3.61,0.0258927
-0.96259,3.79,0.0281042
-0.96259,3.97,0.0265588
-0.96259,4.15,0.0268513
-0.96259,4.33,0.0318257
-0.96259,4.51,0.050343
-0.96259,4.69,0.140127
-0.96259,4.87,0.071665
-0.96259,5.05,0.00414353
-0.96259,5.23,-0.0021305
-0.96259,5.41,-0.00305422
-0.96259,5.59,-0.00320401
-0.96259,5.77,-0.00327207
-0.96259,5.95,-0.0034205
-0.96259,6.13,-0.0037101
-0.96259,6.31,-0.00419721
-0.96259,6.49,-0.00497086
-0.96259,6.67,-0.0061932
-0.96259,6.85,-0.00817451
-0.96259,7.03,-0.0115553
-0.96259,7.21,-0.0177855
-0.96259,7.39,-0.0304508
-0.96259,7.57,-0.0584133
-0.96259,7.75,-0.108917
-0.96259,7.93,-0.115456
-0.96259,8.11,-0.0672538
-0.96259,8.29,-0.0371504
-0.96259,8.47,-0.0228216
-0.96259,8.65,-0.0154864
-0.96259,8.83,-0.011333
-0.96259,9.01,-0.00877564
-0.96259,9.19,-0.00709258
-0.96259,9.37,-0.00592521
-0.96259,9.55,-0.0050815
-0.96259,9.73,-0.00445108
-0.96259,9.91,-0.00396697
-0.955302,1.09,-0.0124757
-0.955302,1.27,-0.0133071
-0.955302,1.45,-0.15964
-0.955302,1.63,0.160794
-0.955302,1.81,0.0485684
-0.955302,1.99,-0.0197844
-0.955302,2.17,0.0142046
-0.955302,2.35,0.0492587
-0.955302,2.53,0.145217
-0.955302,2.71,0.156505
-0.955302,2.89,-0.400784
-0.955302,3.07,-0.274937
-0.955302,3.25,-0.0567084
-0.955302,3.43,0.264706
-0.955302,3.61,0.414239
-0.955302,3.79,0.374668
-0.955302,3.97,0.322699
-0.955302,4.15,0.308756
-0.955302,4.33,0.356435
-0.955302,4.51,0.574737
-0.955302,4.69,1.52021
-0.955302,4.87,-0.181608
-0.955302,5.05,-0.170844
-0.955302,5.23,-0.133905
-0.955302,5.41,-0.114068
-0.955302,5.59,-0.104293
-0.955302,5.77,-0.100587
-0.955302,5.95,-0.10135
-0.955302,6.13,-0.106082
-0.955302,6.31,-0.115082
-0.955302,6.49,-0.129476
-0.955302,6.67,-0.151696
-0.955302,6.85,-0.186398
-0.955302,7.03,-0.242841
-0.955302,7.21,-0.340455
-0.955302,7.39,-0.519307
-0.955302,7.57,-0.833064
-0.955302,7.75,-1.11963
-0.955302,7.93,-0.87282
-0.955302,8.11,-0.475709
-0.955302,8.29,-0.256909
-0.955302,8.47,-0.151285
-0.955302,8.65,-0.0971936
-0.955302,8.83,-0.067188
-0.955302,9.01,-0.0493729
-0.955302,9.19,-0.0381816
-0.955302,9.37,-0.0308196
-0.955302,9.55,-0.0258021
-0.955302,9.73,-0.0222844
-0.955302,9.91,-0.0197619
-0.948014,1.09,0.0112274
-0.948014,1.27,0.0125982
-0.948014,1.45,-0.123589
-0.948014,1.63,-0.00672246
-0.948014,1.81,0.0875737
-0.948014,1.99,-0.0025816
-0.948014,2.17,0.0779956
-0.948014,2.35,0.104728
-0.948014,2.53,0.210905
-0.948014,2.71,-0.187064
-0.948014,2.89,-0.678744
-0.948014,3.07,-0.289195
-0.948014,3.25,0.16327
-0.948014,3.43,0.722026
-0.948014,3.61,0.84889
-0.948014,3.79,0.663119
-0.948014,3.97,0.507811
-0.948014,4.15,0.430895
-0.948014,4.33,0.417899
-0.948014,4.51,0.345833
-0.948014,4.69,-2.0832
-0.948014,4.87,-0.807222
-0.948014,5.05,-0.436518
-0.948014,5.23,-0.316791
-0.948014,5.41,-0.266887
-0.948014,5.59,-0.245565
-0.948014,5.77,-0.239248
-0.948014,5.95,-0.243177
-0.948014,6.13,-0.255863
-0.948014,6.31,-0.277756
-0.948014,6.49,-0.31103
-0.948014,6.67,-0.360432
-0.948014,6.85,-0.434686
-0.948014,7.03,-0.550027
-0.948014,7.21,-0.736347
-0.948014,7.39,-1.03626
-0.948014,7.57,-1.418
-0.948014,7.75,-1.46093
-0.948014,7.93,-0.923492
-0.948014,8.11,-0.4479
-0.948014,8.29,-0.208104
-0.948014,8.47,-0.0965544
-0.948014,8.65,-0.0427317
-0.948014,8.83,-0.0155489
-0.948014,9.01,-0.00148626
-0.948014,9.19,0.00577806
-0.948014,9.37,0.00937415
-0.948014,9.55,0.0109014
-0.948014,9.73,0.0112343
-0.948014,9.91,0.0108702
-0.940726,1.09,0.0332276
-0.940726,1.27,-0.0783501
-0.940726,1.45,-0.0729971
-0.940726,1.63,-0.0836433
-0.940726,1.81,0.133925
-0.940726,1.99,-0.00315388
-0.940726,2.17,0.0828843
-0.940726,2.35,0.101002
-0.940726,2.53,0.181043
-0.940726,2.71,-0.542222
-0.940726,2.89,-0.579213
-0.940726,3.07,-0.164799
-0.940726,3.25,0.336158
-0.940726,3.43,0.937628
-0.940726,3.61,0.967702
-0.940726,3.79,0.667231
-0.940726,3.97,0.433166
-0.940726,4.15,0.260731
-0.940726,4.33,-0.00623361
-0.940726,4.51,-1.40722
-0.940726,4.69,-2.37056
-0.940726,4.87,-0.877842
-0.940726,5.05,-0.492266
-0.940726,5.23,-0.359946
-0.940726,5.41,-0.305289
-0.940726,5.59,-0.28323
-0.940726,5.77,-0.278374
-0.940726,5.95,-0.285215
-0.940726,6.13,-0.302007
-0.940726,6.31,-0.329192
-0.940726,6.49,-0.369053
-0.940726,6.67,-0.426473
-0.940726,6.85,-0.509999
-0.940726,7.03,-0.634082
-0.940726,7.21,-0.819945
-0.940726,7.39,-1.0743
-0.940726,7.57,-1.26872
-0.940726,7.75,-1.04416
-0.940726,7.93,-0.531959
-0.940726,8.11,-0.190125
-0.940726,8.29,-0.0335904
-0.940726,8.47,0.0323887
-0.940726,8.65,0.0592174
-0.940726,8.83,0.0688699
-0.940726,9.01,0.0706773
-0.940726,9.19,0.0688883
-0.940726,9.37,0.0655201
-0.940726,9.55,0.0615196
-0.940726,9.73,0.0573557
-0.940726,9.91,0.0532607
-0.933438,1.09,0.0402196
-0.933438,1.27,-0.0275622
-0.933438,1.45,-0.042885
-0.933438,1.63,-0.0765249
-0.933438,1.81,0.220963
-0.933438,1.99,-0.00735942
-0.933438,2.17,0.0927233
-0.933438,2.35,0.0891577
-0.933438,2.53,0.134658
-0.933438,2.71,-0.848409
-0.933438,2.89,-0.465109
-0.933438,3.07,-0.0443946
-0.933438,3.25,0.517817
-0.933438,3.43,1.17096
-0.933438,3.61,1.03592
-0.933438,3.79,0.576155
-0.933438,3.97,0.233186
-0.933438,4.15,-0.0988304
-0.933438,4.33,-0.786346
-0.933438,4.51,-2.58279
-0.933438,4.69,-1.76158
-0.933438,4.87,-0.77578
-0.933438,5.05,-0.461905
-0.933438,5.23,-0.345521
-0.933438,5.41,-0.298093
-0.933438,5.59,-0.281134
-0.933438,5.77,-0.280648
-0.933438,5.95,-0.291515
-0.933438,6.13,-0.312153
-0.933438,6.31,-0.34304
-0.933438,6.49,-0.386349
-0.933438,6.67,-0.446461
-0.933438,6.85,-0.530461
-0.933438,7.03,-0.648429
-0.933438,7.21,-0.80811
-0.933438,7.39,-0.977611
-0.933438,7.57,-0.978099
-0.933438,7.75,-0.60709
-0.933438,7.93,-0.17697
-0.933438,8.11,0.048143
-0.933438,8.29,0.132779
-0.933438,8.47,0.157455
-0.933438,8.65,0.158998
-0.933438,8.83,0.151976
-0.933438,9.01,0.14208
-0.933438,9.19,0.13166
-0.933438,9.37,0.121678
-0.933438,9.55,0.112453
-0.933438,9.73,0.104062
-0.933438,9.91,0.096478
-0.92615,1.09,0.0315521
-0.92615,1.27,0.000516655
-0.92615,1.45,-0.0293645
-0.92615,1.63,-0.0633276
-0.92615,1.81,0.400148
-0.92615,1.99,-0.0131019
-0.92615,2.17,0.0980795
-0.92615,2.35,0.0727652
-0.92615,2.53,0.0691795
-0.92615,2.71,-0.981204
-0.92615,2.89,-0.352999
-0.92615,3.07,0.0723051
-0.92615,3.25,0.715935
-0.92615,3.43,1.41694
-0.92615,3.61,1.00039
-0.92615,3.79,0.352879
-0.92615,3.97,-0.104323
-0.92615,4.15,-0.607777
-0.92615,4.33,-1.53753
-0.92615,4.51,-2.3324
-0.92615,4.69,-1.28491
-0.92615,4.87,-0.621148
-0.92615,5.05,-0.380789
-0.92615,5.23,-0.288611
-0.92615,5.41,-0.253178
-0.92615,5.59,-0.243725
-0.92615,5.77,-0.248505
-0.92615,5.95,-0.263146
-0.92615,6.13,-0.286325
-0.92615,6.31,-0.318472
-0.92615,6.49,-0.36136
-0.92615,6.67,-0.418283
-0.92615,6.85,-0.493784
-0.92615,7.03,-0.5917
-0.92615,7.21,-0.703814
-0.92615,7.39,-0.763763
-0.92615,7.57,-0.588683
-0.92615,7.75,-0.163218
-0.92615,7.93,0.150365
-0.92615,8.11,0.264663
-0.92615,8.29,0.283411
-0.92615,8.47,0.270147
-0.92615,8.65,0.248509
-0.92615,8.83,0.226334
-0.92615,9.01,0.205942
-0.92615,9.19,0.187893
-0.92615,9.37,0.172146
-0.92615,9.55,0.15843
-0.92615,9.73,0.146448
-0.92615,9.91,0.135934
-0.918862,1.09,0.00847968
-0.918862,1.27,0.00407745
-0.918862,1.45,-0.0261791
-0.918862,1.63,-0.0557432
-0.918862,1.81,0.6072
-0.918862,1.99,-0.0178211
-0.918862,2.17,0.0651857
-0.918862,2.35,0.0547857
-0.918862,2.53,-0.0203888
-0.918862,2.71,-0.933649
-0.918862,2.89,-0.248664
-0.918862,3.07,0.187632
-0.918862,3.25,0.940768
-0.918862,3.43,1.64642
-0.918862,3.61,0.792837
-0.918862,3.79,-0.00201175
-0.918862,3.97,-0.518914
-0.918862,4.15,-1.08632
-0.918862,4.33,-1.8193
-0.918862,4.51,-1.78224
-0.918862,4.69,-0.918108
-0.918862,4.87,-0.447451
-0.918862,5.05,-0.267289
-0.918862,5.23,-0.199621
-0.918862,5.41,-0.177207
-0.918862,5.59,-0.175619
-0.918862,5.77,-0.185272
-0.918862,5.95,-0.202532
-0.918862,6.13,-0.226273
-0.918862,6.31,-0.256704
-0.918862,6.49,-0.294889
-0.918862,6.67,-0.342447
-0.918862,6.85,-0.400375
-0.918862,7.03,-0.464528
-0.918862,7.21,-0.508625
-0.918862,7.39,-0.437498
-0.918862,7.57,-0.112253
-0.918862,7.75,0.281294
-0.918862,7.93,0.443295
-0.918862,8.11,0.447664
-0.918862,8.29,0.405937
-0.918862,8.47,0.359247
-0.918862,8.65,0.317891
-0.918862,8.83,0.28326
-0.918862,9.01,0.254531
-0.918862,9.19,0.23062
-0.918862,9.37,0.210575
-0.918862,9.55,0.193602
-0.918862,9.73,0.179084
-0.918862,9.91,0.166551
-0.911574,1.09,-0.0301268
-0.911574,1.27,-0.004725
-0.911574,1.45,-0.0277595
-0.911574,1.63,-0.0517094
-0.911574,1.81,0.323958
-0.911574,1.99,-0.0181982
-0.911574,2.17,0.014748
-0.911574,2.35,0.0376008
-0.911574,2.53,-0.142467
-0.911574,2.71,-0.78875
-0.911574,2.89,-0.152315
-0.911574,3.07,0.305128
-0.911574,3.25,1.20587
-0.911574,3.43,1.77195
-0.911574,3.61,0.382111
-0.911574,3.79,-0.414442
-0.911574,3.97,-0.885899
-0.911574,4.15,-1.35463
-0.911574,4.33,-1.6962
-0.911574,4.51,-1.29389
-0.911574,4.69,-0.610792
-0.911574,4.87,-0.262616
-0.911574,5.05,-0.130097
-0.911574,5.23,-0.084902
-0.911574,5.41,-0.0749779
-0.911574,5.59,-0.0806185
-0.911574,5.77,-0.0940475
-0.911574,5.95,-0.112229
-0.911574,6.13,-0.134089
-0.911574,6.31,-0.159387
-0.911574,6.49,-0.188079
-0.911574,6.67,-0.219388
-0.911574,6.85,-0.249378
-0.911574,7.03,-0.263184
-0.911574,7.21,-0.212082
-0.911574,7.39,0.0205931
-0.911574,7.57,0.45288
-0.911574,7.75,0.70155
-0.911574,7.93,0.675812
-0.911574,8.11,0.575674
-0.911574,8.29,0.483377
-0.911574,8.47,0.411178
-0.911574,8.65,0.355974
-0.911574,8.83,0.313292
-0.911574,9.01,0.279623
-0.911574,9.19,0.252537
-0.911574,9.37,0.230367
-0.911574,9.55,0.211927
-0.911574,9.73,0.196372
-0.911574,9.91,0.18309
-0.904286,1.09,-0.111706
-0.904286,1.27,-0.0177877
-0.904286,1.45,-0.0294172
-0.904286,1.63,-0.0467552
-0.904286,1.81,0.0183367
-0.904286,1.99,-0.00981775
-0.904286,2.17,-0.0230985
-0.904286,2.35,0.0231298
-0.904286,2.53,-0.307761
-0.904286,2.71,-0.619667
-0.904286,2.89,-0.0619277
-0.904286,3.07,0.429077
-0.904286,3.25,1.52834
-0.904286,3.43,1.61022
-0.904286,3.61,-0.146557
-0.904286,3.79,-0.765182
-0.904286,3.97,-1.10497
-0.904286,4.15,-1.38624
-0.904286,4.33,-1.4024
-0.904286,4.51,-0.883189
-0.904286,4.69,-0.331008
-0.904286,4.87,-0.0663722
-0.904286,5.05,0.0273072
-0.904286,5.23,0.0520383
-0.904286,5.41,0.0503329
-0.904286,5.59,0.0384336
-0.904286,5.77,0.0226441
-0.904286,5.95,0.0055746
-0.904286,6.13,-0.0115544
-0.904286,6.31,-0.0277291
-0.904286,6.49,-0.0412023
-0.904286,6.67,-0.0476176
-0.904286,6.85,-0.0355333
-0.904286,7.03,0.0265505
-0.904286,7.21,0.220651
-0.904286,7.39,0.663137
-0.904286,7.57,1.08479
-0.904286,7.75,1.02964
-0.904286,7.93,0.802512
-0.904286,8.11,0.620834
-0.904286,8.29,0.497082
-0.904286,8.47,0.41234
-0.904286,8.65,0.35215
-0.904286,8.83,0.307723
-0.904286,9.01,0.273785
-0.904286,9.19,0.247107
-0.904286,9.37,0.225637
-0.904286,9.55,0.208012
-0.904286,9.73,0.193299
-0.904286,9.91,0.180843
-0.896998,1.09,-0.272661
-0.896998,1.27,-0.0273626
-0.896998,1.45,-0.0268645
-0.896998,1.63,-0.0369216
-0.896998,1.81,-0.0924622
-0.896998,1.99,0.0132945
-0.896998,2.17,-0.0494192
-0.896998,2.35,0.0131201
-0.896998,2.53,-0.519318
-0.896998,2.71,-0.460462
-0.896998,2.89,0.0248064
-0.896998,3.07,0.56424
-0.896998,3.25,1.92426
-0.896998,3.43,0.978303
-0.896998,3.61,-0.614617
-0.896998,3.79,-0.973636
-0.896998,3.97,-1.15986
-0.896998,4.15,-1.25634
-0.896998,4.33,-1.06362
-0.896998,4.51,-0.518551
-0.896998,4.69,-0.0578757
-0.896998,4.87,0.144444
-0.896998,5.05,0.204065
-0.896998,5.23,0.209244
-0.896998,5.41,0.196392
-0.896998,5.59,0.1791
-0.896998,5.77,0.162423
-0.896998,5.95,0.148713
-0.896998,6.13,0.139594
-0.896998,6.31,0.137349
-0.896998,6.49,0.146432
-0.896998,6.67,0.176991
-0.896998,6.85,0.253419
-0.896998,7.03,0.438183
-0.896998,7.21,0.873701
-0.896998,7.39,1.57349
-0.896998,7.57,1.64606
-0.896998,7.75,1.14525
-0.896998,7.93,0.772553
-0.896998,8.11,0.559412
-0.896998,8.29,0.433574
-0.896998,8.47,0.353798
-0.896998,8.65,0.299803
-0.896998,8.83,0.261244
-0.896998,9.01,0.232501
-0.896998,9.19,0.210321
-0.896998,9.37,0.19272
-0.896998,9.55,0.178432
-0.896998,9.73,0.166612
-0.896998,9.91,0.15668
-0.88971,1.09,-0.201315
-0.88971,1.27,-0.0251564
-0.88971,1.45,-0.0150134
-0.88971,1.63,-0.0199245
-0.88971,1.81,-0.122733
-0.88971,1.99,0.0595025
-0.88971,2.17,-0.0673278
-0.88971,2.35,0.00955912
-0.88971,2.53,-0.741221
-0.88971,2.71,-0.320917
-0.88971,2.89,0.109454
-0.88971,3.07,0.71582
-0.88971,3.25,2.37909
-0.88971,3.43,0.0482343
-0.88971,3.61,-0.898022
-0.88971,3.79,-1.03387
-0.88971,3.97,-1.08912
-0.88971,4.15,-1.03903
-0.88971,4.33,-0.716692
-0.88971,4.51,-0.169929
-0.88971,4.69,0.224424
-0.88971,4.87,0.37409
-0.88971,5.05,0.400232
-0.88971,5.23,0.384927
-0.88971,5.41,0.36046
-0.88971,5.59,0.338128
-0.88971,5.77,0.321794
-0.88971,5.95,0.313688
-0.88971,6.13,0.316176
-0.88971,6.31,0.333563
-0.88971,6.49,0.374743
-0.88971,6.67,0.459924
-0.88971,6.85,0.63862
-0.88971,7.03,1.04235
-0.88971,7.21,1.94379
-0.88971,7.39,2.72008
-0.88971,7.57,1.76046
-0.88971,7.75,0.936253
-0.88971,7.93,0.565362
-0.88971,8.11,0.388829
-0.88971,8.29,0.293866
-0.88971,8.47,0.237151
-0.88971,8.65,0.200403
-0.88971,8.83,0.175038
-0.88971,9.01,0.156643
-0.88971,9.19,0.142762
-0.88971,9.37,0.131942
-0.88971,9.55,0.123285
-0.88971,9.73,0.116208
-0.88971,9.91,0.11032
-0.882422,1.09,-0.141683
-0.882422,1.27,-0.00370986
-0.882422,1.45,0.0139713
-0.882422,1.63,0.00478224
-0.882422,1.81,-0.116491
-0.882422,1.99,0.141614
-0.882422,2.17,-0.0768222
-0.882422,2.35,0.015233
-0.882422,2.53,-0.863287
-0.882422,2.71,-0.201541
-0.882422,2.89,0.192374
-0.882422,3.07,0.889715
-0.882422,3.25,2.70774
-0.882422,3.43,-0.683704
-0.882422,3.61,-0.992524
-0.882422,3.79,-0.981514
-0.882422,3.97,-0.93726
-0.882422,4.15,-0.774703
-0.882422,4.33,-0.360534
-0.882422,4.51,0.188945
-0.882422,4.69,0.530031
-0.882422,4.87,0.626751
-0.882422,5.05,0.614848
-0.882422,5.23,0.575301
-0.882422,5.41,0.537039
-0.882422,5.59,0.508858
-0.882422,5.77,0.493219
-0.882422,5.95,0.492249
-0.882422,6.13,0.509413
-0.882422,6.31,0.552038
-0.882422,6.49,0.636094
-0.882422,6.67,0.799496
-0.882422,6.85,1.1438
-0.882422,7.03,1.97974
-0.882422,7.21,3.83695
-0.882422,7.39,3.0729
-0.882422,7.57,1.07059
-0.882422,7.75,0.436789
-0.882422,7.93,0.225835
-0.882422,8.11,0.139919
-0.882422,8.29,0.0994325
-0.882422,8.47,0.078214
-0.882422,8.65,0.0661678
-0.882422,8.83,0.0588831
-0.882422,9.01,0.054246
-0.882422,9.19,0.0511597
-0.882422,9.37,0.0490208
-0.882422,9.55,0.0474849
-0.882422,9.73,0.046346
-0.882422,9.91,0.0454771
-0.875134,1.09,-0.112515
-0.875134,1.27,0.0409392
-0.875134,1.45,0.0734496
-0.875134,1.63,0.0373194
-0.875134,1.81,-0.0892223
-0.875134,1.99,0.282631
-0.875134,2.17,-0.0762119
-0.875134,2.35,0.0345352
-0.875134,2.53,-0.780484
-0.875134,2.71,-0.100565
-0.875134,2.89,0.272659
-0.875134,3.07,1.09303
-0.875134,3.25,2.19783
-0.875134,3.43,-1.00702
-0.875134,3.61,-0.952934
-0.875134,3.79,-0.855093
-0.875134,3.97,-0.733608
-0.875134,4.15,-0.476112
-0.875134,4.33,0.0222693
-0.875134,4.51,0.585375
-0.875134,4.69,0.873465
-0.875134,4.87,0.904693
-0.875134,5.05,0.842639
-0.875134,5.23,0.770579
-0.875134,5.41,0.713294
-0.875134,5.59,0.675962
-0.875134,5.77,0.65887
-0.875134,5.95,0.663651
-0.875134,6.13,0.694767
-0.875134,6.31,0.762947
-0.875134,6.49,0.893104
-0.875134,6.67,1.14864
-0.875134,6.85,1.72448
-0.875134,7.03,3.36813
-0.875134,7.21,5.24616
-0.875134,7.39,0.817487
-0.875134,7.57,-0.0331454
-0.875134,7.75,-0.145033
-0.875134,7.93,-0.147149
-0.875134,8.11,-0.130265
-0.875134,8.29,-0.111642
-0.875134,8.47,-0.0950512
-0.875134,8.65,-0.0810397
-0.875134,8.83,-0.0693678
-0.875134,9.01,-0.0596556
-0.875134,9.19,-0.0515323
-0.875134,9.37,-0.0446869
-0.875134,9.55,-0.0388767
-0.875134,9.73,-0.0339094
-0.875134,9.91,-0.0296334
-0.867846,1.09,-0.0823308
-0.867846,1.27,0.106838
-0.867846,1.45,0.18719
-0.867846,1.63,0.0802107
-0.867846,1.81,-0.0503504
-0.867846,1.99,0.528702
-0.867846,2.17,-0.0637049
-0.867846,2.35,0.0750564
-0.867846,2.53,-0.551561
-0.867846,2.71,-0.0162661
-0.867846,2.89,0.348273
-0.867846,3.07,1.33438
-0.867846,3.25,0.367982
-0.867846,3.43,-1.0365
-0.867846,3.61,-0.832806
-0.867846,3.79,-0.680994
-0.867846,3.97,-0.491275
-0.867846,4.15,-0.137765
-0.867846,4.33,0.462087
-0.867846,4.51,1.05445
-0.867846,4.69,1.26977
-0.867846,4.87,1.20282
-0.867846,5.05,1.06624
-0.867846,5.23,0.946093
-0.867846,5.41,0.859189
-0.867846,5.59,0.804152
-0.867846,5.77,0.777051
-0.867846,5.95,0.777185
-0.867846,6.13,0.807507
-0.867846,6.31,0.877344
-0.867846,6.49,1.00906
-0.867846,6.67,1.25512
-0.867846,6.85,1.73541
-0.867846,7.03,1.87258
-0.867846,7.21,-2.02207
-0.867846,7.39,-1.34301
-0.867846,7.57,-0.855346
-0.867846,7.75,-0.6035
-0.867846,7.93,-0.45638
-0.867846,8.11,-0.361869
-0.867846,8.29,-0.296771
-0.867846,8.47,-0.249641
-0.867846,8.65,-0.214214
-0.867846,8.83,-0.18679
-0.867846,9.01,-0.165081
-0.867846,9.19,-0.147557
-0.867846,9.37,-0.133166
-0.867846,9.55,-0.121186
-0.867846,9.73,-0.111097
-0.867846,9.91,-0.102515
-0.860558,1.09,-0.0370124
-0.860558,1.27,0.184985
-0.860558,1.45,0.392009
-0.860558,1.63,0.143153
-0.860558,1.81,-0.00824263
-0.860558,1.99,0.881673
-0.860558,2.17,-0.0395516
-0.860558,2.35,0.151715
-0.860558,2.53,-0.313186
-0.860558,2.71,0.0525059
-0.860558,2.89,0.416015
-0.860558,3.07,1.62035
-0.860558,3.25,-0.984618
-0.860558,3.43,-0.918432
-0.860558,3.61,-0.66658
-0.860558,3.79,-0.472791
-0.860558,3.97,-0.210456
-0.860558,4.15,0.261864
-0.860558,4.33,1.01176
-0.860558,4.51,1.65034
-0.860558,4.69,1.72876
-0.860558,4.87,1.49238
-0.860558,5.05,1.23721
-0.860558,5.23,1.04285
-0.860558,5.41,0.907285
-0.860558,5.59,0.81596
-0.860558,5.77,0.75589
-0.860558,5.95,0.718178
-0.860558,6.13,0.693716
-0.860558,6.31,0.665808
-0.860558,6.49,0.58317
-0.860558,6.67,0.217495
-0.860558,6.85,-1.68347
-0.860558,7.03,-6.13915
-0.860558,7.21,-3.74849
-0.860558,7.39,-1.97566
-0.860558,7.57,-1.22918
-0.860558,7.75,-0.858181
-0.860558,7.93,-0.64556
-0.860558,8.11,-0.51104
-0.860558,8.29,-0.419736
-0.860558,8.47,-0.354478
-0.860558,8.65,-0.305963
-0.860558,8.83,-0.268765
-0.860558,9.01,-0.239567
-0.860558,9.19,-0.216178
-0.860558,9.37,-0.197099
-0.860558,9.55,-0.181314
-0.860558,9.73,-0.168096
-0.860558,9.91,-0.156914
-0.85327,1.09,0.0188621
-0.85327,1.27,0.240553
-0.85327,1.45,0.400361
-0.85327,1.63,0.254815
-0.85327,1.81,0.0305438
-0.85327,1.99,0.32234
-0.85327,2.17,-0.00896088
-0.85327,2.35,0.299613
-0.85327,2.53,-0.127844
-0.85327,2.71,0.105789
-0.85327,2.89,0.470537
-0.85327,3.07,1.92807
-0.85327,3.25,-1.22006
-0.85327,3.43,-0.734943
-0.85327,3.61,-0.471013
-0.85327,3.79,-0.23323
-0.85327,3.97,0.121064
-0.85327,4.15,0.769076
-0.85327,4.33,1.77962
-0.85327,4.51,2.46656
-0.85327,4.69,2.22038
-0.85327,4.87,1.66932
-0.85327,5.05,1.22935
-0.85327,5.23,0.927647
-0.85327,5.41,0.717183
-0.85327,5.59,0.557923
-0.85327,5.77,0.419095
-0.85327,5.95,0.271531
-0.85327,6.13,0.0714033
-0.85327,6.31,-0.273113
-0.85327,6.49,-0.992572
-0.85327,6.67,-2.64587
-0.85327,6.85,-5.25693
-0.85327,7.03,-5.09711
-0.85327,7.21,-3.14403
-0.85327,7.39,-1.91888
-0.85327,7.57,-1.27322
-0.85327,7.75,-0.911506
-0.85327,7.93,-0.691836
-0.85327,8.11,-0.548945
-0.85327,8.29,-0.450864
-0.85327,8.47,-0.380582
-0.85327,8.65,-0.328449
-0.85327,8.83,-0.288678
-0.85327,9.01,-0.25767
-0.85327,9.19,-0.233025
-0.85327,9.37,-0.213091
-0.85327,9.55,-0.196743
-0.85327,9.73,-0.183179
-0.85327,9.91,-0.171812
-0.845982,1.09,0.0537422
-0.845982,1.27,0.208778
-0.845982,1.45,-0.319025
-0.845982,1.63,0.521323
-0.845982,1.81,0.0617288
-0.845982,1.99,-0.38237
-0.845982,2.17,0.0162736
-0.845982,2.35,0.627605
-0.845982,2.53,-0.0035995
-0.845982,2.71,0.138621
-0.845982,2.89,0.501089
-0.845982,3.07,2.06912
-0.845982,3.25,-0.999524
-0.845982,3.43,-0.517095
-0.845982,3.61,-0.247738
-0.845982,3.79,0.0481283
-0.845982,3.97,0.538901
-0.845982,4.15,1.50233
-0.845982,4.33,3.07837
-0.845982,4.51,3.67393
-0.845982,4.69,2.50191
-0.845982,4.87,1.40343
-0.845982,5.05,0.745547
-0.845982,5.23,0.339059
-0.845982,5.41,0.0486232
-0.845982,5.59,-0.201106
-0.845982,5.77,-0.461807
-0.845982,5.95,-0.785091
-0.845982,6.13,-1.24264
-0.845982,6.31,-1.94397
-0.845982,6.49,-3.00256
-0.845982,6.67,-4.22154
-0.845982,6.85,-4.57404
-0.845982,7.03,-3.60609
-0.845982,7.21,-2.4137
-0.845982,7.39,-1.58456
-0.845982,7.57,-1.0777
-0.845982,7.75,-0.767418
-0.845982,7.93,-0.570585
-0.845982,8.11,-0.440418
-0.845982,8.29,-0.351129
-0.845982,8.47,-0.287849
-0.845982,8.65,-0.241731
-0.845982,8.83,-0.207314
-0.845982,9.01,-0.181123
-0.845982,9.19,-0.160853
-0.845982,9.37,-0.144924
-0.845982,9.55,-0.132249
-0.845982,9.73,-0.122056
-0.845982,9.91,-0.113786
-0.838694,1.09,0.0850243
-0.838694,1.27,0.335268
-0.838694,1.45,-0.236413
-0.838694,1.63,1.47973
-0.838694,1.81,0.071489
-0.838694,1.99,-0.263089
-0.838694,2.17,0.0471942
-0.838694,2.35,1.87854
-0.838694,2.53,-0.0512069
-0.838694,2.71,0.0898657
-0.838694,2.89,0.478764
-0.838694,3.07,1.96178
-0.838694,3.25,-0.595987
-0.838694,3.43,-0.2225
-0.838694,3.61,0.089737
-0.838694,3.79,0.536401
-0.838694,3.97,1.4002
-0.838694,4.15,3.48576
-0.838694,4.33,7.9009
-0.838694,4.51,5.18198
-0.838694,4.69,0.82684
-0.838694,4.87,-0.559912
-0.838694,5.05,-1.10284
-0.838694,5.23,-1.41607
-0.838694,5.41,-1.67238
-0.838694,5.59,-1.93735
-0.838694,5.77,-2.24518
-0.838694,5.95,-2.62045
-0.838694,6.13,-3.07289
-0.838694,6.31,-3.57055
-0.838694,6.49,-3.98108
-0.838694,6.67,-4.03362
-0.838694,6.85,-3.50849
-0.838694,7.03,-2.57757
-0.838694,7.21,-1.65274
-0.838694,7.39,-0.961211
-0.838694,7.57,-0.508441
-0.838694,7.75,-0.226868
-0.838694,7.93,-0.0543108
-0.838694,8.11,0.0514662
-0.838694,8.29,0.11606
-0.838694,8.47,0.155114
-0.838694,8.65,0.178119
-0.838694,8.83,0.190905
-0.838694,9.01,0.197171
-0.838694,9.19,0.199215
-0.838694,9.37,0.198494
-0.838694,9.55,0.195997
-0.838694,9.73,0.192384
-0.838694,9.91,0.188095
-0.831406,1.09,0.0938248
-0.831406,1.27,-0.00341361
-0.831406,1.45,-0.0238359
-0.831406,1.63,1.29606
-0.831406,1.81,0.0516333
-0.831406,1.99,-0.110114
-0.831406,2.17,0.0834161
-0.831406,2.35,2.69968
-0.831406,2.53,-0.168013
-0.831406,2.71,0.0394695
-0.831406,2.89,0.464026
-0.831406,3.07,0.819383
-0.831406,3.25,-0.318166
-0.831406,3.43,-0.0228115
-0.831406,3.61,0.302082
-0.831406,3.79,0.828599
-0.831406,3.97,1.94763
-0.831406,4.15,5.19753
-0.831406,4.33,11.0671
-0.831406,4.51,0.360209
-0.831406,4.69,-1.72269
-0.831406,4.87,-2.03856
-0.831406,5.05,-2.1393
-0.831406,5.23,-2.22838
-0.831406,5.41,-2.3456
-0.831406,5.59,-2.50194
-0.831406,5.77,-2.699
-0.831406,5.95,-2.9319
-0.831406,6.13,-3.1763
-0.831406,6.31,-3.36742
-0.831406,6.49,-3.37795
-0.831406,6.67,-3.04366
-0.831406,6.85,-2.31673
-0.831406,7.03,-1.40093
-0.831406,7.21,-0.589157
-0.831406,7.39,-0.0203341
-0.831406,7.57,0.324023
-0.831406,7.75,0.513174
-0.831406,7.93,0.607476
-0.831406,8.11,0.647207
-0.831406,8.29,0.656007
-0.831406,8.47,0.647816
-0.831406,8.65,0.630657
-0.831406,8.83,0.609126
-0.831406,9.01,0.585957
-0.831406,9.19,0.562609
-0.831406,9.37,0.539832
-0.831406,9.55,0.518077
-0.831406,9.73,0.497564
-0.831406,9.91,0.478382
-0.824117,1.09,0.137895
-0.824117,1.27,-0.00557585
-0.824117,1.45,-0.0174456
-0.824117,1.63,-0.0392689
-0.824117,1.81,0.0705901
-0.824117,1.99,-0.11484
-0.824117,2.17,0.0994789
-0.824117,2.35,1.54007
-0.824117,2.53,-0.147676
-0.824117,2.71,0.051339
-0.824117,2.89,0.518777
-0.824117,3.07,-0.391231
-0.824117,3.25,-0.256664
-0.824117,3.43,0.0188451
-0.824117,3.61,0.342363
-0.824117,3.79,0.894942
-0.824117,3.97,2.14691
-0.824117,4.15,6.14773
-0.824117,4.33,7.78455
-0.824117,4.51,-0.994221
-0.824117,4.69,-1.93389
-0.824117,4.87,-2.05362
-0.824117,5.05,-2.09975
-0.824117,5.23,-2.16606
-0.824117,5.41,-2.26853
-0.824117,5.59,-2.41009
-0.824117,5.77,-2.58747
-0.824117,5.95,-2.78982
-0.824117,6.13,-2.98388
-0.824117,6.31,-3.09327
-0.824117,6.49,-2.98638
-0.824117,6.67,-2.53001
-0.824117,6.85,-1.75026
-0.824117,7.03,-0.890801
-0.824117,7.21,-0.196757
-0.824117,7.39,0.25702
-0.824117,7.57,0.515088
-0.824117,7.75,0.645948
-0.824117,7.93,0.702104
-0.824117,8.11,0.716822
-0.824117,8.29,0.708966
-0.824117,8.47,0.689449
-0.824117,8.65,0.664415
-0.824117,8.83,0.637294
-0.824117,9.01,0.610065
-0.824117,9.19,0.58372
-0.824117,9.37,0.558705
-0.824117,9.55,0.53526
-0.824117,9.73,0.51346
-0.824117,9.91,0.493291
-0.816829,1.09,0.275936
-0.816829,1.27,-0.00593418
-0.816829,1.45,-0.00919699
-0.816829,1.63,-0.205392
-0.816829,1.81,0.0923378
-0.816829,1.99,-0.104483
-0.816829,2.17,0.116155
-0.816829,2.35,-0.11496
-0.816829,2.53,-0.129249
-0.816829,2.71,0.0614207
-0.816829,2.89,0.584005
-0.816829,3.07,-0.574277
-0.816829,3.25,-0.200127
-0.816829,3.43,0.0559184
-0.816829,3.61,0.377891
-0.816829,3.79,0.957289
-0.816829,3.97,2.36598
-0.816829,4.15,7.2689
-0.816829,4.33,3.13578
-0.816829,4.51,-1.68601
-0.816829,4.69,-2.00364
-0.816829,4.87,-2.012
-0.816829,5.05,-2.02475
-0.816829,5.23,-2.07473
-0.816829,5.41,-2.16371
-0.816829,5.59,-2.28909
-0.816829,5.77,-2.44335
-0.816829,5.95,-2.60977
-0.816829,6.13,-2.74657
-0.816829,6.31,-2.76843
-0.816829,6.49,-2.54794
-0.816829,6.67,-1.99483
-0.816829,6.85,-1.20316
-0.816829,7.03,-0.427978
-0.816829,7.21,0.144852
-0.816829,7.39,0.49267
-0.816829,7.57,0.674935
-0.816829,7.75,0.755634
-0.816829,7.93,0.779263
-0.816829,8.11,0.772759
-0.816829,8.29,0.750831
-0.816829,8.47,0.721794
-0.816829,8.65,0.69019
-0.816829,8.83,0.658451
-0.816829,9.01,0.627908
-0.816829,9.19,0.599151
-0.816829,9.37,0.572371
-0.816829,9.55,0.547626
-0.816829,9.73,0.524864
-0.816829,9.91,0.503985
-0.809541,1.09,0.157051
-0.809541,1.27,-0.00884816
-0.809541,1.45,-0.00302935
-0.809541,1.63,-0.178241
-0.809541,1.81,0.120482
-0.809541,1.99,-0.0911833
-0.809541,2.17,0.131538
-0.809541,2.35,-0.375981
-0.809541,2.53,-0.111615
-0.809541,2.71,0.070545
-0.809541,2.89,0.65758
-0.809541,3.07,-0.510208
-0.809541,3.25,-0.150022
-0.809541,3.43,0.0873557
-0.809541,3.61,0.405917
-0.809541,3.79,1.00935
-0.809541,3.97,2.59436
-0.809541,4.15,8.13081
-0.809541,4.33,-0.181255
-0.809541,4.51,-1.97237
-0.809541,4.69,-1.97353
-0.809541,4.87,-1.92162
-0.809541,5.05,-1.91399
-0.809541,5.23,-1.95093
-0.809541,5.41,-2.02591
-0.809541,5.59,-2.13231
-0.809541,5.77,-2.25885
-0.809541,5.95,-2.3831
-0.809541,6.13,-2.45588
-0.809541,6.31,-2.38712
-0.809541,6.49,-2.06338
-0.809541,6.67,-1.4456
-0.809541,6.85,-0.681872
-0.809541,7.03,-0.0122276
-0.809541,7.21,0.439765
-0.809541,7.39,0.690693
-0.809541,7.57,0.806259
-0.809541,7.75,0.843592
-0.809541,7.93,0.839357
-0.809541,8.11,0.814791
-0.809541,8.29,0.780973
-0.809541,8.47,0.743971
-0.809541,8.65,0.706942
-0.809541,8.83,0.671456
-0.809541,9.01,0.638281
-0.809541,9.19,0.607662
-0.809541,9.37,0.57957
-0.809541,9.55,0.553902
-0.809541,9.73,0.530502
-0.809541,9.91,0.50919
-0.802253,1.09,0.020351
-0.802253,1.27,-0.0114111
-0.802253,1.45,0.000583074
-0.802253,1.63,-0.136597
-0.802253,1.81,0.157116
-0.802253,1.99,-0.0770964
-0.802253,2.17,0.159967
-0.802253,2.35,-0.351592
-0.802253,2.53,-0.0975915
-0.802253,2.71,0.0782814
-0.802253,2.89,0.711724
-0.802253,3.07,-0.418561
-0.802253,3.25,-0.109039
-0.802253,3.43,0.115081
-0.802253,3.61,0.435587
-0.802253,3.79,1.07634
-0.802253,3.97,2.90891
-0.802253,4.15,7.54164
-0.802253,4.33,-1.52892
-0.802253,4.51,-1.99089
-0.802253,4.69,-1.87997
-0.802253,4.87,-1.8117
-0.802253,5.05,-1.79971
-0.802253,5.23,-1.83217
-0.802253,5.41,-1.89938
-0.802253,5.59,-1.99256
-0.802253,5.77,-2.09734
-0.802253,5.95,-2.186
-0.802253,6.13,-2.20223
-0.802253,6.31,-2.05283
-0.802253,6.49,-1.64308
-0.802253,6.67,-0.986739
-0.802253,6.85,-0.271381
-0.802253,7.03,0.293527
-0.802253,7.21,0.641142
-0.802253,7.39,0.814694
-0.802253,7.57,0.879934
-0.802253,7.75,0.886162
-0.802253,7.93,0.86297
-0.802253,8.11,0.826838
-0.802253,8.29,0.785945
-0.802253,8.47,0.744619
-0.802253,8.65,0.704974
-0.802253,8.83,0.66795
-0.802253,9.01,0.633912
-0.802253,9.19,0.602866
-0.802253,9.37,0.574642
-0.802253,9.55,0.549037
-0.802253,9.73,0.525826
-0.802253,9.91,0.504787
-0.794965,1.09,-0.000757959
-0.794965,1.27,-0.0134804
-0.794965,1.45,0.0021297
-0.794965,1.63,-0.105641
-0.794965,1.81,0.198374
-0.794965,1.99,-0.063081
-0.794965,2.17,0.196353
-0.794965,2.35,-0.302741
-0.794965,2.53,-0.0850169
-0.794965,2.71,0.0850988
-0.794965,2.89,0.487901
-0.794965,3.07,-0.332738
-0.794965,3.25,-0.0730203
-0.794965,3.43,0.139098
-0.794965,3.61,0.461114
-0.794965,3.79,1.14131
-0.794965,3.97,3.26396
-0.794965,4.15,3.80339
-0.794965,4.33,-1.99761
-0.794965,4.51,-1.91071
-0.794965,4.69,-1.7581
-0.794965,4.87,-1.68634
-0.794965,5.05,-1.67309
-0.794965,5.23,-1.70137
-0.794965,5.41,-1.75988
-0.794965,5.59,-1.83797
-0.794965,5.77,-1.91825
-0.794965,5.95,-1.96779
-0.794965,6.13,-1.9244
-0.794965,6.31,-1.69657
-0.794965,6.49,-1.21712
-0.794965,6.67,-0.552904
-0.794965,6.85,0.0893819
-0.794965,7.03,0.545531
-0.794965,7.21,0.797812
-0.794965,7.39,0.905122
-0.794965,7.57,0.928856
-0.794965,7.75,0.910104
-0.794965,7.93,0.872072
-0.794965,8.11,0.827159
-0.794965,8.29,0.781122
-0.794965,8.47,0.736851
-0.794965,8.65,0.695606
-0.794965,8.83,0.657815
-0.794965,9.01,0.623512
-0.794965,9.19,0.592518
-0.794965,9.37,0.56455
-0.794965,9.55,0.539328
-0.794965,9.73,0.516576
-0.794965,9.91,0.496039
-0.787677,1.09,-0.00763059
-0.787677,1.27,-0.0140362
-0.787677,1.45,0.00243042
-0.787677,1.63,-0.0831222
-0.787677,1.81,0.173388
-0.787677,1.99,-0.0495534
-0.787677,2.17,0.238684
-0.787677,2.35,-0.257048
-0.787677,2.53,-0.0729028
-0.787677,2.71,0.0912277
-0.787677,2.89,-0.581399
-0.787677,3.07,-0.259686
-0.787677,3.25,-0.0417511
-0.787677,3.43,0.158439
-0.787677,3.61,0.479285
-0.787677,3.79,1.19464
-0.787677,3.97,3.57311
-0.787677,4.15,-0.350427
-0.787677,4.33,-2.05915
-0.787677,4.51,-1.7754
-0.787677,4.69,-1.61482
-0.787677,4.87,-1.54544
-0.787677,5.05,-1.53155
-0.787677,5.23,-1.55456
-0.787677,5.41,-1.60227
-0.787677,5.59,-1.66233
-0.787677,5.77,-1.7143
-0.787677,5.95,-1.72051
-0.787677,6.13,-1.6151
-0.787677,6.31,-1.31446
-0.787677,6.49,-0.786915
-0.787677,6.67,-0.146592
-0.787677,6.85,0.402895
-0.787677,7.03,0.750406
-0.787677,7.21,0.916811
-0.787677,7.39,0.967606
-0.787677,7.57,0.957066
-0.787677,7.75,0.918205
-0.787677,7.93,0.868553
-0.787677,8.11,0.81702
-0.787677,8.29,0.767332
-0.787677,8.47,0.721181
-0.787677,8.65,0.679125
-0.787677,8.83,0.641166
-0.787677,9.01,0.607072
-0.787677,9.19,0.576508
-0.787677,9.37,0.549108
-0.787677,9.55,0.524527
-0.787677,9.73,0.502452
-0.787677,9.91,0.482602
-0.780389,1.09,-0.0106131
-0.780389,1.27,-0.00984678
-0.780389,1.45,0.00204782
-0.780389,1.63,-0.0650663
-0.780389,1.81,-0.50163
-0.780389,1.99,-0.0366668
-0.780389,2.17,0.281908
-0.780389,2.35,-0.216221
-0.780389,2.53,-0.0606071
-0.780389,2.71,0.0971701
-0.780389,2.89,-0.953392
-0.780389,3.07,-0.200258
-0.780389,3.25,-0.0155561
-0.780389,3.43,0.173124
-0.780389,3.61,0.490679
-0.780389,3.79,1.23569
-0.780389,3.97,3.57518
-0.780389,4.15,-2.07219
-0.780389,4.33,-1.92487
-0.780389,4.51,-1.60666
-0.780389,4.69,-1.45759
-0.780389,4.87,-1.39483
-0.780389,5.05,-1.38129
-0.780389,5.23,-1.39894
-0.780389,5.41,-1.43523
-0.780389,5.59,-1.47625
-0.780389,5.77,-1.49874
-0.780389,5.95,-1.46097
-0.780389,6.13,-1.29597
-0.780389,6.31,-0.934125
-0.780389,6.49,-0.384201
-0.780389,6.67,0.203919
-0.780389,6.85,0.649651
-0.780389,7.03,0.895339
-0.780389,7.21,0.98852
-0.780389,7.39,0.994046
-0.780389,7.57,0.957471
-0.780389,7.75,0.904218
-0.780389,7.93,0.846908
-0.780389,8.11,0.791556
-0.780389,8.29,0.740254
-0.780389,8.47,0.693749
-0.780389,8.65,0.652052
-0.780389,8.83,0.614848
-0.780389,9.01,0.581703
-0.780389,9.19,0.552174
-0.780389,9.37,0.525842
-0.780389,9.55,0.502324
-0.780389,9.73,0.481282
-0.780389,9.91,0.462425
-0.773101,1.09,-0.0129916
-0.773101,1.27,0.00094076
-0.773101,1.45,0.00381092
-0.773101,1.63,-0.0507279
-0.773101,1.81,-0.668212
-0.773101,1.99,-0.0221443
-0.773101,2.17,0.289567
-0.773101,2.35,-0.184138
-0.773101,2.53,-0.0503257
-0.773101,2.71,0.101726
-0.773101,2.89,-0.672372
-0.773101,3.07,-0.152114
-0.773101,3.25,0.00721631
-0.773101,3.43,0.187269
-0.773101,3.61,0.505417
-0.773101,3.79,1.28912
-0.773101,3.97,2.64027
-0.773101,4.15,-2.29916
-0.773101,4.33,-1.72447
-0.773101,4.51,-1.43826
-0.773101,4.69,-1.31024
-0.773101,4.87,-1.25703
-0.773101,5.05,-1.24567
-0.773101,5.23,-1.2597
-0.773101,5.41,-1.2866
-0.773101,5.59,-1.31098
-0.773101,5.77,-1.30672
-0.773101,5.95,-1.22836
-0.773101,6.13,-1.00972
-0.773101,6.31,-0.60017
-0.773101,6.49,-0.0505075
-0.773101,6.67,0.468065
-0.773101,6.85,0.812457
-0.773101,7.03,0.972181
-0.773101,7.21,1.00946
-0.773101,7.39,0.983366
-0.773101,7.57,0.930383
-0.773101,7.75,0.869342
-0.773101,7.93,0.808933
-0.773101,8.11,0.752971
-0.773101,8.29,0.702367
-0.773101,8.47,0.657212
-0.773101,8.65,0.617159
-0.773101,8.83,0.581698
-0.773101,9.01,0.550276
-0.773101,9.19,0.5224
-0.773101,9.37,0.497634
-0.773101,9.55,0.475584
-0.773101,9.73,0.455911
-0.773101,9.91,0.438324
-0.765813,1.09,-0.0153469
-0.765813,1.27,0.0228512
-0.765813,1.45,0.00804979
-0.765813,1.63,-0.0391532
-0.765813,1.81,-0.390559
-0.765813,1.99,-0.00744043
-0.765813,2.17,-0.267184
-0.765813,2.35,-0.156791
-0.765813,2.53,-0.0398245
-0.765813,2.71,0.103312
-0.765813,2.89,-0.444935
-0.765813,3.07,-0.111949
-0.765813,3.25,0.0264242
-0.765813,3.43,0.197258
-0.765813,3.61,0.512191
-0.765813,3.79,1.3061
-0.765813,3.97,-0.145001
-0.765813,4.15,-2.10356
-0.765813,4.33,-1.51151
-0.765813,4.51,-1.2694
-0.765813,4.69,-1.162
-0.765813,4.87,-1.11716
-0.765813,5.05,-1.10677
-0.765813,5.23,-1.11599
-0.765813,5.41,-1.13216
-0.765813,5.59,-1.1384
-0.765813,5.77,-1.1059
-0.765813,5.95,-0.986645
-0.765813,6.13,-0.719232
-0.765813,6.31,-0.278671
-0.765813,6.49,0.244208
-0.765813,6.67,0.676055
-0.765813,6.85,0.921526
-0.765813,7.03,1.00744
-0.765813,7.21,1.00065
-0.765813,7.39,0.951442
-0.765813,7.57,0.887619
-0.765813,7.75,0.822369
-0.765813,7.93,0.7612
-0.765813,8.11,0.7062
-0.765813,8.29,0.657386
-0.765813,8.47,0.614367
-0.765813,8.65,0.576542
-0.765813,8.83,0.543269
-0.765813,9.01,0.51392
-0.765813,9.19,0.487975
-0.765813,9.37,0.465001
-0.765813,9.55,0.444604
-0.765813,9.73,0.426452
-0.765813,9.91,0.410265
-0.758525,1.09,-0.0168569
-0.758525,1.27,0.0663369
-0.758525,1.45,0.0166584
-0.758525,1.63,-0.0294431
-0.758525,1.81,-0.249347
-0.758525,1.99,0.00678187
-0.758525,2.17,-0.86092
-0.758525,2.35,-0.132182
-0.758525,2.53,-0.0282926
-0.758525,2.71,0.0960176
-0.758525,2.89,-0.298462
-0.758525,3.07,-0.0783179
-0.758525,3.25,0.0418664
-0.758525,3.43,0.201631
-0.758525,3.61,0.505083
-0.758525,3.79,1.21579
-0.758525,3.97,-2.43297
-0.758525,4.15,-1.79984
-0.758525,4.33,-1.29901
-0.758525,4.51,-1.10071
-0.758525,4.69,-1.01171
-0.758525,4.87,-0.973459
-0.758525,5.05,-0.962492
-0.758525,5.23,-0.965379
-0.758525,5.41,-0.969241
-0.758525,5.59,-0.955721
-0.758525,5.77,-0.893787
-0.758525,5.95,-0.734741
-0.758525,6.13,-0.426869
-0.758525,6.31,0.0237106
-0.758525,6.49,0.493899
-0.758525,6.67,0.828175
-0.758525,6.85,0.98175
-0.758525,7.03,1.00654
-0.758525,7.21,0.966274
-0.758525,7.39,0.901125
-0.758525,7.57,0.831013
-0.758525,7.75,0.764439
-0.758525,7.93,0.704383
-0.758525,8.11,0.651604
-0.758525,8.29,0.605458
-0.758525,8.47,0.56521
-0.758525,8.65,0.530085
-0.758525,8.83,0.499363
-0.758525,9.01,0.472373
-0.758525,9.19,0.448591
-0.758525,9.37,0.427596
-0.758525,9.55,0.409007
-0.758525,9.73,0.392504
-0.758525,9.91,0.377822
-0.751237,1.09,-0.016224
-0.751237,1.27,0.1221
-0.751237,1.45,0.0293288
-0.751237,1.63,-0.0198743
-0.751237,1.81,-0.170988
-0.751237,1.99,0.019287
-0.751237,2.17,-0.584843
-0.751237,2.35,-0.108475
-0.751237,2.53,-0.014782
-0.751237,2.71,0.0557668
-0.751237,2.89,-0.201745
-0.751237,3.07,-0.0506197
-0.751237,3.25,0.0530768
-0.751237,3.43,0.199136
-0.751237,3.61,0.478285
-0.751237,3.79,0.862546
-0.751237,3.97,-2.65564
-0.751237,4.15,-1.4802
-0.751237,4.33,-1.08956
-0.751237,4.51,-0.931798
-0.751237,4.69,-0.859124
-0.751237,4.87,-0.826124
-0.751237,5.05,-0.813575
-0.751237,5.23,-0.809298
-0.751237,5.41,-0.800211
-0.751237,5.59,-0.76673
-0.751237,5.77,-0.676459
-0.751237,5.95,-0.482589
-0.751237,6.13,-0.148372
-0.751237,6.31,0.286553
-0.751237,6.49,0.680756
-0.751237,6.67,0.914109
-0.751237,6.85,0.98769
-0.751237,7.03,0.965538
-0.751237,7.21,0.902666
-0.751237,7.39,0.82884
-0.751237,7.57,0.757159
-0.751237,7.75,0.692374
-0.751237,7.93,0.635551
-0.751237,8.11,0.586484
-0.751237,8.29,0.544095
-0.751237,8.47,0.507437
-0.751237,8.65,0.475647
-0.751237,8.83,0.447978
-0.751237,9.01,0.423753
-0.751237,9.19,0.402468
-0.751237,9.37,0.38373
-0.751237,9.55,0.367179
-0.751237,9.73,0.352519
-0.751237,9.91,0.339503
-0.743949,1.09,-0.00811807
-0.743949,1.27,-0.154683
-0.743949,1.45,0.0356353
-0.743949,1.63,-0.0111488
-0.743949,1.81,-0.119418
-0.743949,1.99,0.0326994
-0.743949,2.17,-0.389117
-0.743949,2.35,-0.0894103
-0.743949,2.53,-0.00147454
-0.743949,2.71,-0.0717195
-0.743949,2.89,-0.134301
-0.743949,3.07,-0.02774
-0.743949,3.25,0.0622723
-0.743949,3.43,0.196015
-0.743949,3.61,0.446564
-0.743949,3.79,0.0577327
-0.743949,3.97,-2.14054
-0.743949,4.15,-1.19716
-0.743949,4.33,-0.905565
-0.743949,4.51,-0.783229
-0.743949,4.69,-0.725165
-0.743949,4.87,-0.697253
-0.743949,5.05,-0.68393
-0.743949,5.23,-0.674097
-0.743949,5.41,-0.654475
-0.743949,5.59,-0.604429
-0.743949,5.77,-0.490823
-0.743949,5.95,-0.27092
-0.743949,6.13,0.0729767
-0.743949,6.31,0.469726
-0.743949,6.49,0.777318
-0.743949,6.67,0.921183
-0.743949,6.85,0.93595
-0.743949,7.03,0.885489
-0.743949,7.21,0.813025
-0.743949,7.39,0.738943
-0.743949,7.57,0.671071
-0.743949,7.75,0.611562
-0.743949,7.93,0.560287
-0.743949,8.11,0.516515
-0.743949,8.29,0.47899
-0.743949,8.47,0.446713
-0.743949,8.65,0.418836
-0.743949,8.83,0.394647
-0.743949,9.01,0.373505
-0.743949,9.19,0.354952
-0.743949,9.37,0.33865
-0.743949,9.55,0.324275
-0.743949,9.73,0.311564
-0.743949,9.91,0.300298
-0.736661,1.09,0.0306146
-0.736661,1.27,-0.151931
-0.736661,1.45,-0.131724
-0.736661,1.63,-0.00165327
-0.736661,1.81,-0.0810717
-0.736661,1.99,0.0421625
-0.736661,2.17,-0.275622
-0.736661,2.35,-0.0715522
-0.736661,2.53,0.0142524
-0.736661,2.71,-0.159502
-0.736661,2.89,-0.0849371
-0.736661,3.07,-0.00918278
-0.736661,3.25,0.0673012
-0.736661,3.43,0.185127
-0.736661,3.61,0.381163
-0.736661,3.79,-1.4329
-0.736661,3.97,-1.60055
-0.736661,4.15,-0.943619
-0.736661,4.33,-0.731435
-0.736661,4.51,-0.638481
-0.736661,4.69,-0.592556
-0.736661,4.87,-0.568534
-0.736661,5.05,-0.553877
-0.736661,5.23,-0.538425
-0.736661,5.41,-0.508865
-0.736661,5.59,-0.444095
-0.736661,5.77,-0.311809
-0.736661,5.95,-0.0769598
-0.736661,6.13,0.255328
-0.736661,6.31,0.590234
-0.736661,6.49,0.805098
-0.736661,6.67,0.872493
-0.736661,6.85,0.845583
-0.736661,7.03,0.779678
-0.736661,7.21,0.705689
-0.736661,7.39,0.636178
-0.736661,7.57,0.575031
-0.736661,7.75,0.522621
-0.736661,7.93,0.478083
-0.736661,8.11,0.44041
-0.736661,8.29,0.408315
-0.736661,8.47,0.380835
-0.736661,8.65,0.357181
-0.736661,8.83,0.336712
-0.736661,9.01,0.318844
-0.736661,9.19,0.30318
-0.736661,9.37,0.289439
-0.736661,9.55,0.277341
-0.736661,9.73,0.26666
-0.736661,9.91,0.257209
-0.729373,1.09,0.23107
-0.729373,1.27,-0.10071
-0.729373,1.45,-0.133026
-0.729373,1.63,0.0113106
-0.729373,1.81,-0.0498312
-0.729373,1.99,0.0415123
-0.729373,2.17,-0.199598
-0.729373,2.35,-0.0543648
-0.729373,2.53,0.0334309
-0.729373,2.71,-0.0775285
-0.729373,2.89,-0.0480276
-0.729373,3.07,0.00490977
-0.729373,3.25,0.0670668
-0.729373,3.43,0.163658
-0.729373,3.61,0.259902
-0.729373,3.79,-2.31536
-0.729373,3.97,-1.14019
-0.729373,4.15,-0.711681
-0.729373,4.33,-0.563018
-0.729373,4.51,-0.494711
-0.729373,4.69,-0.459097
-0.729373,4.87,-0.438251
-0.729373,5.05,-0.422238
-0.729373,5.23,-0.401896
-0.729373,5.41,-0.364323
-0.729373,5.59,-0.289021
-0.729373,5.77,-0.146795
-0.729373,5.95,0.0859257
-0.729373,6.13,0.380939
-0.729373,6.31,0.634637
-0.729373,6.49,0.760368
-0.729373,6.67,0.76947
-0.729373,6.85,0.718319
-0.729373,7.03,0.648747
-0.729373,7.21,0.580355
-0.729373,7.39,0.519672
-0.729373,7.57,0.467873
-0.729373,7.75,0.424249
-0.729373,7.93,0.387588
-0.729373,8.11,0.356814
-0.729373,8.29,0.330737
-0.729373,8.47,0.308496
-0.729373,8.65,0.28941
-0.729373,8.83,0.272933
-0.729373,9.01,0.258565
-0.729373,9.19,0.24598
-0.729373,9.37,0.234956
-0.729373,9.55,0.225264
-0.729373,9.73,0.21672
-0.729373,9.91,0.20917
-0.722085,1.09,0.0865066
-0.722085,1.27,-0.0565387
-0.722085,1.45,-0.0994282
-0.722085,1.63,0.034908
-0.722085,1.81,-0.023418
-0.722085,1.99,0.0141347
-0.722085,2.17,-0.13673
-0.722085,2.35,-0.0361054
-0.722085,2.53,0.056234
-0.722085,2.71,-0.0190375
-0.722085,2.89,-0.0209026
-0.722085,3.07,0.0134142
-0.722085,3.25,0.0585315
-0.722085,3.43,0.12461
-0.722085,3.61,0.0436179
-0.722085,3.79,-1.76213
-0.722085,3.97,-0.739952
-0.722085,4.15,-0.48442
-0.722085,4.33,-0.38861
-0.722085,4.51,-0.342012
-0.722085,4.69,-0.315755
-0.722085,4.87,-0.298002
-0.722085,5.05,-0.281342
-0.722085,5.23,-0.258058
-0.722085,5.41,-0.216722
-0.722085,5.59,-0.139505
-0.722085,5.77,-0.00368915
-0.722085,5.95,0.199909
-0.722085,6.13,0.426615
-0.722085,6.31,0.585494
-0.722085,6.49,0.634186
-0.722085,6.67,0.606152
-0.722085,6.85,0.547834
-0.722085,7.03,0.485636
-0.722085,7.21,0.429651
-0.722085,7.39,0.382107
-0.722085,7.57,0.342524
-0.722085,7.75,0.309703
-0.722085,7.93,0.282402
-0.722085,8.11,0.259656
-0.722085,8.29,0.240485
-0.722085,8.47,0.224201
-0.722085,8.65,0.210271
-0.722085,8.83,0.198279
-0.722085,9.01,0.187833
-0.722085,9.19,0.178692
-0.722085,9.37,0.170697
-0.722085,9.55,0.163678
-0.722085,9.73,0.157498
-0.722085,9.91,0.152044
-0.714797,1.09,-0.0422438
-0.714797,1.27,-0.0152603
-0.714797,1.45,-0.0666341
-0.714797,1.63,0.0830078
-0.714797,1.81,-0.0031413
-0.714797,1.99,-0.0509447
-0.714797,2.17,-0.0758728
-0.714797,2.35,-0.0189393
-0.714797,2.53,0.069125
-0.714797,2.71,0.00611497
-0.714797,2.89,-0.00364182
-0.714797,3.07,0.0137727
-0.714797,3.25,0.0393178
-0.714797,3.43,0.0722002
-0.714797,3.61,-0.168945
-0.714797,3.79,-0.831008
-0.714797,3.97,-0.372061
-0.714797,4.15,-0.254788
-0.714797,4.33,-0.207401
-0.714797,4.51,-0.183031
-0.714797,4.69,-0.16823
-0.714797,4.87,-0.156916
-0.714797,5.05,-0.14475
-0.714797,5.23,-0.126676
-0.714797,5.41,-0.0949382
-0.714797,5.59,-0.0378202
-0.714797,5.77,0.0572659
-0.714797,5.95,0.187554
-0.714797,6.13,0.312388
-0.714797,6.31,0.37936
-0.714797,6.49,0.382471
-0.714797,6.67,0.351179
-0.714797,6.85,0.310615
-0.714797,7.03,0.272197
-0.714797,7.21,0.239337
-0.714797,7.39,0.212152
-0.714797,7.57,0.189851
-0.714797,7.75,0.171523
-0.714797,7.93,0.156362
-0.714797,8.11,0.143782
-0.714797,8.29,0.133208
-0.714797,8.47,0.124244
-0.714797,8.65,0.116588
-0.714797,8.83,0.110004
-0.714797,9.01,0.10427
-0.714797,9.19,0.0992503
-0.714797,9.37,0.0948637
-0.714797,9.55,0.0910157
-0.714797,9.73,0.08763
-0.714797,9.91,0.0846442
-0.707509,1.09,0
-0.707509,1.27,0
-0.707509,1.45,0
-0.707509,1.63,0
-0.707509,1.81,0
-0.707509,1.99,0
-0.707509,2.17,0
-0.707509,2.35,0
-0.707509,2.53,0
-0.707509,2.71,0
-0.707509,2.89,0
-0.707509,3.07,0
-0.707509,3.25,0
-0.707509,3.43,0
-0.707509,3.61,0
-0.707509,3.79,0
-0.707509,3.97,0
-0.707509,4.15,0
-0.707509,4.33,0
-0.707509,4.51,0
-0.707509,4.69,0
-0.707509,4.87,0
-0.707509,5.05,0
-0.707509,5.23,0
-0.707509,5.41,0
-0.707509,5.59,0
-0.707509,5.77,0
-0.707509,5.95,0
-0.707509,6.13,0
-0.707509,6.31,0
-0.707509,6.49,0
-0.707509,6.67,0
-0.707509,6.85,0
-0.707509,7.03,0
-0.707509,7.21,0
-0.707509,7.39,0
-0.707509,7.57,0
-0.707509,7.75,0
-0.707509,7.93,0
-0.707509,8.11,0
-0.707509,8.29,0
-0.707509,8.47,0
-0.707509,8.65,0
-0.707509,8.83,0
-0.707509,9.01,0
-0.707509,9.19,0
-0.707509,9.37,0
-0.707509,9.55,0
-0.707509,9.73,0
-0.707509,9.91,0
-0.700221,1.09,0
-0.700221,1.27,0
-0.700221,1.45,0
-0.700221,1.63,0
-0.700221,1.81,0
-0.700221,1.99,0
-0.700221,2.17,0
-0.700221,2.35,0
-0.700221,2.53,0
-0.700221,2.71,0
-0.700221,2.89,0
-0.700221,3.07,0
-0.700221,3.25,0
-0.700221,3.43,0
-0.700221,3.61,0
-0.700221,3.79,0
-0.700221,3.97,0
-0.700221,4.15,0
-0.700221,4.33,0
-0.700221,4.51,0
-0.700221,4.69,0
-0.700221,4.87,0
-0.700221,5.05,0
-0.700221,5.23,0
-0.700221,5.41,0
-0.700221,5.59,0
-0.700221,5.77,0
-0.700221,5.95,0
-0.700221,6.13,0
-0.700221,6.31,0
-0.700221,6.49,0
-0.700221,6.67,0
-0.700221,6.85,0
-0.700221,7.03,0
-0.700221,7.21,0
-0.700221,7.39,0
-0.700221,7.57,0
-0.700221,7.75,0
-0.700221,7.93,0
-0.700221,8.11,0
-0.700221,8.29,0
-0.700221,8.47,0
-0.700221,8.65,0
-0.700221,8.83,0
-0.700221,9.01,0
-0.700221,9.19,0
-0.700221,9.37,0
-0.700221,9.55,0
-0.700221,9.73,0
-0.700221,9.91,0
-0.692933,1.09,0
-0.692933,1.27,0
-0.692933,1.45,0
-0.692933,1.63,0
-0.692933,1.81,0
-0.692933,1.99,0
-0.692933,2.17,0
-0.692933,2.35,0
-0.692933,2.53,0
-0.692933,2.71,0
-0.692933,2.89,0
-0.692933,3.07,0
-0.692933,3.25,0
-0.692933,3.43,0
-0.692933,3.61,0
-0.692933,3.79,0
-0.692933,3.97,0
-0.692933,4.15,0
-0.692933,4.33,0
-0.692933,4.51,0
-0.692933,4.69,0
-0.692933,4.87,0
-0.692933,5.05,0
-0.692933,5.23,0
-0.692933,5.41,0
-0.692933,5.59,0
-0.692933,5.77,0
-0.692933,5.95,0
-0.692933,6.13,0
-0.692933,6.31,0
-0.692933,6.49,0
-0.692933,6.67,0
-0.692933,6.85,0
-0.692933,7.03,0
-0.692933,7.21,0
-0.692933,7.39,0
-0.692933,7.57,0
-0.692933,7.75,0
-0.692933,7.93,0
-0.692933,8.11,0
-0.692933,8.29,0
-0.692933,8.47,0
-0.692933,8.65,0
-0.692933,8.83,0
-0.692933,9.01,0
-0.692933,9.19,0
-0.692933,9.37,0
-0.692933,9.55,0
-0.692933,9.73,0
-0.692933,9.91,0
-0.685645,1.09,0
-0.685645,1.27,0
-0.685645,1.45,0
-0.685645,1.63,0
-0.685645,1.81,0
-0.685645,1.99,0
-0.685645,2.17,0
-0.685645,2.35,0
-0.685645,2.53,0
-0.685645,2.71,0
-0.685645,2.89,0
-0.685645,3.07,0
-0.685645,3.25,0
-0.685645,3.43,0
-0.685645,3.61,0
-0.685645,3.79,0
-0.685645,3.97,0
-0.685645,4.15,0
-0.685645,4.33,0
-0.685645,4.51,0
-0.685645,4.69,0
-0.685645,4.87,0
-0.685645,5.05,0
-0.685645,5.23,0
-0.685645,5.41,0
-0.685645,5.59,0
-0.685645,5.77,0
-0.685645,5.95,0
-0.685645,6.13,0
-0.685645,6.31,0
-0.685645,6.49,0
-0.685645,6.67,0
-0.685645,6.85,0
-0.685645,7.03,0
-0.685645,7.21,0
-0.685645,7.39,0
-0.685645,7.57,0
-0.685645,7.75,0
-0.685645,7.93,0
-0.685645,8.11,0
-0.685645,8.29,0
-0.685645,8.47,0
-0.685645,8.65,0
-0.685645,8.83,0
-0.685645,9.01,0
-0.685645,9.19,0
-0.685645,9.37,0
-0.685645,9.55,0
-0.685645,9.73,0
-0.685645,9.91,0
-0.678356,1.09,0
-0.678356,1.27,0
-0.678356,1.45,0
-0.678356,1.63,0
-0.678356,1.81,0
-0.678356,1.99,0
-0.678356,2.17,0
-0.678356,2.35,0
-0.678356,2.53,0
-0.678356,2.71,0
-0.678356,2.89,0
-0.678356,3.07,0
-0.678356,3.25,0
-0.678356,3.43,0
-0.678356,3.61,0
-0.678356,3.79,0
-0.678356,3.97,0
-0.678356,4.15,0
-0.678356,4.33,0
-0.678356,4.51,0
-0.678356,4.69,0
-0.678356,4.87,0
-0.678356,5.05,0
-0.678356,5.23,0
-0.678356,5.41,0
-0.678356,5.59,0
-0.678356,5.77,0
-0.678356,5.95,0
-0.678356,6.13,0
-0.678356,6.31,0
-0.678356,6.49,0
-0.678356,6.67,0
-0.678356,6.85,0
-0.678356,7.03,0
-0.678356,7.21,0
-0.678356,7.39,0
-0.678356,7.57,0
-0.678356,7.75,0
-0.678356,7.93,0
-0.678356,8.11,0
-0.678356,8.29,0
-0.678356,8.47,0
-0.678356,8.65,0
-0.678356,8.83,0
-0.678356,9.01,0
-0.678356,9.19,0
-0.678356,9.37,0
-0.678356,9.55,0
-0.678356,9.73,0
-0.678356,9.91,0
-0.671068,1.09,0
-0.671068,1.27,0
-0.671068,1.45,0
-0.671068,1.63,0
-0.671068,1.81,0
-0.671068,1.99,0
-0.671068,2.17,0
-0.671068,2.35,0
-0.671068,2.53,0
-0.671068,2.71,0
-0.671068,2.89,0
-0.671068,3.07,0
-0.671068,3.25,0
-0.671068,3.43,0
-0.671068,3.61,0
-0.671068,3.79,0
-0.671068,3.97,0
-0.671068,4.15,0
-0.671068,4.33,0
-0.671068,4.51,0
-0.671068,4.69,0
-0.671068,4.87,0
-0.671068,5.05,0
-0.671068,5.23,0
-0.671068,5.41,0
-0.671068,5.59,0
-0.671068,5.77,0
-0.671068,5.95,0
-0.671068,6.13,0
-0.671068,6.31,0
-0.671068,6.49,0
-0.671068,6.67,0
-0.671068,6.85,0
-0.671068,7.03,0
-0.671068,7.21,0
-0.671068,7.39,0
-0.671068,7.57,0
-0.671068,7.75,0
-0.671068,7.93,0
-0.671068,8.11,0
-0.671068,8.29,0
-0.671068,8.47,0
-0.671068,8.65,0
-0.671068,8.83,0
-0.671068,9.01,0
-0.671068,9.19,0
-0.671068,9.37,0
-0.671068,9.55,0
-0.671068,9.73,0
-0.671068,9.91,0
-0.66378,1.09,0
-0.66378,1.27,0
-0.66378,1.45,0
-0.66378,1.63,0
-0.66378,1.81,0
-0.66378,1.99,0
-0.66378,2.17,0
-0.66378,2.35,0
-0.66378,2.53,0
-0.66378,2.71,0
-0.66378,2.89,0
-0.66378,3.07,0
-0.66378,3.25,0
-0.66378,3.43,0
-0.66378,3.61,0
-0.66378,3.79,0
-0.66378,3.97,0
-0.66378,4.15,0
-0.66378,4.33,0
-0.66378,4.51,0
-0.66378,4.69,0
-0.66378,4.87,0
-0.66378,5.05,0
-0.66378,5.23,0
-0.66378,5.41,0
-0.66378,5.59,0
-0.66378,5.77,0
-0.66378,5.95,0
-0.66378,6.13,0
-0.66378,6.31,0
-0.66378,6.49,0
-0.66378,6.67,0
-0.66378,6.85,0
-0.66378,7.03,0
-0.66378,7.21,0
-0.66378,7.39,0
-0.66378,7.57,0
-0.66378,7.75,0
-0.66378,7.93,0
-0.66378,8.11,0
-0.66378,8.29,0
-0.66378,8.47,0
-0.66378,8.65,0
-0.66378,8.83,0
-0.66378,9.01,0
-0.66378,9.19,0
-0.66378,9.37,0
-0.66378,9.55,0
-0.66378,9.73,0
-0.66378,9.91,0
-0.656492,1.09,0
-0.656492,1.27,0
-0.656492,1.45,0
-0.656492,1.63,0
-0.656492,1.81,0
-0.656492,1.99,0
-0.656492,2.17,0
-0.656492,2.35,0
-0.656492,2.53,0
-0.656492,2.71,0
-0.656492,2.89,0
-0.656492,3.07,0
-0.656492,3.25,0
-0.656492,3.43,0
-0.656492,3.61,0
-0.656492,3.79,0
-0.656492,3.97,0
-0.656492,4.15,0
-0.656492,4.33,0
-0.656492,4.51,0
-0.656492,4.69,0
-0.656492,4.87,0
-0.656492,5.05,0
-0.656492,5.23,0
-0.656492,5.41,0
-0.656492,5.59,0
-0.656492,5.77,0
-0.656492,5.95,0
-0.656492,6.13,0
-0.656492,6.31,0
-0.656492,6.49,0
-0.656492,6.67,0
-0.656492,6.85,0
-0.656492,7.03,0
-0.656492,7.21,0
-0.656492,7.39,0
-0.656492,7.57,0
-0.656492,7.75,0
-0.656492,7.93,0
-0.656492,8.11,0
-0.656492,8.29,0
-0.656492,8.47,0
-0.656492,8.65,0
-0.656492,8.83,0
-0.656492,9.01,0
-0.656492,9.19,0
-0.656492,9.37,0
-0.656492,9.55,0
-0.656492,9.73,0
-0.656492,9.91,0
-0.649204,1.09,0
-0.649204,1.27,0
-0.649204,1.45,0
-0.649204,1.63,0
-0.649204,1.81,0
-0.649204,1.99,0
-0.649204,2.17,0
-0.649204,2.35,0
-0.649204,2.53,0
-0.649204,2.71,0
-0.649204,2.89,0
-0.649204,3.07,0
-0.649204,3.25,0
-0.649204,3.43,0
-0.649204,3.61,0
-0.649204,3.79,0
-0.649204,3.97,0
-0.649204,4.15,0
-0.649204,4.33,0
-0.649204,4.51,0
-0.649204,4.69,0
-0.649204,4.87,0
-0.649204,5.05,0
-0.649204,5.23,0
-0.649204,5.41,0
-0.649204,5.59,0
-0.649204,5.77,0
-0.649204,5.95,0
-0.649204,6.13,0
-0.649204,6.31,0
-0.649204,6.49,0
-0.649204,6.67,0
-0.649204,6.85,0
-0.649204,7.03,0
-0.649204,7.21,0
-0.649204,7.39,0
-0.649204,7.57,0
-0.649204,7.75,0
-0.649204,7.93,0
-0.649204,8.11,0
-0.649204,8.29,0
-0.649204,8.47,0
-0.649204,8.65,0
-0.649204,8.83,0
-0.649204,9.01,0
-0.649204,9.19,0
-0.649204,9.37,0
-0.649204,9.55,0
-0.649204,9.73,0
-0.649204,9.91,0
-0.641916,1.09,0
-0.641916,1.27,0
-0.641916,1.45,0
-0.641916,1.63,0
-0.641916,1.81,0
-0.641916,1.99,0
-0.641916,2.17,0
-0.641916,2.35,0
-0.641916,2.53,0
-0.641916,2.71,0
-0.641916,2.89,0
-0.641916,3.07,0
-0.641916,3.25,0
-0.641916,3.43,0
-0.641916,3.61,0
-0.641916,3.79,0
-0.641916,3.97,0
-0.641916,4.15,0
-0.641916,4.33,0
-0.641916,4.51,0
-0.641916,4.69,0
-0.641916,4.87,0
-0.641916,5.05,0
-0.641916,5.23,0
-0.641916,5.41,0
-0.641916,5.59,0
-0.641916,5.77,0
-0.641916,5.95,0
-0.641916,6.13,0
-0.641916,6.31,0
-0.641916,6.49,0
-0.641916,6.67,0
-0.641916,6.85,0
-0.641916,7.03,0
-0.641916,7.21,0
-0.641916,7.39,0
-0.641916,7.57,0
-0.641916,7.75,0
-0.641916,7.93,0
-0.641916,8.11,0
-0.641916,8.29,0
-0.641916,8.47,0
-0.641916,8.65,0
-0.641916,8.83,0
-0.641916,9.01,0
-0.641916,9.19,0
-0.641916,9.37,0
-0.641916,9.55,0
-0.641916,9.73,0
-0.641916,9.91,0
-0.634628,1.09,0
-0.634628,1.27,0
-0.634628,1.45,0
-0.634628,1.63,0
-0.634628,1.81,0
-0.634628,1.99,0
-0.634628,2.17,0
-0.634628,2.35,0
-0.634628,2.53,0
-0.634628,2.71,0
-0.634628,2.89,0
-0.634628,3.07,0
-0.634628,3.25,0
-0.634628,3.43,0
-0.634628,3.61,0
-0.634628,3.79,0
-0.634628,3.97,0
-0.634628,4.15,0
-0.634628,4.33,0
-0.634628,4.51,0
-0.634628,4.69,0
-0.634628,4.87,0
-0.634628,5.05,0
-0.634628,5.23,0
-0.634628,5.41,0
-0.634628,5.59,0
-0.634628,5.77,0
-0.634628,5.95,0
-0.634628,6.13,0
-0.634628,6.31,0
-0.634628,6.49,0
-0.634628,6.67,0
-0.634628,6.85,0
-0.634628,7.03,0
-0.634628,7.21,0
-0.634628,7.39,0
-0.634628,7.57,0
-0.634628,7.75,0
-0.634628,7.93,0
-0.634628,8.11,0
-0.634628,8.29,0
-0.634628,8.47,0
-0.634628,8.65,0
-0.634628,8.83,0
-0.634628,9.01,0
-0.634628,9.19,0
-0.634628,9.37,0
-0.634628,9.55,0
-0.634628,9.73,0
-0.634628,9.91,0
-0.62734,1.09,0
-0.62734,1.27,0
-0.62734,1.45,0
-0.62734,1.63,0
-0.62734,1.81,0
-0.62734,1.99,0
-0.62734,2.17,0
-0.62734,2.35,0
-0.62734,2.53,0
-0.62734,2.71,0
-0.62734,2.89,0
-0.62734,3.07,0
-0.62734,3.25,0
-0.62734,3.43,0
-0.62734,3.61,0
-0.62734,3.79,0
-0.62734,3.97,0
-0.62734,4.15,0
-0.62734,4.33,0
-0.62734,4.51,0
-0.62734,4.69,0
-0.62734,4.87,0
-0.62734,5.05,0
-0.62734,5.23,0
-0.62734,5.41,0
-0.62734,5.59,0
-0.62734,5.77,0
-0.62734,5.95,0
-0.62734,6.13,0
-0.62734,6.31,0
-0.62734,6.49,0
-0.62734,6.67,0
-0.62734,6.85,0
-0.62734,7.03,0
-0.62734,7.21,0
-0.62734,7.39,0
-0.62734,7.57,0
-0.62734,7.75,0
-0.62734,7.93,0
-0.62734,8.11,0
-0.62734,8.29,0
-0.62734,8.47,0
-0.62734,8.65,0
-0.62734,8.83,0
-0.62734,9.01,0
-0.62734,9.19,0
-0.62734,9.37,0
-0.62734,9.55,0
-0.62734,9.73,0
-0.62734,9.91,0
