-0.984455,1.09,0
-0.984455,1.27,0
-0.984455,1.45,0
-0.984455,1.63,0
-0.984455,1.81,0
-0.984455,1.99,0
-0.984455,2.17,0
-0.984455,2.35,0
-0.984455,2.53,0
-0.984455,2.71,0
-0.984455,2.89,0
-0.984455,3.07,0
-0.984455,3.25,0
-0.984455,3.43,0
-0.984455,3.61,0
-0.984455,3.79,0
-0.984455,3.97,0
-0.984455,4.15,0
-0.984455,4.33,0
-0.984455,4.51,0
-0.984455,4.69,0
-0.984455,4.87,0
-0.984455,5.05,0
-0.984455,5.23,0
-0.984455,5.41,0
-0.984455,5.59,0
-0.984455,5.77,0
-0.984455,5.95,0
-0.984455,6.13,0
-0.984455,6.31,0
-0.984455,6.49,0
-0.984455,6.67,0
-0.984455,6.85,0
-0.984455,7.03,0
-0.984455,7.21,0
-0.984455,7.39,0
-0.984455,7.57,0
-0.984455,7.75,0
-0.984455,7.93,0
-0.984455,8.11,0
-0.984455,8.29,0
-0.984455,8.47,0
-0.984455,8.65,0
-0.984455,8.83,0
-0.984455,9.01,0
-0.984455,9.19,0
-0.984455,9.37,0
-0.984455,9.55,0
-0.984455,9.73,0
-0.984455,9.91,0
-0.977166,1.09,0
-0.977166,1.27,0
-0.977166,1.45,0
-0.977166,1.63,0
-0.977166,1.81,0
-0.977166,1.99,0
-0.977166,2.17,0
-0.977166,2.35,0
-0.977166,2.53,0
-0.977166,2.71,0
-0.977166,2.89,0
-0.977166,3.07,0
-0.977166,3.25,0
-0.977166,3.43,0
-0.977166,3.61,0
-0.977166,3.79,0
-0.977166,3.97,0
-0.977166,4.15,0
-0.977166,4.33,0
-0.977166,4.51,0
-0.977166,4.69,0
-0.977166,4.87,0
-0.977166,5.05,0
-0.977166,5.23,0
-0.977166,5.41,0
-0.977166,5.59,0
-0.977166,5.77,0
-0.977166,5.95,0
-0.977166,6.13,0
-0.977166,6.31,0
-0.977166,6.49,0
-0.977166,6.67,0
-0.977166,6.85,0
-0.977166,7.03,0
-0.977166,7.21,0
-0.977166,7.39,0
-0.977166,7.57,0
-0.977166,7.75,0
-0.977166,7.93,0
-0.977166,8.11,0
-0.977166,8.29,0
-0.977166,8.47,0
-0.977166,8.65,0
-0.977166,8.83,0
-0.977166,9.01,0
-0.977166,9.19,0
-0.977166,9.37,0
-0.977166,9.55,0
-0.977166,9.73,0
-0.977166,9.91,0
-0.969878,1.09,0
-0.969878,1.27,0
-0.969878,1.45,0
-0.969878,1.63,0
-0.969878,1.81,0
-0.969878,1.99,0
-0.969878,2.17,0
-0.969878,2.35,0
-0.969878,2.53,0
-0.969878,2.71,0
-0.969878,2.89,0
-0.969878,3.07,0
-0.969878,3.25,0
-0.969878,3.43,0
-0.969878,3.61,0
-0.969878,3.79,0
-0.969878,3.97,0
-0.969878,4.15,0
-0.969878,4.33,0
-0.969878,4.51,0
-0.969878,4.69,0
-0.969878,4.87,0
-0.969878,5.05,0
-0.969878,5.23,0
-0.969878,5.41,0
-0.969878,5.59,0
-0.969878,5.77,0
-0.969878,5.95,0
-0.969878,6.13,0
-0.969878,6.31,0
-0.969878,6.49,0
-0.969878,6.67,0
-0.969878,6.85,0
-0.969878,7.03,0
-0.969878,7.21,0
-0.969878,7.39,0
-0.969878,7.57,0
-0.969878,7.75,0
-0.969878,7.93,0
-0.969878,8.11,0
-0.969878,8.29,0
-0.969878,8.47,0
-0.969878,8.65,0
-0.969878,8.83,0
-0.969878,9.01,0
-0.969878,9.19,0
-0.969878,9.37,0
-0.969878,9.55,0
-0.969878,9.73,0
-0.969878,9.91,0
-0.96259,1.09,0
-0.96259,1.27,0
-0.96259,1.45,0
-0.96259,1.63,0
-0.96259,1.81,0
-0.96259,1.99,0
-0.96259,2.17,0
-0.96259,2.35,0
-0.96259,2.53,0
-0.96259,2.71,0
-0.96259,2.89,0
-0.96259,3.07,0
-0.96259,3.25,0
-0.96259,3.43,0
-0.96259,3.61,0
-0.96259,3.79,0
-0.96259,3.97,0
-0.96259,4.15,0
-0.96259,4.33,0
-0.96259,4.51,0
-0.96259,4.69,0
-0.96259,4.87,0
-0.96259,5.05,0
-0.96259,5.23,0
-0.96259,5.41,0
-0.96259,5.59,0
-0.96259,5.77,0
-0.96259,5.95,0
-0.96259,6.13,0
-0.96259,6.31,0
-0.96259,6.49,0
-0.96259,6.67,0
-0.96259,6.85,0
-0.96259,7.03,0
-0.96259,7.21,0
-0.96259,7.39,0
-0.96259,7.57,0
-0.96259,7.75,0
-0.96259,7.93,0
-0.96259,8.11,0
-0.96259,8.29,0
-0.96259,8.47,0
-0.96259,8.65,0
-0.96259,8.83,0
-0.96259,9.01,0
-0.96259,9.19,0
-0.96259,9.37,0
-0.96259,9.55,0
-0.96259,9.73,0
-0.96259,9.91,0
-0.955302,1.09,-0.006728
-0.955302,1.27,0.0122899
-0.955302,1.45,0.0509427
-0.955302,1.63,0.0102767
-0.955302,1.81,-0.0308782
-0.955302,1.99,-0.00502394
-0.955302,2.17,0.0228359
-0.955302,2.35,-0.0351276
-0.955302,2.53,-0.0354542
-0.955302,2.71,-0.0203598
-0.955302,2.89,-0.0299166
-0.955302,3.07,-0.0416423
-0.955302,3.25,-0.0458523
-0.955302,3.43,-0.0570302
-0.955302,3.61,-0.0847658
-0.955302,3.79,-0.122231
-0.955302,3.97,-0.149672
-0.955302,4.15,-0.144138
-0.955302,4.33,-0.0927028
-0.955302,4.51,-0.00494864
-0.955302,4.69,0.0897049
-0.955302,4.87,0.162334
-0.955302,5.05,0.200724
-0.955302,5.23,0.207939
-0.955302,5.41,0.192335
-0.955302,5.59,0.16266
-0.955302,5.77,0.125467
-0.955302,5.95,0.0852069
-0.955302,6.13,0.0446644
-0.955302,6.31,0.00556581
-0.955302,6.49,-0.0309714
-0.955302,6.67,-0.0642351
-0.955302,6.85,-0.0937714
-0.955302,7.03,-0.119274
-0.955302,7.21,-0.14061
-0.955302,7.39,-0.157643
-0.955302,7.57,-0.170313
-0.955302,7.75,-0.178671
-0.955302,7.93,-0.182858
-0.955302,8.11,-0.183676
-0.955302,8.29,-0.180912
-0.955302,8.47,-0.174884
-0.955302,8.65,-0.166019
-0.955302,8.83,-0.154792
-0.955302,9.01,-0.141524
-0.955302,9.19,-0.126795
-0.955302,9.37,-0.111254
-0.955302,9.55,-0.0953446
-0.955302,9.73,-0.079457
-0.955302,9.91,-0.0639177
-0.948014,1.09,-0.0493719
-0.948014,1.27,0.0536564
-0.948014,1.45,0.0291879
-0.948014,1.63,-0.0441936
-0.948014,1.81,-0.0568629
-0.948014,1.99,-0.0270945
-0.948014,2.17,0.077629
-0.948014,2.35,-0.0415201
-0.948014,2.53,-0.0697913
-0.948014,2.71,-0.0912243
-0.948014,2.89,-0.130178
-0.948014,3.07,-0.138401
-0.948014,3.25,-0.125869
-0.948014,3.43,-0.135593
-0.948014,3.61,-0.188652
-0.948014,3.79,-0.269812
-0.948014,3.97,-0.339601
-0.948014,4.15,-0.353405
-0.948014,4.33,-0.279456
-0.948014,4.51,-0.118434
-0.948014,4.69,0.0880608
-0.948014,4.87,0.278722
-0.948014,5.05,0.409152
-0.948014,5.23,0.468583
-0.948014,5.41,0.467398
-0.948014,5.59,0.424187
-0.948014,5.77,0.355583
-0.948014,5.95,0.274009
-0.948014,6.13,0.187558
-0.948014,6.31,0.10129
-0.948014,6.49,0.0183302
-0.948014,6.67,-0.0592809
-0.948014,6.85,-0.130352
-0.948014,7.03,-0.19412
-0.948014,7.21,-0.250227
-0.948014,7.39,-0.298329
-0.948014,7.57,-0.338208
-0.948014,7.75,-0.369818
-0.948014,7.93,-0.393238
-0.948014,8.11,-0.409851
-0.948014,8.29,-0.418999
-0.948014,8.47,-0.421013
-0.948014,8.65,-0.416433
-0.948014,8.83,-0.405906
-0.948014,9.01,-0.389727
-0.948014,9.19,-0.368821
-0.948014,9.37,-0.344415
-0.948014,9.55,-0.31735
-0.948014,9.73,-0.288429
-0.948014,9.91,-0.258395
-0.940726,1.09,-0.0637975
-0.940726,1.27,0.00896274
-0.940726,1.45,-0.0492094
-0.940726,1.63,-0.0997621
-0.940726,1.81,-0.0524752
-0.940726,1.99,-0.0345542
-0.940726,2.17,0.0927025
-0.940726,2.35,-0.0457979
-0.940726,2.53,-0.0747506
-0.940726,2.71,-0.140957
-0.940726,2.89,-0.190723
-0.940726,3.07,-0.178128
-0.940726,3.25,-0.146934
-0.940726,3.43,-0.150038
-0.940726,3.61,-0.206409
-0.940726,3.79,-0.298929
-0.940726,3.97,-0.389578
-0.940726,4.15,-0.43605
-0.940726,4.33,-0.402246
-0.940726,4.51,-0.271998
-0.940726,4.69,-0.0640332
-0.940726,4.87,0.169303
-0.940726,5.05,0.368392
-0.940726,5.23,0.498049
-0.940726,5.41,0.552175
-0.940726,5.59,0.544443
-0.940726,5.77,0.493549
-0.940726,5.95,0.416489
-0.940726,6.13,0.325529
-0.940726,6.31,0.228863
-0.940726,6.49,0.131714
-0.940726,6.67,0.0376211
-0.940726,6.85,-0.0513005
-0.940726,7.03,-0.133696
-0.940726,7.21,-0.20882
-0.940726,7.39,-0.276087
-0.940726,7.57,-0.335076
-0.940726,7.75,-0.385569
-0.940726,7.93,-0.427481
-0.940726,8.11,-0.462002
-0.940726,8.29,-0.488376
-0.940726,8.47,-0.506741
-0.940726,8.65,-0.517435
-0.940726,8.83,-0.520903
-0.940726,9.01,-0.517208
-0.940726,9.19,-0.507065
-0.940726,9.37,-0.491595
-0.940726,9.55,-0.47155
-0.940726,9.73,-0.447697
-0.940726,9.91,-0.420797
-0.933438,1.09,-0.057895
-0.933438,1.27,-0.0512824
-0.933438,1.45,-0.0997929
-0.933438,1.63,-0.150709
-0.933438,1.81,-0.0607549
-0.933438,1.99,-0.0335932
-0.933438,2.17,0.0775554
-0.933438,2.35,-0.0659368
-0.933438,2.53,-0.0812607
-0.933438,2.71,-0.160056
-0.933438,2.89,-0.193324
-0.933438,3.07,-0.160973
-0.933438,3.25,-0.124703
-0.933438,3.43,-0.126459
-0.933438,3.61,-0.175709
-0.933438,3.79,-0.260206
-0.933438,3.97,-0.354428
-0.933438,4.15,-0.427231
-0.933438,4.33,-0.446112
-0.933438,4.51,-0.385312
-0.933438,4.69,-0.239037
-0.933438,4.87,-0.0318334
-0.933438,5.05,0.186841
-0.933438,5.23,0.368758
-0.933438,5.41,0.486337
-0.933438,5.59,0.536777
-0.933438,5.77,0.531566
-0.933438,5.95,0.487093
-0.933438,6.13,0.417675
-0.933438,6.31,0.334067
-0.933438,6.49,0.243691
-0.933438,6.67,0.15179
-0.933438,6.85,0.0616941
-0.933438,7.03,-0.0244113
-0.933438,7.21,-0.105182
-0.933438,7.39,-0.179701
-0.933438,7.57,-0.247313
-0.933438,7.75,-0.307618
-0.933438,7.93,-0.360385
-0.933438,8.11,-0.406411
-0.933438,8.29,-0.445059
-0.933438,8.47,-0.476343
-0.933438,8.65,-0.500436
-0.933438,8.83,-0.517595
-0.933438,9.01,-0.527755
-0.933438,9.19,-0.53137
-0.933438,9.37,-0.529256
-0.933438,9.55,-0.521948
-0.933438,9.73,-0.510013
-0.933438,9.91,-0.494038
-0.92615,1.09,-0.0142206
-0.92615,1.27,-0.116878
-0.92615,1.45,-0.128768
-0.92615,1.63,-0.186578
-0.92615,1.81,-0.0785219
-0.92615,1.99,-0.0212341
-0.92615,2.17,0.0545659
-0.92615,2.35,-0.0770032
-0.92615,2.53,-0.0935139
-0.92615,2.71,-0.174424
-0.92615,2.89,-0.184494
-0.92615,3.07,-0.14088
-0.92615,3.25,-0.109185
-0.92615,3.43,-0.110264
-0.92615,3.61,-0.14569
-0.92615,3.79,-0.214871
-0.92615,3.97,-0.307221
-0.92615,4.15,-0.400652
-0.92615,4.33,-0.465191
-0.92615,4.51,-0.470246
-0.92615,4.69,-0.394747
-0.92615,4.87,-0.238941
-0.92615,5.05,-0.0318888
-0.92615,5.23,0.180313
-0.92615,5.41,0.355347
-0.92615,5.59,0.470446
-0.92615,5.77,0.523079
-0.92615,5.95,0.523923
-0.92615,6.13,0.487026
-0.92615,6.31,0.42518
-0.92615,6.49,0.34834
-0.92615,6.67,0.263913
-0.92615,6.85,0.176942
-0.92615,7.03,0.0908405
-0.92615,7.21,0.00786055
-0.92615,7.39,-0.0705856
-0.92615,7.57,-0.143506
-0.92615,7.75,-0.210265
-0.92615,7.93,-0.270477
-0.92615,8.11,-0.324573
-0.92615,8.29,-0.372073
-0.92615,8.47,-0.412936
-0.92615,8.65,-0.447252
-0.92615,8.83,-0.475184
-0.92615,9.01,-0.496653
-0.92615,9.19,-0.511954
-0.92615,9.37,-0.521671
-0.92615,9.55,-0.526181
-0.92615,9.73,-0.525894
-0.92615,9.91,-0.521241
-0.918862,1.09,0.030595
-0.918862,1.27,-0.164745
-0.918862,1.45,-0.132481
-0.918862,1.63,-0.192578
-0.918862,1.81,-0.100625
-0.918862,1.99,-0.00257512
-0.918862,2.17,0.0292646
-0.918862,2.35,-0.0821852
-0.918862,2.53,-0.110154
-0.918862,2.71,-0.178506
-0.918862,2.89,-0.165653
-0.918862,3.07,-0.122376
-0.918862,3.25,-0.102242
-0.918862,3.43,-0.0991021
-0.918862,3.61,-0.113002
-0.918862,3.79,-0.161526
-0.918862,3.97,-0.248993
-0.918862,4.15,-0.358684
-0.918862,4.33,-0.460738
-0.918862,4.51,-0.522059
-0.918862,4.69,-0.514329
-0.918862,4.87,-0.422399
-0.918862,5.05,-0.254836
-0.918862,5.23,-0.043795
-0.918862,5.41,0.167234
-0.918862,5.59,0.34059
-0.918862,5.77,0.456344
-0.918862,5.95,0.513339
-0.918862,6.13,0.520865
-0.918862,6.31,0.491533
-0.918862,6.49,0.43722
-0.918862,6.67,0.367526
-0.918862,6.85,0.289554
-0.918862,7.03,0.208319
-0.918862,7.21,0.127324
-0.918862,7.39,0.0486877
-0.918862,7.57,-0.0261068
-0.918862,7.75,-0.0960768
-0.918862,7.93,-0.160617
-0.918862,8.11,-0.219769
-0.918862,8.29,-0.27318
-0.918862,8.47,-0.32076
-0.918862,8.65,-0.362541
-0.918862,8.83,-0.398624
-0.918862,9.01,-0.428958
-0.918862,9.19,-0.453743
-0.918862,9.37,-0.473387
-0.918862,9.55,-0.488163
-0.918862,9.73,-0.498368
-0.918862,9.91,-0.504313
-0.911574,1.09,0.0502204
-0.911574,1.27,-0.174719
-0.911574,1.45,-0.118622
-0.911574,1.63,-0.167276
-0.911574,1.81,-0.113698
-0.911574,1.99,0.014384
-0.911574,2.17,0.0079287
-0.911574,2.35,-0.0860898
-0.911574,2.53,-0.127083
-0.911574,2.71,-0.170049
-0.911574,2.89,-0.141075
-0.911574,3.07,-0.109612
-0.911574,3.25,-0.102493
-0.911574,3.43,-0.0879261
-0.911574,3.61,-0.0739459
-0.911574,3.79,-0.0996167
-0.911574,3.97,-0.181403
-0.911574,4.15,-0.303763
-0.911574,4.33,-0.434629
-0.911574,4.51,-0.539572
-0.911574,4.69,-0.588632
-0.911574,4.87,-0.560218
-0.911574,5.05,-0.448874
-0.911574,5.23,-0.269617
-0.911574,5.41,-0.0549094
-0.911574,5.59,0.154795
-0.911574,5.77,0.326305
-0.911574,5.95,0.443325
-0.911574,6.13,0.505017
-0.911574,6.31,0.519645
-0.911574,6.49,0.498791
-0.911574,6.67,0.453314
-0.911574,6.85,0.392246
-0.911574,7.03,0.322387
-0.911574,7.21,0.248796
-0.911574,7.39,0.174534
-0.911574,7.57,0.101775
-0.911574,7.75,0.0320174
-0.911574,7.93,-0.0337859
-0.911574,8.11,-0.0952135
-0.911574,8.29,-0.151954
-0.911574,8.47,-0.203823
-0.911574,8.65,-0.250764
-0.911574,8.83,-0.292806
-0.911574,9.01,-0.329918
-0.911574,9.19,-0.362219
-0.911574,9.37,-0.389974
-0.911574,9.55,-0.413379
-0.911574,9.73,-0.432644
-0.911574,9.91,-0.447993
-0.904286,1.09,0.0545463
-0.904286,1.27,-0.143035
-0.904286,1.45,-0.0993986
-0.904286,1.63,-0.122126
-0.904286,1.81,-0.102311
-0.904286,1.99,0.0213959
-0.904286,2.17,-0.00367679
-0.904286,2.35,-0.0929308
-0.904286,2.53,-0.139717
-0.904286,2.71,-0.150489
-0.904286,2.89,-0.116366
-0.904286,3.07,-0.104241
-0.904286,3.25,-0.104577
-0.904286,3.43,-0.0703084
-0.904286,3.61,-0.0260035
-0.904286,3.79,-0.0302437
-0.904286,3.97,-0.106921
-0.904286,4.15,-0.238198
-0.904286,4.33,-0.388746
-0.904286,4.51,-0.523973
-0.904286,4.69,-0.615738
-0.904286,4.87,-0.64222
-0.904286,5.05,-0.591397
-0.904286,5.23,-0.464811
-0.904286,5.41,-0.279142
-0.904286,5.59,-0.0658287
-0.904286,5.77,0.139316
-0.904286,5.95,0.308079
-0.904286,6.13,0.426676
-0.904286,6.31,0.494252
-0.904286,6.49,0.51817
-0.904286,6.67,0.508164
-0.904286,6.85,0.474086
-0.904286,7.03,0.424187
-0.904286,7.21,0.365165
-0.904286,7.39,0.301195
-0.904286,7.57,0.235357
-0.904286,7.75,0.169873
-0.904286,7.93,0.10623
-0.904286,8.11,0.0454341
-0.904286,8.29,-0.012101
-0.904286,8.47,-0.0659999
-0.904286,8.65,-0.11605
-0.904286,8.83,-0.162158
-0.904286,9.01,-0.204256
-0.904286,9.19,-0.242371
-0.904286,9.37,-0.276631
-0.904286,9.55,-0.30715
-0.904286,9.73,-0.334064
-0.904286,9.91,-0.35752
-0.896998,1.09,0.0724976
-0.896998,1.27,-0.0885632
-0.896998,1.45,-0.0853165
-0.896998,1.63,-0.0746622
-0.896998,1.81,-0.0582469
-0.896998,1.99,0.0139029
-0.896998,2.17,-0.00181184
-0.896998,2.35,-0.105513
-0.896998,2.53,-0.144931
-0.896998,2.71,-0.123845
-0.896998,2.89,-0.0962884
-0.896998,3.07,-0.103659
-0.896998,3.25,-0.100208
-0.896998,3.43,-0.0408547
-0.896998,3.61,0.0305634
-0.896998,3.79,0.0432674
-0.896998,3.97,-0.0287684
-0.896998,4.15,-0.163885
-0.896998,4.33,-0.324469
-0.896998,4.51,-0.477424
-0.896998,4.69,-0.598295
-0.896998,4.87,-0.668114
-0.896998,5.05,-0.673465
-0.896998,5.23,-0.608139
-0.896998,5.41,-0.475214
-0.896998,5.59,-0.291722
-0.896998,5.77,-0.0853322
-0.896998,5.95,0.112891
-0.896998,6.13,0.279169
-0.896998,6.31,0.401288
-0.896998,6.49,0.478175
-0.896998,6.67,0.51476
-0.896998,6.85,0.519219
-0.896998,7.03,0.49995
-0.896998,7.21,0.464791
-0.896998,7.39,0.418953
-0.896998,7.57,0.366518
-0.896998,7.75,0.310631
-0.896998,7.93,0.253515
-0.896998,8.11,0.196925
-0.896998,8.29,0.141574
-0.896998,8.47,0.0881663
-0.896998,8.65,0.0371825
-0.896998,8.83,-0.0110734
-0.896998,9.01,-0.056408
-0.896998,9.19,-0.0987111
-0.896998,9.37,-0.137957
-0.896998,9.55,-0.174159
-0.896998,9.73,-0.20736
-0.896998,9.91,-0.237623
-0.88971,1.09,0.118165
-0.88971,1.27,-0.0443193
-0.88971,1.45,-0.0822722
-0.88971,1.63,-0.0391786
-0.88971,1.81,0.0133995
-0.88971,1.99,-0.0046904
-0.88971,2.17,0.0133477
-0.88971,2.35,-0.124839
-0.88971,2.53,-0.141563
-0.88971,2.71,-0.0948421
-0.88971,2.89,-0.0825928
-0.88971,3.07,-0.100954
-0.88971,3.25,-0.081197
-0.88971,3.43,0.00214121
-0.88971,3.61,0.0916381
-0.88971,3.79,0.115409
-0.88971,3.97,0.0495898
-0.88971,4.15,-0.0818638
-0.88971,4.33,-0.24225
-0.88971,4.51,-0.401894
-0.88971,4.69,-0.540598
-0.88971,4.87,-0.642911
-0.88971,5.05,-0.696359
-0.88971,5.23,-0.691444
-0.88971,5.41,-0.622607
-0.88971,5.59,-0.493754
-0.88971,5.77,-0.319233
-0.88971,5.95,-0.123549
-0.88971,6.13,0.0674978
-0.88971,6.31,0.233362
-0.88971,6.49,0.362931
-0.88971,6.67,0.452983
-0.88971,6.85,0.506501
-0.88971,7.03,0.529463
-0.88971,7.21,0.529344
-0.88971,7.39,0.511697
-0.88971,7.57,0.481349
-0.88971,7.75,0.442368
-0.88971,7.93,0.397854
-0.88971,8.11,0.350444
-0.88971,8.29,0.301385
-0.88971,8.47,0.251883
-0.88971,8.65,0.202832
-0.88971,8.83,0.15487
-0.88971,9.01,0.108443
-0.88971,9.19,0.0638705
-0.88971,9.37,0.0213694
-0.88971,9.55,-0.0189227
-0.88971,9.73,-0.0569229
-0.88971,9.91,-0.0925886
-0.882422,1.09,0.186072
-0.882422,1.27,-0.0326485
-0.882422,1.45,-0.0896889
-0.882422,1.63,-0.020126
-0.882422,1.81,0.0949901
-0.882422,1.99,-0.0217663
-0.882422,2.17,0.035665
-0.882422,2.35,-0.149728
-0.882422,2.53,-0.129703
-0.882422,2.71,-0.0671489
-0.882422,2.89,-0.0729055
-0.882422,3.07,-0.0872704
-0.882422,3.25,-0.043116
-0.882422,3.43,0.0550387
-0.882422,3.61,0.149378
-0.882422,3.79,0.179463
-0.882422,3.97,0.12534
-0.882422,4.15,0.00806846
-0.882422,4.33,-0.141409
-0.882422,4.51,-0.298444
-0.882422,4.69,-0.446527
-0.882422,4.87,-0.572829
-0.882422,5.05,-0.666059
-0.882422,5.23,-0.715731
-0.882422,5.41,-0.712046
-0.882422,5.59,-0.650202
-0.882422,5.77,-0.532281
-0.882422,5.95,-0.371661
-0.882422,6.13,-0.188119
-0.882422,6.31,-0.00326324
-0.882422,6.49,0.16497
-0.882422,6.67,0.305002
-0.882422,6.85,0.411925
-0.882422,7.03,0.486154
-0.882422,7.21,0.532144
-0.882422,7.39,0.554167
-0.882422,7.57,0.556801
-0.882422,7.75,0.544533
-0.882422,7.93,0.521168
-0.882422,8.11,0.49019
-0.882422,8.29,0.453559
-0.882422,8.47,0.41314
-0.882422,8.65,0.370393
-0.882422,8.83,0.326435
-0.882422,9.01,0.282125
-0.882422,9.19,0.238094
-0.882422,9.37,0.194808
-0.882422,9.55,0.152629
-0.882422,9.73,0.111824
-0.882422,9.91,0.0725877
-0.875134,1.09,0.25997
-0.875134,1.27,-0.0402243
-0.875134,1.45,-0.0967767
-0.875134,1.63,-0.0139312
-0.875134,1.81,0.164373
-0.875134,1.99,-0.0212285
-0.875134,2.17,0.0521994
-0.875134,2.35,-0.175998
-0.875134,2.53,-0.109927
-0.875134,2.71,-0.0426917
-0.875134,2.89,-0.0616418
-0.875134,3.07,-0.0557001
-0.875134,3.25,0.0123506
-0.875134,3.43,0.109279
-0.875134,3.61,0.194146
-0.875134,3.79,0.229425
-0.875134,3.97,0.197224
-0.875134,4.15,0.10743
-0.875134,4.33,-0.0202192
-0.875134,4.51,-0.166941
-0.875134,4.69,-0.318459
-0.875134,4.87,-0.462808
-0.875134,5.05,-0.588907
-0.875134,5.23,-0.685833
-0.875134,5.41,-0.742176
-0.875134,5.59,-0.74874
-0.875134,5.77,-0.699583
-0.875134,5.95,-0.597985
-0.875134,6.13,-0.454188
-0.875134,6.31,-0.284056
-0.875134,6.49,-0.105818
-0.875134,6.67,0.0649997
-0.875134,6.85,0.216435
-0.875134,7.03,0.341752
-0.875134,7.21,0.439638
-0.875134,7.39,0.510793
-0.875134,7.57,0.557627
-0.875134,7.75,0.583665
-0.875134,7.93,0.592583
-0.875134,8.11,0.588182
-0.875134,8.29,0.573052
-0.875134,8.47,0.5497
-0.875134,8.65,0.520217
-0.875134,8.83,0.486303
-0.875134,9.01,0.449396
-0.875134,9.19,0.410545
-0.875134,9.37,0.37054
-0.875134,9.55,0.33006
-0.875134,9.73,0.28964
-0.875134,9.91,0.249697
-0.867846,1.09,0.303119
-0.867846,1.27,-0.0318971
-0.867846,1.45,-0.0819803
-0.867846,1.63,-0.0166476
-0.867846,1.81,0.207611
-0.867846,1.99,0.00464879
-0.867846,2.17,0.0466837
-0.867846,2.35,-0.195628
-0.867846,2.53,-0.0838005
-0.867846,2.71,-0.0226075
-0.867846,2.89,-0.0426511
-0.867846,3.07,-0.00428569
-0.867846,3.25,0.0779886
-0.867846,3.43,0.154473
-0.867846,3.61,0.217989
-0.867846,3.79,0.261793
-0.867846,3.97,0.265311
-0.867846,4.15,0.217982
-0.867846,4.33,0.123186
-0.867846,4.51,-0.00648545
-0.867846,4.69,-0.157109
-0.867846,4.87,-0.315447
-0.867846,5.05,-0.469044
-0.867846,5.23,-0.606043
-0.867846,5.41,-0.714473
-0.867846,5.59,-0.783618
-0.867846,5.77,-0.80388
-0.867846,5.95,-0.77234
-0.867846,6.13,-0.691171
-0.867846,6.31,-0.568123
-0.867846,6.49,-0.416421
-0.867846,6.67,-0.249029
-0.867846,6.85,-0.0799915
-0.867846,7.03,0.0791259
-0.867846,7.21,0.220793
-0.867846,7.39,0.340811
-0.867846,7.57,0.437413
-0.867846,7.75,0.511071
-0.867846,7.93,0.563607
-0.867846,8.11,0.597785
-0.867846,8.29,0.616089
-0.867846,8.47,0.621168
-0.867846,8.65,0.615478
-0.867846,8.83,0.601193
-0.867846,9.01,0.580359
-0.867846,9.19,0.554488
-0.867846,9.37,0.524729
-0.867846,9.55,0.492163
-0.867846,9.73,0.45768
-0.867846,9.91,0.422001
-0.860558,1.09,0.26398
-0.860558,1.27,0.00049762
-0.860558,1.45,-0.0285548
-0.860558,1.63,-0.0253988
-0.860558,1.81,0.225741
-0.860558,1.99,0.0454729
-0.860558,2.17,0.0119036
-0.860558,2.35,-0.197397
-0.860558,2.53,-0.0567282
-0.860558,2.71,-0.00954704
-0.860558,2.89,-0.0118943
-0.860558,3.07,0.0638101
-0.860558,3.25,0.144506
-0.860558,3.43,0.182912
-0.860558,3.61,0.217349
-0.860558,3.79,0.274712
-0.860558,3.97,0.327745
-0.860558,4.15,0.338295
-0.860558,4.33,0.288356
-0.860558,4.51,0.183291
-0.860558,4.69,0.0381984
-0.860558,4.87,-0.13026
-0.860558,5.05,-0.306424
-0.860558,5.23,-0.476501
-0.860558,5.41,-0.628033
-0.860558,5.59,-0.750245
-0.860558,5.77,-0.832927
-0.860558,5.95,-0.870828
-0.860558,6.13,-0.861761
-0.860558,6.31,-0.807258
-0.860558,6.49,-0.714479
-0.860558,6.67,-0.589927
-0.860558,6.85,-0.444102
-0.860558,7.03,-0.288007
-0.860558,7.21,-0.132039
-0.860558,7.39,0.0165535
-0.860558,7.57,0.151967
-0.860558,7.75,0.270425
-0.860558,7.93,0.370146
-0.860558,8.11,0.450965
-0.860558,8.29,0.513681
-0.860558,8.47,0.5598
-0.860558,8.65,0.59118
-0.860558,8.83,0.609798
-0.860558,9.01,0.617891
-0.860558,9.19,0.617193
-0.860558,9.37,0.609062
-0.860558,9.55,0.594925
-0.860558,9.73,0.576017
-0.860558,9.91,0.553398
-0.85327,1.09,0.17753
-0.85327,1.27,0.027684
-0.85327,1.45,0.0436487
-0.85327,1.63,-0.0310163
-0.85327,1.81,0.222347
-0.85327,1.99,0.077272
-0.85327,2.17,-0.0321547
-0.85327,2.35,-0.171566
-0.85327,2.53,-0.0436794
-0.85327,2.71,-0.00944851
-0.85327,2.89,0.03171
-0.85327,3.07,0.142268
-0.85327,3.25,0.203824
-0.85327,3.43,0.191075
-0.85327,3.61,0.190042
-0.85327,3.79,0.260186
-0.85327,3.97,0.370601
-0.85327,4.15,0.454291
-0.85327,4.33,0.465831
-0.85327,4.51,0.398889
-0.85327,4.69,0.269228
-0.85327,4.87,0.098445
-0.85327,5.05,-0.0927723
-0.85327,5.23,-0.287467
-0.85327,5.41,-0.472218
-0.85327,5.59,-0.636587
-0.85327,5.77,-0.771269
-0.85327,5.95,-0.871024
-0.85327,6.13,-0.932482
-0.85327,6.31,-0.954236
-0.85327,6.49,-0.939431
-0.85327,6.67,-0.888695
-0.85327,6.85,-0.806864
-0.85327,7.03,-0.700299
-0.85327,7.21,-0.577591
-0.85327,7.39,-0.444582
-0.85327,7.57,-0.307562
-0.85327,7.75,-0.172561
-0.85327,7.93,-0.0444145
-0.85327,8.11,0.0733113
-0.85327,8.29,0.178379
-0.85327,8.47,0.26963
-0.85327,8.65,0.346791
-0.85327,8.83,0.41025
-0.85327,9.01,0.461158
-0.85327,9.19,0.500631
-0.85327,9.37,0.529625
-0.85327,9.55,0.549385
-0.85327,9.73,0.561133
-0.85327,9.91,0.566023
-0.845982,1.09,0.1959
-0.845982,1.27,0.00891437
-0.845982,1.45,0.078746
-0.845982,1.63,-0.0226861
-0.845982,1.81,0.182754
-0.845982,1.99,0.0847168
-0.845982,2.17,-0.0372654
-0.845982,2.35,-0.120148
-0.845982,2.53,-0.0735112
-0.845982,2.71,-0.0274155
-0.845982,2.89,0.0871453
-0.845982,3.07,0.220201
-0.845982,3.25,0.244423
-0.845982,3.43,0.17006
-0.845982,3.61,0.11908
-0.845982,3.79,0.18058
-0.845982,3.97,0.338498
-0.845982,4.15,0.509897
-0.845982,4.33,0.615404
-0.845982,4.51,0.622712
-0.845982,4.69,0.539784
-0.845982,4.87,0.391138
-0.845982,5.05,0.20371
-0.845982,5.23,-0.000612162
-0.845982,5.41,-0.205942
-0.845982,5.59,-0.401218
-0.845982,5.77,-0.577952
-0.845982,5.95,-0.731181
-0.845982,6.13,-0.857608
-0.845982,6.31,-0.95503
-0.845982,6.49,-1.02453
-0.845982,6.67,-1.06392
-0.845982,6.85,-1.07393
-0.845982,7.03,-1.05622
-0.845982,7.21,-1.01553
-0.845982,7.39,-0.953604
-0.845982,7.57,-0.873387
-0.845982,7.75,-0.779029
-0.845982,7.93,-0.6748
-0.845982,8.11,-0.564807
-0.845982,8.29,-0.45286
-0.845982,8.47,-0.342251
-0.845982,8.65,-0.23567
-0.845982,8.83,-0.135176
-0.845982,9.01,-0.0422485
-0.845982,9.19,0.0423812
-0.845982,9.37,0.118296
-0.845982,9.55,0.185368
-0.845982,9.73,0.243756
-0.845982,9.91,0.293826
-0.838694,1.09,0.225652
-0.838694,1.27,-0.0936626
-0.838694,1.45,-0.0172884
-0.838694,1.63,0.0515265
-0.838694,1.81,0.0560989
-0.838694,1.99,-0.00550423
-0.838694,2.17,0.0284943
-0.838694,2.35,0.0104028
-0.838694,2.53,-0.109678
-0.838694,2.71,-0.0350108
-0.838694,2.89,0.131142
-0.838694,3.07,0.232777
-0.838694,3.25,0.184309
-0.838694,3.43,0.0187737
-0.838694,3.61,-0.140454
-0.838694,3.79,-0.173091
-0.838694,3.97,-0.0228447
-0.838694,4.15,0.276327
-0.838694,4.33,0.619753
-0.838694,4.51,0.891864
-0.838694,4.69,1.02871
-0.838694,4.87,1.0244
-0.838694,5.05,0.909039
-0.838694,5.23,0.720379
-0.838694,5.41,0.490033
-0.838694,5.59,0.24099
-0.838694,5.77,-0.0112698
-0.838694,5.95,-0.256184
-0.838694,6.13,-0.487365
-0.838694,6.31,-0.700662
-0.838694,6.49,-0.894821
-0.838694,6.67,-1.06694
-0.838694,6.85,-1.21567
-0.838694,7.03,-1.34017
-0.838694,7.21,-1.4424
-0.838694,7.39,-1.52123
-0.838694,7.57,-1.57612
-0.838694,7.75,-1.60781
-0.838694,7.93,-1.61741
-0.838694,8.11,-1.60648
-0.838694,8.29,-1.57672
-0.838694,8.47,-1.53019
-0.838694,8.65,-1.46916
-0.838694,8.83,-1.39601
-0.838694,9.01,-1.31383
-0.838694,9.19,-1.2247
-0.838694,9.37,-1.13018
-0.838694,9.55,-1.03228
-0.838694,9.73,-0.932822
-0.838694,9.91,-0.833403
-0.831406,1.09,0.171843
-0.831406,1.27,-0.187763
-0.831406,1.45,-0.190985
-0.831406,1.63,0.0292465
-0.831406,1.81,0.0312704
-0.831406,1.99,-0.131623
-0.831406,2.17,0.00995463
-0.831406,2.35,-0.00437781
-0.831406,2.53,-0.125774
-0.831406,2.71,0.0035777
-0.831406,2.89,0.13692
-0.831406,3.07,0.165427
-0.831406,3.25,0.0757029
-0.831406,3.43,-0.119791
-0.831406,3.61,-0.346102
-0.831406,3.79,-0.491709
-0.831406,3.97,-0.457126
-0.831406,4.15,-0.205021
-0.831406,4.33,0.215317
-0.831406,4.51,0.67579
-0.831406,4.69,1.04588
-0.831406,4.87,1.25279
-0.831406,5.05,1.29296
-0.831406,5.23,1.20088
-0.831406,5.41,1.0187
-0.831406,5.59,0.782699
-0.831406,5.77,0.518902
-0.831406,5.95,0.246429
-0.831406,6.13,-0.0228918
-0.831406,6.31,-0.281576
-0.831406,6.49,-0.525615
-0.831406,6.67,-0.751711
-0.831406,6.85,-0.957794
-0.831406,7.03,-1.14255
-0.831406,7.21,-1.3071
-0.831406,7.39,-1.45033
-0.831406,7.57,-1.57149
-0.831406,7.75,-1.67075
-0.831406,7.93,-1.74855
-0.831406,8.11,-1.80582
-0.831406,8.29,-1.84321
-0.831406,8.47,-1.86183
-0.831406,8.65,-1.86299
-0.831406,8.83,-1.84812
-0.831406,9.01,-1.81953
-0.831406,9.19,-1.77871
-0.831406,9.37,-1.72672
-0.831406,9.55,-1.66519
-0.831406,9.73,-1.59577
-0.831406,9.91,-1.52003
-0.824117,1.09,0.15402
-0.824117,1.27,-0.288216
-0.824117,1.45,-0.238613
-0.824117,1.63,-0.0460173
-0.824117,1.81,0.0608248
-0.824117,1.99,-0.161371
-0.824117,2.17,0.0280895
-0.824117,2.35,-0.0477394
-0.824117,2.53,-0.130626
-0.824117,2.71,0.031864
-0.824117,2.89,0.142956
-0.824117,3.07,0.140969
-0.824117,3.25,0.0439083
-0.824117,3.43,-0.138884
-0.824117,3.61,-0.347748
-0.824117,3.79,-0.482044
-0.824117,3.97,-0.447626
-0.824117,4.15,-0.208278
-0.824117,4.33,0.190236
-0.824117,4.51,0.628482
-0.824117,4.69,0.984635
-0.824117,4.87,1.18897
-0.824117,5.05,1.23613
-0.824117,5.23,1.15701
-0.824117,5.41,0.990642
-0.824117,5.59,0.771317
-0.824117,5.77,0.524019
-0.824117,5.95,0.267167
-0.824117,6.13,0.0123342
-0.824117,6.31,-0.233102
-0.824117,6.49,-0.465045
-0.824117,6.67,-0.680326
-0.824117,6.85,-0.876942
-0.824117,7.03,-1.05365
-0.824117,7.21,-1.2114
-0.824117,7.39,-1.34924
-0.824117,7.57,-1.46654
-0.824117,7.75,-1.56348
-0.824117,7.93,-1.6405
-0.824117,8.11,-1.69866
-0.824117,8.29,-1.73841
-0.824117,8.47,-1.76075
-0.824117,8.65,-1.76684
-0.824117,8.83,-1.758
-0.824117,9.01,-1.73615
-0.824117,9.19,-1.70266
-0.824117,9.37,-1.65857
-0.824117,9.55,-1.60536
-0.824117,9.73,-1.5445
-0.824117,9.91,-1.47741
-0.816829,1.09,0.0752657
-0.816829,1.27,-0.3423
-0.816829,1.45,-0.253678
-0.816829,1.63,-0.11811
-0.816829,1.81,0.0780521
-0.816829,1.99,-0.178428
-0.816829,2.17,0.0363663
-0.816829,2.35,-0.0898235
-0.816829,2.53,-0.123458
-0.816829,2.71,0.0582007
-0.816829,2.89,0.14091
-0.816829,3.07,0.114843
-0.816829,3.25,0.0167368
-0.816829,3.43,-0.153416
-0.816829,3.61,-0.348889
-0.816829,3.79,-0.476406
-0.816829,3.97,-0.44539
-0.816829,4.15,-0.220103
-0.816829,4.33,0.157374
-0.816829,4.51,0.575706
-0.816829,4.69,0.920597
-0.816829,4.87,1.12453
-0.816829,5.05,1.18005
-0.816829,5.23,1.11465
-0.816829,5.41,0.964508
-0.816829,5.59,0.76214
-0.816829,5.77,0.531618
-0.816829,5.95,0.290718
-0.816829,6.13,0.0507636
-0.816829,6.31,-0.180988
-0.816829,6.49,-0.400382
-0.816829,6.67,-0.604392
-0.816829,6.85,-0.791097
-0.816829,7.03,-0.959333
-0.816829,7.21,-1.10991
-0.816829,7.39,-1.24202
-0.816829,7.57,-1.35516
-0.816829,7.75,-1.44952
-0.816829,7.93,-1.52554
-0.816829,8.11,-1.58437
-0.816829,8.29,-1.6263
-0.816829,8.47,-1.6522
-0.816829,8.65,-1.66312
-0.816829,8.83,-1.66022
-0.816829,9.01,-1.64508
-0.816829,9.19,-1.61894
-0.816829,9.37,-1.58282
-0.816829,9.55,-1.53804
-0.816829,9.73,-1.48589
-0.816829,9.91,-1.42764
-0.809541,1.09,-0.0418647
-0.809541,1.27,-0.336234
-0.809541,1.45,-0.237943
-0.809541,1.63,-0.173519
-0.809541,1.81,0.0792109
-0.809541,1.99,-0.182328
-0.809541,2.17,0.034215
-0.809541,2.35,-0.124965
-0.809541,2.53,-0.106292
-0.809541,2.71,0.0789388
-0.809541,2.89,0.130726
-0.809541,3.07,0.0886088
-0.809541,3.25,-0.00491289
-0.809541,3.43,-0.162853
-0.809541,3.61,-0.348487
-0.809541,3.79,-0.473317
-0.809541,3.97,-0.449411
-0.809541,4.15,-0.241031
-0.809541,4.33,0.114106
-0.809541,4.51,0.512972
-0.809541,4.69,0.848197
-0.809541,4.87,1.05374
-0.809541,5.05,1.11959
-0.809541,5.23,1.0697
-0.809541,5.41,0.93747
-0.809541,5.59,0.753691
-0.809541,5.77,0.54156
-0.809541,5.95,0.318208
-0.809541,6.13,0.0946885
-0.809541,6.31,-0.121886
-0.809541,6.49,-0.327338
-0.809541,6.67,-0.518799
-0.809541,6.85,-0.694442
-0.809541,7.03,-0.853192
-0.809541,7.21,-0.995715
-0.809541,7.39,-1.12136
-0.809541,7.57,-1.22973
-0.809541,7.75,-1.32103
-0.809541,7.93,-1.39569
-0.809541,8.11,-1.4549
-0.809541,8.29,-1.49882
-0.809541,8.47,-1.52819
-0.809541,8.65,-1.54394
-0.809541,8.83,-1.54706
-0.809541,9.01,-1.53883
-0.809541,9.19,-1.52033
-0.809541,9.37,-1.49254
-0.809541,9.55,-1.45661
-0.809541,9.73,-1.41367
-0.809541,9.91,-1.36483
-0.802253,1.09,-0.162444
-0.802253,1.27,-0.2881
-0.802253,1.45,-0.192721
-0.802253,1.63,-0.210412
-0.802253,1.81,0.0684828
-0.802253,1.99,-0.172401
-0.802253,2.17,0.0214778
-0.802253,2.35,-0.151767
-0.802253,2.53,-0.0827827
-0.802253,2.71,0.095632
-0.802253,2.89,0.120213
-0.802253,3.07,0.0682178
-0.802253,3.25,-0.0218275
-0.802253,3.43,-0.171818
-0.802253,3.61,-0.348167
-0.802253,3.79,-0.464648
-0.802253,3.97,-0.437589
-0.802253,4.15,-0.235362
-0.802253,4.33,0.103838
-0.802253,4.51,0.482499
-0.802253,4.69,0.800981
-0.802253,4.87,0.997763
-0.802253,5.05,1.06329
-0.802253,5.23,1.01966
-0.802253,5.41,0.897957
-0.802253,5.59,0.727153
-0.802253,5.77,0.529247
-0.802253,5.95,0.320386
-0.802253,6.13,0.111087
-0.802253,6.31,-0.0918753
-0.802253,6.49,-0.284472
-0.802253,6.67,-0.464024
-0.802253,6.85,-0.628851
-0.802253,7.03,-0.777984
-0.802253,7.21,-0.912018
-0.802253,7.39,-1.03043
-0.802253,7.57,-1.13291
-0.802253,7.75,-1.2197
-0.802253,7.93,-1.2912
-0.802253,8.11,-1.34872
-0.802253,8.29,-1.39225
-0.802253,8.47,-1.42248
-0.802253,8.65,-1.44023
-0.802253,8.83,-1.44641
-0.802253,9.01,-1.44203
-0.802253,9.19,-1.42807
-0.802253,9.37,-1.40552
-0.802253,9.55,-1.37538
-0.802253,9.73,-1.33867
-0.802253,9.91,-1.29637
-0.794965,1.09,-0.253788
-0.794965,1.27,-0.210152
-0.794965,1.45,-0.13193
-0.794965,1.63,-0.223544
-0.794965,1.81,0.0472799
-0.794965,1.99,-0.154143
-0.794965,2.17,-0.000604937
-0.794965,2.35,-0.167865
-0.794965,2.53,-0.0559037
-0.794965,2.71,0.105729
-0.794965,2.89,0.107125
-0.794965,3.07,0.0512173
-0.794965,3.25,-0.0346492
-0.794965,3.43,-0.179
-0.794965,3.61,-0.348075
-0.794965,3.79,-0.457068
-0.794965,3.97,-0.427124
-0.794965,4.15,-0.231172
-0.794965,4.33,0.0921926
-0.794965,4.51,0.451015
-0.794965,4.69,0.753109
-0.794965,4.87,0.941276
-0.794965,5.05,1.00643
-0.794965,5.23,0.968954
-0.794965,5.41,0.857768
-0.794965,5.59,0.700041
-0.794965,5.77,0.516577
-0.794965,5.95,0.322515
-0.794965,6.13,0.127796
-0.794965,6.31,-0.0611792
-0.794965,6.49,-0.240564
-0.794965,6.67,-0.407883
-0.794965,6.85,-0.561604
-0.794965,7.03,-0.700869
-0.794965,7.21,-0.826205
-0.794965,7.39,-0.937201
-0.794965,7.57,-1.03363
-0.794965,7.75,-1.11576
-0.794965,7.93,-1.18399
-0.794965,8.11,-1.23963
-0.794965,8.29,-1.2826
-0.794965,8.47,-1.3135
-0.794965,8.65,-1.33306
-0.794965,8.83,-1.34209
-0.794965,9.01,-1.34137
-0.794965,9.19,-1.33177
-0.794965,9.37,-1.31427
-0.794965,9.55,-1.28975
-0.794965,9.73,-1.2591
-0.794965,9.91,-1.2232
-0.787677,1.09,-0.294776
-0.787677,1.27,-0.122574
-0.787677,1.45,-0.071413
-0.787677,1.63,-0.211831
-0.787677,1.81,0.0199999
-0.787677,1.99,-0.132096
-0.787677,2.17,-0.0283415
-0.787677,2.35,-0.171763
-0.787677,2.53,-0.0288964
-0.787677,2.71,0.108443
-0.787677,2.89,0.0924001
-0.787677,3.07,0.0375006
-0.787677,3.25,-0.0444613
-0.787677,3.43,-0.185316
-0.787677,3.61,-0.348642
-0.787677,3.79,-0.451109
-0.787677,3.97,-0.419422
-0.787677,4.15,-0.23107
-0.787677,4.33,0.0757104
-0.787677,4.51,0.414962
-0.787677,4.69,0.701649
-0.787677,4.87,0.882418
-0.787677,5.05,0.948344
-0.787677,5.23,0.918032
-0.787677,5.41,0.818266
-0.787677,5.59,0.674462
-0.787677,5.77,0.506237
-0.787677,5.95,0.327725
-0.787677,6.13,0.148272
-0.787677,6.31,-0.0261038
-0.787677,6.49,-0.191759
-0.787677,6.67,-0.346419
-0.787677,6.85,-0.4887
-0.787677,7.03,-0.617848
-0.787677,7.21,-0.734317
-0.787677,7.39,-0.837798
-0.787677,7.57,-0.928142
-0.787677,7.75,-1.00561
-0.787677,7.93,-1.07058
-0.787677,8.11,-1.12439
-0.787677,8.29,-1.16683
-0.787677,8.47,-1.19845
-0.787677,8.65,-1.21989
-0.787677,8.83,-1.23184
-0.787677,9.01,-1.23486
-0.787677,9.19,-1.22974
-0.787677,9.37,-1.2174
-0.787677,9.55,-1.19862
-0.787677,9.73,-1.17417
-0.787677,9.91,-1.1448
-0.780389,1.09,-0.288339
-0.780389,1.27,-0.0462688
-0.780389,1.45,-0.0218067
-0.780389,1.63,-0.180818
-0.780389,1.81,-0.00730109
-0.780389,1.99,-0.109095
-0.780389,2.17,-0.0563817
-0.780389,2.35,-0.165287
-0.780389,2.53,-0.00535858
-0.780389,2.71,0.105296
-0.780389,2.89,0.0789514
-0.780389,3.07,0.0278944
-0.780389,3.25,-0.0516466
-0.780389,3.43,-0.190034
-0.780389,3.61,-0.346632
-0.780389,3.79,-0.440808
-0.780389,3.97,-0.40632
-0.780389,4.15,-0.225795
-0.780389,4.33,0.0630418
-0.780389,4.51,0.380622
-0.780389,4.69,0.649469
-0.780389,4.87,0.820576
-0.780389,5.05,0.885556
-0.780389,5.23,0.861372
-0.780389,5.41,0.772631
-0.780389,5.59,0.642842
-0.780389,5.77,0.490268
-0.780389,5.95,0.327907
-0.780389,6.13,0.164413
-0.780389,6.31,0.0053533
-0.780389,6.49,-0.145882
-0.780389,6.67,-0.287229
-0.780389,6.85,-0.417452
-0.780389,7.03,-0.5359
-0.780389,7.21,-0.642954
-0.780389,7.39,-0.738391
-0.780389,7.57,-0.822122
-0.780389,7.75,-0.894399
-0.780389,7.93,-0.955571
-0.780389,8.11,-1.00695
-0.780389,8.29,-1.04826
-0.780389,8.47,-1.07997
-0.780389,8.65,-1.10263
-0.780389,8.83,-1.11684
-0.780389,9.01,-1.12296
-0.780389,9.19,-1.12169
-0.780389,9.37,-1.11391
-0.780389,9.55,-1.10027
-0.780389,9.73,-1.08145
-0.780389,9.91,-1.0581
-0.773101,1.09,-0.240307
-0.773101,1.27,0.00329374
-0.773101,1.45,0.0120957
-0.773101,1.63,-0.143487
-0.773101,1.81,-0.0268079
-0.773101,1.99,-0.0894217
-0.773101,2.17,-0.0838294
-0.773101,2.35,-0.153339
-0.773101,2.53,0.014134
-0.773101,2.71,0.101074
-0.773101,2.89,0.0701682
-0.773101,3.07,0.0220099
-0.773101,3.25,-0.0586627
-0.773101,3.43,-0.195505
-0.773101,3.61,-0.342714
-0.773101,3.79,-0.423813
-0.773101,3.97,-0.381298
-0.773101,4.15,-0.204413
-0.773101,4.33,0.0682497
-0.773101,4.51,0.362818
-0.773101,4.69,0.609849
-0.773101,4.87,0.765965
-0.773101,5.05,0.824624
-0.773101,5.23,0.801881
-0.773101,5.41,0.720378
-0.773101,5.59,0.601634
-0.773101,5.77,0.462382
-0.773101,5.95,0.314335
-0.773101,6.13,0.165329
-0.773101,6.31,0.0203962
-0.773101,6.49,-0.11739
-0.773101,6.67,-0.246189
-0.773101,6.85,-0.364925
-0.773101,7.03,-0.473047
-0.773101,7.21,-0.570891
-0.773101,7.39,-0.658301
-0.773101,7.57,-0.735232
-0.773101,7.75,-0.801929
-0.773101,7.93,-0.858716
-0.773101,8.11,-0.906876
-0.773101,8.29,-0.946091
-0.773101,8.47,-0.976747
-0.773101,8.65,-0.999334
-0.773101,8.83,-1.01437
-0.773101,9.01,-1.02208
-0.773101,9.19,-1.02308
-0.773101,9.37,-1.0182
-0.773101,9.55,-1.00804
-0.773101,9.73,-0.993161
-0.773101,9.91,-0.974135
-0.765813,1.09,-0.167488
-0.765813,1.27,0.0244693
-0.765813,1.45,0.0255566
-0.765813,1.63,-0.102732
-0.765813,1.81,-0.0373253
-0.765813,1.99,-0.0757137
-0.765813,2.17,-0.106012
-0.765813,2.35,-0.135403
-0.765813,2.53,0.0284188
-0.765813,2.71,0.0943058
-0.765813,2.89,0.0633071
-0.765813,3.07,0.0174801
-0.765813,3.25,-0.0656402
-0.765813,3.43,-0.20017
-0.765813,3.61,-0.336207
-0.765813,3.79,-0.403363
-0.765813,3.97,-0.353594
-0.765813,4.15,-0.182185
-0.765813,4.33,0.0724674
-0.765813,4.51,0.342827
-0.765813,4.69,0.567486
-0.765813,4.87,0.708515
-0.765813,5.05,0.761024
-0.765813,5.23,0.740048
-0.765813,5.41,0.666193
-0.765813,5.59,0.558938
-0.765813,5.77,0.433431
-0.765813,5.95,0.300084
-0.765813,6.13,0.165902
-0.765813,6.31,0.0353756
-0.765813,6.49,-0.0887464
-0.765813,6.67,-0.204838
-0.765813,6.85,-0.311971
-0.765813,7.03,-0.409684
-0.765813,7.21,-0.498263
-0.765813,7.39,-0.577602
-0.765813,7.57,-0.64769
-0.765813,7.75,-0.708755
-0.765813,7.93,-0.761089
-0.765813,8.11,-0.805924
-0.765813,8.29,-0.842897
-0.765813,8.47,-0.872336
-0.765813,8.65,-0.894662
-0.765813,8.83,-0.910319
-0.765813,9.01,-0.919401
-0.765813,9.19,-0.922438
-0.765813,9.37,-0.920239
-0.765813,9.55,-0.913301
-0.765813,9.73,-0.902119
-0.765813,9.91,-0.887177
-0.758525,1.09,-0.0945389
-0.758525,1.27,0.0239556
-0.758525,1.45,0.0209481
-0.758525,1.63,-0.0645228
-0.758525,1.81,-0.0379383
-0.758525,1.99,-0.0689756
-0.758525,2.17,-0.11945
-0.758525,2.35,-0.113423
-0.758525,2.53,0.0368609
-0.758525,2.71,0.0856331
-0.758525,2.89,0.0575999
-0.758525,3.07,0.01289
-0.758525,3.25,-0.0730665
-0.758525,3.43,-0.203336
-0.758525,3.61,-0.326098
-0.758525,3.79,-0.379088
-0.758525,3.97,-0.323954
-0.758525,4.15,-0.160903
-0.758525,4.33,0.0732664
-0.758525,4.51,0.318102
-0.758525,4.69,0.520148
-0.758525,4.87,0.646576
-0.758525,5.05,0.693777
-0.758525,5.23,0.675525
-0.758525,5.41,0.61027
-0.758525,5.59,0.515381
-0.758525,5.77,0.404385
-0.758525,5.95,0.286395
-0.758525,6.13,0.167585
-0.758525,6.31,0.051912
-0.758525,6.49,-0.0581965
-0.758525,6.67,-0.161313
-0.758525,6.85,-0.256642
-0.758525,7.03,-0.343794
-0.758525,7.21,-0.423
-0.758525,7.39,-0.494191
-0.758525,7.57,-0.557374
-0.758525,7.75,-0.61275
-0.758525,7.93,-0.660575
-0.758525,8.11,-0.701997
-0.758525,8.29,-0.736629
-0.758525,8.47,-0.764738
-0.758525,8.65,-0.786677
-0.758525,8.83,-0.802816
-0.758525,9.01,-0.813139
-0.758525,9.19,-0.818099
-0.758525,9.37,-0.818451
-0.758525,9.55,-0.814611
-0.758525,9.73,-0.806993
-0.758525,9.91,-0.796007
-0.751237,1.09,-0.0408463
-0.751237,1.27,0.0121215
-0.751237,1.45,0.00746797
-0.751237,1.63,-0.0345046
-0.751237,1.81,-0.02985
-0.751237,1.99,-0.0670841
-0.751237,2.17,-0.122418
-0.751237,2.35,-0.0907497
-0.751237,2.53,0.0396246
-0.751237,2.71,0.0762908
-0.751237,2.89,0.0525906
-0.751237,3.07,0.00755336
-0.751237,3.25,-0.0801946
-0.751237,3.43,-0.202793
-0.751237,3.61,-0.30958
-0.751237,3.79,-0.348227
-0.751237,3.97,-0.289846
-0.751237,4.15,-0.138326
-0.751237,4.33,0.0723678
-0.751237,4.51,0.289518
-0.751237,4.69,0.467666
-0.751237,4.87,0.578973
-0.751237,5.05,0.620899
-0.751237,5.23,0.605751
-0.751237,5.41,0.549672
-0.751237,5.59,0.467795
-0.751237,5.77,0.371942
-0.751237,5.95,0.269905
-0.751237,6.13,0.167006
-0.751237,6.31,0.0666666
-0.751237,6.49,-0.0290121
-0.751237,6.67,-0.118788
-0.751237,6.85,-0.201985
-0.751237,7.03,-0.278274
-0.751237,7.21,-0.347825
-0.751237,7.39,-0.41059
-0.751237,7.57,-0.466588
-0.751237,7.75,-0.515985
-0.751237,7.93,-0.558994
-0.751237,8.11,-0.596653
-0.751237,8.29,-0.628572
-0.751237,8.47,-0.654959
-0.751237,8.65,-0.676099
-0.751237,8.83,-0.692295
-0.751237,9.01,-0.703444
-0.751237,9.19,-0.709925
-0.751237,9.37,-0.712424
-0.751237,9.55,-0.711281
-0.751237,9.73,-0.706838
-0.751237,9.91,-0.69943
-0.743949,1.09,-0.00752804
-0.743949,1.27,0.00366135
-0.743949,1.45,-0.0104788
-0.743949,1.63,-0.0145247
-0.743949,1.81,-0.0155388
-0.743949,1.99,-0.0688223
-0.743949,2.17,-0.118702
-0.743949,2.35,-0.0709588
-0.743949,2.53,0.0400033
-0.743949,2.71,0.0691589
-0.743949,2.89,0.0482286
-0.743949,3.07,0.000912176
-0.743949,3.25,-0.0864949
-0.743949,3.43,-0.197079
-0.743949,3.61,-0.284399
-0.743949,3.79,-0.306986
-0.743949,3.97,-0.244921
-0.743949,4.15,-0.105346
-0.743949,4.33,0.0806206
-0.743949,4.51,0.267862
-0.743949,4.69,0.418939
-0.743949,4.87,0.511671
-0.743949,5.05,0.54511
-0.743949,5.23,0.530332
-0.743949,5.41,0.481203
-0.743949,5.59,0.410545
-0.743949,5.77,0.328343
-0.743949,5.95,0.241042
-0.743949,6.13,0.153071
-0.743949,6.31,0.0672808
-0.743949,6.49,-0.0145821
-0.743949,6.67,-0.0914856
-0.743949,6.85,-0.162869
-0.743949,7.03,-0.228463
-0.743949,7.21,-0.288422
-0.743949,7.39,-0.342705
-0.743949,7.57,-0.391322
-0.743949,7.75,-0.434406
-0.743949,7.93,-0.472131
-0.743949,8.11,-0.505381
-0.743949,8.29,-0.533808
-0.743949,8.47,-0.557577
-0.743949,8.65,-0.576923
-0.743949,8.83,-0.592087
-0.743949,9.01,-0.602924
-0.743949,9.19,-0.609746
-0.743949,9.37,-0.613169
-0.743949,9.55,-0.613475
-0.743949,9.73,-0.610944
-0.743949,9.91,-0.605852
-0.736661,1.09,0.00473038
-0.736661,1.27,0.00514066
-0.736661,1.45,-0.0278203
-0.736661,1.63,-0.00154092
-0.736661,1.81,-0.00110668
-0.736661,1.99,-0.0704282
-0.736661,2.17,-0.105178
-0.736661,2.35,-0.0520765
-0.736661,2.53,0.037198
-0.736661,2.71,0.0607093
-0.736661,2.89,0.0414963
-0.736661,3.07,-0.00736958
-0.736661,3.25,-0.0902481
-0.736661,3.43,-0.184564
-0.736661,3.61,-0.251108
-0.736661,3.79,-0.259543
-0.736661,3.97,-0.197606
-0.736661,4.15,-0.0740926
-0.736661,4.33,0.0839494
-0.736661,4.51,0.239513
-0.736661,4.69,0.36298
-0.736661,4.87,0.437436
-0.736661,5.05,0.463084
-0.736661,5.23,0.449474
-0.736661,5.41,0.408062
-0.736661,5.59,0.3493
-0.736661,5.77,0.281314
-0.736661,5.95,0.209233
-0.736661,6.13,0.136612
-0.736661,6.31,0.0657463
-0.736661,6.49,-0.00196049
-0.736661,6.67,-0.0656765
-0.736661,6.85,-0.124947
-0.736661,7.03,-0.179551
-0.736661,7.21,-0.229625
-0.736661,7.39,-0.275131
-0.736661,7.57,-0.31606
-0.736661,7.75,-0.352517
-0.736661,7.93,-0.384633
-0.736661,8.11,-0.413124
-0.736661,8.29,-0.437695
-0.736661,8.47,-0.458475
-0.736661,8.65,-0.475642
-0.736661,8.83,-0.489388
-0.736661,9.01,-0.499538
-0.736661,9.19,-0.506344
-0.736661,9.37,-0.510339
-0.736661,9.55,-0.511747
-0.736661,9.73,-0.510789
-0.736661,9.91,-0.507688
-0.729373,1.09,-0.00026463
-0.729373,1.27,0.0167397
-0.729373,1.45,-0.0386003
-0.729373,1.63,0.00624577
-0.729373,1.81,0.00762179
-0.729373,1.99,-0.067475
-0.729373,2.17,-0.0821915
-0.729373,2.35,-0.0345032
-0.729373,2.53,0.0314202
-0.729373,2.71,0.0496796
-0.729373,2.89,0.0314736
-0.729373,3.07,-0.016168
-0.729373,3.25,-0.0888591
-0.729373,3.43,-0.162777
-0.729373,3.61,-0.208328
-0.729373,3.79,-0.205743
-0.729373,3.97,-0.148745
-0.729373,4.15,-0.046143
-0.729373,4.33,0.0802611
-0.729373,4.51,0.202044
-0.729373,4.69,0.297227
-0.729373,4.87,0.35371
-0.729373,5.05,0.372361
-0.729373,5.23,0.360879
-0.729373,5.41,0.328151
-0.729373,5.59,0.282194
-0.729373,5.77,0.229238
-0.729373,5.95,0.173128
-0.729373,6.13,0.116555
-0.729373,6.31,0.0612698
-0.729373,6.49,0.00834255
-0.729373,6.67,-0.0415867
-0.729373,6.85,-0.0881635
-0.729373,7.03,-0.13121
-0.729373,7.21,-0.170835
-0.729373,7.39,-0.206999
-0.729373,7.57,-0.239684
-0.729373,7.75,-0.26896
-0.729373,7.93,-0.294918
-0.729373,8.11,-0.318103
-0.729373,8.29,-0.338279
-0.729373,8.47,-0.355536
-0.729373,8.65,-0.370003
-0.729373,8.83,-0.381821
-0.729373,9.01,-0.39081
-0.729373,9.19,-0.397161
-0.729373,9.37,-0.401309
-0.729373,9.55,-0.403421
-0.729373,9.73,-0.403665
-0.729373,9.91,-0.402206
-0.722085,1.09,-0.0108786
-0.722085,1.27,0.0266956
-0.722085,1.45,-0.0342672
-0.722085,1.63,0.00823268
-0.722085,1.81,0.00638291
-0.722085,1.99,-0.0547903
-0.722085,2.17,-0.0506693
-0.722085,2.35,-0.0189522
-0.722085,2.53,0.0218486
-0.722085,2.71,0.0344167
-0.722085,2.89,0.0182014
-0.722085,3.07,-0.0224694
-0.722085,3.25,-0.0775671
-0.722085,3.43,-0.127196
-0.722085,3.61,-0.153021
-0.722085,3.79,-0.144585
-0.722085,3.97,-0.0996101
-0.722085,4.15,-0.025032
-0.722085,4.33,0.0640862
-0.722085,4.51,0.148658
-0.722085,4.69,0.21424
-0.722085,4.87,0.253043
-0.722085,5.05,0.26595
-0.722085,5.23,0.258312
-0.722085,5.41,0.23617
-0.722085,5.59,0.20495
-0.722085,5.77,0.168897
-0.722085,5.95,0.130565
-0.722085,6.13,0.0917775
-0.722085,6.31,0.0537312
-0.722085,6.49,0.017164
-0.722085,6.67,-0.0174753
-0.722085,6.85,-0.0499316
-0.722085,7.03,-0.0800703
-0.722085,7.21,-0.107955
-0.722085,7.39,-0.133551
-0.722085,7.57,-0.156834
-0.722085,7.75,-0.177838
-0.722085,7.93,-0.196616
-0.722085,8.11,-0.213527
-0.722085,8.29,-0.228405
-0.722085,8.47,-0.241303
-0.722085,8.65,-0.252301
-0.722085,8.83,-0.261486
-0.722085,9.01,-0.268705
-0.722085,9.19,-0.274082
-0.722085,9.37,-0.277928
-0.722085,9.55,-0.280352
-0.722085,9.73,-0.281465
-0.722085,9.91,-0.281375
-0.714797,1.09,-0.0110085
-0.714797,1.27,0.0170671
-0.714797,1.45,-0.0161519
-0.714797,1.63,0.00446789
-0.714797,1.81,-0.00136967
-0.714797,1.99,-0.0280558
-0.714797,2.17,-0.0180942
-0.714797,2.35,-0.00645918
-0.714797,2.53,0.00963241
-0.714797,2.71,0.0150495
-0.714797,2.89,0.00494524
-0.714797,3.07,-0.0180671
-0.714797,3.25,-0.0456353
-0.714797,3.43,-0.0672154
-0.714797,3.61,-0.0755154
-0.714797,3.79,-0.0672019
-0.714797,3.97,-0.0422858
-0.714797,4.15,-0.00465748
-0.714797,4.33,0.0383531
-0.714797,4.51,0.0779797
-0.714797,4.69,0.107948
-0.714797,4.87,0.125098
-0.714797,5.05,0.130178
-0.714797,5.23,0.125827
-0.714797,5.41,0.114868
-0.714797,5.59,0.0997961
-0.714797,5.77,0.0825586
-0.714797,5.95,0.064291
-0.714797,6.13,0.0458169
-0.714797,6.31,0.0276821
-0.714797,6.49,0.0102244
-0.714797,6.67,-0.00634798
-0.714797,6.85,-0.0219145
-0.714797,7.03,-0.0364095
-0.714797,7.21,-0.0498637
-0.714797,7.39,-0.0622575
-0.714797,7.57,-0.0735738
-0.714797,7.75,-0.0838253
-0.714797,7.93,-0.0930325
-0.714797,8.11,-0.101363
-0.714797,8.29,-0.108736
-0.714797,8.47,-0.115172
-0.714797,8.65,-0.120706
-0.714797,8.83,-0.125378
-0.714797,9.01,-0.129099
-0.714797,9.19,-0.131928
-0.714797,9.37,-0.134022
-0.714797,9.55,-0.135431
-0.714797,9.73,-0.136206
-0.714797,9.91,-0.136399
-0.707509,1.09,0
-0.707509,1.27,0
-0.707509,1.45,0
-0.707509,1.63,0
-0.707509,1.81,0
-0.707509,1.99,0
-0.707509,2.17,0
-0.707509,2.35,0
-0.707509,2.53,0
-0.707509,2.71,0
-0.707509,2.89,0
-0.707509,3.07,0
-0.707509,3.25,0
-0.707509,3.43,0
-0.707509,3.61,0
-0.707509,3.79,0
-0.707509,3.97,0
-0.707509,4.15,0
-0.707509,4.33,0
-0.707509,4.51,0
-0.707509,4.69,0
-0.707509,4.87,0
-0.707509,5.05,0
-0.707509,5.23,0
-0.707509,5.41,0
-0.707509,5.59,0
-0.707509,5.77,0
-0.707509,5.95,0
-0.707509,6.13,0
-0.707509,6.31,0
-0.707509,6.49,0
-0.707509,6.67,0
-0.707509,6.85,0
-0.707509,7.03,0
-0.707509,7.21,0
-0.707509,7.39,0
-0.707509,7.57,0
-0.707509,7.75,0
-0.707509,7.93,0
-0.707509,8.11,0
-0.707509,8.29,0
-0.707509,8.47,0
-0.707509,8.65,0
-0.707509,8.83,0
-0.707509,9.01,0
-0.707509,9.19,0
-0.707509,9.37,0
-0.707509,9.55,0
-0.707509,9.73,0
-0.707509,9.91,0
-0.700221,1.09,0
-0.700221,1.27,0
-0.700221,1.45,0
-0.700221,1.63,0
-0.700221,1.81,0
-0.700221,1.99,0
-0.700221,2.17,0
-0.700221,2.35,0
-0.700221,2.53,0
-0.700221,2.71,0
-0.700221,2.89,0
-0.700221,3.07,0
-0.700221,3.25,0
-0.700221,3.43,0
-0.700221,3.61,0
-0.700221,3.79,0
-0.700221,3.97,0
-0.700221,4.15,0
-0.700221,4.33,0
-0.700221,4.51,0
-0.700221,4.69,0
-0.700221,4.87,0
-0.700221,5.05,0
-0.700221,5.23,0
-0.700221,5.41,0
-0.700221,5.59,0
-0.700221,5.77,0
-0.700221,5.95,0
-0.700221,6.13,0
-0.700221,6.31,0
-0.700221,6.49,0
-0.700221,6.67,0
-0.700221,6.85,0
-0.700221,7.03,0
-0.700221,7.21,0
-0.700221,7.39,0
-0.700221,7.57,0
-0.700221,7.75,0
-0.700221,7.93,0
-0.700221,8.11,0
-0.700221,8.29,0
-0.700221,8.47,0
-0.700221,8.65,0
-0.700221,8.83,0
-0.700221,9.01,0
-0.700221,9.19,0
-0.700221,9.37,0
-0.700221,9.55,0
-0.700221,9.73,0
-0.700221,9.91,0
-0.692933,1.09,0
-0.692933,1.27,0
-0.692933,1.45,0
-0.692933,1.63,0
-0.692933,1.81,0
-0.692933,1.99,0
-0.692933,2.17,0
-0.692933,2.35,0
-0.692933,2.53,0
-0.692933,2.71,0
-0.692933,2.89,0
-0.692933,3.07,0
-0.692933,3.25,0
-0.692933,3.43,0
-0.692933,3.61,0
-0.692933,3.79,0
-0.692933,3.97,0
-0.692933,4.15,0
-0.692933,4.33,0
-0.692933,4.51,0
-0.692933,4.69,0
-0.692933,4.87,0
-0.692933,5.05,0
-0.692933,5.23,0
-0.692933,5.41,0
-0.692933,5.59,0
-0.692933,5.77,0
-0.692933,5.95,0
-0.692933,6.13,0
-0.692933,6.31,0
-0.692933,6.49,0
-0.692933,6.67,0
-0.692933,6.85,0
-0.692933,7.03,0
-0.692933,7.21,0
-0.692933,7.39,0
-0.692933,7.57,0
-0.692933,7.75,0
-0.692933,7.93,0
-0.692933,8.11,0
-0.692933,8.29,0
-0.692933,8.47,0
-0.692933,8.65,0
-0.692933,8.83,0
-0.692933,9.01,0
-0.692933,9.19,0
-0.692933,9.37,0
-0.692933,9.55,0
-0.692933,9.73,0
-0.692933,9.91,0
-0.685645,1.09,0
-0.685645,1.27,0
-0.685645,1.45,0
-0.685645,1.63,0
-0.685645,1.81,0
-0.685645,1.99,0
-0.685645,2.17,0
-0.685645,2.35,0
-0.685645,2.53,0
-0.685645,2.71,0
-0.685645,2.89,0
-0.685645,3.07,0
-0.685645,3.25,0
-0.685645,3.43,0
-0.685645,3.61,0
-0.685645,3.79,0
-0.685645,3.97,0
-0.685645,4.15,0
-0.685645,4.33,0
-0.685645,4.51,0
-0.685645,4.69,0
-0.685645,4.87,0
-0.685645,5.05,0
-0.685645,5.23,0
-0.685645,5.41,0
-0.685645,5.59,0
-0.685645,5.77,0
-0.685645,5.95,0
-0.685645,6.13,0
-0.685645,6.31,0
-0.685645,6.49,0
-0.685645,6.67,0
-0.685645,6.85,0
-0.685645,7.03,0
-0.685645,7.21,0
-0.685645,7.39,0
-0.685645,7.57,0
-0.685645,7.75,0
-0.685645,7.93,0
-0.685645,8.11,0
-0.685645,8.29,0
-0.685645,8.47,0
-0.685645,8.65,0
-0.685645,8.83,0
-0.685645,9.01,0
-0.685645,9.19,0
-0.685645,9.37,0
-0.685645,9.55,0
-0.685645,9.73,0
-0.685645,9.91,0
-0.678356,1.09,0
-0.678356,1.27,0
-0.678356,1.45,0
-0.678356,1.63,0
-0.678356,1.81,0
-0.678356,1.99,0
-0.678356,2.17,0
-0.678356,2.35,0
-0.678356,2.53,0
-0.678356,2.71,0
-0.678356,2.89,0
-0.678356,3.07,0
-0.678356,3.25,0
-0.678356,3.43,0
-0.678356,3.61,0
-0.678356,3.79,0
-0.678356,3.97,0
-0.678356,4.15,0
-0.678356,4.33,0
-0.678356,4.51,0
-0.678356,4.69,0
-0.678356,4.87,0
-0.678356,5.05,0
-0.678356,5.23,0
-0.678356,5.41,0
-0.678356,5.59,0
-0.678356,5.77,0
-0.678356,5.95,0
-0.678356,6.13,0
-0.678356,6.31,0
-0.678356,6.49,0
-0.678356,6.67,0
-0.678356,6.85,0
-0.678356,7.03,0
-0.678356,7.21,0
-0.678356,7.39,0
-0.678356,7.57,0
-0.678356,7.75,0
-0.678356,7.93,0
-0.678356,8.11,0
-0.678356,8.29,0
-0.678356,8.47,0
-0.678356,8.65,0
-0.678356,8.83,0
-0.678356,9.01,0
-0.678356,9.19,0
-0.678356,9.37,0
-0.678356,9.55,0
-0.678356,9.73,0
-0.678356,9.91,0
-0.671068,1.09,0
-0.671068,1.27,0
-0.671068,1.45,0
-0.671068,1.63,0
-0.671068,1.81,0
-0.671068,1.99,0
-0.671068,2.17,0
-0.671068,2.35,0
-0.671068,2.53,0
-0.671068,2.71,0
-0.671068,2.89,0
-0.671068,3.07,0
-0.671068,3.25,0
-0.671068,3.43,0
-0.671068,3.61,0
-0.671068,3.79,0
-0.671068,3.97,0
-0.671068,4.15,0
-0.671068,4.33,0
-0.671068,4.51,0
-0.671068,4.69,0
-0.671068,4.87,0
-0.671068,5.05,0
-0.671068,5.23,0
-0.671068,5.41,0
-0.671068,5.59,0
-0.671068,5.77,0
-0.671068,5.95,0
-0.671068,6.13,0
-0.671068,6.31,0
-0.671068,6.49,0
-0.671068,6.67,0
-0.671068,6.85,0
-0.671068,7.03,0
-0.671068,7.21,0
-0.671068,7.39,0
-0.671068,7.57,0
-0.671068,7.75,0
-0.671068,7.93,0
-0.671068,8.11,0
-0.671068,8.29,0
-0.671068,8.47,0
-0.671068,8.65,0
-0.671068,8.83,0
-0.671068,9.01,0
-0.671068,9.19,0
-0.671068,9.37,0
-0.671068,9.55,0
-0.671068,9.73,0
-0.671068,9.91,0
-0.66378,1.09,0
-0.66378,1.27,0
-0.66378,1.45,0
-0.66378,1.63,0
-0.66378,1.81,0
-0.66378,1.99,0
-0.66378,2.17,0
-0.66378,2.35,0
-0.66378,2.53,0
-0.66378,2.71,0
-0.66378,2.89,0
-0.66378,3.07,0
-0.66378,3.25,0
-0.66378,3.43,0
-0.66378,3.61,0
-0.66378,3.79,0
-0.66378,3.97,0
-0.66378,4.15,0
-0.66378,4.33,0
-0.66378,4.51,0
-0.66378,4.69,0
-0.66378,4.87,0
-0.66378,5.05,0
-0.66378,5.23,0
-0.66378,5.41,0
-0.66378,5.59,0
-0.66378,5.77,0
-0.66378,5.95,0
-0.66378,6.13,0
-0.66378,6.31,0
-0.66378,6.49,0
-0.66378,6.67,0
-0.66378,6.85,0
-0.66378,7.03,0
-0.66378,7.21,0
-0.66378,7.39,0
-0.66378,7.57,0
-0.66378,7.75,0
-0.66378,7.93,0
-0.66378,8.11,0
-0.66378,8.29,0
-0.66378,8.47,0
-0.66378,8.65,0
-0.66378,8.83,0
-0.66378,9.01,0
-0.66378,9.19,0
-0.66378,9.37,0
-0.66378,9.55,0
-0.66378,9.73,0
-0.66378,9.91,0
-0.656492,1.09,0
-0.656492,1.27,0
-0.656492,1.45,0
-0.656492,1.63,0
-0.656492,1.81,0
-0.656492,1.99,0
-0.656492,2.17,0
-0.656492,2.35,0
-0.656492,2.53,0
-0.656492,2.71,0
-0.656492,2.89,0
-0.656492,3.07,0
-0.656492,3.25,0
-0.656492,3.43,0
-0.656492,3.61,0
-0.656492,3.79,0
-0.656492,3.97,0
-0.656492,4.15,0
-0.656492,4.33,0
-0.656492,4.51,0
-0.656492,4.69,0
-0.656492,4.87,0
-0.656492,5.05,0
-0.656492,5.23,0
-0.656492,5.41,0
-0.656492,5.59,0
-0.656492,5.77,0
-0.656492,5.95,0
-0.656492,6.13,0
-0.656492,6.31,0
-0.656492,6.49,0
-0.656492,6.67,0
-0.656492,6.85,0
-0.656492,7.03,0
-0.656492,7.21,0
-0.656492,7.39,0
-0.656492,7.57,0
-0.656492,7.75,0
-0.656492,7.93,0
-0.656492,8.11,0
-0.656492,8.29,0
-0.656492,8.47,0
-0.656492,8.65,0
-0.656492,8.83,0
-0.656492,9.01,0
-0.656492,9.19,0
-0.656492,9.37,0
-0.656492,9.55,0
-0.656492,9.73,0
-0.656492,9.91,0
-0.649204,1.09,0
-0.649204,1.27,0
-0.649204,1.45,0
-0.649204,1.63,0
-0.649204,1.81,0
-0.649204,1.99,0
-0.649204,2.17,0
-0.649204,2.35,0
-0.649204,2.53,0
-0.649204,2.71,0
-0.649204,2.89,0
-0.649204,3.07,0
-0.649204,3.25,0
-0.649204,3.43,0
-0.649204,3.61,0
-0.649204,3.79,0
-0.649204,3.97,0
-0.649204,4.15,0
-0.649204,4.33,0
-0.649204,4.51,0
-0.649204,4.69,0
-0.649204,4.87,0
-0.649204,5.05,0
-0.649204,5.23,0
-0.649204,5.41,0
-0.649204,5.59,0
-0.649204,5.77,0
-0.649204,5.95,0
-0.649204,6.13,0
-0.649204,6.31,0
-0.649204,6.49,0
-0.649204,6.67,0
-0.649204,6.85,0
-0.649204,7.03,0
-0.649204,7.21,0
-0.649204,7.39,0
-0.649204,7.57,0
-0.649204,7.75,0
-0.649204,7.93,0
-0.649204,8.11,0
-0.649204,8.29,0
-0.649204,8.47,0
-0.649204,8.65,0
-0.649204,8.83,0
-0.649204,9.01,0
-0.649204,9.19,0
-0.649204,9.37,0
-0.649204,9.55,0
-0.649204,9.73,0
-0.649204,9.91,0
-0.641916,1.09,0
-0.641916,1.27,0
-0.641916,1.45,0
-0.641916,1.63,0
-0.641916,1.81,0
-0.641916,1.99,0
-0.641916,2.17,0
-0.641916,2.35,0
-0.641916,2.53,0
-0.641916,2.71,0
-0.641916,2.89,0
-0.641916,3.07,0
-0.641916,3.25,0
-0.641916,3.43,0
-0.641916,3.61,0
-0.641916,3.79,0
-0.641916,3.97,0
-0.641916,4.15,0
-0.641916,4.33,0
-0.641916,4.51,0
-0.641916,4.69,0
-0.641916,4.87,0
-0.641916,5.05,0
-0.641916,5.23,0
-0.641916,5.41,0
-0.641916,5.59,0
-0.641916,5.77,0
-0.641916,5.95,0
-0.641916,6.13,0
-0.641916,6.31,0
-0.641916,6.49,0
-0.641916,6.67,0
-0.641916,6.85,0
-0.641916,7.03,0
-0.641916,7.21,0
-0.641916,7.39,0
-0.641916,7.57,0
-0.641916,7.75,0
-0.641916,7.93,0
-0.641916,8.11,0
-0.641916,8.29,0
-0.641916,8.47,0
-0.641916,8.65,0
-0.641916,8.83,0
-0.641916,9.01,0
-0.641916,9.19,0
-0.641916,9.37,0
-0.641916,9.55,0
-0.641916,9.73,0
-0.641916,9.91,0
-0.634628,1.09,0
-0.634628,1.27,0
-0.634628,1.45,0
-0.634628,1.63,0
-0.634628,1.81,0
-0.634628,1.99,0
-0.634628,2.17,0
-0.634628,2.35,0
-0.634628,2.53,0
-0.634628,2.71,0
-0.634628,2.89,0
-0.634628,3.07,0
-0.634628,3.25,0
-0.634628,3.43,0
-0.634628,3.61,0
-0.634628,3.79,0
-0.634628,3.97,0
-0.634628,4.15,0
-0.634628,4.33,0
-0.634628,4.51,0
-0.634628,4.69,0
-0.634628,4.87,0
-0.634628,5.05,0
-0.634628,5.23,0
-0.634628,5.41,0
-0.634628,5.59,0
-0.634628,5.77,0
-0.634628,5.95,0
-0.634628,6.13,0
-0.634628,6.31,0
-0.634628,6.49,0
-0.634628,6.67,0
-0.634628,6.85,0
-0.634628,7.03,0
-0.634628,7.21,0
-0.634628,7.39,0
-0.634628,7.57,0
-0.634628,7.75,0
-0.634628,7.93,0
-0.634628,8.11,0
-0.634628,8.29,0
-0.634628,8.47,0
-0.634628,8.65,0
-0.634628,8.83,0
-0.634628,9.01,0
-0.634628,9.19,0
-0.634628,9.37,0
-0.634628,9.55,0
-0.634628,9.73,0
-0.634628,9.91,0
-0.62734,1.09,0
-0.62734,1.27,0
-0.62734,1.45,0
-0.62734,1.63,0
-0.62734,1.81,0
-0.62734,1.99,0
-0.62734,2.17,0
-0.62734,2.35,0
-0.62734,2.53,0
-0.62734,2.71,0
-0.62734,2.89,0
-0.62734,3.07,0
-0.62734,3.25,0
-0.62734,3.43,0
-0.62734,3.61,0
-0.62734,3.79,0
-0.62734,3.97,0
-0.62734,4.15,0
-0.62734,4.33,0
-0.62734,4.51,0
-0.62734,4.69,0
-0.62734,4.87,0
-0.62734,5.05,0
-0.62734,5.23,0
-0.62734,5.41,0
-0.62734,5.59,0
-0.62734,5.77,0
-0.62734,5.95,0
-0.62734,6.13,0
-0.62734,6.31,0
-0.62734,6.49,0
-0.62734,6.67,0
-0.62734,6.85,0
-0.62734,7.03,0
-0.62734,7.21,0
-0.62734,7.39,0
-0.62734,7.57,0
-0.62734,7.75,0
-0.62734,7.93,0
-0.62734,8.11,0
-0.62734,8.29,0
-0.62734,8.47,0
-0.62734,8.65,0
-0.62734,8.83,0
-0.62734,9.01,0
-0.62734,9.19,0
-0.62734,9.37,0
-0.62734,9.55,0
-0.62734,9.73,0
-0.62734,9.91,0
