-0.984455,1.09,0
-0.984455,1.27,0
-0.984455,1.45,0
-0.984455,1.63,0
-0.984455,1.81,0
-0.984455,1.99,0
-0.984455,2.17,0
-0.984455,2.35,0
-0.984455,2.53,0
-0.984455,2.71,0
-0.984455,2.89,0
-0.984455,3.07,0
-0.984455,3.25,0
-0.984455,3.43,0
-0.984455,3.61,0
-0.984455,3.79,0
-0.984455,3.97,0
-0.984455,4.15,0
-0.984455,4.33,0
-0.984455,4.51,0
-0.984455,4.69,0
-0.984455,4.87,0
-0.984455,5.05,0
-0.984455,5.23,0
-0.984455,5.41,0
-0.984455,5.59,0
-0.984455,5.77,0
-0.984455,5.95,0
-0.984455,6.13,0
-0.984455,6.31,0
-0.984455,6.49,0
-0.984455,6.67,0
-0.984455,6.85,0
-0.984455,7.03,0
-0.984455,7.21,0
-0.984455,7.39,0
-0.984455,7.57,0
-0.984455,7.75,0
-0.984455,7.93,0
-0.984455,8.11,0
-0.984455,8.29,0
-0.984455,8.47,0
-0.984455,8.65,0
-0.984455,8.83,0
-0.984455,9.01,0
-0.984455,9.19,0
-0.984455,9.37,0
-0.984455,9.55,0
-0.984455,9.73,0
-0.984455,9.91,0
-0.977166,1.09,0
-0.977166,1.27,0
-0.977166,1.45,0
-0.977166,1.63,0
-0.977166,1.81,0
-0.977166,1.99,0
-0.977166,2.17,0
-0.977166,2.35,0
-0.977166,2.53,0
-0.977166,2.71,0
-0.977166,2.89,0
-0.977166,3.07,0
-0.977166,3.25,0
-0.977166,3.43,0
-0.977166,3.61,0
-0.977166,3.79,0
-0.977166,3.97,0
-0.977166,4.15,0
-0.977166,4.33,0
-0.977166,4.51,0
-0.977166,4.69,0
-0.977166,4.87,0
-0.977166,5.05,0
-0.977166,5.23,0
-0.977166,5.41,0
-0.977166,5.59,0
-0.977166,5.77,0
-0.977166,5.95,0
-0.977166,6.13,0
-0.977166,6.31,0
-0.977166,6.49,0
-0.977166,6.67,0
-0.977166,6.85,0
-0.977166,7.03,0
-0.977166,7.21,0
-0.977166,7.39,0
-0.977166,7.57,0
-0.977166,7.75,0
-0.977166,7.93,0
-0.977166,8.11,0
-0.977166,8.29,0
-0.977166,8.47,0
-0.977166,8.65,0
-0.977166,8.83,0
-0.977166,9.01,0
-0.977166,9.19,0
-0.977166,9.37,0
-0.977166,9.55,0
-0.977166,9.73,0
-0.977166,9.91,0
-0.969878,1.09,0
-0.969878,1.27,0
-0.969878,1.45,0
-0.969878,1.63,0
-0.969878,1.81,0
-0.969878,1.99,0
-0.969878,2.17,0
-0.969878,2.35,0
-0.969878,2.53,0
-0.969878,2.71,0
-0.969878,2.89,0
-0.969878,3.07,0
-0.969878,3.25,0
-0.969878,3.43,0
-0.969878,3.61,0
-0.969878,3.79,0
-0.969878,3.97,0
-0.969878,4.15,0
-0.969878,4.33,0
-0.969878,4.51,0
-0.969878,4.69,0
-0.969878,4.87,0
-0.969878,5.05,0
-0.969878,5.23,0
-0.969878,5.41,0
-0.969878,5.59,0
-0.969878,5.77,0
-0.969878,5.95,0
-0.969878,6.13,0
-0.969878,6.31,0
-0.969878,6.49,0
-0.969878,6.67,0
-0.969878,6.85,0
-0.969878,7.03,0
-0.969878,7.21,0
-0.969878,7.39,0
-0.969878,7.57,0
-0.969878,7.75,0
-0.969878,7.93,0
-0.969878,8.11,0
-0.969878,8.29,0
-0.969878,8.47,0
-0.969878,8.65,0
-0.969878,8.83,0
-0.969878,9.01,0
-0.969878,9.19,0
-0.969878,9.37,0
-0.969878,9.55,0
-0.969878,9.73,0
-0.969878,9.91,0
-0.96259,1.09,0
-0.96259,1.27,0
-0.96259,1.45,0
-0.96259,1.63,0
-0.96259,1.81,0
-0.96259,1.99,0
-0.96259,2.17,0
-0.96259,2.35,0
-0.96259,2.53,0
-0.96259,2.71,0
-0.96259,2.89,0
-0.96259,3.07,0
-0.96259,3.25,0
-0.96259,3.43,0
-0.96259,3.61,0
-0.96259,3.79,0
-0.96259,3.97,0
-0.96259,4.15,0
-0.96259,4.33,0
-0.96259,4.51,0
-0.96259,4.69,0
-0.96259,4.87,0
-0.96259,5.05,0
-0.96259,5.23,0
-0.96259,5.41,0
-0.96259,5.59,0
-0.96259,5.77,0
-0.96259,5.95,0
-0.96259,6.13,0
-0.96259,6.31,0
-0.96259,6.49,0
-0.96259,6.67,0
-0.96259,6.85,0
-0.96259,7.03,0
-0.96259,7.21,0
-0.96259,7.39,0
-0.96259,7.57,0
-0.96259,7.75,0
-0.96259,7.93,0
-0.96259,8.11,0
-0.96259,8.29,0
-0.96259,8.47,0
-0.96259,8.65,0
-0.96259,8.83,0
-0.96259,9.01,0
-0.96259,9.19,0
-0.96259,9.37,0
-0.96259,9.55,0
-0.96259,9.73,0
-0.96259,9.91,0
-0.955302,1.09,0
-0.955302,1.27,0
-0.955302,1.45,0
-0.955302,1.63,0
-0.955302,1.81,0
-0.955302,1.99,0
-0.955302,2.17,0
-0.955302,2.35,0
-0.955302,2.53,0
-0.955302,2.71,0
-0.955302,2.89,0
-0.955302,3.07,0
-0.955302,3.25,0
-0.955302,3.43,0
-0.955302,3.61,0
-0.955302,3.79,0
-0.955302,3.97,0
-0.955302,4.15,0
-0.955302,4.33,0
-0.955302,4.51,0
-0.955302,4.69,0
-0.955302,4.87,0
-0.955302,5.05,0
-0.955302,5.23,0
-0.955302,5.41,0
-0.955302,5.59,0
-0.955302,5.77,0
-0.955302,5.95,0
-0.955302,6.13,0
-0.955302,6.31,0
-0.955302,6.49,0
-0.955302,6.67,0
-0.955302,6.85,0
-0.955302,7.03,0
-0.955302,7.21,0
-0.955302,7.39,0
-0.955302,7.57,0
-0.955302,7.75,0
-0.955302,7.93,0
-0.955302,8.11,0
-0.955302,8.29,0
-0.955302,8.47,0
-0.955302,8.65,0
-0.955302,8.83,0
-0.955302,9.01,0
-0.955302,9.19,0
-0.955302,9.37,0
-0.955302,9.55,0
-0.955302,9.73,0
-0.955302,9.91,0
-0.948014,1.09,-0.0325186
-0.948014,1.27,0.00102422
-0.948014,1.45,0.0380182
-0.948014,1.63,0.00141818
-0.948014,1.81,-0.0377107
-0.948014,1.99,-0.0136367
-0.948014,2.17,0.0216376
-0.948014,2.35,-0.0426559
-0.948014,2.53,-0.030124
-0.948014,2.71,-0.0206321
-0.948014,2.89,-0.0327645
-0.948014,3.07,-0.0355088
-0.948014,3.25,-0.0315276
-0.948014,3.43,-0.0400227
-0.948014,3.61,-0.0689648
-0.948014,3.79,-0.110096
-0.948014,3.97,-0.145325
-0.948014,4.15,-0.154875
-0.948014,4.33,-0.124779
-0.948014,4.51,-0.0553008
-0.948014,4.69,0.0352633
-0.948014,4.87,0.119745
-0.948014,5.05,0.17824
-0.948014,5.23,0.205636
-0.948014,5.41,0.206242
-0.948014,5.59,0.188108
-0.948014,5.77,0.158517
-0.948014,5.95,0.122946
-0.948014,6.13,0.0849828
-0.948014,6.31,0.04689
-0.948014,6.49,0.0100772
-0.948014,6.67,-0.0245227
-0.948014,6.85,-0.0563534
-0.948014,7.03,-0.0850499
-0.948014,7.21,-0.110425
-0.948014,7.39,-0.132301
-0.948014,7.57,-0.150557
-0.948014,7.75,-0.165146
-0.948014,7.93,-0.176084
-0.948014,8.11,-0.183972
-0.948014,8.29,-0.188495
-0.948014,8.47,-0.189781
-0.948014,8.65,-0.188059
-0.948014,8.83,-0.183606
-0.948014,9.01,-0.176544
-0.948014,9.19,-0.167282
-0.948014,9.37,-0.156371
-0.948014,9.55,-0.14419
-0.948014,9.73,-0.131101
-0.948014,9.91,-0.117446
-0.940726,1.09,-0.0866117
-0.940726,1.27,0.0195094
-0.940726,1.45,-0.00648299
-0.940726,1.63,-0.0752849
-0.940726,1.81,-0.0645058
-0.940726,1.99,-0.0333869
-0.940726,2.17,0.0657656
-0.940726,2.35,-0.0646922
-0.940726,2.53,-0.0634711
-0.940726,2.71,-0.089107
-0.940726,2.89,-0.118814
-0.940726,3.07,-0.107536
-0.940726,3.25,-0.0852683
-0.940726,3.43,-0.0922704
-0.940726,3.61,-0.141609
-0.940726,3.79,-0.218389
-0.940726,3.97,-0.292664
-0.940726,4.15,-0.33192
-0.940726,4.33,-0.308629
-0.940726,4.51,-0.210454
-0.940726,4.69,-0.0517184
-0.940726,4.87,0.1274
-0.940726,5.05,0.280957
-0.940726,5.23,0.381623
-0.940726,5.41,0.424401
-0.940726,5.59,0.419569
-0.940726,5.77,0.381378
-0.940726,5.95,0.32284
-0.940726,6.13,0.253381
-0.940726,6.31,0.179316
-0.940726,6.49,0.104685
-0.940726,6.67,0.03224
-0.940726,6.85,-0.0363659
-0.940726,7.03,-0.100064
-0.940726,7.21,-0.158255
-0.940726,7.39,-0.210467
-0.940726,7.57,-0.256354
-0.940726,7.75,-0.295729
-0.940726,7.93,-0.328506
-0.940726,8.11,-0.355591
-0.940726,8.29,-0.376381
-0.940726,8.47,-0.390969
-0.940726,8.65,-0.399604
-0.940726,8.83,-0.402617
-0.940726,9.01,-0.400047
-0.940726,9.19,-0.392439
-0.940726,9.37,-0.380655
-0.940726,9.55,-0.365275
-0.940726,9.73,-0.346891
-0.940726,9.91,-0.326091
-0.933438,1.09,-0.057895
-0.933438,1.27,-0.0512824
-0.933438,1.45,-0.0997929
-0.933438,1.63,-0.150709
-0.933438,1.81,-0.0607549
-0.933438,1.99,-0.0335932
-0.933438,2.17,0.0775554
-0.933438,2.35,-0.0659368
-0.933438,2.53,-0.0812607
-0.933438,2.71,-0.160056
-0.933438,2.89,-0.193324
-0.933438,3.07,-0.160973
-0.933438,3.25,-0.124703
-0.933438,3.43,-0.126459
-0.933438,3.61,-0.175709
-0.933438,3.79,-0.260206
-0.933438,3.97,-0.354428
-0.933438,4.15,-0.427231
-0.933438,4.33,-0.446112
-0.933438,4.51,-0.385312
-0.933438,4.69,-0.239037
-0.933438,4.87,-0.0318334
-0.933438,5.05,0.186841
-0.933438,5.23,0.368758
-0.933438,5.41,0.486337
-0.933438,5.59,0.536777
-0.933438,5.77,0.531566
-0.933438,5.95,0.487093
-0.933438,6.13,0.417675
-0.933438,6.31,0.334067
-0.933438,6.49,0.243691
-0.933438,6.67,0.15179
-0.933438,6.85,0.0616941
-0.933438,7.03,-0.0244113
-0.933438,7.21,-0.105182
-0.933438,7.39,-0.179701
-0.933438,7.57,-0.247313
-0.933438,7.75,-0.307618
-0.933438,7.93,-0.360385
-0.933438,8.11,-0.406411
-0.933438,8.29,-0.445059
-0.933438,8.47,-0.476343
-0.933438,8.65,-0.500436
-0.933438,8.83,-0.517595
-0.933438,9.01,-0.527755
-0.933438,9.19,-0.53137
-0.933438,9.37,-0.529256
-0.933438,9.55,-0.521948
-0.933438,9.73,-0.510013
-0.933438,9.91,-0.494038
-0.92615,1.09,-0.0142206
-0.92615,1.27,-0.116878
-0.92615,1.45,-0.128768
-0.92615,1.63,-0.186578
-0.92615,1.81,-0.0785219
-0.92615,1.99,-0.0212341
-0.92615,2.17,0.0545659
-0.92615,2.35,-0.0770032
-0.92615,2.53,-0.0935139
-0.92615,2.71,-0.174424
-0.92615,2.89,-0.184494
-0.92615,3.07,-0.14088
-0.92615,3.25,-0.109185
-0.92615,3.43,-0.110264
-0.92615,3.61,-0.14569
-0.92615,3.79,-0.214871
-0.92615,3.97,-0.307221
-0.92615,4.15,-0.400652
-0.92615,4.33,-0.465191
-0.92615,4.51,-0.470246
-0.92615,4.69,-0.394747
-0.92615,4.87,-0.238941
-0.92615,5.05,-0.0318888
-0.92615,5.23,0.180313
-0.92615,5.41,0.355347
-0.92615,5.59,0.470446
-0.92615,5.77,0.523079
-0.92615,5.95,0.523923
-0.92615,6.13,0.487026
-0.92615,6.31,0.42518
-0.92615,6.49,0.34834
-0.92615,6.67,0.263913
-0.92615,6.85,0.176942
-0.92615,7.03,0.0908405
-0.92615,7.21,0.00786055
-0.92615,7.39,-0.0705856
-0.92615,7.57,-0.143506
-0.92615,7.75,-0.210265
-0.92615,7.93,-0.270477
-0.92615,8.11,-0.324573
-0.92615,8.29,-0.372073
-0.92615,8.47,-0.412936
-0.92615,8.65,-0.447252
-0.92615,8.83,-0.475184
-0.92615,9.01,-0.496653
-0.92615,9.19,-0.511954
-0.92615,9.37,-0.521671
-0.92615,9.55,-0.526181
-0.92615,9.73,-0.525894
-0.92615,9.91,-0.521241
-0.918862,1.09,0.030595
-0.918862,1.27,-0.164745
-0.918862,1.45,-0.132481
-0.918862,1.63,-0.192578
-0.918862,1.81,-0.100625
-0.918862,1.99,-0.00257512
-0.918862,2.17,0.0292646
-0.918862,2.35,-0.0821852
-0.918862,2.53,-0.110154
-0.918862,2.71,-0.178506
-0.918862,2.89,-0.165653
-0.918862,3.07,-0.122376
-0.918862,3.25,-0.102242
-0.918862,3.43,-0.0991021
-0.918862,3.61,-0.113002
-0.918862,3.79,-0.161526
-0.918862,3.97,-0.248993
-0.918862,4.15,-0.358684
-0.918862,4.33,-0.460738
-0.918862,4.51,-0.522059
-0.918862,4.69,-0.514329
-0.918862,4.87,-0.422399
-0.918862,5.05,-0.254836
-0.918862,5.23,-0.043795
-0.918862,5.41,0.167234
-0.918862,5.59,0.34059
-0.918862,5.77,0.456344
-0.918862,5.95,0.513339
-0.918862,6.13,0.520865
-0.918862,6.31,0.491533
-0.918862,6.49,0.43722
-0.918862,6.67,0.367526
-0.918862,6.85,0.289554
-0.918862,7.03,0.208319
-0.918862,7.21,0.127324
-0.918862,7.39,0.0486877
-0.918862,7.57,-0.0261068
-0.918862,7.75,-0.0960768
-0.918862,7.93,-0.160617
-0.918862,8.11,-0.219769
-0.918862,8.29,-0.27318
-0.918862,8.47,-0.32076
-0.918862,8.65,-0.362541
-0.918862,8.83,-0.398624
-0.918862,9.01,-0.428958
-0.918862,9.19,-0.453743
-0.918862,9.37,-0.473387
-0.918862,9.55,-0.488163
-0.918862,9.73,-0.498368
-0.918862,9.91,-0.504313
-0.911574,1.09,0.0502204
-0.911574,1.27,-0.174719
-0.911574,1.45,-0.118622
-0.911574,1.63,-0.167276
-0.911574,1.81,-0.113698
-0.911574,1.99,0.014384
-0.911574,2.17,0.0079287
-0.911574,2.35,-0.0860898
-0.911574,2.53,-0.127083
-0.911574,2.71,-0.170049
-0.911574,2.89,-0.141075
-0.911574,3.07,-0.109612
-0.911574,3.25,-0.102493
-0.911574,3.43,-0.0879261
-0.911574,3.61,-0.0739459
-0.911574,3.79,-0.0996167
-0.911574,3.97,-0.181403
-0.911574,4.15,-0.303763
-0.911574,4.33,-0.434629
-0.911574,4.51,-0.539572
-0.911574,4.69,-0.588632
-0.911574,4.87,-0.560218
-0.911574,5.05,-0.448874
-0.911574,5.23,-0.269617
-0.911574,5.41,-0.0549094
-0.911574,5.59,0.154795
-0.911574,5.77,0.326305
-0.911574,5.95,0.443325
-0.911574,6.13,0.505017
-0.911574,6.31,0.519645
-0.911574,6.49,0.498791
-0.911574,6.67,0.453314
-0.911574,6.85,0.392246
-0.911574,7.03,0.322387
-0.911574,7.21,0.248796
-0.911574,7.39,0.174534
-0.911574,7.57,0.101775
-0.911574,7.75,0.0320174
-0.911574,7.93,-0.0337859
-0.911574,8.11,-0.0952135
-0.911574,8.29,-0.151954
-0.911574,8.47,-0.203823
-0.911574,8.65,-0.250764
-0.911574,8.83,-0.292806
-0.911574,9.01,-0.329918
-0.911574,9.19,-0.362219
-0.911574,9.37,-0.389974
-0.911574,9.55,-0.413379
-0.911574,9.73,-0.432644
-0.911574,9.91,-0.447993
-0.904286,1.09,0.0545463
-0.904286,1.27,-0.143035
-0.904286,1.45,-0.0993986
-0.904286,1.63,-0.122126
-0.904286,1.81,-0.102311
-0.904286,1.99,0.0213959
-0.904286,2.17,-0.00367679
-0.904286,2.35,-0.0929308
-0.904286,2.53,-0.139717
-0.904286,2.71,-0.150489
-0.904286,2.89,-0.116366
-0.904286,3.07,-0.104241
-0.904286,3.25,-0.104577
-0.904286,3.43,-0.0703084
-0.904286,3.61,-0.0260035
-0.904286,3.79,-0.0302437
-0.904286,3.97,-0.106921
-0.904286,4.15,-0.238198
-0.904286,4.33,-0.388746
-0.904286,4.51,-0.523973
-0.904286,4.69,-0.615738
-0.904286,4.87,-0.64222
-0.904286,5.05,-0.591397
-0.904286,5.23,-0.464811
-0.904286,5.41,-0.279142
-0.904286,5.59,-0.0658287
-0.904286,5.77,0.139316
-0.904286,5.95,0.308079
-0.904286,6.13,0.426676
-0.904286,6.31,0.494252
-0.904286,6.49,0.51817
-0.904286,6.67,0.508164
-0.904286,6.85,0.474086
-0.904286,7.03,0.424187
-0.904286,7.21,0.365165
-0.904286,7.39,0.301195
-0.904286,7.57,0.235357
-0.904286,7.75,0.169873
-0.904286,7.93,0.10623
-0.904286,8.11,0.0454341
-0.904286,8.29,-0.012101
-0.904286,8.47,-0.0659999
-0.904286,8.65,-0.11605
-0.904286,8.83,-0.162158
-0.904286,9.01,-0.204256
-0.904286,9.19,-0.242371
-0.904286,9.37,-0.276631
-0.904286,9.55,-0.30715
-0.904286,9.73,-0.334064
-0.904286,9.91,-0.35752
-0.896998,1.09,0.0724976
-0.896998,1.27,-0.0885632
-0.896998,1.45,-0.0853165
-0.896998,1.63,-0.0746622
-0.896998,1.81,-0.0582469
-0.896998,1.99,0.0139029
-0.896998,2.17,-0.00181184
-0.896998,2.35,-0.105513
-0.896998,2.53,-0.144931
-0.896998,2.71,-0.123845
-0.896998,2.89,-0.0962884
-0.896998,3.07,-0.103659
-0.896998,3.25,-0.100208
-0.896998,3.43,-0.0408547
-0.896998,3.61,0.0305634
-0.896998,3.79,0.0432674
-0.896998,3.97,-0.0287684
-0.896998,4.15,-0.163885
-0.896998,4.33,-0.324469
-0.896998,4.51,-0.477424
-0.896998,4.69,-0.598295
-0.896998,4.87,-0.668114
-0.896998,5.05,-0.673465
-0.896998,5.23,-0.608139
-0.896998,5.41,-0.475214
-0.896998,5.59,-0.291722
-0.896998,5.77,-0.0853322
-0.896998,5.95,0.112891
-0.896998,6.13,0.279169
-0.896998,6.31,0.401288
-0.896998,6.49,0.478175
-0.896998,6.67,0.51476
-0.896998,6.85,0.519219
-0.896998,7.03,0.49995
-0.896998,7.21,0.464791
-0.896998,7.39,0.418953
-0.896998,7.57,0.366518
-0.896998,7.75,0.310631
-0.896998,7.93,0.253515
-0.896998,8.11,0.196925
-0.896998,8.29,0.141574
-0.896998,8.47,0.0881663
-0.896998,8.65,0.0371825
-0.896998,8.83,-0.0110734
-0.896998,9.01,-0.056408
-0.896998,9.19,-0.0987111
-0.896998,9.37,-0.137957
-0.896998,9.55,-0.174159
-0.896998,9.73,-0.20736
-0.896998,9.91,-0.237623
-0.88971,1.09,0.118165
-0.88971,1.27,-0.0443193
-0.88971,1.45,-0.0822722
-0.88971,1.63,-0.0391786
-0.88971,1.81,0.0133995
-0.88971,1.99,-0.0046904
-0.88971,2.17,0.0133477
-0.88971,2.35,-0.124839
-0.88971,2.53,-0.141563
-0.88971,2.71,-0.0948421
-0.88971,2.89,-0.0825928
-0.88971,3.07,-0.100954
-0.88971,3.25,-0.081197
-0.88971,3.43,0.00214121
-0.88971,3.61,0.0916381
-0.88971,3.79,0.115409
-0.88971,3.97,0.0495898
-0.88971,4.15,-0.0818638
-0.88971,4.33,-0.24225
-0.88971,4.51,-0.401894
-0.88971,4.69,-0.540598
-0.88971,4.87,-0.642911
-0.88971,5.05,-0.696359
-0.88971,5.23,-0.691444
-0.88971,5.41,-0.622607
-0.88971,5.59,-0.493754
-0.88971,5.77,-0.319233
-0.88971,5.95,-0.123549
-0.88971,6.13,0.0674978
-0.88971,6.31,0.233362
-0.88971,6.49,0.362931
-0.88971,6.67,0.452983
-0.88971,6.85,0.506501
-0.88971,7.03,0.529463
-0.88971,7.21,0.529344
-0.88971,7.39,0.511697
-0.88971,7.57,0.481349
-0.88971,7.75,0.442368
-0.88971,7.93,0.397854
-0.88971,8.11,0.350444
-0.88971,8.29,0.301385
-0.88971,8.47,0.251883
-0.88971,8.65,0.202832
-0.88971,8.83,0.15487
-0.88971,9.01,0.108443
-0.88971,9.19,0.0638705
-0.88971,9.37,0.0213694
-0.88971,9.55,-0.0189227
-0.88971,9.73,-0.0569229
-0.88971,9.91,-0.0925886
-0.882422,1.09,0.186072
-0.882422,1.27,-0.0326485
-0.882422,1.45,-0.0896889
-0.882422,1.63,-0.020126
-0.882422,1.81,0.0949901
-0.882422,1.99,-0.0217663
-0.882422,2.17,0.035665
-0.882422,2.35,-0.149728
-0.882422,2.53,-0.129703
-0.882422,2.71,-0.0671489
-0.882422,2.89,-0.0729055
-0.882422,3.07,-0.0872704
-0.882422,3.25,-0.043116
-0.882422,3.43,0.0550387
-0.882422,3.61,0.149378
-0.882422,3.79,0.179463
-0.882422,3.97,0.12534
-0.882422,4.15,0.00806846
-0.882422,4.33,-0.141409
-0.882422,4.51,-0.298444
-0.882422,4.69,-0.446527
-0.882422,4.87,-0.572829
-0.882422,5.05,-0.666059
-0.882422,5.23,-0.715731
-0.882422,5.41,-0.712046
-0.882422,5.59,-0.650202
-0.882422,5.77,-0.532281
-0.882422,5.95,-0.371661
-0.882422,6.13,-0.188119
-0.882422,6.31,-0.00326324
-0.882422,6.49,0.16497
-0.882422,6.67,0.305002
-0.882422,6.85,0.411925
-0.882422,7.03,0.486154
-0.882422,7.21,0.532144
-0.882422,7.39,0.554167
-0.882422,7.57,0.556801
-0.882422,7.75,0.544533
-0.882422,7.93,0.521168
-0.882422,8.11,0.49019
-0.882422,8.29,0.453559
-0.882422,8.47,0.41314
-0.882422,8.65,0.370393
-0.882422,8.83,0.326435
-0.882422,9.01,0.282125
-0.882422,9.19,0.238094
-0.882422,9.37,0.194808
-0.882422,9.55,0.152629
-0.882422,9.73,0.111824
-0.882422,9.91,0.0725877
-0.875134,1.09,0.25997
-0.875134,1.27,-0.0402243
-0.875134,1.45,-0.0967767
-0.875134,1.63,-0.0139312
-0.875134,1.81,0.164373
-0.875134,1.99,-0.0212285
-0.875134,2.17,0.0521994
-0.875134,2.35,-0.175998
-0.875134,2.53,-0.109927
-0.875134,2.71,-0.0426917
-0.875134,2.89,-0.0616418
-0.875134,3.07,-0.0557001
-0.875134,3.25,0.0123506
-0.875134,3.43,0.109279
-0.875134,3.61,0.194146
-0.875134,3.79,0.229425
-0.875134,3.97,0.197224
-0.875134,4.15,0.10743
-0.875134,4.33,-0.0202192
-0.875134,4.51,-0.166941
-0.875134,4.69,-0.318459
-0.875134,4.87,-0.462808
-0.875134,5.05,-0.588907
-0.875134,5.23,-0.685833
-0.875134,5.41,-0.742176
-0.875134,5.59,-0.74874
-0.875134,5.77,-0.699583
-0.875134,5.95,-0.597985
-0.875134,6.13,-0.454188
-0.875134,6.31,-0.284056
-0.875134,6.49,-0.105818
-0.875134,6.67,0.0649997
-0.875134,6.85,0.216435
-0.875134,7.03,0.341752
-0.875134,7.21,0.439638
-0.875134,7.39,0.510793
-0.875134,7.57,0.557627
-0.875134,7.75,0.583665
-0.875134,7.93,0.592583
-0.875134,8.11,0.588182
-0.875134,8.29,0.573052
-0.875134,8.47,0.5497
-0.875134,8.65,0.520217
-0.875134,8.83,0.486303
-0.875134,9.01,0.449396
-0.875134,9.19,0.410545
-0.875134,9.37,0.37054
-0.875134,9.55,0.33006
-0.875134,9.73,0.28964
-0.875134,9.91,0.249697
-0.867846,1.09,0.303119
-0.867846,1.27,-0.0318971
-0.867846,1.45,-0.0819803
-0.867846,1.63,-0.0166476
-0.867846,1.81,0.207611
-0.867846,1.99,0.00464879
-0.867846,2.17,0.0466837
-0.867846,2.35,-0.195628
-0.867846,2.53,-0.0838005
-0.867846,2.71,-0.0226075
-0.867846,2.89,-0.0426511
-0.867846,3.07,-0.00428569
-0.867846,3.25,0.0779886
-0.867846,3.43,0.154473
-0.867846,3.61,0.217989
-0.867846,3.79,0.261793
-0.867846,3.97,0.265311
-0.867846,4.15,0.217982
-0.867846,4.33,0.123186
-0.867846,4.51,-0.00648545
-0.867846,4.69,-0.157109
-0.867846,4.87,-0.315447
-0.867846,5.05,-0.469044
-0.867846,5.23,-0.606043
-0.867846,5.41,-0.714473
-0.867846,5.59,-0.783618
-0.867846,5.77,-0.80388
-0.867846,5.95,-0.77234
-0.867846,6.13,-0.691171
-0.867846,6.31,-0.568123
-0.867846,6.49,-0.416421
-0.867846,6.67,-0.249029
-0.867846,6.85,-0.0799915
-0.867846,7.03,0.0791259
-0.867846,7.21,0.220793
-0.867846,7.39,0.340811
-0.867846,7.57,0.437413
-0.867846,7.75,0.511071
-0.867846,7.93,0.563607
-0.867846,8.11,0.597785
-0.867846,8.29,0.616089
-0.867846,8.47,0.621168
-0.867846,8.65,0.615478
-0.867846,8.83,0.601193
-0.867846,9.01,0.580359
-0.867846,9.19,0.554488
-0.867846,9.37,0.524729
-0.867846,9.55,0.492163
-0.867846,9.73,0.45768
-0.867846,9.91,0.422001
-0.860558,1.09,0.26398
-0.860558,1.27,0.00049762
-0.860558,1.45,-0.0285548
-0.860558,1.63,-0.0253988
-0.860558,1.81,0.225741
-0.860558,1.99,0.0454729
-0.860558,2.17,0.0119036
-0.860558,2.35,-0.197397
-0.860558,2.53,-0.0567282
-0.860558,2.71,-0.00954704
-0.860558,2.89,-0.0118943
-0.860558,3.07,0.0638101
-0.860558,3.25,0.144506
-0.860558,3.43,0.182912
-0.860558,3.61,0.217349
-0.860558,3.79,0.274712
-0.860558,3.97,0.327745
-0.860558,4.15,0.338295
-0.860558,4.33,0.288356
-0.860558,4.51,0.183291
-0.860558,4.69,0.0381984
-0.860558,4.87,-0.13026
-0.860558,5.05,-0.306424
-0.860558,5.23,-0.476501
-0.860558,5.41,-0.628033
-0.860558,5.59,-0.750245
-0.860558,5.77,-0.832927
-0.860558,5.95,-0.870828
-0.860558,6.13,-0.861761
-0.860558,6.31,-0.807258
-0.860558,6.49,-0.714479
-0.860558,6.67,-0.589927
-0.860558,6.85,-0.444102
-0.860558,7.03,-0.288007
-0.860558,7.21,-0.132039
-0.860558,7.39,0.0165535
-0.860558,7.57,0.151967
-0.860558,7.75,0.270425
-0.860558,7.93,0.370146
-0.860558,8.11,0.450965
-0.860558,8.29,0.513681
-0.860558,8.47,0.5598
-0.860558,8.65,0.59118
-0.860558,8.83,0.609798
-0.860558,9.01,0.617891
-0.860558,9.19,0.617193
-0.860558,9.37,0.609062
-0.860558,9.55,0.594925
-0.860558,9.73,0.576017
-0.860558,9.91,0.553398
-0.85327,1.09,0.17753
-0.85327,1.27,0.027684
-0.85327,1.45,0.0436487
-0.85327,1.63,-0.0310163
-0.85327,1.81,0.222347
-0.85327,1.99,0.077272
-0.85327,2.17,-0.0321547
-0.85327,2.35,-0.171566
-0.85327,2.53,-0.0436794
-0.85327,2.71,-0.00944851
-0.85327,2.89,0.03171
-0.85327,3.07,0.142268
-0.85327,3.25,0.203824
-0.85327,3.43,0.191075
-0.85327,3.61,0.190042
-0.85327,3.79,0.260186
-0.85327,3.97,0.370601
-0.85327,4.15,0.454291
-0.85327,4.33,0.465831
-0.85327,4.51,0.398889
-0.85327,4.69,0.269228
-0.85327,4.87,0.098445
-0.85327,5.05,-0.0927723
-0.85327,5.23,-0.287467
-0.85327,5.41,-0.472218
-0.85327,5.59,-0.636587
-0.85327,5.77,-0.771269
-0.85327,5.95,-0.871024
-0.85327,6.13,-0.932482
-0.85327,6.31,-0.954236
-0.85327,6.49,-0.939431
-0.85327,6.67,-0.888695
-0.85327,6.85,-0.806864
-0.85327,7.03,-0.700299
-0.85327,7.21,-0.577591
-0.85327,7.39,-0.444582
-0.85327,7.57,-0.307562
-0.85327,7.75,-0.172561
-0.85327,7.93,-0.0444145
-0.85327,8.11,0.0733113
-0.85327,8.29,0.178379
-0.85327,8.47,0.26963
-0.85327,8.65,0.346791
-0.85327,8.83,0.41025
-0.85327,9.01,0.461158
-0.85327,9.19,0.500631
-0.85327,9.37,0.529625
-0.85327,9.55,0.549385
-0.85327,9.73,0.561133
-0.85327,9.91,0.566023
-0.845982,1.09,0.1959
-0.845982,1.27,0.00891437
-0.845982,1.45,0.078746
-0.845982,1.63,-0.0226861
-0.845982,1.81,0.182754
-0.845982,1.99,0.0847168
-0.845982,2.17,-0.0372654
-0.845982,2.35,-0.120148
-0.845982,2.53,-0.0735112
-0.845982,2.71,-0.0274155
-0.845982,2.89,0.0871453
-0.845982,3.07,0.220201
-0.845982,3.25,0.244423
-0.845982,3.43,0.17006
-0.845982,3.61,0.11908
-0.845982,3.79,0.18058
-0.845982,3.97,0.338498
-0.845982,4.15,0.509897
-0.845982,4.33,0.615404
-0.845982,4.51,0.622712
-0.845982,4.69,0.539784
-0.845982,4.87,0.391138
-0.845982,5.05,0.20371
-0.845982,5.23,-0.000612162
-0.845982,5.41,-0.205942
-0.845982,5.59,-0.401218
-0.845982,5.77,-0.577952
-0.845982,5.95,-0.731181
-0.845982,6.13,-0.857608
-0.845982,6.31,-0.95503
-0.845982,6.49,-1.02453
-0.845982,6.67,-1.06392
-0.845982,6.85,-1.07393
-0.845982,7.03,-1.05622
-0.845982,7.21,-1.01553
-0.845982,7.39,-0.953604
-0.845982,7.57,-0.873387
-0.845982,7.75,-0.779029
-0.845982,7.93,-0.6748
-0.845982,8.11,-0.564807
-0.845982,8.29,-0.45286
-0.845982,8.47,-0.342251
-0.845982,8.65,-0.23567
-0.845982,8.83,-0.135176
-0.845982,9.01,-0.0422485
-0.845982,9.19,0.0423812
-0.845982,9.37,0.118296
-0.845982,9.55,0.185368
-0.845982,9.73,0.243756
-0.845982,9.91,0.293826
-0.838694,1.09,0.24123
-0.838694,1.27,-0.129855
-0.838694,1.45,0.0161617
-0.838694,1.63,0.0103166
-0.838694,1.81,0.0764699
-0.838694,1.99,0.0145875
-0.838694,2.17,0.0210881
-0.838694,2.35,-0.0275222
-0.838694,2.53,-0.139729
-0.838694,2.71,-0.0371387
-0.838694,2.89,0.141712
-0.838694,3.07,0.243771
-0.838694,3.25,0.199874
-0.838694,3.43,0.0442935
-0.838694,3.61,-0.111229
-0.838694,3.79,-0.15674
-0.838694,3.97,-0.037744
-0.838694,4.15,0.219715
-0.838694,4.33,0.524244
-0.838694,4.51,0.771496
-0.838694,4.69,0.901332
-0.838694,4.87,0.905611
-0.838694,5.05,0.809461
-0.838694,5.23,0.645932
-0.838694,5.41,0.443238
-0.838694,5.59,0.222174
-0.838694,5.77,-0.00308662
-0.838694,5.95,-0.222767
-0.838694,6.13,-0.430872
-0.838694,6.31,-0.623457
-0.838694,6.49,-0.799223
-0.838694,6.67,-0.955412
-0.838694,6.85,-1.0907
-0.838694,7.03,-1.20424
-0.838694,7.21,-1.29773
-0.838694,7.39,-1.37009
-0.838694,7.57,-1.4208
-0.838694,7.75,-1.45047
-0.838694,7.93,-1.46009
-0.838694,8.11,-1.45106
-0.838694,8.29,-1.4249
-0.838694,8.47,-1.38348
-0.838694,8.65,-1.32884
-0.838694,8.83,-1.26314
-0.838694,9.01,-1.18917
-0.838694,9.19,-1.10885
-0.838694,9.37,-1.02357
-0.838694,9.55,-0.935169
-0.838694,9.73,-0.845314
-0.838694,9.91,-0.755451
-0.831406,1.09,0.191131
-0.831406,1.27,-0.202322
-0.831406,1.45,-0.164103
-0.831406,1.63,0.00668778
-0.831406,1.81,0.0528269
-0.831406,1.99,-0.115762
-0.831406,2.17,0.0132599
-0.831406,2.35,-0.0186894
-0.831406,2.53,-0.137631
-0.831406,2.71,0.00550559
-0.831406,2.89,0.145091
-0.831406,3.07,0.174441
-0.831406,3.25,0.0925224
-0.831406,3.43,-0.0864589
-0.831406,3.61,-0.297511
-0.831406,3.79,-0.440319
-0.831406,3.97,-0.422034
-0.831406,4.15,-0.204421
-0.831406,4.33,0.171583
-0.831406,4.51,0.590889
-0.831406,4.69,0.933266
-0.831406,4.87,1.12962
-0.831406,5.05,1.1742
-0.831406,5.23,1.09701
-0.831406,5.41,0.935904
-0.831406,5.59,0.723983
-0.831406,5.77,0.485198
-0.831406,5.95,0.237296
-0.831406,6.13,-0.00864588
-0.831406,6.31,-0.245555
-0.831406,6.49,-0.469573
-0.831406,6.67,-0.677535
-0.831406,6.85,-0.867426
-0.831406,7.03,-1.03795
-0.831406,7.21,-1.19004
-0.831406,7.39,-1.32265
-0.831406,7.57,-1.43502
-0.831406,7.75,-1.52728
-0.831406,7.93,-1.5998
-0.831406,8.11,-1.65342
-0.831406,8.29,-1.68873
-0.831406,8.47,-1.70671
-0.831406,8.65,-1.70858
-0.831406,8.83,-1.69564
-0.831406,9.01,-1.67002
-0.831406,9.19,-1.63308
-0.831406,9.37,-1.58579
-0.831406,9.55,-1.52968
-0.831406,9.73,-1.46625
-0.831406,9.91,-1.39695
-0.824117,1.09,0.179039
-0.824117,1.27,-0.292152
-0.824117,1.45,-0.212124
-0.824117,1.63,-0.0636048
-0.824117,1.81,0.0827241
-0.824117,1.99,-0.145498
-0.824117,2.17,0.0304942
-0.824117,2.35,-0.0594898
-0.824117,2.53,-0.138865
-0.824117,2.71,0.034304
-0.824117,2.89,0.150113
-0.824117,3.07,0.149951
-0.824117,3.25,0.0619389
-0.824117,3.43,-0.104118
-0.824117,3.61,-0.298199
-0.824117,3.79,-0.430224
-0.824117,3.97,-0.412292
-0.824117,4.15,-0.207172
-0.824117,4.33,0.147546
-0.824117,4.51,0.545015
-0.824117,4.69,0.873343
-0.824117,4.87,1.06656
-0.824117,5.05,1.11733
-0.824117,5.23,1.05229
-0.824117,5.41,0.906318
-0.824117,5.59,0.710548
-0.824117,5.77,0.487889
-0.824117,5.95,0.255368
-0.824117,6.13,0.0237782
-0.824117,6.31,-0.199938
-0.824117,6.49,-0.411859
-0.824117,6.67,-0.608955
-0.824117,6.85,-0.789284
-0.824117,7.03,-0.951619
-0.824117,7.21,-1.09675
-0.824117,7.39,-1.22376
-0.824117,7.57,-1.33202
-0.824117,7.75,-1.42168
-0.824117,7.93,-1.4931
-0.824117,8.11,-1.54724
-0.824117,8.29,-1.58449
-0.824117,8.47,-1.60575
-0.824117,8.65,-1.61209
-0.824117,8.83,-1.60469
-0.824117,9.01,-1.58533
-0.824117,9.19,-1.55525
-0.824117,9.37,-1.51541
-0.824117,9.55,-1.46716
-0.824117,9.73,-1.41186
-0.824117,9.91,-1.3508
-0.816829,1.09,0.10506
-0.816829,1.27,-0.33376
-0.816829,1.45,-0.229074
-0.816829,1.63,-0.128676
-0.816829,1.81,0.098967
-0.816829,1.99,-0.162649
-0.816829,2.17,0.0386306
-0.816829,2.35,-0.0981315
-0.816829,2.53,-0.12866
-0.816829,2.71,0.0605454
-0.816829,2.89,0.147073
-0.816829,3.07,0.123973
-0.816829,3.25,0.0360311
-0.816829,3.43,-0.117112
-0.816829,3.61,-0.297981
-0.816829,3.79,-0.423377
-0.816829,3.97,-0.408722
-0.816829,4.15,-0.217266
-0.816829,4.33,0.116849
-0.816829,4.51,0.494483
-0.816829,4.69,0.811052
-0.816829,4.87,1.00294
-0.816829,5.05,1.06101
-0.816829,5.23,1.00869
-0.816829,5.41,0.878143
-0.816829,5.59,0.698728
-0.816829,5.77,0.492417
-0.816829,5.95,0.275565
-0.816829,6.13,0.0586829
-0.816829,6.31,-0.151432
-0.816829,6.49,-0.350829
-0.816829,6.67,-0.536625
-0.816829,6.85,-0.706966
-0.816829,7.03,-0.860705
-0.816829,7.21,-0.998501
-0.816829,7.39,-1.11958
-0.816829,7.57,-1.22344
-0.816829,7.75,-1.31022
-0.816829,7.93,-1.3803
-0.816829,8.11,-1.43471
-0.816829,8.29,-1.4737
-0.816829,8.47,-1.49804
-0.816829,8.65,-1.5087
-0.816829,8.83,-1.50672
-0.816829,9.01,-1.49354
-0.816829,9.19,-1.47029
-0.816829,9.37,-1.4379
-0.816829,9.55,-1.39757
-0.816829,9.73,-1.35049
-0.816829,9.91,-1.29781
-0.809541,1.09,-0.010057
-0.809541,1.27,-0.316304
-0.809541,1.45,-0.216784
-0.809541,1.63,-0.175757
-0.809541,1.81,0.0976767
-0.809541,1.99,-0.167015
-0.809541,2.17,0.0375815
-0.809541,2.35,-0.128998
-0.809541,2.53,-0.109088
-0.809541,2.71,0.0807053
-0.809541,2.89,0.135916
-0.809541,3.07,0.0978727
-0.809541,3.25,0.0153266
-0.809541,3.43,-0.125499
-0.809541,3.61,-0.296603
-0.809541,3.79,-0.419057
-0.809541,3.97,-0.410711
-0.809541,4.15,-0.234944
-0.809541,4.33,0.077991
-0.809541,4.51,0.436677
-0.809541,4.69,0.743173
-0.809541,4.87,0.93554
-0.809541,5.05,1.00247
-0.809541,5.23,0.964171
-0.809541,5.41,0.850164
-0.809541,5.59,0.688156
-0.809541,5.77,0.49923
-0.809541,5.95,0.299088
-0.809541,6.13,0.0979494
-0.809541,6.31,-0.0975571
-0.809541,6.49,-0.283483
-0.809541,6.67,-0.457102
-0.809541,6.85,-0.61666
-0.809541,7.03,-0.7611
-0.809541,7.21,-0.890955
-0.809541,7.39,-1.00559
-0.809541,7.57,-1.10461
-0.809541,7.75,-1.18818
-0.809541,7.93,-1.25665
-0.809541,8.11,-1.31111
-0.809541,8.29,-1.35167
-0.809541,8.47,-1.379
-0.809541,8.65,-1.39393
-0.809541,8.83,-1.39737
-0.809541,9.01,-1.39047
-0.809541,9.19,-1.37421
-0.809541,9.37,-1.34948
-0.809541,9.55,-1.31733
-0.809541,9.73,-1.27879
-0.809541,9.91,-1.23485
-0.802253,1.09,-0.12913
-0.802253,1.27,-0.258944
-0.802253,1.45,-0.175426
-0.802253,1.63,-0.204978
-0.802253,1.81,0.0846605
-0.802253,1.99,-0.157343
-0.802253,2.17,0.0257067
-0.802253,2.35,-0.152773
-0.802253,2.53,-0.0843952
-0.802253,2.71,0.0966245
-0.802253,2.89,0.124729
-0.802253,3.07,0.0778832
-0.802253,3.25,-0.000357452
-0.802253,3.43,-0.13303
-0.802253,3.61,-0.295107
-0.802253,3.79,-0.40967
-0.802253,3.97,-0.398542
-0.802253,4.15,-0.229
-0.802253,4.33,0.0682356
-0.802253,4.51,0.406994
-0.802253,4.69,0.696754
-0.802253,4.87,0.880051
-0.802253,5.05,0.946152
-0.802253,5.23,0.913548
-0.802253,5.41,0.809561
-0.802253,5.59,0.660096
-0.802253,5.77,0.48504
-0.802253,5.95,0.299114
-0.802253,6.13,0.111986
-0.802253,6.31,-0.0700644
-0.802253,6.49,-0.243251
-0.802253,6.67,-0.405042
-0.802253,6.85,-0.553827
-0.802253,7.03,-0.688658
-0.802253,7.21,-0.810003
-0.802253,7.39,-0.91735
-0.802253,7.57,-1.01039
-0.802253,7.75,-1.08931
-0.802253,7.93,-1.15446
-0.802253,8.11,-1.20699
-0.802253,8.29,-1.24689
-0.802253,8.47,-1.27478
-0.802253,8.65,-1.29139
-0.802253,8.83,-1.29753
-0.802253,9.01,-1.29411
-0.802253,9.19,-1.28203
-0.802253,9.37,-1.26216
-0.802253,9.55,-1.23541
-0.802253,9.73,-1.20272
-0.802253,9.91,-1.16495
-0.794965,1.09,-0.220759
-0.794965,1.27,-0.175369
-0.794965,1.45,-0.118787
-0.794965,1.63,-0.211197
-0.794965,1.81,0.0609837
-0.794965,1.99,-0.139362
-0.794965,2.17,0.00522412
-0.794965,2.35,-0.166077
-0.794965,2.53,-0.0569859
-0.794965,2.71,0.105837
-0.794965,2.89,0.111101
-0.794965,3.07,0.0613065
-0.794965,3.25,-0.0119697
-0.794965,3.43,-0.138666
-0.794965,3.61,-0.293548
-0.794965,3.79,-0.400945
-0.794965,3.97,-0.387231
-0.794965,4.15,-0.224035
-0.794965,4.33,0.0575221
-0.794965,4.51,0.376575
-0.794965,4.69,0.649794
-0.794965,4.87,0.824036
-0.794965,5.05,0.889165
-0.794965,5.23,0.86209
-0.794965,5.41,0.768049
-0.794965,5.59,0.63118
-0.794965,5.77,0.470166
-0.794965,5.95,0.298719
-0.794965,6.13,0.125917
-0.794965,6.31,-0.0423414
-0.794965,6.49,-0.202469
-0.794965,6.67,-0.352139
-0.794965,6.85,-0.489887
-0.794965,7.03,-0.614879
-0.794965,7.21,-0.72752
-0.794965,7.39,-0.827406
-0.794965,7.57,-0.914309
-0.794965,7.75,-0.988436
-0.794965,7.93,-1.05012
-0.794965,8.11,-1.10055
-0.794965,8.29,-1.13961
-0.794965,8.47,-1.16785
-0.794965,8.65,-1.18592
-0.794965,8.83,-1.19453
-0.794965,9.01,-1.19438
-0.794965,9.19,-1.18627
-0.794965,9.37,-1.17104
-0.794965,9.55,-1.14951
-0.794965,9.73,-1.12247
-0.794965,9.91,-1.0907
-0.787677,1.09,-0.263894
-0.787677,1.27,-0.086614
-0.787677,1.45,-0.0616206
-0.787677,1.63,-0.194144
-0.787677,1.81,0.0312196
-0.787677,1.99,-0.117306
-0.787677,2.17,-0.0200087
-0.787677,2.35,-0.167547
-0.787677,2.53,-0.0299827
-0.787677,2.71,0.107681
-0.787677,2.89,0.0959658
-0.787677,3.07,0.0480362
-0.787677,3.25,-0.0204772
-0.787677,3.43,-0.143095
-0.787677,3.61,-0.292041
-0.787677,3.79,-0.393011
-0.787677,3.97,-0.377691
-0.787677,4.15,-0.222108
-0.787677,4.33,0.0429178
-0.787677,4.51,0.342276
-0.787677,4.69,0.599609
-0.787677,4.87,0.765699
-0.787677,5.05,0.830745
-0.787677,5.23,0.81001
-0.787677,5.41,0.726672
-0.787677,5.59,0.603129
-0.787677,5.77,0.456857
-0.787677,5.95,0.300559
-0.787677,6.13,0.142704
-0.787677,6.31,-0.0112058
-0.787677,6.49,-0.1578
-0.787677,6.67,-0.294954
-0.787677,6.85,-0.421354
-0.787677,7.03,-0.536268
-0.787677,7.21,-0.640038
-0.787677,7.39,-0.732356
-0.787677,7.57,-0.813064
-0.787677,7.75,-0.882371
-0.787677,7.93,-0.940596
-0.787677,8.11,-0.988906
-0.787677,8.29,-1.02713
-0.787677,8.47,-1.05572
-0.787677,8.65,-1.07526
-0.787677,8.83,-1.08635
-0.787677,9.01,-1.0895
-0.787677,9.19,-1.0854
-0.787677,9.37,-1.07487
-0.787677,9.55,-1.0586
-0.787677,9.73,-1.03727
-0.787677,9.91,-1.01156
-0.780389,1.09,-0.261026
-0.780389,1.27,-0.0140509
-0.780389,1.45,-0.0140369
-0.780389,1.63,-0.160045
-0.780389,1.81,0.00139981
-0.780389,1.99,-0.0942334
-0.780389,2.17,-0.0453892
-0.780389,2.35,-0.159408
-0.780389,2.53,-0.00676648
-0.780389,2.71,0.103806
-0.780389,2.89,0.0821007
-0.780389,3.07,0.0386233
-0.780389,3.25,-0.0268178
-0.780389,3.43,-0.146673
-0.780389,3.61,-0.289015
-0.780389,3.79,-0.38192
-0.780389,3.97,-0.363703
-0.780389,4.15,-0.215353
-0.780389,4.33,0.0326231
-0.780389,4.51,0.31105
-0.780389,4.69,0.550753
-0.780389,4.87,0.706828
-0.780389,5.05,0.770165
-0.780389,5.23,0.754579
-0.780389,5.41,0.681213
-0.780389,5.59,0.570644
-0.780389,5.77,0.439025
-0.780389,5.95,0.297962
-0.780389,6.13,0.155239
-0.780389,6.31,0.01591
-0.780389,6.49,-0.116912
-0.780389,6.67,-0.241312
-0.780389,6.85,-0.356124
-0.780389,7.03,-0.460716
-0.780389,7.21,-0.555369
-0.780389,7.39,-0.639856
-0.780389,7.57,-0.714077
-0.780389,7.75,-0.778234
-0.780389,7.93,-0.832619
-0.780389,8.11,-0.878371
-0.780389,8.29,-0.915254
-0.780389,8.47,-0.943661
-0.780389,8.65,-0.964081
-0.780389,8.83,-0.977037
-0.780389,9.01,-0.982857
-0.780389,9.19,-0.982146
-0.780389,9.37,-0.975676
-0.780389,9.55,-0.964036
-0.780389,9.73,-0.947809
-0.780389,9.91,-0.927569
-0.773101,1.09,-0.216506
-0.773101,1.27,0.0298926
-0.773101,1.45,0.018663
-0.773101,1.63,-0.12081
-0.773101,1.81,-0.020163
-0.773101,1.99,-0.0742095
-0.773101,2.17,-0.070776
-0.773101,2.35,-0.14669
-0.773101,2.53,0.0121135
-0.773101,2.71,0.0988749
-0.773101,2.89,0.0728988
-0.773101,3.07,0.0330198
-0.773101,3.25,-0.0326474
-0.773101,3.43,-0.150496
-0.773101,3.61,-0.283725
-0.773101,3.79,-0.364324
-0.773101,3.97,-0.338849
-0.773101,4.15,-0.194524
-0.773101,4.33,0.0373819
-0.773101,4.51,0.29316
-0.773101,4.69,0.511332
-0.773101,4.87,0.652479
-0.773101,5.05,0.709331
-0.773101,5.23,0.694861
-0.773101,5.41,0.628326
-0.773101,5.59,0.52837
-0.773101,5.77,0.40964
-0.773101,5.95,0.282488
-0.773101,6.13,0.153893
-0.773101,6.31,0.0283776
-0.773101,6.49,-0.091265
-0.773101,6.67,-0.203342
-0.773101,6.85,-0.306846
-0.773101,7.03,-0.401242
-0.773101,7.21,-0.486777
-0.773101,7.39,-0.563284
-0.773101,7.57,-0.630706
-0.773101,7.75,-0.689238
-0.773101,7.93,-0.73915
-0.773101,8.11,-0.781543
-0.773101,8.29,-0.81614
-0.773101,8.47,-0.843273
-0.773101,8.65,-0.863367
-0.773101,8.83,-0.876872
-0.773101,9.01,-0.883981
-0.773101,9.19,-0.885227
-0.773101,9.37,-0.881344
-0.773101,9.55,-0.87284
-0.773101,9.73,-0.860216
-0.773101,9.91,-0.843964
-0.765813,1.09,-0.147411
-0.765813,1.27,0.0436014
-0.765813,1.45,0.0323104
-0.765813,1.63,-0.0798245
-0.765813,1.81,-0.0326238
-0.765813,1.99,-0.0597353
-0.765813,2.17,-0.0910401
-0.765813,2.35,-0.128522
-0.765813,2.53,0.0257211
-0.765813,2.71,0.0914391
-0.765813,2.89,0.0655261
-0.765813,3.07,0.0287189
-0.765813,3.25,-0.0383435
-0.765813,3.43,-0.15335
-0.765813,3.61,-0.275709
-0.765813,3.79,-0.343159
-0.765813,3.97,-0.311176
-0.765813,4.15,-0.172663
-0.765813,4.33,0.0413598
-0.765813,4.51,0.273272
-0.765813,4.69,0.469306
-0.765813,4.87,0.595363
-0.765813,5.05,0.645828
-0.765813,5.23,0.632722
-0.765813,5.41,0.573354
-0.765813,5.59,0.484377
-0.765813,5.77,0.378887
-0.765813,5.95,0.265968
-0.765813,6.13,0.151781
-0.765813,6.31,0.0403128
-0.765813,6.49,-0.0659719
-0.765813,6.67,-0.165594
-0.765813,6.85,-0.257692
-0.765813,7.03,-0.341821
-0.765813,7.21,-0.418185
-0.765813,7.39,-0.486668
-0.765813,7.57,-0.547242
-0.765813,7.75,-0.600087
-0.765813,7.93,-0.645444
-0.765813,8.11,-0.684354
-0.765813,8.29,-0.716509
-0.765813,8.47,-0.742186
-0.765813,8.65,-0.761743
-0.765813,8.83,-0.775562
-0.765813,9.01,-0.783722
-0.765813,9.19,-0.786681
-0.765813,9.37,-0.785131
-0.765813,9.55,-0.779497
-0.765813,9.73,-0.770204
-0.765813,9.91,-0.757671
-0.758525,1.09,-0.0773284
-0.758525,1.27,0.0347595
-0.758525,1.45,0.0293247
-0.758525,1.63,-0.0429602
-0.758525,1.81,-0.0350559
-0.758525,1.99,-0.0515306
-0.758525,2.17,-0.102818
-0.758525,2.35,-0.106752
-0.758525,2.53,0.0335381
-0.758525,2.71,0.0821082
-0.758525,2.89,0.0591991
-0.758525,3.07,0.0244025
-0.758525,3.25,-0.044233
-0.758525,3.43,-0.154377
-0.758525,3.61,-0.263765
-0.758525,3.79,-0.317806
-0.758525,3.97,-0.281095
-0.758525,4.15,-0.151169
-0.758525,4.33,0.0425211
-0.758525,4.51,0.249162
-0.758525,4.69,0.422648
-0.758525,4.87,0.5339
-0.758525,5.05,0.578619
-0.758525,5.23,0.567654
-0.758525,5.41,0.516242
-0.758525,5.59,0.438986
-0.758525,5.77,0.347384
-0.758525,5.95,0.249258
-0.758525,6.13,0.149951
-0.758525,6.31,0.0529158
-0.758525,6.49,-0.0397046
-0.758525,6.67,-0.126632
-0.758525,6.85,-0.207139
-0.758525,7.03,-0.280855
-0.758525,7.21,-0.347936
-0.758525,7.39,-0.408302
-0.758525,7.57,-0.461945
-0.758525,7.75,-0.50902
-0.758525,7.93,-0.549734
-0.758525,8.11,-0.58504
-0.758525,8.29,-0.614615
-0.758525,8.47,-0.638681
-0.758525,8.65,-0.657533
-0.758525,8.83,-0.671483
-0.758525,9.01,-0.680519
-0.758525,9.19,-0.685023
-0.758525,9.37,-0.685628
-0.758525,9.55,-0.682685
-0.758525,9.73,-0.676545
-0.758525,9.91,-0.667552
-0.751237,1.09,-0.0246509
-0.751237,1.27,0.0147076
-0.751237,1.45,0.0181399
-0.751237,1.63,-0.0157278
-0.751237,1.81,-0.0286066
-0.751237,1.99,-0.0479738
-0.751237,2.17,-0.104951
-0.751237,2.35,-0.0846157
-0.751237,2.53,0.0359132
-0.751237,2.71,0.0721101
-0.751237,2.89,0.0534017
-0.751237,3.07,0.0191758
-0.751237,3.25,-0.0502146
-0.751237,3.43,-0.152571
-0.751237,3.61,-0.246685
-0.751237,3.79,-0.287139
-0.751237,3.97,-0.247354
-0.751237,4.15,-0.128378
-0.751237,4.33,0.0429162
-0.751237,4.51,0.22295
-0.751237,4.69,0.373173
-0.751237,4.87,0.469352
-0.751237,5.05,0.508317
-0.751237,5.23,0.49961
-0.751237,5.41,0.456326
-0.751237,5.59,0.390957
-0.751237,5.77,0.313368
-0.751237,5.95,0.230126
-0.751237,6.13,0.145753
-0.751237,6.31,0.0631801
-0.751237,6.49,-0.015774
-0.751237,6.67,-0.0900179
-0.751237,6.85,-0.158943
-0.751237,7.03,-0.222243
-0.751237,7.21,-0.280024
-0.751237,7.39,-0.33223
-0.751237,7.57,-0.378863
-0.751237,7.75,-0.42005
-0.751237,7.93,-0.455958
-0.751237,8.11,-0.487433
-0.751237,8.29,-0.514156
-0.751237,8.47,-0.536296
-0.751237,8.65,-0.554088
-0.751237,8.83,-0.567781
-0.751237,9.01,-0.577293
-0.751237,9.19,-0.582936
-0.751237,9.37,-0.585274
-0.751237,9.55,-0.58459
-0.751237,9.73,-0.581166
-0.751237,9.91,-0.57528
-0.743949,1.09,0.00790242
-0.743949,1.27,-0.000806199
-0.743949,1.45,0.00179681
-0.743949,1.63,0.00152253
-0.743949,1.81,-0.0156115
-0.743949,1.99,-0.0483762
-0.743949,2.17,-0.10114
-0.743949,2.35,-0.0652092
-0.743949,2.53,0.0358886
-0.743949,2.71,0.0639906
-0.743949,2.89,0.0480949
-0.743949,3.07,0.0127968
-0.743949,3.25,-0.0551222
-0.743949,3.43,-0.145486
-0.743949,3.61,-0.221132
-0.743949,3.79,-0.246754
-0.743949,3.97,-0.204104
-0.743949,4.15,-0.0971938
-0.743949,4.33,0.0498936
-0.743949,4.51,0.200853
-0.743949,4.69,0.324768
-0.743949,4.87,0.402809
-0.743949,5.05,0.433335
-0.743949,5.23,0.424723
-0.743949,5.41,0.387908
-0.743949,5.59,0.333176
-0.743949,5.77,0.268618
-0.743949,5.95,0.199517
-0.743949,6.13,0.129527
-0.743949,6.31,0.0610237
-0.743949,6.49,-0.00452456
-0.743949,6.67,-0.0662356
-0.743949,6.85,-0.12362
-0.743949,7.03,-0.176429
-0.743949,7.21,-0.224763
-0.743949,7.39,-0.268573
-0.743949,7.57,-0.307856
-0.743949,7.75,-0.342711
-0.743949,7.93,-0.37327
-0.743949,8.11,-0.400232
-0.743949,8.29,-0.423319
-0.743949,8.47,-0.442665
-0.743949,8.65,-0.458453
-0.743949,8.83,-0.47088
-0.743949,9.01,-0.479828
-0.743949,9.19,-0.485549
-0.743949,9.37,-0.488534
-0.743949,9.55,-0.489008
-0.743949,9.73,-0.487197
-0.743949,9.91,-0.483324
-0.736661,1.09,0.0195719
-0.736661,1.27,-0.00508507
-0.736661,1.45,-0.0143206
-0.736661,1.63,0.0109908
-0.736661,1.81,-0.00211262
-0.736661,1.99,-0.0487171
-0.736661,2.17,-0.0880099
-0.736661,2.35,-0.0466578
-0.736661,2.53,0.0326242
-0.736661,2.71,0.0542813
-0.736661,2.89,0.0403389
-0.736661,3.07,0.00494268
-0.736661,3.25,-0.0573544
-0.736661,3.43,-0.131686
-0.736661,3.61,-0.187694
-0.736661,3.79,-0.20036
-0.736661,3.97,-0.158503
-0.736661,4.15,-0.0675976
-0.736661,4.33,0.0522145
-0.736661,4.51,0.172376
-0.736661,4.69,0.269423
-0.736661,4.87,0.329549
-0.736661,5.05,0.352227
-0.736661,5.23,0.344397
-0.736661,5.41,0.314712
-0.736661,5.59,0.271197
-0.736661,5.77,0.220155
-0.736661,5.95,0.165612
-0.736661,6.13,0.110378
-0.736661,6.31,0.0562807
-0.736661,6.49,0.00445205
-0.736661,6.67,-0.0444277
-0.736661,6.85,-0.0899783
-0.736661,7.03,-0.132006
-0.736661,7.21,-0.170595
-0.736661,7.39,-0.205703
-0.736661,7.57,-0.237318
-0.736661,7.75,-0.265512
-0.736661,7.93,-0.29038
-0.736661,8.11,-0.312462
-0.736661,8.29,-0.331535
-0.736661,8.47,-0.347697
-0.736661,8.65,-0.361083
-0.736661,8.83,-0.371839
-0.736661,9.01,-0.379833
-0.736661,9.19,-0.385258
-0.736661,9.37,-0.388521
-0.736661,9.55,-0.389791
-0.736661,9.73,-0.389241
-0.736661,9.91,-0.387041
-0.729373,1.09,0.013637
-0.729373,1.27,0.00244288
-0.729373,1.45,-0.0245666
-0.729373,1.63,0.0144328
-0.729373,1.81,0.00639743
-0.729373,1.99,-0.0446701
-0.729373,2.17,-0.0658616
-0.729373,2.35,-0.0293478
-0.729373,2.53,0.0262116
-0.729373,2.71,0.0417073
-0.729373,2.89,0.0293418
-0.729373,3.07,-0.00311247
-0.729373,3.25,-0.0542205
-0.729373,3.43,-0.108625
-0.729373,3.61,-0.144885
-0.729373,3.79,-0.147644
-0.729373,3.97,-0.111205
-0.729373,4.15,-0.0409684
-0.729373,4.33,0.0479556
-0.729373,4.51,0.135207
-0.729373,4.69,0.204614
-0.729373,4.87,0.246978
-0.729373,5.05,0.262435
-0.729373,5.23,0.256186
-0.729373,5.41,0.234456
-0.729373,5.59,0.202949
-0.729373,5.77,0.166145
-0.729373,5.95,0.126841
-0.729373,6.13,0.0870086
-0.729373,6.31,0.0479396
-0.729373,6.49,0.0104339
-0.729373,6.67,-0.0250239
-0.729373,6.85,-0.0581595
-0.729373,7.03,-0.0888299
-0.729373,7.21,-0.117096
-0.729373,7.39,-0.142923
-0.729373,7.57,-0.166292
-0.729373,7.75,-0.187247
-0.729373,7.93,-0.205851
-0.729373,8.11,-0.222482
-0.729373,8.29,-0.236975
-0.729373,8.47,-0.249394
-0.729373,8.65,-0.259829
-0.729373,8.83,-0.268379
-0.729373,9.01,-0.274919
-0.729373,9.19,-0.279583
-0.729373,9.37,-0.282679
-0.729373,9.55,-0.284324
-0.729373,9.73,-0.284637
-0.729373,9.91,-0.283738
-0.722085,1.09,0.000590926
-0.722085,1.27,0.0112542
-0.722085,1.45,-0.0213508
-0.722085,1.63,0.0114286
-0.722085,1.81,0.00620104
-0.722085,1.99,-0.0315416
-0.722085,2.17,-0.036
-0.722085,2.35,-0.0140395
-0.722085,2.53,0.0160102
-0.722085,2.71,0.0249193
-0.722085,2.89,0.0154112
-0.722085,3.07,-0.00839343
-0.722085,3.25,-0.0414817
-0.722085,3.43,-0.0726655
-0.722085,3.61,-0.0905722
-0.722085,3.79,-0.088144
-0.722085,3.97,-0.0633257
-0.722085,4.15,-0.019837
-0.722085,4.33,0.0334383
-0.722085,4.51,0.0848842
-0.722085,4.69,0.125469
-0.722085,4.87,0.150156
-0.722085,5.05,0.159205
-0.722085,5.23,0.155695
-0.722085,5.41,0.143218
-0.722085,5.59,0.125052
-0.722085,5.77,0.103787
-0.722085,5.95,0.0810008
-0.722085,6.13,0.0578258
-0.722085,6.31,0.0350112
-0.722085,6.49,0.0130241
-0.722085,6.67,-0.00784797
-0.722085,6.85,-0.0274385
-0.722085,7.03,-0.0456567
-0.722085,7.21,-0.0625321
-0.722085,7.39,-0.0780394
-0.722085,7.57,-0.0921601
-0.722085,7.75,-0.104913
-0.722085,7.93,-0.116327
-0.722085,8.11,-0.126614
-0.722085,8.29,-0.135677
-0.722085,8.47,-0.143545
-0.722085,8.65,-0.150268
-0.722085,8.83,-0.155896
-0.722085,9.01,-0.160339
-0.722085,9.19,-0.163671
-0.722085,9.37,-0.166078
-0.722085,9.55,-0.167626
-0.722085,9.73,-0.168381
-0.722085,9.91,-0.168409
-0.714797,1.09,-0.00206651
-0.714797,1.27,0.00326089
-0.714797,1.45,-0.00384089
-0.714797,1.63,0.00200312
-0.714797,1.81,0.000405383
-0.714797,1.99,-0.00529422
-0.714797,2.17,-0.0044262
-0.714797,2.35,-0.00152483
-0.714797,2.53,0.00238701
-0.714797,2.71,0.00355258
-0.714797,2.89,0.00161458
-0.714797,3.07,-0.00269899
-0.714797,3.25,-0.0079495
-0.714797,3.43,-0.012245
-0.714797,3.61,-0.0141558
-0.714797,3.79,-0.0129466
-0.714797,3.97,-0.00852641
-0.714797,4.15,-0.00157171
-0.714797,4.33,0.00655025
-0.714797,4.51,0.0141561
-0.714797,4.69,0.0200066
-0.714797,4.87,0.0234534
-0.714797,5.05,0.0246012
-0.714797,5.23,0.0239314
-0.714797,5.41,0.0219742
-0.714797,5.59,0.0192045
-0.714797,5.77,0.015997
-0.714797,5.95,0.0125728
-0.714797,6.13,0.00909308
-0.714797,6.31,0.00566538
-0.714797,6.49,0.00235707
-0.714797,6.67,-0.000789926
-0.714797,6.85,-0.00375089
-0.714797,7.03,-0.00651198
-0.714797,7.21,-0.00907776
-0.714797,7.39,-0.0114438
-0.714797,7.57,-0.0136065
-0.714797,7.75,-0.0155678
-0.714797,7.93,-0.0173312
-0.714797,8.11,-0.0189281
-0.714797,8.29,-0.0203431
-0.714797,8.47,-0.0215802
-0.714797,8.65,-0.0226459
-0.714797,8.83,-0.0235476
-0.714797,9.01,-0.0242689
-0.714797,9.19,-0.0248205
-0.714797,9.37,-0.0252322
-0.714797,9.55,-0.0255135
-0.714797,9.73,-0.0256741
-0.714797,9.91,-0.0257237
-0.707509,1.09,0
-0.707509,1.27,0
-0.707509,1.45,0
-0.707509,1.63,0
-0.707509,1.81,0
-0.707509,1.99,0
-0.707509,2.17,0
-0.707509,2.35,0
-0.707509,2.53,0
-0.707509,2.71,0
-0.707509,2.89,0
-0.707509,3.07,0
-0.707509,3.25,0
-0.707509,3.43,0
-0.707509,3.61,0
-0.707509,3.79,0
-0.707509,3.97,0
-0.707509,4.15,0
-0.707509,4.33,0
-0.707509,4.51,0
-0.707509,4.69,0
-0.707509,4.87,0
-0.707509,5.05,0
-0.707509,5.23,0
-0.707509,5.41,0
-0.707509,5.59,0
-0.707509,5.77,0
-0.707509,5.95,0
-0.707509,6.13,0
-0.707509,6.31,0
-0.707509,6.49,0
-0.707509,6.67,0
-0.707509,6.85,0
-0.707509,7.03,0
-0.707509,7.21,0
-0.707509,7.39,0
-0.707509,7.57,0
-0.707509,7.75,0
-0.707509,7.93,0
-0.707509,8.11,0
-0.707509,8.29,0
-0.707509,8.47,0
-0.707509,8.65,0
-0.707509,8.83,0
-0.707509,9.01,0
-0.707509,9.19,0
-0.707509,9.37,0
-0.707509,9.55,0
-0.707509,9.73,0
-0.707509,9.91,0
-0.700221,1.09,0
-0.700221,1.27,0
-0.700221,1.45,0
-0.700221,1.63,0
-0.700221,1.81,0
-0.700221,1.99,0
-0.700221,2.17,0
-0.700221,2.35,0
-0.700221,2.53,0
-0.700221,2.71,0
-0.700221,2.89,0
-0.700221,3.07,0
-0.700221,3.25,0
-0.700221,3.43,0
-0.700221,3.61,0
-0.700221,3.79,0
-0.700221,3.97,0
-0.700221,4.15,0
-0.700221,4.33,0
-0.700221,4.51,0
-0.700221,4.69,0
-0.700221,4.87,0
-0.700221,5.05,0
-0.700221,5.23,0
-0.700221,5.41,0
-0.700221,5.59,0
-0.700221,5.77,0
-0.700221,5.95,0
-0.700221,6.13,0
-0.700221,6.31,0
-0.700221,6.49,0
-0.700221,6.67,0
-0.700221,6.85,0
-0.700221,7.03,0
-0.700221,7.21,0
-0.700221,7.39,0
-0.700221,7.57,0
-0.700221,7.75,0
-0.700221,7.93,0
-0.700221,8.11,0
-0.700221,8.29,0
-0.700221,8.47,0
-0.700221,8.65,0
-0.700221,8.83,0
-0.700221,9.01,0
-0.700221,9.19,0
-0.700221,9.37,0
-0.700221,9.55,0
-0.700221,9.73,0
-0.700221,9.91,0
-0.692933,1.09,0
-0.692933,1.27,0
-0.692933,1.45,0
-0.692933,1.63,0
-0.692933,1.81,0
-0.692933,1.99,0
-0.692933,2.17,0
-0.692933,2.35,0
-0.692933,2.53,0
-0.692933,2.71,0
-0.692933,2.89,0
-0.692933,3.07,0
-0.692933,3.25,0
-0.692933,3.43,0
-0.692933,3.61,0
-0.692933,3.79,0
-0.692933,3.97,0
-0.692933,4.15,0
-0.692933,4.33,0
-0.692933,4.51,0
-0.692933,4.69,0
-0.692933,4.87,0
-0.692933,5.05,0
-0.692933,5.23,0
-0.692933,5.41,0
-0.692933,5.59,0
-0.692933,5.77,0
-0.692933,5.95,0
-0.692933,6.13,0
-0.692933,6.31,0
-0.692933,6.49,0
-0.692933,6.67,0
-0.692933,6.85,0
-0.692933,7.03,0
-0.692933,7.21,0
-0.692933,7.39,0
-0.692933,7.57,0
-0.692933,7.75,0
-0.692933,7.93,0
-0.692933,8.11,0
-0.692933,8.29,0
-0.692933,8.47,0
-0.692933,8.65,0
-0.692933,8.83,0
-0.692933,9.01,0
-0.692933,9.19,0
-0.692933,9.37,0
-0.692933,9.55,0
-0.692933,9.73,0
-0.692933,9.91,0
-0.685645,1.09,0
-0.685645,1.27,0
-0.685645,1.45,0
-0.685645,1.63,0
-0.685645,1.81,0
-0.685645,1.99,0
-0.685645,2.17,0
-0.685645,2.35,0
-0.685645,2.53,0
-0.685645,2.71,0
-0.685645,2.89,0
-0.685645,3.07,0
-0.685645,3.25,0
-0.685645,3.43,0
-0.685645,3.61,0
-0.685645,3.79,0
-0.685645,3.97,0
-0.685645,4.15,0
-0.685645,4.33,0
-0.685645,4.51,0
-0.685645,4.69,0
-0.685645,4.87,0
-0.685645,5.05,0
-0.685645,5.23,0
-0.685645,5.41,0
-0.685645,5.59,0
-0.685645,5.77,0
-0.685645,5.95,0
-0.685645,6.13,0
-0.685645,6.31,0
-0.685645,6.49,0
-0.685645,6.67,0
-0.685645,6.85,0
-0.685645,7.03,0
-0.685645,7.21,0
-0.685645,7.39,0
-0.685645,7.57,0
-0.685645,7.75,0
-0.685645,7.93,0
-0.685645,8.11,0
-0.685645,8.29,0
-0.685645,8.47,0
-0.685645,8.65,0
-0.685645,8.83,0
-0.685645,9.01,0
-0.685645,9.19,0
-0.685645,9.37,0
-0.685645,9.55,0
-0.685645,9.73,0
-0.685645,9.91,0
-0.678356,1.09,0
-0.678356,1.27,0
-0.678356,1.45,0
-0.678356,1.63,0
-0.678356,1.81,0
-0.678356,1.99,0
-0.678356,2.17,0
-0.678356,2.35,0
-0.678356,2.53,0
-0.678356,2.71,0
-0.678356,2.89,0
-0.678356,3.07,0
-0.678356,3.25,0
-0.678356,3.43,0
-0.678356,3.61,0
-0.678356,3.79,0
-0.678356,3.97,0
-0.678356,4.15,0
-0.678356,4.33,0
-0.678356,4.51,0
-0.678356,4.69,0
-0.678356,4.87,0
-0.678356,5.05,0
-0.678356,5.23,0
-0.678356,5.41,0
-0.678356,5.59,0
-0.678356,5.77,0
-0.678356,5.95,0
-0.678356,6.13,0
-0.678356,6.31,0
-0.678356,6.49,0
-0.678356,6.67,0
-0.678356,6.85,0
-0.678356,7.03,0
-0.678356,7.21,0
-0.678356,7.39,0
-0.678356,7.57,0
-0.678356,7.75,0
-0.678356,7.93,0
-0.678356,8.11,0
-0.678356,8.29,0
-0.678356,8.47,0
-0.678356,8.65,0
-0.678356,8.83,0
-0.678356,9.01,0
-0.678356,9.19,0
-0.678356,9.37,0
-0.678356,9.55,0
-0.678356,9.73,0
-0.678356,9.91,0
-0.671068,1.09,0
-0.671068,1.27,0
-0.671068,1.45,0
-0.671068,1.63,0
-0.671068,1.81,0
-0.671068,1.99,0
-0.671068,2.17,0
-0.671068,2.35,0
-0.671068,2.53,0
-0.671068,2.71,0
-0.671068,2.89,0
-0.671068,3.07,0
-0.671068,3.25,0
-0.671068,3.43,0
-0.671068,3.61,0
-0.671068,3.79,0
-0.671068,3.97,0
-0.671068,4.15,0
-0.671068,4.33,0
-0.671068,4.51,0
-0.671068,4.69,0
-0.671068,4.87,0
-0.671068,5.05,0
-0.671068,5.23,0
-0.671068,5.41,0
-0.671068,5.59,0
-0.671068,5.77,0
-0.671068,5.95,0
-0.671068,6.13,0
-0.671068,6.31,0
-0.671068,6.49,0
-0.671068,6.67,0
-0.671068,6.85,0
-0.671068,7.03,0
-0.671068,7.21,0
-0.671068,7.39,0
-0.671068,7.57,0
-0.671068,7.75,0
-0.671068,7.93,0
-0.671068,8.11,0
-0.671068,8.29,0
-0.671068,8.47,0
-0.671068,8.65,0
-0.671068,8.83,0
-0.671068,9.01,0
-0.671068,9.19,0
-0.671068,9.37,0
-0.671068,9.55,0
-0.671068,9.73,0
-0.671068,9.91,0
-0.66378,1.09,0
-0.66378,1.27,0
-0.66378,1.45,0
-0.66378,1.63,0
-0.66378,1.81,0
-0.66378,1.99,0
-0.66378,2.17,0
-0.66378,2.35,0
-0.66378,2.53,0
-0.66378,2.71,0
-0.66378,2.89,0
-0.66378,3.07,0
-0.66378,3.25,0
-0.66378,3.43,0
-0.66378,3.61,0
-0.66378,3.79,0
-0.66378,3.97,0
-0.66378,4.15,0
-0.66378,4.33,0
-0.66378,4.51,0
-0.66378,4.69,0
-0.66378,4.87,0
-0.66378,5.05,0
-0.66378,5.23,0
-0.66378,5.41,0
-0.66378,5.59,0
-0.66378,5.77,0
-0.66378,5.95,0
-0.66378,6.13,0
-0.66378,6.31,0
-0.66378,6.49,0
-0.66378,6.67,0
-0.66378,6.85,0
-0.66378,7.03,0
-0.66378,7.21,0
-0.66378,7.39,0
-0.66378,7.57,0
-0.66378,7.75,0
-0.66378,7.93,0
-0.66378,8.11,0
-0.66378,8.29,0
-0.66378,8.47,0
-0.66378,8.65,0
-0.66378,8.83,0
-0.66378,9.01,0
-0.66378,9.19,0
-0.66378,9.37,0
-0.66378,9.55,0
-0.66378,9.73,0
-0.66378,9.91,0
-0.656492,1.09,0
-0.656492,1.27,0
-0.656492,1.45,0
-0.656492,1.63,0
-0.656492,1.81,0
-0.656492,1.99,0
-0.656492,2.17,0
-0.656492,2.35,0
-0.656492,2.53,0
-0.656492,2.71,0
-0.656492,2.89,0
-0.656492,3.07,0
-0.656492,3.25,0
-0.656492,3.43,0
-0.656492,3.61,0
-0.656492,3.79,0
-0.656492,3.97,0
-0.656492,4.15,0
-0.656492,4.33,0
-0.656492,4.51,0
-0.656492,4.69,0
-0.656492,4.87,0
-0.656492,5.05,0
-0.656492,5.23,0
-0.656492,5.41,0
-0.656492,5.59,0
-0.656492,5.77,0
-0.656492,5.95,0
-0.656492,6.13,0
-0.656492,6.31,0
-0.656492,6.49,0
-0.656492,6.67,0
-0.656492,6.85,0
-0.656492,7.03,0
-0.656492,7.21,0
-0.656492,7.39,0
-0.656492,7.57,0
-0.656492,7.75,0
-0.656492,7.93,0
-0.656492,8.11,0
-0.656492,8.29,0
-0.656492,8.47,0
-0.656492,8.65,0
-0.656492,8.83,0
-0.656492,9.01,0
-0.656492,9.19,0
-0.656492,9.37,0
-0.656492,9.55,0
-0.656492,9.73,0
-0.656492,9.91,0
-0.649204,1.09,0
-0.649204,1.27,0
-0.649204,1.45,0
-0.649204,1.63,0
-0.649204,1.81,0
-0.649204,1.99,0
-0.649204,2.17,0
-0.649204,2.35,0
-0.649204,2.53,0
-0.649204,2.71,0
-0.649204,2.89,0
-0.649204,3.07,0
-0.649204,3.25,0
-0.649204,3.43,0
-0.649204,3.61,0
-0.649204,3.79,0
-0.649204,3.97,0
-0.649204,4.15,0
-0.649204,4.33,0
-0.649204,4.51,0
-0.649204,4.69,0
-0.649204,4.87,0
-0.649204,5.05,0
-0.649204,5.23,0
-0.649204,5.41,0
-0.649204,5.59,0
-0.649204,5.77,0
-0.649204,5.95,0
-0.649204,6.13,0
-0.649204,6.31,0
-0.649204,6.49,0
-0.649204,6.67,0
-0.649204,6.85,0
-0.649204,7.03,0
-0.649204,7.21,0
-0.649204,7.39,0
-0.649204,7.57,0
-0.649204,7.75,0
-0.649204,7.93,0
-0.649204,8.11,0
-0.649204,8.29,0
-0.649204,8.47,0
-0.649204,8.65,0
-0.649204,8.83,0
-0.649204,9.01,0
-0.649204,9.19,0
-0.649204,9.37,0
-0.649204,9.55,0
-0.649204,9.73,0
-0.649204,9.91,0
-0.641916,1.09,0
-0.641916,1.27,0
-0.641916,1.45,0
-0.641916,1.63,0
-0.641916,1.81,0
-0.641916,1.99,0
-0.641916,2.17,0
-0.641916,2.35,0
-0.641916,2.53,0
-0.641916,2.71,0
-0.641916,2.89,0
-0.641916,3.07,0
-0.641916,3.25,0
-0.641916,3.43,0
-0.641916,3.61,0
-0.641916,3.79,0
-0.641916,3.97,0
-0.641916,4.15,0
-0.641916,4.33,0
-0.641916,4.51,0
-0.641916,4.69,0
-0.641916,4.87,0
-0.641916,5.05,0
-0.641916,5.23,0
-0.641916,5.41,0
-0.641916,5.59,0
-0.641916,5.77,0
-0.641916,5.95,0
-0.641916,6.13,0
-0.641916,6.31,0
-0.641916,6.49,0
-0.641916,6.67,0
-0.641916,6.85,0
-0.641916,7.03,0
-0.641916,7.21,0
-0.641916,7.39,0
-0.641916,7.57,0
-0.641916,7.75,0
-0.641916,7.93,0
-0.641916,8.11,0
-0.641916,8.29,0
-0.641916,8.47,0
-0.641916,8.65,0
-0.641916,8.83,0
-0.641916,9.01,0
-0.641916,9.19,0
-0.641916,9.37,0
-0.641916,9.55,0
-0.641916,9.73,0
-0.641916,9.91,0
-0.634628,1.09,0
-0.634628,1.27,0
-0.634628,1.45,0
-0.634628,1.63,0
-0.634628,1.81,0
-0.634628,1.99,0
-0.634628,2.17,0
-0.634628,2.35,0
-0.634628,2.53,0
-0.634628,2.71,0
-0.634628,2.89,0
-0.634628,3.07,0
-0.634628,3.25,0
-0.634628,3.43,0
-0.634628,3.61,0
-0.634628,3.79,0
-0.634628,3.97,0
-0.634628,4.15,0
-0.634628,4.33,0
-0.634628,4.51,0
-0.634628,4.69,0
-0.634628,4.87,0
-0.634628,5.05,0
-0.634628,5.23,0
-0.634628,5.41,0
-0.634628,5.59,0
-0.634628,5.77,0
-0.634628,5.95,0
-0.634628,6.13,0
-0.634628,6.31,0
-0.634628,6.49,0
-0.634628,6.67,0
-0.634628,6.85,0
-0.634628,7.03,0
-0.634628,7.21,0
-0.634628,7.39,0
-0.634628,7.57,0
-0.634628,7.75,0
-0.634628,7.93,0
-0.634628,8.11,0
-0.634628,8.29,0
-0.634628,8.47,0
-0.634628,8.65,0
-0.634628,8.83,0
-0.634628,9.01,0
-0.634628,9.19,0
-0.634628,9.37,0
-0.634628,9.55,0
-0.634628,9.73,0
-0.634628,9.91,0
-0.62734,1.09,0
-0.62734,1.27,0
-0.62734,1.45,0
-0.62734,1.63,0
-0.62734,1.81,0
-0.62734,1.99,0
-0.62734,2.17,0
-0.62734,2.35,0
-0.62734,2.53,0
-0.62734,2.71,0
-0.62734,2.89,0
-0.62734,3.07,0
-0.62734,3.25,0
-0.62734,3.43,0
-0.62734,3.61,0
-0.62734,3.79,0
-0.62734,3.97,0
-0.62734,4.15,0
-0.62734,4.33,0
-0.62734,4.51,0
-0.62734,4.69,0
-0.62734,4.87,0
-0.62734,5.05,0
-0.62734,5.23,0
-0.62734,5.41,0
-0.62734,5.59,0
-0.62734,5.77,0
-0.62734,5.95,0
-0.62734,6.13,0
-0.62734,6.31,0
-0.62734,6.49,0
-0.62734,6.67,0
-0.62734,6.85,0
-0.62734,7.03,0
-0.62734,7.21,0
-0.62734,7.39,0
-0.62734,7.57,0
-0.62734,7.75,0
-0.62734,7.93,0
-0.62734,8.11,0
-0.62734,8.29,0
-0.62734,8.47,0
-0.62734,8.65,0
-0.62734,8.83,0
-0.62734,9.01,0
-0.62734,9.19,0
-0.62734,9.37,0
-0.62734,9.55,0
-0.62734,9.73,0
-0.62734,9.91,0
