-0.984455,1.09,0
-0.984455,1.27,0
-0.984455,1.45,0
-0.984455,1.63,0
-0.984455,1.81,0
-0.984455,1.99,0
-0.984455,2.17,0
-0.984455,2.35,0
-0.984455,2.53,0
-0.984455,2.71,0
-0.984455,2.89,0
-0.984455,3.07,0
-0.984455,3.25,0
-0.984455,3.43,0
-0.984455,3.61,0
-0.984455,3.79,0
-0.984455,3.97,0
-0.984455,4.15,0
-0.984455,4.33,0
-0.984455,4.51,0
-0.984455,4.69,0
-0.984455,4.87,0
-0.984455,5.05,0
-0.984455,5.23,0
-0.984455,5.41,0
-0.984455,5.59,0
-0.984455,5.77,0
-0.984455,5.95,0
-0.984455,6.13,0
-0.984455,6.31,0
-0.984455,6.49,0
-0.984455,6.67,0
-0.984455,6.85,0
-0.984455,7.03,0
-0.984455,7.21,0
-0.984455,7.39,0
-0.984455,7.57,0
-0.984455,7.75,0
-0.984455,7.93,0
-0.984455,8.11,0
-0.984455,8.29,0
-0.984455,8.47,0
-0.984455,8.65,0
-0.984455,8.83,0
-0.984455,9.01,0
-0.984455,9.19,0
-0.984455,9.37,0
-0.984455,9.55,0
-0.984455,9.73,0
-0.984455,9.91,0
-0.977166,1.09,0
-0.977166,1.27,0
-0.977166,1.45,0
-0.977166,1.63,0
-0.977166,1.81,0
-0.977166,1.99,0
-0.977166,2.17,0
-0.977166,2.35,0
-0.977166,2.53,0
-0.977166,2.71,0
-0.977166,2.89,0
-0.977166,3.07,0
-0.977166,3.25,0
-0.977166,3.43,0
-0.977166,3.61,0
-0.977166,3.79,0
-0.977166,3.97,0
-0.977166,4.15,0
-0.977166,4.33,0
-0.977166,4.51,0
-0.977166,4.69,0
-0.977166,4.87,0
-0.977166,5.05,0
-0.977166,5.23,0
-0.977166,5.41,0
-0.977166,5.59,0
-0.977166,5.77,0
-0.977166,5.95,0
-0.977166,6.13,0
-0.977166,6.31,0
-0.977166,6.49,0
-0.977166,6.67,0
-0.977166,6.85,0
-0.977166,7.03,0
-0.977166,7.21,0
-0.977166,7.39,0
-0.977166,7.57,0
-0.977166,7.75,0
-0.977166,7.93,0
-0.977166,8.11,0
-0.977166,8.29,0
-0.977166,8.47,0
-0.977166,8.65,0
-0.977166,8.83,0
-0.977166,9.01,0
-0.977166,9.19,0
-0.977166,9.37,0
-0.977166,9.55,0
-0.977166,9.73,0
-0.977166,9.91,0
-0.969878,1.09,0
-0.969878,1.27,0
-0.969878,1.45,0
-0.969878,1.63,0
-0.969878,1.81,0
-0.969878,1.99,0
-0.969878,2.17,0
-0.969878,2.35,0
-0.969878,2.53,0
-0.969878,2.71,0
-0.969878,2.89,0
-0.969878,3.07,0
-0.969878,3.25,0
-0.969878,3.43,0
-0.969878,3.61,0
-0.969878,3.79,0
-0.969878,3.97,0
-0.969878,4.15,0
-0.969878,4.33,0
-0.969878,4.51,0
-0.969878,4.69,0
-0.969878,4.87,0
-0.969878,5.05,0
-0.969878,5.23,0
-0.969878,5.41,0
-0.969878,5.59,0
-0.969878,5.77,0
-0.969878,5.95,0
-0.969878,6.13,0
-0.969878,6.31,0
-0.969878,6.49,0
-0.969878,6.67,0
-0.969878,6.85,0
-0.969878,7.03,0
-0.969878,7.21,0
-0.969878,7.39,0
-0.969878,7.57,0
-0.969878,7.75,0
-0.969878,7.93,0
-0.969878,8.11,0
-0.969878,8.29,0
-0.969878,8.47,0
-0.969878,8.65,0
-0.969878,8.83,0
-0.969878,9.01,0
-0.969878,9.19,0
-0.969878,9.37,0
-0.969878,9.55,0
-0.969878,9.73,0
-0.969878,9.91,0
-0.96259,1.09,0
-0.96259,1.27,0
-0.96259,1.45,0
-0.96259,1.63,0
-0.96259,1.81,0
-0.96259,1.99,0
-0.96259,2.17,0
-0.96259,2.35,0
-0.96259,2.53,0
-0.96259,2.71,0
-0.96259,2.89,0
-0.96259,3.07,0
-0.96259,3.25,0
-0.96259,3.43,0
-0.96259,3.61,0
-0.96259,3.79,0
-0.96259,3.97,0
-0.96259,4.15,0
-0.96259,4.33,0
-0.96259,4.51,0
-0.96259,4.69,0
-0.96259,4.87,0
-0.96259,5.05,0
-0.96259,5.23,0
-0.96259,5.41,0
-0.96259,5.59,0
-0.96259,5.77,0
-0.96259,5.95,0
-0.96259,6.13,0
-0.96259,6.31,0
-0.96259,6.49,0
-0.96259,6.67,0
-0.96259,6.85,0
-0.96259,7.03,0
-0.96259,7.21,0
-0.96259,7.39,0
-0.96259,7.57,0
-0.96259,7.75,0
-0.96259,7.93,0
-0.96259,8.11,0
-0.96259,8.29,0
-0.96259,8.47,0
-0.96259,8.65,0
-0.96259,8.83,0
-0.96259,9.01,0
-0.96259,9.19,0
-0.96259,9.37,0
-0.96259,9.55,0
-0.96259,9.73,0
-0.96259,9.91,0
-0.955302,1.09,-0.0132653
-0.955302,1.27,-0.0152684
-0.955302,1.45,-0.11873
-0.955302,1.63,0.112704
-0.955302,1.81,0.0409017
-0.955302,1.99,-0.0189898
-0.955302,2.17,0.00486488
-0.955302,2.35,0.0303996
-0.955302,2.53,0.104019
-0.955302,2.71,0.135967
-0.955302,2.89,-0.278661
-0.955302,3.07,-0.205788
-0.955302,3.25,-0.0552979
-0.955302,3.43,0.1796
-0.955302,3.61,0.298669
-0.955302,3.79,0.277018
-0.955302,3.97,0.242413
-0.955302,4.15,0.234184
-0.955302,4.33,0.271025
-0.955302,4.51,0.433329
-0.955302,4.69,1.09561
-0.955302,4.87,-0.155591
-0.955302,5.05,-0.133338
-0.955302,5.23,-0.10205
-0.955302,5.41,-0.0856109
-0.955302,5.59,-0.0773849
-0.955302,5.77,-0.0739922
-0.955302,5.95,-0.0740801
-0.955302,6.13,-0.0771943
-0.955302,6.31,-0.0835101
-0.955302,6.49,-0.0938288
-0.955302,6.67,-0.109926
-0.955302,6.85,-0.135225
-0.955302,7.03,-0.176565
-0.955302,7.21,-0.248348
-0.955302,7.39,-0.380429
-0.955302,7.57,-0.613452
-0.955302,7.75,-0.829464
-0.955302,7.93,-0.651007
-0.955302,8.11,-0.357428
-0.955302,8.29,-0.194519
-0.955302,8.47,-0.115434
-0.955302,8.65,-0.074714
-0.955302,8.83,-0.051999
-0.955302,9.01,-0.0384314
-0.955302,9.19,-0.0298533
-0.955302,9.37,-0.0241708
-0.955302,9.55,-0.0202685
-0.955302,9.73,-0.0175095
-0.955302,9.91,-0.0155126
-0.948014,1.09,0.0115168
-0.948014,1.27,-0.0451537
-0.948014,1.45,-0.126993
-0.948014,1.63,-0.0222388
-0.948014,1.81,0.0851755
-0.948014,1.99,-0.00881913
-0.948014,2.17,0.0529305
-0.948014,2.35,0.0955056
-0.948014,2.53,0.199943
-0.948014,2.71,-0.117109
-0.948014,2.89,-0.604951
-0.948014,3.07,-0.274045
-0.948014,3.25,0.125123
-0.948014,3.43,0.63243
-0.948014,3.61,0.76253
-0.948014,3.79,0.605183
-0.948014,3.97,0.469474
-0.948014,4.15,0.402615
-0.948014,4.33,0.393342
-0.948014,4.51,0.326785
-0.948014,4.69,-1.9568
-0.948014,4.87,-0.753892
-0.948014,5.05,-0.404435
-0.948014,5.23,-0.291151
-0.948014,5.41,-0.24356
-0.948014,5.59,-0.222823
-0.948014,5.77,-0.216137
-0.948014,5.95,-0.218971
-0.948014,6.13,-0.229862
-0.948014,6.31,-0.249153
-0.948014,6.49,-0.278765
-0.948014,6.67,-0.322961
-0.948014,6.85,-0.389614
-0.948014,7.03,-0.493417
-0.948014,7.21,-0.661518
-0.948014,7.39,-0.932947
-0.948014,7.57,-1.28046
-0.948014,7.75,-1.32473
-0.948014,7.93,-0.842262
-0.948014,8.11,-0.41193
-0.948014,8.29,-0.193835
-0.948014,8.47,-0.0918383
-0.948014,8.65,-0.0423056
-0.948014,8.83,-0.017075
-0.948014,9.01,-0.00386098
-0.948014,9.19,0.00309717
-0.948014,9.37,0.0066602
-0.948014,9.55,0.0082949
-0.948014,9.73,0.00880631
-0.948014,9.91,0.00865407
-0.940726,1.09,0.0332276
-0.940726,1.27,-0.0783501
-0.940726,1.45,-0.0729971
-0.940726,1.63,-0.0836433
-0.940726,1.81,0.133925
-0.940726,1.99,-0.00315388
-0.940726,2.17,0.0828843
-0.940726,2.35,0.101002
-0.940726,2.53,0.181043
-0.940726,2.71,-0.542222
-0.940726,2.89,-0.579213
-0.940726,3.07,-0.164799
-0.940726,3.25,0.336158
-0.940726,3.43,0.937628
-0.940726,3.61,0.967702
-0.940726,3.79,0.667231
-0.940726,3.97,0.433166
-0.940726,4.15,0.260731
-0.940726,4.33,-0.00623361
-0.940726,4.51,-1.40722
-0.940726,4.69,-2.37056
-0.940726,4.87,-0.877842
-0.940726,5.05,-0.492266
-0.940726,5.23,-0.359946
-0.940726,5.41,-0.305289
-0.940726,5.59,-0.28323
-0.940726,5.77,-0.278374
-0.940726,5.95,-0.285215
-0.940726,6.13,-0.302007
-0.940726,6.31,-0.329192
-0.940726,6.49,-0.369053
-0.940726,6.67,-0.426473
-0.940726,6.85,-0.509999
-0.940726,7.03,-0.634082
-0.940726,7.21,-0.819945
-0.940726,7.39,-1.0743
-0.940726,7.57,-1.26872
-0.940726,7.75,-1.04416
-0.940726,7.93,-0.531959
-0.940726,8.11,-0.190125
-0.940726,8.29,-0.0335904
-0.940726,8.47,0.0323887
-0.940726,8.65,0.0592174
-0.940726,8.83,0.0688699
-0.940726,9.01,0.0706773
-0.940726,9.19,0.0688883
-0.940726,9.37,0.0655201
-0.940726,9.55,0.0615196
-0.940726,9.73,0.0573557
-0.940726,9.91,0.0532607
-0.933438,1.09,0.0402196
-0.933438,1.27,-0.0275622
-0.933438,1.45,-0.042885
-0.933438,1.63,-0.0765249
-0.933438,1.81,0.220963
-0.933438,1.99,-0.00735942
-0.933438,2.17,0.0927233
-0.933438,2.35,0.0891577
-0.933438,2.53,0.134658
-0.933438,2.71,-0.848409
-0.933438,2.89,-0.465109
-0.933438,3.07,-0.0443946
-0.933438,3.25,0.517817
-0.933438,3.43,1.17096
-0.933438,3.61,1.03592
-0.933438,3.79,0.576155
-0.933438,3.97,0.233186
-0.933438,4.15,-0.0988304
-0.933438,4.33,-0.786346
-0.933438,4.51,-2.58279
-0.933438,4.69,-1.76158
-0.933438,4.87,-0.77578
-0.933438,5.05,-0.461905
-0.933438,5.23,-0.345521
-0.933438,5.41,-0.298093
-0.933438,5.59,-0.281134
-0.933438,5.77,-0.280648
-0.933438,5.95,-0.291515
-0.933438,6.13,-0.312153
-0.933438,6.31,-0.34304
-0.933438,6.49,-0.386349
-0.933438,6.67,-0.446461
-0.933438,6.85,-0.530461
-0.933438,7.03,-0.648429
-0.933438,7.21,-0.80811
-0.933438,7.39,-0.977611
-0.933438,7.57,-0.978099
-0.933438,7.75,-0.60709
-0.933438,7.93,-0.17697
-0.933438,8.11,0.048143
-0.933438,8.29,0.132779
-0.933438,8.47,0.157455
-0.933438,8.65,0.158998
-0.933438,8.83,0.151976
-0.933438,9.01,0.14208
-0.933438,9.19,0.13166
-0.933438,9.37,0.121678
-0.933438,9.55,0.112453
-0.933438,9.73,0.104062
-0.933438,9.91,0.096478
-0.92615,1.09,0.0315521
-0.92615,1.27,0.000516655
-0.92615,1.45,-0.0293645
-0.92615,1.63,-0.0633276
-0.92615,1.81,0.400148
-0.92615,1.99,-0.0131019
-0.92615,2.17,0.0980795
-0.92615,2.35,0.0727652
-0.92615,2.53,0.0691795
-0.92615,2.71,-0.981204
-0.92615,2.89,-0.352999
-0.92615,3.07,0.0723051
-0.92615,3.25,0.715935
-0.92615,3.43,1.41694
-0.92615,3.61,1.00039
-0.92615,3.79,0.352879
-0.92615,3.97,-0.104323
-0.92615,4.15,-0.607777
-0.92615,4.33,-1.53753
-0.92615,4.51,-2.3324
-0.92615,4.69,-1.28491
-0.92615,4.87,-0.621148
-0.92615,5.05,-0.380789
-0.92615,5.23,-0.288611
-0.92615,5.41,-0.253178
-0.92615,5.59,-0.243725
-0.92615,5.77,-0.248505
-0.92615,5.95,-0.263146
-0.92615,6.13,-0.286325
-0.92615,6.31,-0.318472
-0.92615,6.49,-0.36136
-0.92615,6.67,-0.418283
-0.92615,6.85,-0.493784
-0.92615,7.03,-0.5917
-0.92615,7.21,-0.703814
-0.92615,7.39,-0.763763
-0.92615,7.57,-0.588683
-0.92615,7.75,-0.163218
-0.92615,7.93,0.150365
-0.92615,8.11,0.264663
-0.92615,8.29,0.283411
-0.92615,8.47,0.270147
-0.92615,8.65,0.248509
-0.92615,8.83,0.226334
-0.92615,9.01,0.205942
-0.92615,9.19,0.187893
-0.92615,9.37,0.172146
-0.92615,9.55,0.15843
-0.92615,9.73,0.146448
-0.92615,9.91,0.135934
-0.918862,1.09,0.00847968
-0.918862,1.27,0.00407745
-0.918862,1.45,-0.0261791
-0.918862,1.63,-0.0557432
-0.918862,1.81,0.6072
-0.918862,1.99,-0.0178211
-0.918862,2.17,0.0651857
-0.918862,2.35,0.0547857
-0.918862,2.53,-0.0203888
-0.918862,2.71,-0.933649
-0.918862,2.89,-0.248664
-0.918862,3.07,0.187632
-0.918862,3.25,0.940768
-0.918862,3.43,1.64642
-0.918862,3.61,0.792837
-0.918862,3.79,-0.00201175
-0.918862,3.97,-0.518914
-0.918862,4.15,-1.08632
-0.918862,4.33,-1.8193
-0.918862,4.51,-1.78224
-0.918862,4.69,-0.918108
-0.918862,4.87,-0.447451
-0.918862,5.05,-0.267289
-0.918862,5.23,-0.199621
-0.918862,5.41,-0.177207
-0.918862,5.59,-0.175619
-0.918862,5.77,-0.185272
-0.918862,5.95,-0.202532
-0.918862,6.13,-0.226273
-0.918862,6.31,-0.256704
-0.918862,6.49,-0.294889
-0.918862,6.67,-0.342447
-0.918862,6.85,-0.400375
-0.918862,7.03,-0.464528
-0.918862,7.21,-0.508625
-0.918862,7.39,-0.437498
-0.918862,7.57,-0.112253
-0.918862,7.75,0.281294
-0.918862,7.93,0.443295
-0.918862,8.11,0.447664
-0.918862,8.29,0.405937
-0.918862,8.47,0.359247
-0.918862,8.65,0.317891
-0.918862,8.83,0.28326
-0.918862,9.01,0.254531
-0.918862,9.19,0.23062
-0.918862,9.37,0.210575
-0.918862,9.55,0.193602
-0.918862,9.73,0.179084
-0.918862,9.91,0.166551
-0.911574,1.09,-0.0301268
-0.911574,1.27,-0.004725
-0.911574,1.45,-0.0277595
-0.911574,1.63,-0.0517094
-0.911574,1.81,0.323958
-0.911574,1.99,-0.0181982
-0.911574,2.17,0.014748
-0.911574,2.35,0.0376008
-0.911574,2.53,-0.142467
-0.911574,2.71,-0.78875
-0.911574,2.89,-0.152315
-0.911574,3.07,0.305128
-0.911574,3.25,1.20587
-0.911574,3.43,1.77195
-0.911574,3.61,0.382111
-0.911574,3.79,-0.414442
-0.911574,3.97,-0.885899
-0.911574,4.15,-1.35463
-0.911574,4.33,-1.6962
-0.911574,4.51,-1.29389
-0.911574,4.69,-0.610792
-0.911574,4.87,-0.262616
-0.911574,5.05,-0.130097
-0.911574,5.23,-0.084902
-0.911574,5.41,-0.0749779
-0.911574,5.59,-0.0806185
-0.911574,5.77,-0.0940475
-0.911574,5.95,-0.112229
-0.911574,6.13,-0.134089
-0.911574,6.31,-0.159387
-0.911574,6.49,-0.188079
-0.911574,6.67,-0.219388
-0.911574,6.85,-0.249378
-0.911574,7.03,-0.263184
-0.911574,7.21,-0.212082
-0.911574,7.39,0.0205931
-0.911574,7.57,0.45288
-0.911574,7.75,0.70155
-0.911574,7.93,0.675812
-0.911574,8.11,0.575674
-0.911574,8.29,0.483377
-0.911574,8.47,0.411178
-0.911574,8.65,0.355974
-0.911574,8.83,0.313292
-0.911574,9.01,0.279623
-0.911574,9.19,0.252537
-0.911574,9.37,0.230367
-0.911574,9.55,0.211927
-0.911574,9.73,0.196372
-0.911574,9.91,0.18309
-0.904286,1.09,-0.111706
-0.904286,1.27,-0.0177877
-0.904286,1.45,-0.0294172
-0.904286,1.63,-0.0467552
-0.904286,1.81,0.0183367
-0.904286,1.99,-0.00981775
-0.904286,2.17,-0.0230985
-0.904286,2.35,0.0231298
-0.904286,2.53,-0.307761
-0.904286,2.71,-0.619667
-0.904286,2.89,-0.0619277
-0.904286,3.07,0.429077
-0.904286,3.25,1.52834
-0.904286,3.43,1.61022
-0.904286,3.61,-0.146557
-0.904286,3.79,-0.765182
-0.904286,3.97,-1.10497
-0.904286,4.15,-1.38624
-0.904286,4.33,-1.4024
-0.904286,4.51,-0.883189
-0.904286,4.69,-0.331008
-0.904286,4.87,-0.0663722
-0.904286,5.05,0.0273072
-0.904286,5.23,0.0520383
-0.904286,5.41,0.0503329
-0.904286,5.59,0.0384336
-0.904286,5.77,0.0226441
-0.904286,5.95,0.0055746
-0.904286,6.13,-0.0115544
-0.904286,6.31,-0.0277291
-0.904286,6.49,-0.0412023
-0.904286,6.67,-0.0476176
-0.904286,6.85,-0.0355333
-0.904286,7.03,0.0265505
-0.904286,7.21,0.220651
-0.904286,7.39,0.663137
-0.904286,7.57,1.08479
-0.904286,7.75,1.02964
-0.904286,7.93,0.802512
-0.904286,8.11,0.620834
-0.904286,8.29,0.497082
-0.904286,8.47,0.41234
-0.904286,8.65,0.35215
-0.904286,8.83,0.307723
-0.904286,9.01,0.273785
-0.904286,9.19,0.247107
-0.904286,9.37,0.225637
-0.904286,9.55,0.208012
-0.904286,9.73,0.193299
-0.904286,9.91,0.180843
-0.896998,1.09,-0.272661
-0.896998,1.27,-0.0273626
-0.896998,1.45,-0.0268645
-0.896998,1.63,-0.0369216
-0.896998,1.81,-0.0924622
-0.896998,1.99,0.0132945
-0.896998,2.17,-0.0494192
-0.896998,2.35,0.0131201
-0.896998,2.53,-0.519318
-0.896998,2.71,-0.460462
-0.896998,2.89,0.0248064
-0.896998,3.07,0.56424
-0.896998,3.25,1.92426
-0.896998,3.43,0.978303
-0.896998,3.61,-0.614617
-0.896998,3.79,-0.973636
-0.896998,3.97,-1.15986
-0.896998,4.15,-1.25634
-0.896998,4.33,-1.06362
-0.896998,4.51,-0.518551
-0.896998,4.69,-0.0578757
-0.896998,4.87,0.144444
-0.896998,5.05,0.204065
-0.896998,5.23,0.209244
-0.896998,5.41,0.196392
-0.896998,5.59,0.1791
-0.896998,5.77,0.162423
-0.896998,5.95,0.148713
-0.896998,6.13,0.139594
-0.896998,6.31,0.137349
-0.896998,6.49,0.146432
-0.896998,6.67,0.176991
-0.896998,6.85,0.253419
-0.896998,7.03,0.438183
-0.896998,7.21,0.873701
-0.896998,7.39,1.57349
-0.896998,7.57,1.64606
-0.896998,7.75,1.14525
-0.896998,7.93,0.772553
-0.896998,8.11,0.559412
-0.896998,8.29,0.433574
-0.896998,8.47,0.353798
-0.896998,8.65,0.299803
-0.896998,8.83,0.261244
-0.896998,9.01,0.232501
-0.896998,9.19,0.210321
-0.896998,9.37,0.19272
-0.896998,9.55,0.178432
-0.896998,9.73,0.166612
-0.896998,9.91,0.15668
-0.88971,1.09,-0.201315
-0.88971,1.27,-0.0251564
-0.88971,1.45,-0.0150134
-0.88971,1.63,-0.0199245
-0.88971,1.81,-0.122733
-0.88971,1.99,0.0595025
-0.88971,2.17,-0.0673278
-0.88971,2.35,0.00955912
-0.88971,2.53,-0.741221
-0.88971,2.71,-0.320917
-0.88971,2.89,0.109454
-0.88971,3.07,0.71582
-0.88971,3.25,2.37909
-0.88971,3.43,0.0482343
-0.88971,3.61,-0.898022
-0.88971,3.79,-1.03387
-0.88971,3.97,-1.08912
-0.88971,4.15,-1.03903
-0.88971,4.33,-0.716692
-0.88971,4.51,-0.169929
-0.88971,4.69,0.224424
-0.88971,4.87,0.37409
-0.88971,5.05,0.400232
-0.88971,5.23,0.384927
-0.88971,5.41,0.36046
-0.88971,5.59,0.338128
-0.88971,5.77,0.321794
-0.88971,5.95,0.313688
-0.88971,6.13,0.316176
-0.88971,6.31,0.333563
-0.88971,6.49,0.374743
-0.88971,6.67,0.459924
-0.88971,6.85,0.63862
-0.88971,7.03,1.04235
-0.88971,7.21,1.94379
-0.88971,7.39,2.72008
-0.88971,7.57,1.76046
-0.88971,7.75,0.936253
-0.88971,7.93,0.565362
-0.88971,8.11,0.388829
-0.88971,8.29,0.293866
-0.88971,8.47,0.237151
-0.88971,8.65,0.200403
-0.88971,8.83,0.175038
-0.88971,9.01,0.156643
-0.88971,9.19,0.142762
-0.88971,9.37,0.131942
-0.88971,9.55,0.123285
-0.88971,9.73,0.116208
-0.88971,9.91,0.11032
-0.882422,1.09,-0.141683
-0.882422,1.27,-0.00370986
-0.882422,1.45,0.0139713
-0.882422,1.63,0.00478224
-0.882422,1.81,-0.116491
-0.882422,1.99,0.141614
-0.882422,2.17,-0.0768222
-0.882422,2.35,0.015233
-0.882422,2.53,-0.863287
-0.882422,2.71,-0.201541
-0.882422,2.89,0.192374
-0.882422,3.07,0.889715
-0.882422,3.25,2.70774
-0.882422,3.43,-0.683704
-0.882422,3.61,-0.992524
-0.882422,3.79,-0.981514
-0.882422,3.97,-0.93726
-0.882422,4.15,-0.774703
-0.882422,4.33,-0.360534
-0.882422,4.51,0.188945
-0.882422,4.69,0.530031
-0.882422,4.87,0.626751
-0.882422,5.05,0.614848
-0.882422,5.23,0.575301
-0.882422,5.41,0.537039
-0.882422,5.59,0.508858
-0.882422,5.77,0.493219
-0.882422,5.95,0.492249
-0.882422,6.13,0.509413
-0.882422,6.31,0.552038
-0.882422,6.49,0.636094
-0.882422,6.67,0.799496
-0.882422,6.85,1.1438
-0.882422,7.03,1.97974
-0.882422,7.21,3.83695
-0.882422,7.39,3.0729
-0.882422,7.57,1.07059
-0.882422,7.75,0.436789
-0.882422,7.93,0.225835
-0.882422,8.11,0.139919
-0.882422,8.29,0.0994325
-0.882422,8.47,0.078214
-0.882422,8.65,0.0661678
-0.882422,8.83,0.0588831
-0.882422,9.01,0.054246
-0.882422,9.19,0.0511597
-0.882422,9.37,0.0490208
-0.882422,9.55,0.0474849
-0.882422,9.73,0.046346
-0.882422,9.91,0.0454771
-0.875134,1.09,-0.112515
-0.875134,1.27,0.0409392
-0.875134,1.45,0.0734496
-0.875134,1.63,0.0373194
-0.875134,1.81,-0.0892223
-0.875134,1.99,0.282631
-0.875134,2.17,-0.0762119
-0.875134,2.35,0.0345352
-0.875134,2.53,-0.780484
-0.875134,2.71,-0.100565
-0.875134,2.89,0.272659
-0.875134,3.07,1.09303
-0.875134,3.25,2.19783
-0.875134,3.43,-1.00702
-0.875134,3.61,-0.952934
-0.875134,3.79,-0.855093
-0.875134,3.97,-0.733608
-0.875134,4.15,-0.476112
-0.875134,4.33,0.0222693
-0.875134,4.51,0.585375
-0.875134,4.69,0.873465
-0.875134,4.87,0.904693
-0.875134,5.05,0.842639
-0.875134,5.23,0.770579
-0.875134,5.41,0.713294
-0.875134,5.59,0.675962
-0.875134,5.77,0.65887
-0.875134,5.95,0.663651
-0.875134,6.13,0.694767
-0.875134,6.31,0.762947
-0.875134,6.49,0.893104
-0.875134,6.67,1.14864
-0.875134,6.85,1.72448
-0.875134,7.03,3.36813
-0.875134,7.21,5.24616
-0.875134,7.39,0.817487
-0.875134,7.57,-0.0331454
-0.875134,7.75,-0.145033
-0.875134,7.93,-0.147149
-0.875134,8.11,-0.130265
-0.875134,8.29,-0.111642
-0.875134,8.47,-0.0950512
-0.875134,8.65,-0.0810397
-0.875134,8.83,-0.0693678
-0.875134,9.01,-0.0596556
-0.875134,9.19,-0.0515323
-0.875134,9.37,-0.0446869
-0.875134,9.55,-0.0388767
-0.875134,9.73,-0.0339094
-0.875134,9.91,-0.0296334
-0.867846,1.09,-0.0823308
-0.867846,1.27,0.106838
-0.867846,1.45,0.18719
-0.867846,1.63,0.0802107
-0.867846,1.81,-0.0503504
-0.867846,1.99,0.528702
-0.867846,2.17,-0.0637049
-0.867846,2.35,0.0750564
-0.867846,2.53,-0.551561
-0.867846,2.71,-0.0162661
-0.867846,2.89,0.348273
-0.867846,3.07,1.33438
-0.867846,3.25,0.367982
-0.867846,3.43,-1.0365
-0.867846,3.61,-0.832806
-0.867846,3.79,-0.680994
-0.867846,3.97,-0.491275
-0.867846,4.15,-0.137765
-0.867846,4.33,0.462087
-0.867846,4.51,1.05445
-0.867846,4.69,1.26977
-0.867846,4.87,1.20282
-0.867846,5.05,1.06624
-0.867846,5.23,0.946093
-0.867846,5.41,0.859189
-0.867846,5.59,0.804152
-0.867846,5.77,0.777051
-0.867846,5.95,0.777185
-0.867846,6.13,0.807507
-0.867846,6.31,0.877344
-0.867846,6.49,1.00906
-0.867846,6.67,1.25512
-0.867846,6.85,1.73541
-0.867846,7.03,1.87258
-0.867846,7.21,-2.02207
-0.867846,7.39,-1.34301
-0.867846,7.57,-0.855346
-0.867846,7.75,-0.6035
-0.867846,7.93,-0.45638
-0.867846,8.11,-0.361869
-0.867846,8.29,-0.296771
-0.867846,8.47,-0.249641
-0.867846,8.65,-0.214214
-0.867846,8.83,-0.18679
-0.867846,9.01,-0.165081
-0.867846,9.19,-0.147557
-0.867846,9.37,-0.133166
-0.867846,9.55,-0.121186
-0.867846,9.73,-0.111097
-0.867846,9.91,-0.102515
-0.860558,1.09,-0.0370124
-0.860558,1.27,0.184985
-0.860558,1.45,0.392009
-0.860558,1.63,0.143153
-0.860558,1.81,-0.00824263
-0.860558,1.99,0.881673
-0.860558,2.17,-0.0395516
-0.860558,2.35,0.151715
-0.860558,2.53,-0.313186
-0.860558,2.71,0.0525059
-0.860558,2.89,0.416015
-0.860558,3.07,1.62035
-0.860558,3.25,-0.984618
-0.860558,3.43,-0.918432
-0.860558,3.61,-0.66658
-0.860558,3.79,-0.472791
-0.860558,3.97,-0.210456
-0.860558,4.15,0.261864
-0.860558,4.33,1.01176
-0.860558,4.51,1.65034
-0.860558,4.69,1.72876
-0.860558,4.87,1.49238
-0.860558,5.05,1.23721
-0.860558,5.23,1.04285
-0.860558,5.41,0.907285
-0.860558,5.59,0.81596
-0.860558,5.77,0.75589
-0.860558,5.95,0.718178
-0.860558,6.13,0.693716
-0.860558,6.31,0.665808
-0.860558,6.49,0.58317
-0.860558,6.67,0.217495
-0.860558,6.85,-1.68347
-0.860558,7.03,-6.13915
-0.860558,7.21,-3.74849
-0.860558,7.39,-1.97566
-0.860558,7.57,-1.22918
-0.860558,7.75,-0.858181
-0.860558,7.93,-0.64556
-0.860558,8.11,-0.51104
-0.860558,8.29,-0.419736
-0.860558,8.47,-0.354478
-0.860558,8.65,-0.305963
-0.860558,8.83,-0.268765
-0.860558,9.01,-0.239567
-0.860558,9.19,-0.216178
-0.860558,9.37,-0.197099
-0.860558,9.55,-0.181314
-0.860558,9.73,-0.168096
-0.860558,9.91,-0.156914
-0.85327,1.09,0.0188621
-0.85327,1.27,0.240553
-0.85327,1.45,0.400361
-0.85327,1.63,0.254815
-0.85327,1.81,0.0305438
-0.85327,1.99,0.32234
-0.85327,2.17,-0.00896088
-0.85327,2.35,0.299613
-0.85327,2.53,-0.127844
-0.85327,2.71,0.105789
-0.85327,2.89,0.470537
-0.85327,3.07,1.92807
-0.85327,3.25,-1.22006
-0.85327,3.43,-0.734943
-0.85327,3.61,-0.471013
-0.85327,3.79,-0.23323
-0.85327,3.97,0.121064
-0.85327,4.15,0.769076
-0.85327,4.33,1.77962
-0.85327,4.51,2.46656
-0.85327,4.69,2.22038
-0.85327,4.87,1.66932
-0.85327,5.05,1.22935
-0.85327,5.23,0.927647
-0.85327,5.41,0.717183
-0.85327,5.59,0.557923
-0.85327,5.77,0.419095
-0.85327,5.95,0.271531
-0.85327,6.13,0.0714033
-0.85327,6.31,-0.273113
-0.85327,6.49,-0.992572
-0.85327,6.67,-2.64587
-0.85327,6.85,-5.25693
-0.85327,7.03,-5.09711
-0.85327,7.21,-3.14403
-0.85327,7.39,-1.91888
-0.85327,7.57,-1.27322
-0.85327,7.75,-0.911506
-0.85327,7.93,-0.691836
-0.85327,8.11,-0.548945
-0.85327,8.29,-0.450864
-0.85327,8.47,-0.380582
-0.85327,8.65,-0.328449
-0.85327,8.83,-0.288678
-0.85327,9.01,-0.25767
-0.85327,9.19,-0.233025
-0.85327,9.37,-0.213091
-0.85327,9.55,-0.196743
-0.85327,9.73,-0.183179
-0.85327,9.91,-0.171812
-0.845982,1.09,0.053156
-0.845982,1.27,0.217526
-0.845982,1.45,-0.323924
-0.845982,1.63,0.518769
-0.845982,1.81,0.0614221
-0.845982,1.99,-0.382355
-0.845982,2.17,0.0164075
-0.845982,2.35,0.619219
-0.845982,2.53,-0.00322722
-0.845982,2.71,0.139364
-0.845982,2.89,0.500467
-0.845982,3.07,2.05965
-0.845982,3.25,-0.996196
-0.845982,3.43,-0.514667
-0.845982,3.61,-0.246224
-0.845982,3.79,0.0483165
-0.845982,3.97,0.536492
-0.845982,4.15,1.49421
-0.845982,4.33,3.05984
-0.845982,4.51,3.64968
-0.845982,4.69,2.48376
-0.845982,4.87,1.39206
-0.845982,5.05,0.738496
-0.845982,5.23,0.334776
-0.845982,5.41,0.0463621
-0.845982,5.59,-0.201608
-0.845982,5.77,-0.460453
-0.845982,5.95,-0.781403
-0.845982,6.13,-1.23557
-0.845982,6.31,-1.93157
-0.845982,6.49,-2.98175
-0.845982,6.67,-4.19032
-0.845982,6.85,-4.53835
-0.845982,7.03,-3.57665
-0.845982,7.21,-2.39322
-0.845982,7.39,-1.57066
-0.845982,7.57,-1.06798
-0.845982,7.75,-0.760342
-0.845982,7.93,-0.565231
-0.845982,8.11,-0.436233
-0.845982,8.29,-0.347766
-0.845982,8.47,-0.285082
-0.845982,8.65,-0.23941
-0.845982,8.83,-0.205332
-0.845982,9.01,-0.179406
-0.845982,9.19,-0.159347
-0.845982,9.37,-0.143587
-0.845982,9.55,-0.13105
-0.845982,9.73,-0.120971
-0.845982,9.91,-0.112796
-0.838694,1.09,0.0786387
-0.838694,1.27,0.345644
-0.838694,1.45,-0.236703
-0.838694,1.63,1.46492
-0.838694,1.81,0.067303
-0.838694,1.99,-0.259595
-0.838694,2.17,0.0447654
-0.838694,2.35,1.80841
-0.838694,2.53,-0.0438842
-0.838694,2.71,0.0924327
-0.838694,2.89,0.472471
-0.838694,3.07,1.90412
-0.838694,3.25,-0.587039
-0.838694,3.43,-0.220113
-0.838694,3.61,0.0845579
-0.838694,3.79,0.51916
-0.838694,3.97,1.35872
-0.838694,4.15,3.38474
-0.838694,4.33,7.67173
-0.838694,4.51,5.02784
-0.838694,4.69,0.798381
-0.838694,4.87,-0.547772
-0.838694,5.05,-1.07463
-0.838694,5.23,-1.37854
-0.838694,5.41,-1.62724
-0.838694,5.59,-1.88435
-0.838694,5.77,-2.18302
-0.838694,5.95,-2.54708
-0.838694,6.13,-2.98582
-0.838694,6.31,-3.46809
-0.838694,6.49,-3.8652
-0.838694,6.67,-3.91426
-0.838694,6.85,-3.40261
-0.838694,7.03,-2.49784
-0.838694,7.21,-1.59992
-0.838694,7.39,-0.929009
-0.838694,7.57,-0.490043
-0.838694,7.75,-0.217259
-0.838694,7.93,-0.0502359
-0.838694,8.11,0.0520374
-0.838694,8.29,0.1144
-0.838694,8.47,0.152028
-0.838694,8.65,0.174122
-0.838694,8.83,0.186333
-0.838694,9.01,0.192244
-0.838694,9.19,0.194081
-0.838694,9.37,0.193252
-0.838694,9.55,0.190716
-0.838694,9.73,0.187108
-0.838694,9.91,0.182857
-0.831406,1.09,0.0859618
-0.831406,1.27,-0.00539793
-0.831406,1.45,-0.0201368
-0.831406,1.63,1.28713
-0.831406,1.81,0.0471218
-0.831406,1.99,-0.107125
-0.831406,2.17,0.0805683
-0.831406,2.35,2.63127
-0.831406,2.53,-0.160412
-0.831406,2.71,0.0411397
-0.831406,2.89,0.456803
-0.831406,3.07,0.787585
-0.831406,3.25,-0.315641
-0.831406,3.43,-0.0261444
-0.831406,3.61,0.290766
-0.831406,3.79,0.803571
-0.831406,3.97,1.89303
-0.831406,4.15,5.05693
-0.831406,4.33,10.7725
-0.831406,4.51,0.349096
-0.831406,4.69,-1.67927
-0.831406,4.87,-1.9871
-0.831406,5.05,-2.08542
-0.831406,5.23,-2.17237
-0.831406,5.41,-2.28672
-0.831406,5.59,-2.43917
-0.831406,5.77,-2.63125
-0.831406,5.95,-2.85821
-0.831406,6.13,-3.09628
-0.831406,6.31,-3.28228
-0.831406,6.49,-3.29208
-0.831406,6.67,-2.96565
-0.831406,6.85,-2.25655
-0.831406,7.03,-1.36359
-0.831406,7.21,-0.572306
-0.831406,7.39,-0.0180146
-0.831406,7.57,0.317414
-0.831406,7.75,0.501555
-0.831406,7.93,0.593266
-0.831406,8.11,0.631814
-0.831406,8.29,0.640238
-0.831406,8.47,0.632125
-0.831406,8.65,0.61529
-0.831406,8.83,0.594209
-0.831406,9.01,0.571543
-0.831406,9.19,0.548714
-0.831406,9.37,0.52645
-0.831406,9.55,0.505189
-0.831406,9.73,0.485144
-0.831406,9.91,0.466402
-0.824117,1.09,0.122864
-0.824117,1.27,-0.00719219
-0.824117,1.45,-0.0136312
-0.824117,1.63,-0.0349934
-0.824117,1.81,0.0651566
-0.824117,1.99,-0.111814
-0.824117,2.17,0.0956032
-0.824117,2.35,1.51844
-0.824117,2.53,-0.140337
-0.824117,2.71,0.0527431
-0.824117,2.89,0.509392
-0.824117,3.07,-0.39972
-0.824117,3.25,-0.255324
-0.824117,3.43,0.0143813
-0.824117,3.61,0.329454
-0.824117,3.79,0.866809
-0.824117,3.97,2.08388
-0.824117,4.15,5.97333
-0.824117,4.33,7.56753
-0.824117,4.51,-0.967547
-0.824117,4.69,-1.8818
-0.824117,4.87,-1.99859
-0.824117,5.05,-2.04372
-0.824117,5.23,-2.10843
-0.824117,5.41,-2.20828
-0.824117,5.59,-2.34614
-0.824117,5.77,-2.5188
-0.824117,5.95,-2.71569
-0.824117,6.13,-2.90443
-0.824117,6.31,-3.01061
-0.824117,6.49,-2.90612
-0.824117,6.67,-2.46138
-0.824117,6.85,-1.70196
-0.824117,7.03,-0.865214
-0.824117,7.21,-0.18971
-0.824117,7.39,0.251796
-0.824117,7.57,0.502767
-0.824117,7.75,0.629926
-0.824117,7.93,0.684396
-0.824117,8.11,0.69856
-0.824117,8.29,0.690776
-0.824117,8.47,0.671662
-0.824117,8.65,0.647195
-0.824117,8.83,0.620712
-0.824117,9.01,0.594134
-0.824117,9.19,0.568425
-0.824117,9.37,0.54402
-0.824117,9.55,0.521148
-0.824117,9.73,0.499882
-0.824117,9.91,0.480208
-0.816829,1.09,0.238771
-0.816829,1.27,-0.00749484
-0.816829,1.45,-0.00583444
-0.816829,1.63,-0.200305
-0.816829,1.81,0.0857502
-0.816829,1.99,-0.102029
-0.816829,2.17,0.111222
-0.816829,2.35,-0.0927933
-0.816829,2.53,-0.122318
-0.816829,2.71,0.0624924
-0.816829,2.89,0.57144
-0.816829,3.07,-0.575118
-0.816829,3.25,-0.199896
-0.816829,3.43,0.0504366
-0.816829,3.61,0.363611
-0.816829,3.79,0.926392
-0.816829,3.97,2.29434
-0.816829,4.15,7.05638
-0.816829,4.33,3.04683
-0.816829,4.51,-1.63789
-0.816829,4.69,-1.94724
-0.816829,4.87,-1.95581
-0.816829,5.05,-1.96849
-0.816829,5.23,-2.01729
-0.816829,5.41,-2.10395
-0.816829,5.59,-2.22594
-0.816829,5.77,-2.37596
-0.816829,5.95,-2.53773
-0.816829,6.13,-2.6706
-0.816829,6.31,-2.69158
-0.816829,6.49,-2.47678
-0.816829,6.67,-1.9385
-0.816829,6.85,-1.16838
-0.816829,7.03,-0.414507
-0.816829,7.21,0.142415
-0.816829,7.39,0.480448
-0.816829,7.57,0.657479
-0.816829,7.75,0.735763
-0.816829,7.93,0.758576
-0.816829,8.11,0.752113
-0.816829,8.29,0.730672
-0.816829,8.47,0.702337
-0.816829,8.65,0.671519
-0.816829,8.83,0.640582
-0.816829,9.01,0.610817
-0.816829,9.19,0.582797
-0.816829,9.37,0.556706
-0.816829,9.55,0.532598
-0.816829,9.73,0.510424
-0.816829,9.91,0.490083
-0.809541,1.09,0.140574
-0.809541,1.27,-0.0104639
-0.809541,1.45,-0.000166179
-0.809541,1.63,-0.173743
-0.809541,1.81,0.112013
-0.809541,1.99,-0.0894259
-0.809541,2.17,0.125372
-0.809541,2.35,-0.350641
-0.809541,2.53,-0.104967
-0.809541,2.71,0.0712431
-0.809541,2.89,0.639111
-0.809541,3.07,-0.509269
-0.809541,3.25,-0.150839
-0.809541,3.43,0.0807376
-0.809541,3.61,0.389917
-0.809541,3.79,0.974809
-0.809541,3.97,2.5109
-0.809541,4.15,7.87937
-0.809541,4.33,-0.173163
-0.809541,4.51,-1.91186
-0.809541,4.69,-1.91393
-0.809541,4.87,-1.86411
-0.809541,5.05,-1.85705
-0.809541,5.23,-1.89313
-0.809541,5.41,-1.96606
-0.809541,5.59,-2.06943
-0.809541,5.77,-2.19227
-0.809541,5.95,-2.31283
-0.809541,6.13,-2.38333
-0.809541,6.31,-2.31635
-0.809541,6.49,-2.0018
-0.809541,6.67,-1.40186
-0.809541,6.85,-0.660398
-0.809541,7.03,-0.0104375
-0.809541,7.21,0.428142
-0.809541,7.39,0.671517
-0.809541,7.57,0.783507
-0.809541,7.75,0.819582
-0.809541,7.93,0.815333
-0.809541,8.11,0.791371
-0.809541,8.29,0.758449
-0.809541,8.47,0.72245
-0.809541,8.65,0.686437
-0.809541,8.83,0.651931
-0.809541,9.01,0.619676
-0.809541,9.19,0.589908
-0.809541,9.37,0.562598
-0.809541,9.55,0.537645
-0.809541,9.73,0.514896
-0.809541,9.91,0.494178
-0.802253,1.09,0.0222611
-0.802253,1.27,-0.0131264
-0.802253,1.45,0.00286973
-0.802253,1.63,-0.132503
-0.802253,1.81,0.145073
-0.802253,1.99,-0.0760388
-0.802253,2.17,0.152186
-0.802253,2.35,-0.329347
-0.802253,2.53,-0.0911863
-0.802253,2.71,0.0785306
-0.802253,2.89,0.680858
-0.802253,3.07,-0.417393
-0.802253,3.25,-0.110675
-0.802253,3.43,0.107474
-0.802253,3.61,0.417891
-0.802253,3.79,1.03774
-0.802253,3.97,2.81055
-0.802253,4.15,7.29871
-0.802253,4.33,-1.47655
-0.802253,4.51,-1.92602
-0.802253,4.69,-1.81962
-0.802253,4.87,-1.75406
-0.802253,5.05,-1.7428
-0.802253,5.23,-1.77447
-0.802253,5.41,-1.83974
-0.802253,5.59,-1.93008
-0.802253,5.77,-2.03162
-0.802253,5.95,-2.11747
-0.802253,6.13,-2.13304
-0.802253,6.31,-1.98807
-0.802253,6.49,-1.59081
-0.802253,6.67,-0.954689
-0.802253,6.85,-0.261545
-0.802253,7.03,0.285683
-0.802253,7.21,0.622304
-0.802253,7.39,0.790267
-0.802253,7.57,0.853305
-0.802253,7.75,0.859192
-0.802253,7.93,0.836599
-0.802253,8.11,0.801489
-0.802253,8.29,0.761784
-0.802253,8.47,0.721671
-0.802253,8.65,0.683198
-0.802253,8.83,0.647271
-0.802253,9.01,0.614245
-0.802253,9.19,0.584123
-0.802253,9.37,0.556739
-0.802253,9.55,0.531896
-0.802253,9.73,0.509376
-0.802253,9.91,0.488964
-0.794965,1.09,0.00265713
-0.794965,1.27,-0.0154184
-0.794965,1.45,0.00384133
-0.794965,1.63,-0.101819
-0.794965,1.81,0.178381
-0.794965,1.99,-0.0627166
-0.794965,2.17,0.186791
-0.794965,2.35,-0.283271
-0.794965,2.53,-0.0788702
-0.794965,2.71,0.0847222
-0.794965,2.89,0.431177
-0.794965,3.07,-0.331874
-0.794965,3.25,-0.0754352
-0.794965,3.43,0.130495
-0.794965,3.61,0.441641
-0.794965,3.79,1.0982
-0.794965,3.97,3.1476
-0.794965,4.15,3.67946
-0.794965,4.33,-1.92602
-0.794965,4.51,-1.84437
-0.794965,4.69,-1.6979
-0.794965,4.87,-1.62909
-0.794965,5.05,-1.61663
-0.794965,5.23,-1.6442
-0.794965,5.41,-1.7009
-0.794965,5.59,-1.77647
-0.794965,5.77,-1.8541
-0.794965,5.95,-1.90193
-0.794965,6.13,-1.85984
-0.794965,6.31,-1.63937
-0.794965,6.49,-1.1756
-0.794965,6.67,-0.533283
-0.794965,6.85,0.0876856
-0.794965,7.03,0.528575
-0.794965,7.21,0.772313
-0.794965,7.39,0.875889
-0.794965,7.57,0.898682
-0.794965,7.75,0.880422
-0.794965,7.93,0.843544
-0.794965,8.11,0.800031
-0.794965,8.29,0.755446
-0.794965,8.47,0.712579
-0.794965,8.65,0.672647
-0.794965,8.83,0.636061
-0.794965,9.01,0.602854
-0.794965,9.19,0.57285
-0.794965,9.37,0.545776
-0.794965,9.55,0.521359
-0.794965,9.73,0.499332
-0.794965,9.91,0.47945
-0.787677,1.09,-0.00440245
-0.787677,1.27,-0.0163416
-0.787677,1.45,0.00352216
-0.787677,1.63,-0.0795542
-0.787677,1.81,0.131365
-0.787677,1.99,-0.0498763
-0.787677,2.17,0.227964
-0.787677,2.35,-0.240096
-0.787677,2.53,-0.0671861
-0.787677,2.71,0.0899419
-0.787677,2.89,-0.650475
-0.787677,3.07,-0.259308
-0.787677,3.25,-0.0448636
-0.787677,3.43,0.149024
-0.787677,3.61,0.458415
-0.787677,3.79,1.14767
-0.787677,3.97,3.44091
-0.787677,4.15,-0.328535
-0.787677,4.33,-1.98224
-0.787677,4.51,-1.71068
-0.787677,4.69,-1.5567
-0.787677,4.87,-1.49028
-0.787677,5.05,-1.47721
-0.787677,5.23,-1.49963
-0.787677,5.41,-1.54582
-0.787677,5.59,-1.60385
-0.787677,5.77,-1.65403
-0.787677,5.95,-1.65998
-0.787677,6.13,-1.55813
-0.787677,6.31,-1.26779
-0.787677,6.49,-0.758464
-0.787677,6.67,-0.140373
-0.787677,6.85,0.389926
-0.787677,7.03,0.725203
-0.787677,7.21,0.885658
-0.787677,7.39,0.934537
-0.787677,7.57,0.924238
-0.787677,7.75,0.886625
-0.787677,7.93,0.838613
-0.787677,8.11,0.788801
-0.787677,8.29,0.740782
-0.787677,8.47,0.696185
-0.787677,8.65,0.655547
-0.787677,8.83,0.61887
-0.787677,9.01,0.585927
-0.787677,9.19,0.556394
-0.787677,9.37,0.529918
-0.787677,9.55,0.506166
-0.787677,9.73,0.484835
-0.787677,9.91,0.465653
-0.780389,1.09,-0.00779263
-0.780389,1.27,-0.0128792
-0.780389,1.45,0.00251262
-0.780389,1.63,-0.0616665
-0.780389,1.81,-0.584766
-0.780389,1.99,-0.0376883
-0.780389,2.17,0.272555
-0.780389,2.35,-0.200993
-0.780389,2.53,-0.0552556
-0.780389,2.71,0.0944643
-0.780389,2.89,-0.986445
-0.780389,3.07,-0.200374
-0.780389,3.25,-0.0193796
-0.780389,3.43,0.162717
-0.780389,3.61,0.467945
-0.780389,3.79,1.18362
-0.780389,3.97,3.43503
-0.780389,4.15,-1.98313
-0.780389,4.33,-1.84755
-0.780389,4.51,-1.54339
-0.780389,4.69,-1.40087
-0.780389,4.87,-1.34099
-0.780389,5.05,-1.32828
-0.780389,5.23,-1.34547
-0.780389,5.41,-1.38053
-0.780389,5.59,-1.42009
-0.780389,5.77,-1.44175
-0.780389,5.95,-1.40537
-0.780389,6.13,-1.24649
-0.780389,6.31,-0.898133
-0.780389,6.49,-0.368799
-0.780389,6.67,0.19721
-0.780389,6.85,0.626095
-0.780389,7.03,0.862411
-0.780389,7.21,0.951951
-0.780389,7.39,0.957147
-0.780389,7.57,0.921844
-0.780389,7.75,0.870509
-0.780389,7.93,0.815282
-0.780389,8.11,0.761952
-0.780389,8.29,0.712529
-0.780389,8.47,0.667729
-0.780389,8.65,0.627561
-0.780389,8.83,0.591722
-0.780389,9.01,0.559792
-0.780389,9.19,0.531346
-0.780389,9.37,0.505979
-0.780389,9.55,0.483322
-0.780389,9.73,0.463049
-0.780389,9.91,0.44488
-0.773101,1.09,-0.0106639
-0.773101,1.27,-0.00370088
-0.773101,1.45,0.00359021
-0.773101,1.63,-0.0475043
-0.773101,1.81,-0.698029
-0.773101,1.99,-0.0238684
-0.773101,2.17,0.296104
-0.773101,2.35,-0.17033
-0.773101,2.53,-0.0453582
-0.773101,2.71,0.0966885
-0.773101,2.89,-0.685184
-0.773101,3.07,-0.152659
-0.773101,3.25,0.00277244
-0.773101,3.43,0.175904
-0.773101,3.61,0.480693
-0.773101,3.79,1.23131
-0.773101,3.97,2.53462
-0.773101,4.15,-2.19615
-0.773101,4.33,-1.65012
-0.773101,4.51,-1.37728
-0.773101,4.69,-1.25527
-0.773101,4.87,-1.20468
-0.773101,5.05,-1.19406
-0.773101,5.23,-1.20771
-0.773101,5.41,-1.23362
-0.773101,5.59,-1.25708
-0.773101,5.77,-1.253
-0.773101,5.95,-1.17777
-0.773101,6.13,-0.967927
-0.773101,6.31,-0.574909
-0.773101,6.49,-0.0475121
-0.773101,6.67,0.449967
-0.773101,6.85,0.780263
-0.773101,7.03,0.933363
-0.773101,7.21,0.969
-0.773101,7.39,0.94385
-0.773101,7.57,0.892926
-0.773101,7.75,0.834287
-0.773101,7.93,0.776268
-0.773101,8.11,0.722526
-0.773101,8.29,0.673931
-0.773101,8.47,0.63057
-0.773101,8.65,0.592109
-0.773101,8.83,0.558058
-0.773101,9.01,0.527884
-0.773101,9.19,0.501115
-0.773101,9.37,0.477331
-0.773101,9.55,0.456155
-0.773101,9.73,0.43726
-0.773101,9.91,0.420369
-0.765813,1.09,-0.0135251
-0.765813,1.27,0.014375
-0.765813,1.45,0.00725247
-0.765813,1.63,-0.0361721
-0.765813,1.81,-0.398898
-0.765813,1.99,-0.00987098
-0.765813,2.17,-0.173404
-0.765813,2.35,-0.144198
-0.765813,2.53,-0.0353533
-0.765813,2.71,0.0940391
-0.765813,2.89,-0.450477
-0.765813,3.07,-0.11291
-0.765813,3.25,0.0213779
-0.765813,3.43,0.184938
-0.765813,3.61,0.485469
-0.765813,3.79,1.24328
-0.765813,3.97,-0.125733
-0.765813,4.15,-2.00276
-0.765813,4.33,-1.44097
-0.765813,4.51,-1.21099
-0.765813,4.69,-1.10903
-0.765813,4.87,-1.06657
-0.765813,5.05,-1.05688
-0.765813,5.23,-1.06585
-0.765813,5.41,-1.0814
-0.765813,5.59,-1.08741
-0.765813,5.77,-1.05635
-0.765813,5.95,-0.94231
-0.765813,6.13,-0.686628
-0.765813,6.31,-0.265456
-0.765813,6.49,0.234333
-0.765813,6.67,0.647024
-0.765813,6.85,0.881521
-0.765813,7.03,0.963501
-0.765813,7.21,0.956888
-0.765813,7.39,0.909755
-0.765813,7.57,0.848669
-0.765813,7.75,0.786235
-0.765813,7.93,0.727713
-0.765813,8.11,0.675097
-0.765813,8.29,0.6284
-0.765813,8.47,0.587248
-0.765813,8.65,0.551064
-0.765813,8.83,0.519234
-0.765813,9.01,0.491157
-0.765813,9.19,0.466336
-0.765813,9.37,0.444356
-0.765813,9.55,0.424842
-0.765813,9.73,0.407474
-0.765813,9.91,0.391984
-0.758525,1.09,-0.015578
-0.758525,1.27,0.0462721
-0.758525,1.45,0.0160492
-0.758525,1.63,-0.0268267
-0.758525,1.81,-0.252469
-0.758525,1.99,0.00364787
-0.758525,2.17,-0.7374
-0.758525,2.35,-0.120703
-0.758525,2.53,-0.0245037
-0.758525,2.71,0.0781535
-0.758525,2.89,-0.301093
-0.758525,3.07,-0.0796888
-0.758525,3.25,0.0362279
-0.758525,3.43,0.188385
-0.758525,3.61,0.476553
-0.758525,3.79,1.15237
-0.758525,3.97,-2.29784
-0.758525,4.15,-1.70607
-0.758525,4.33,-1.23265
-0.758525,4.51,-1.04514
-0.758525,4.69,-0.961038
-0.758525,4.87,-0.924988
-0.758525,5.05,-0.914768
-0.758525,5.23,-0.917651
-0.758525,5.41,-0.921406
-0.758525,5.59,-0.908578
-0.758525,5.77,-0.849644
-0.758525,5.95,-0.69828
-0.758525,6.13,-0.405303
-0.758525,6.31,0.023421
-0.758525,6.49,0.470729
-0.758525,6.67,0.788658
-0.758525,6.85,0.934638
-0.758525,7.03,0.958092
-0.758525,7.21,0.919681
-0.758525,7.39,0.857613
-0.758525,7.57,0.79084
-0.758525,7.75,0.727446
-0.758525,7.93,0.670263
-0.758525,8.11,0.62001
-0.758525,8.29,0.576073
-0.758525,8.47,0.537752
-0.758525,8.65,0.504309
-0.758525,8.83,0.475057
-0.758525,9.01,0.449358
-0.758525,9.19,0.426712
-0.758525,9.37,0.40672
-0.758525,9.55,0.389018
-0.758525,9.73,0.373301
-0.758525,9.91,0.359317
-0.751237,1.09,-0.0155561
-0.751237,1.27,0.0547399
-0.751237,1.45,0.0333157
-0.751237,1.63,-0.0179112
-0.751237,1.81,-0.172402
-0.751237,1.99,0.0155403
-0.751237,2.17,-0.513447
-0.751237,2.35,-0.0983077
-0.751237,2.53,-0.0120322
-0.751237,2.71,0.0192083
-0.751237,2.89,-0.202995
-0.751237,3.07,-0.0523406
-0.751237,3.25,0.0469912
-0.751237,3.43,0.18531
-0.751237,3.61,0.449023
-0.751237,3.79,0.814141
-0.751237,3.97,-2.50094
-0.751237,4.15,-1.39651
-0.751237,4.33,-1.02887
-0.751237,4.51,-0.880408
-0.751237,4.69,-0.812077
-0.751237,4.87,-0.781119
-0.751237,5.05,-0.76942
-0.751237,5.23,-0.765489
-0.751237,5.41,-0.756959
-0.751237,5.59,-0.725294
-0.751237,5.77,-0.639824
-0.751237,5.95,-0.456239
-0.751237,6.13,-0.139765
-0.751237,6.31,0.272028
-0.751237,6.49,0.645205
-0.751237,6.67,0.866044
-0.751237,6.85,0.935601
-0.751237,7.03,0.914531
-0.751237,7.21,0.854924
-0.751237,7.39,0.784962
-0.751237,7.57,0.717042
-0.751237,7.75,0.655663
-0.751237,7.93,0.601828
-0.751237,8.11,0.555341
-0.751237,8.29,0.515182
-0.751237,8.47,0.480452
-0.751237,8.65,0.450333
-0.751237,8.83,0.424117
-0.751237,9.01,0.401165
-0.751237,9.19,0.380996
-0.751237,9.37,0.36324
-0.751237,9.55,0.347556
-0.751237,9.73,0.333663
-0.751237,9.91,0.321328
-0.743949,1.09,-0.00764853
-0.743949,1.27,-0.226388
-0.743949,1.45,0.0740563
-0.743949,1.63,-0.010127
-0.743949,1.81,-0.120226
-0.743949,1.99,0.0283357
-0.743949,2.17,-0.343181
-0.743949,2.35,-0.080222
-0.743949,2.53,6.54753e-05
-0.743949,2.71,-0.144121
-0.743949,2.89,-0.134927
-0.743949,3.07,-0.0297788
-0.743949,3.25,0.0556729
-0.743949,3.43,0.181338
-0.743949,3.61,0.416304
-0.743949,3.79,0.055864
-0.743949,3.97,-2.00278
-0.743949,4.15,-1.12153
-0.743949,4.33,-0.849005
-0.743949,4.51,-0.734692
-0.743949,4.69,-0.680481
-0.743949,4.87,-0.654467
-0.743949,5.05,-0.642085
-0.743949,5.23,-0.63293
-0.743949,5.41,-0.614536
-0.743949,5.59,-0.567508
-0.743949,5.77,-0.460707
-0.743949,5.95,-0.253971
-0.743949,6.13,0.0693066
-0.743949,6.31,0.442215
-0.743949,6.49,0.731259
-0.743949,6.67,0.866375
-0.743949,6.85,0.880147
-0.743949,7.03,0.832626
-0.743949,7.21,0.764442
-0.743949,7.39,0.694753
-0.743949,7.57,0.630912
-0.743949,7.75,0.574941
-0.743949,7.93,0.526715
-0.743949,8.11,0.485546
-0.743949,8.29,0.450253
-0.743949,8.47,0.419895
-0.743949,8.65,0.393675
-0.743949,8.83,0.370923
-0.743949,9.01,0.351036
-0.743949,9.19,0.333585
-0.743949,9.37,0.318249
-0.743949,9.55,0.304726
-0.743949,9.73,0.292767
-0.743949,9.91,0.282166
-0.736661,1.09,0.0343446
-0.736661,1.27,-0.169708
-0.736661,1.45,-0.0266034
-0.736661,1.63,-0.0022158
-0.736661,1.81,-0.0816319
-0.736661,1.99,0.0374778
-0.736661,2.17,-0.242589
-0.736661,2.35,-0.0633793
-0.736661,2.53,0.0140373
-0.736661,2.71,-0.227414
-0.736661,2.89,-0.0852455
-0.736661,3.07,-0.0115249
-0.736661,3.25,0.0602201
-0.736661,3.43,0.169741
-0.736661,3.61,0.3517
-0.736661,3.79,-1.32597
-0.736661,3.97,-1.48323
-0.736661,4.15,-0.875264
-0.736661,4.33,-0.678879
-0.736661,4.51,-0.59287
-0.736661,4.69,-0.550405
-0.736661,4.87,-0.528215
-0.736661,5.05,-0.514677
-0.736661,5.23,-0.500359
-0.736661,5.41,-0.472881
-0.736661,5.59,-0.412612
-0.736661,5.77,-0.289499
-0.736661,5.95,-0.0709461
-0.736661,6.13,0.238243
-0.736661,6.31,0.549811
-0.736661,6.49,0.749631
-0.736661,6.67,0.812225
-0.736661,6.85,0.787087
-0.736661,7.03,0.725687
-0.736661,7.21,0.656785
-0.736661,7.39,0.592065
-0.736661,7.57,0.535135
-0.736661,7.75,0.486342
-0.736661,7.93,0.444879
-0.736661,8.11,0.409806
-0.736661,8.29,0.379928
-0.736661,8.47,0.354344
-0.736661,8.65,0.332322
-0.736661,8.83,0.313264
-0.736661,9.01,0.296628
-0.736661,9.19,0.282044
-0.736661,9.37,0.269248
-0.736661,9.55,0.257983
-0.736661,9.73,0.248036
-0.736661,9.91,0.239234
-0.729373,1.09,0.271414
-0.729373,1.27,-0.106365
-0.729373,1.45,-0.0831034
-0.729373,1.63,0.00790513
-0.729373,1.81,-0.0503147
-0.729373,1.99,0.0373853
-0.729373,2.17,-0.1742
-0.729373,2.35,-0.0473006
-0.729373,2.53,0.0305427
-0.729373,2.71,-0.107995
-0.729373,2.89,-0.0481867
-0.729373,3.07,0.00227356
-0.729373,3.25,0.059552
-0.729373,3.43,0.147854
-0.729373,3.61,0.2357
-0.729373,3.79,-2.11185
-0.729373,3.97,-1.04054
-0.729373,4.15,-0.649908
-0.729373,4.33,-0.514403
-0.729373,4.51,-0.452158
-0.729373,4.69,-0.419718
-0.729373,4.87,-0.400733
-0.729373,5.05,-0.386131
-0.729373,5.23,-0.367534
-0.729373,5.41,-0.333131
-0.729373,5.59,-0.264154
-0.729373,5.77,-0.133874
-0.729373,5.95,0.0792776
-0.729373,6.13,0.349438
-0.729373,6.31,0.581704
-0.729373,6.49,0.696743
-0.729373,6.67,0.704977
-0.729373,6.85,0.658052
-0.729373,7.03,0.594278
-0.729373,7.21,0.531602
-0.729373,7.39,0.475997
-0.729373,7.57,0.428534
-0.729373,7.75,0.388564
-0.729373,7.93,0.354973
-0.729373,8.11,0.326778
-0.729373,8.29,0.302885
-0.729373,8.47,0.282507
-0.729373,8.65,0.265019
-0.729373,8.83,0.249921
-0.729373,9.01,0.236755
-0.729373,9.19,0.225223
-0.729373,9.37,0.21512
-0.729373,9.55,0.206239
-0.729373,9.73,0.198408
-0.729373,9.91,0.191487
-0.722085,1.09,0.133966
-0.722085,1.27,-0.0583268
-0.722085,1.45,-0.0727128
-0.722085,1.63,0.0259242
-0.722085,1.81,-0.0239367
-0.722085,1.99,0.0135554
-0.722085,2.17,-0.116951
-0.722085,2.35,-0.0305383
-0.722085,2.53,0.0490078
-0.722085,2.71,-0.0310305
-0.722085,2.89,-0.0210086
-0.722085,3.07,0.0105398
-0.722085,3.25,0.0508445
-0.722085,3.43,0.109461
-0.722085,3.61,0.0372042
-0.722085,3.79,-1.56358
-0.722085,3.97,-0.656647
-0.722085,4.15,-0.430062
-0.722085,4.33,-0.345126
-0.722085,4.51,-0.303826
-0.722085,4.69,-0.280558
-0.722085,4.87,-0.264819
-0.722085,5.05,-0.25003
-0.722085,5.23,-0.229326
-0.722085,5.41,-0.192542
-0.722085,5.59,-0.123811
-0.722085,5.77,-0.00292071
-0.722085,5.95,0.178288
-0.722085,6.13,0.380034
-0.722085,6.31,0.521382
-0.722085,6.49,0.564652
-0.722085,6.67,0.539644
-0.722085,6.85,0.487697
-0.722085,7.03,0.43231
-0.722085,7.21,0.382461
-0.722085,7.39,0.34013
-0.722085,7.57,0.304888
-0.722085,7.75,0.275667
-0.722085,7.93,0.251361
-0.722085,8.11,0.231109
-0.722085,8.29,0.21404
-0.722085,8.47,0.199542
-0.722085,8.65,0.18714
-0.722085,8.83,0.176462
-0.722085,9.01,0.167161
-0.722085,9.19,0.159021
-0.722085,9.37,0.151901
-0.722085,9.55,0.145651
-0.722085,9.73,0.140147
-0.722085,9.91,0.135289
-0.714797,1.09,-0.0208704
-0.714797,1.27,-0.0155007
-0.714797,1.45,-0.0490876
-0.714797,1.63,0.0599956
-0.714797,1.81,-0.00374282
-0.714797,1.99,-0.0390866
-0.714797,2.17,-0.0597458
-0.714797,2.35,-0.0147291
-0.714797,2.53,0.0544415
-0.714797,2.71,0.00133631
-0.714797,2.89,-0.00374386
-0.714797,3.07,0.0106422
-0.714797,3.25,0.0313176
-0.714797,3.43,0.0577637
-0.714797,3.61,-0.137371
-0.714797,3.79,-0.670687
-0.714797,3.97,-0.300227
-0.714797,4.15,-0.205623
-0.714797,4.33,-0.167405
-0.714797,4.51,-0.147753
-0.714797,4.69,-0.135817
-0.714797,4.87,-0.126688
-0.714797,5.05,-0.116863
-0.714797,5.23,-0.102256
-0.714797,5.41,-0.0765974
-0.714797,5.59,-0.030419
-0.714797,5.77,0.0464519
-0.714797,5.95,0.151772
-0.714797,6.13,0.252666
-0.714797,6.31,0.306775
-0.714797,6.49,0.30926
-0.714797,6.67,0.283943
-0.714797,6.85,0.251135
-0.714797,7.03,0.220068
-0.714797,7.21,0.193497
-0.714797,7.39,0.171517
-0.714797,7.57,0.153485
-0.714797,7.75,0.138665
-0.714797,7.93,0.126407
-0.714797,8.11,0.116236
-0.714797,8.29,0.107686
-0.714797,8.47,0.100438
-0.714797,8.65,0.094247
-0.714797,8.83,0.0889236
-0.714797,9.01,0.0842867
-0.714797,9.19,0.0802277
-0.714797,9.37,0.0766804
-0.714797,9.55,0.0735686
-0.714797,9.73,0.0708305
-0.714797,9.91,0.0684158
-0.707509,1.09,0
-0.707509,1.27,0
-0.707509,1.45,0
-0.707509,1.63,0
-0.707509,1.81,0
-0.707509,1.99,0
-0.707509,2.17,0
-0.707509,2.35,0
-0.707509,2.53,0
-0.707509,2.71,0
-0.707509,2.89,0
-0.707509,3.07,0
-0.707509,3.25,0
-0.707509,3.43,0
-0.707509,3.61,0
-0.707509,3.79,0
-0.707509,3.97,0
-0.707509,4.15,0
-0.707509,4.33,0
-0.707509,4.51,0
-0.707509,4.69,0
-0.707509,4.87,0
-0.707509,5.05,0
-0.707509,5.23,0
-0.707509,5.41,0
-0.707509,5.59,0
-0.707509,5.77,0
-0.707509,5.95,0
-0.707509,6.13,0
-0.707509,6.31,0
-0.707509,6.49,0
-0.707509,6.67,0
-0.707509,6.85,0
-0.707509,7.03,0
-0.707509,7.21,0
-0.707509,7.39,0
-0.707509,7.57,0
-0.707509,7.75,0
-0.707509,7.93,0
-0.707509,8.11,0
-0.707509,8.29,0
-0.707509,8.47,0
-0.707509,8.65,0
-0.707509,8.83,0
-0.707509,9.01,0
-0.707509,9.19,0
-0.707509,9.37,0
-0.707509,9.55,0
-0.707509,9.73,0
-0.707509,9.91,0
-0.700221,1.09,0
-0.700221,1.27,0
-0.700221,1.45,0
-0.700221,1.63,0
-0.700221,1.81,0
-0.700221,1.99,0
-0.700221,2.17,0
-0.700221,2.35,0
-0.700221,2.53,0
-0.700221,2.71,0
-0.700221,2.89,0
-0.700221,3.07,0
-0.700221,3.25,0
-0.700221,3.43,0
-0.700221,3.61,0
-0.700221,3.79,0
-0.700221,3.97,0
-0.700221,4.15,0
-0.700221,4.33,0
-0.700221,4.51,0
-0.700221,4.69,0
-0.700221,4.87,0
-0.700221,5.05,0
-0.700221,5.23,0
-0.700221,5.41,0
-0.700221,5.59,0
-0.700221,5.77,0
-0.700221,5.95,0
-0.700221,6.13,0
-0.700221,6.31,0
-0.700221,6.49,0
-0.700221,6.67,0
-0.700221,6.85,0
-0.700221,7.03,0
-0.700221,7.21,0
-0.700221,7.39,0
-0.700221,7.57,0
-0.700221,7.75,0
-0.700221,7.93,0
-0.700221,8.11,0
-0.700221,8.29,0
-0.700221,8.47,0
-0.700221,8.65,0
-0.700221,8.83,0
-0.700221,9.01,0
-0.700221,9.19,0
-0.700221,9.37,0
-0.700221,9.55,0
-0.700221,9.73,0
-0.700221,9.91,0
-0.692933,1.09,0
-0.692933,1.27,0
-0.692933,1.45,0
-0.692933,1.63,0
-0.692933,1.81,0
-0.692933,1.99,0
-0.692933,2.17,0
-0.692933,2.35,0
-0.692933,2.53,0
-0.692933,2.71,0
-0.692933,2.89,0
-0.692933,3.07,0
-0.692933,3.25,0
-0.692933,3.43,0
-0.692933,3.61,0
-0.692933,3.79,0
-0.692933,3.97,0
-0.692933,4.15,0
-0.692933,4.33,0
-0.692933,4.51,0
-0.692933,4.69,0
-0.692933,4.87,0
-0.692933,5.05,0
-0.692933,5.23,0
-0.692933,5.41,0
-0.692933,5.59,0
-0.692933,5.77,0
-0.692933,5.95,0
-0.692933,6.13,0
-0.692933,6.31,0
-0.692933,6.49,0
-0.692933,6.67,0
-0.692933,6.85,0
-0.692933,7.03,0
-0.692933,7.21,0
-0.692933,7.39,0
-0.692933,7.57,0
-0.692933,7.75,0
-0.692933,7.93,0
-0.692933,8.11,0
-0.692933,8.29,0
-0.692933,8.47,0
-0.692933,8.65,0
-0.692933,8.83,0
-0.692933,9.01,0
-0.692933,9.19,0
-0.692933,9.37,0
-0.692933,9.55,0
-0.692933,9.73,0
-0.692933,9.91,0
-0.685645,1.09,0
-0.685645,1.27,0
-0.685645,1.45,0
-0.685645,1.63,0
-0.685645,1.81,0
-0.685645,1.99,0
-0.685645,2.17,0
-0.685645,2.35,0
-0.685645,2.53,0
-0.685645,2.71,0
-0.685645,2.89,0
-0.685645,3.07,0
-0.685645,3.25,0
-0.685645,3.43,0
-0.685645,3.61,0
-0.685645,3.79,0
-0.685645,3.97,0
-0.685645,4.15,0
-0.685645,4.33,0
-0.685645,4.51,0
-0.685645,4.69,0
-0.685645,4.87,0
-0.685645,5.05,0
-0.685645,5.23,0
-0.685645,5.41,0
-0.685645,5.59,0
-0.685645,5.77,0
-0.685645,5.95,0
-0.685645,6.13,0
-0.685645,6.31,0
-0.685645,6.49,0
-0.685645,6.67,0
-0.685645,6.85,0
-0.685645,7.03,0
-0.685645,7.21,0
-0.685645,7.39,0
-0.685645,7.57,0
-0.685645,7.75,0
-0.685645,7.93,0
-0.685645,8.11,0
-0.685645,8.29,0
-0.685645,8.47,0
-0.685645,8.65,0
-0.685645,8.83,0
-0.685645,9.01,0
-0.685645,9.19,0
-0.685645,9.37,0
-0.685645,9.55,0
-0.685645,9.73,0
-0.685645,9.91,0
-0.678356,1.09,0
-0.678356,1.27,0
-0.678356,1.45,0
-0.678356,1.63,0
-0.678356,1.81,0
-0.678356,1.99,0
-0.678356,2.17,0
-0.678356,2.35,0
-0.678356,2.53,0
-0.678356,2.71,0
-0.678356,2.89,0
-0.678356,3.07,0
-0.678356,3.25,0
-0.678356,3.43,0
-0.678356,3.61,0
-0.678356,3.79,0
-0.678356,3.97,0
-0.678356,4.15,0
-0.678356,4.33,0
-0.678356,4.51,0
-0.678356,4.69,0
-0.678356,4.87,0
-0.678356,5.05,0
-0.678356,5.23,0
-0.678356,5.41,0
-0.678356,5.59,0
-0.678356,5.77,0
-0.678356,5.95,0
-0.678356,6.13,0
-0.678356,6.31,0
-0.678356,6.49,0
-0.678356,6.67,0
-0.678356,6.85,0
-0.678356,7.03,0
-0.678356,7.21,0
-0.678356,7.39,0
-0.678356,7.57,0
-0.678356,7.75,0
-0.678356,7.93,0
-0.678356,8.11,0
-0.678356,8.29,0
-0.678356,8.47,0
-0.678356,8.65,0
-0.678356,8.83,0
-0.678356,9.01,0
-0.678356,9.19,0
-0.678356,9.37,0
-0.678356,9.55,0
-0.678356,9.73,0
-0.678356,9.91,0
-0.671068,1.09,0
-0.671068,1.27,0
-0.671068,1.45,0
-0.671068,1.63,0
-0.671068,1.81,0
-0.671068,1.99,0
-0.671068,2.17,0
-0.671068,2.35,0
-0.671068,2.53,0
-0.671068,2.71,0
-0.671068,2.89,0
-0.671068,3.07,0
-0.671068,3.25,0
-0.671068,3.43,0
-0.671068,3.61,0
-0.671068,3.79,0
-0.671068,3.97,0
-0.671068,4.15,0
-0.671068,4.33,0
-0.671068,4.51,0
-0.671068,4.69,0
-0.671068,4.87,0
-0.671068,5.05,0
-0.671068,5.23,0
-0.671068,5.41,0
-0.671068,5.59,0
-0.671068,5.77,0
-0.671068,5.95,0
-0.671068,6.13,0
-0.671068,6.31,0
-0.671068,6.49,0
-0.671068,6.67,0
-0.671068,6.85,0
-0.671068,7.03,0
-0.671068,7.21,0
-0.671068,7.39,0
-0.671068,7.57,0
-0.671068,7.75,0
-0.671068,7.93,0
-0.671068,8.11,0
-0.671068,8.29,0
-0.671068,8.47,0
-0.671068,8.65,0
-0.671068,8.83,0
-0.671068,9.01,0
-0.671068,9.19,0
-0.671068,9.37,0
-0.671068,9.55,0
-0.671068,9.73,0
-0.671068,9.91,0
-0.66378,1.09,0
-0.66378,1.27,0
-0.66378,1.45,0
-0.66378,1.63,0
-0.66378,1.81,0
-0.66378,1.99,0
-0.66378,2.17,0
-0.66378,2.35,0
-0.66378,2.53,0
-0.66378,2.71,0
-0.66378,2.89,0
-0.66378,3.07,0
-0.66378,3.25,0
-0.66378,3.43,0
-0.66378,3.61,0
-0.66378,3.79,0
-0.66378,3.97,0
-0.66378,4.15,0
-0.66378,4.33,0
-0.66378,4.51,0
-0.66378,4.69,0
-0.66378,4.87,0
-0.66378,5.05,0
-0.66378,5.23,0
-0.66378,5.41,0
-0.66378,5.59,0
-0.66378,5.77,0
-0.66378,5.95,0
-0.66378,6.13,0
-0.66378,6.31,0
-0.66378,6.49,0
-0.66378,6.67,0
-0.66378,6.85,0
-0.66378,7.03,0
-0.66378,7.21,0
-0.66378,7.39,0
-0.66378,7.57,0
-0.66378,7.75,0
-0.66378,7.93,0
-0.66378,8.11,0
-0.66378,8.29,0
-0.66378,8.47,0
-0.66378,8.65,0
-0.66378,8.83,0
-0.66378,9.01,0
-0.66378,9.19,0
-0.66378,9.37,0
-0.66378,9.55,0
-0.66378,9.73,0
-0.66378,9.91,0
-0.656492,1.09,0
-0.656492,1.27,0
-0.656492,1.45,0
-0.656492,1.63,0
-0.656492,1.81,0
-0.656492,1.99,0
-0.656492,2.17,0
-0.656492,2.35,0
-0.656492,2.53,0
-0.656492,2.71,0
-0.656492,2.89,0
-0.656492,3.07,0
-0.656492,3.25,0
-0.656492,3.43,0
-0.656492,3.61,0
-0.656492,3.79,0
-0.656492,3.97,0
-0.656492,4.15,0
-0.656492,4.33,0
-0.656492,4.51,0
-0.656492,4.69,0
-0.656492,4.87,0
-0.656492,5.05,0
-0.656492,5.23,0
-0.656492,5.41,0
-0.656492,5.59,0
-0.656492,5.77,0
-0.656492,5.95,0
-0.656492,6.13,0
-0.656492,6.31,0
-0.656492,6.49,0
-0.656492,6.67,0
-0.656492,6.85,0
-0.656492,7.03,0
-0.656492,7.21,0
-0.656492,7.39,0
-0.656492,7.57,0
-0.656492,7.75,0
-0.656492,7.93,0
-0.656492,8.11,0
-0.656492,8.29,0
-0.656492,8.47,0
-0.656492,8.65,0
-0.656492,8.83,0
-0.656492,9.01,0
-0.656492,9.19,0
-0.656492,9.37,0
-0.656492,9.55,0
-0.656492,9.73,0
-0.656492,9.91,0
-0.649204,1.09,0
-0.649204,1.27,0
-0.649204,1.45,0
-0.649204,1.63,0
-0.649204,1.81,0
-0.649204,1.99,0
-0.649204,2.17,0
-0.649204,2.35,0
-0.649204,2.53,0
-0.649204,2.71,0
-0.649204,2.89,0
-0.649204,3.07,0
-0.649204,3.25,0
-0.649204,3.43,0
-0.649204,3.61,0
-0.649204,3.79,0
-0.649204,3.97,0
-0.649204,4.15,0
-0.649204,4.33,0
-0.649204,4.51,0
-0.649204,4.69,0
-0.649204,4.87,0
-0.649204,5.05,0
-0.649204,5.23,0
-0.649204,5.41,0
-0.649204,5.59,0
-0.649204,5.77,0
-0.649204,5.95,0
-0.649204,6.13,0
-0.649204,6.31,0
-0.649204,6.49,0
-0.649204,6.67,0
-0.649204,6.85,0
-0.649204,7.03,0
-0.649204,7.21,0
-0.649204,7.39,0
-0.649204,7.57,0
-0.649204,7.75,0
-0.649204,7.93,0
-0.649204,8.11,0
-0.649204,8.29,0
-0.649204,8.47,0
-0.649204,8.65,0
-0.649204,8.83,0
-0.649204,9.01,0
-0.649204,9.19,0
-0.649204,9.37,0
-0.649204,9.55,0
-0.649204,9.73,0
-0.649204,9.91,0
-0.641916,1.09,0
-0.641916,1.27,0
-0.641916,1.45,0
-0.641916,1.63,0
-0.641916,1.81,0
-0.641916,1.99,0
-0.641916,2.17,0
-0.641916,2.35,0
-0.641916,2.53,0
-0.641916,2.71,0
-0.641916,2.89,0
-0.641916,3.07,0
-0.641916,3.25,0
-0.641916,3.43,0
-0.641916,3.61,0
-0.641916,3.79,0
-0.641916,3.97,0
-0.641916,4.15,0
-0.641916,4.33,0
-0.641916,4.51,0
-0.641916,4.69,0
-0.641916,4.87,0
-0.641916,5.05,0
-0.641916,5.23,0
-0.641916,5.41,0
-0.641916,5.59,0
-0.641916,5.77,0
-0.641916,5.95,0
-0.641916,6.13,0
-0.641916,6.31,0
-0.641916,6.49,0
-0.641916,6.67,0
-0.641916,6.85,0
-0.641916,7.03,0
-0.641916,7.21,0
-0.641916,7.39,0
-0.641916,7.57,0
-0.641916,7.75,0
-0.641916,7.93,0
-0.641916,8.11,0
-0.641916,8.29,0
-0.641916,8.47,0
-0.641916,8.65,0
-0.641916,8.83,0
-0.641916,9.01,0
-0.641916,9.19,0
-0.641916,9.37,0
-0.641916,9.55,0
-0.641916,9.73,0
-0.641916,9.91,0
-0.634628,1.09,0
-0.634628,1.27,0
-0.634628,1.45,0
-0.634628,1.63,0
-0.634628,1.81,0
-0.634628,1.99,0
-0.634628,2.17,0
-0.634628,2.35,0
-0.634628,2.53,0
-0.634628,2.71,0
-0.634628,2.89,0
-0.634628,3.07,0
-0.634628,3.25,0
-0.634628,3.43,0
-0.634628,3.61,0
-0.634628,3.79,0
-0.634628,3.97,0
-0.634628,4.15,0
-0.634628,4.33,0
-0.634628,4.51,0
-0.634628,4.69,0
-0.634628,4.87,0
-0.634628,5.05,0
-0.634628,5.23,0
-0.634628,5.41,0
-0.634628,5.59,0
-0.634628,5.77,0
-0.634628,5.95,0
-0.634628,6.13,0
-0.634628,6.31,0
-0.634628,6.49,0
-0.634628,6.67,0
-0.634628,6.85,0
-0.634628,7.03,0
-0.634628,7.21,0
-0.634628,7.39,0
-0.634628,7.57,0
-0.634628,7.75,0
-0.634628,7.93,0
-0.634628,8.11,0
-0.634628,8.29,0
-0.634628,8.47,0
-0.634628,8.65,0
-0.634628,8.83,0
-0.634628,9.01,0
-0.634628,9.19,0
-0.634628,9.37,0
-0.634628,9.55,0
-0.634628,9.73,0
-0.634628,9.91,0
-0.62734,1.09,0
-0.62734,1.27,0
-0.62734,1.45,0
-0.62734,1.63,0
-0.62734,1.81,0
-0.62734,1.99,0
-0.62734,2.17,0
-0.62734,2.35,0
-0.62734,2.53,0
-0.62734,2.71,0
-0.62734,2.89,0
-0.62734,3.07,0
-0.62734,3.25,0
-0.62734,3.43,0
-0.62734,3.61,0
-0.62734,3.79,0
-0.62734,3.97,0
-0.62734,4.15,0
-0.62734,4.33,0
-0.62734,4.51,0
-0.62734,4.69,0
-0.62734,4.87,0
-0.62734,5.05,0
-0.62734,5.23,0
-0.62734,5.41,0
-0.62734,5.59,0
-0.62734,5.77,0
-0.62734,5.95,0
-0.62734,6.13,0
-0.62734,6.31,0
-0.62734,6.49,0
-0.62734,6.67,0
-0.62734,6.85,0
-0.62734,7.03,0
-0.62734,7.21,0
-0.62734,7.39,0
-0.62734,7.57,0
-0.62734,7.75,0
-0.62734,7.93,0
-0.62734,8.11,0
-0.62734,8.29,0
-0.62734,8.47,0
-0.62734,8.65,0
-0.62734,8.83,0
-0.62734,9.01,0
-0.62734,9.19,0
-0.62734,9.37,0
-0.62734,9.55,0
-0.62734,9.73,0
-0.62734,9.91,0
