-0.984455,1.09,0
-0.984455,1.27,0
-0.984455,1.45,0
-0.984455,1.63,0
-0.984455,1.81,0
-0.984455,1.99,0
-0.984455,2.17,0
-0.984455,2.35,0
-0.984455,2.53,0
-0.984455,2.71,0
-0.984455,2.89,0
-0.984455,3.07,0
-0.984455,3.25,0
-0.984455,3.43,0
-0.984455,3.61,0
-0.984455,3.79,0
-0.984455,3.97,0
-0.984455,4.15,0
-0.984455,4.33,0
-0.984455,4.51,0
-0.984455,4.69,0
-0.984455,4.87,0
-0.984455,5.05,0
-0.984455,5.23,0
-0.984455,5.41,0
-0.984455,5.59,0
-0.984455,5.77,0
-0.984455,5.95,0
-0.984455,6.13,0
-0.984455,6.31,0
-0.984455,6.49,0
-0.984455,6.67,0
-0.984455,6.85,0
-0.984455,7.03,0
-0.984455,7.21,0
-0.984455,7.39,0
-0.984455,7.57,0
-0.984455,7.75,0
-0.984455,7.93,0
-0.984455,8.11,0
-0.984455,8.29,0
-0.984455,8.47,0
-0.984455,8.65,0
-0.984455,8.83,0
-0.984455,9.01,0
-0.984455,9.19,0
-0.984455,9.37,0
-0.984455,9.55,0
-0.984455,9.73,0
-0.984455,9.91,0
-0.977166,1.09,0
-0.977166,1.27,0
-0.977166,1.45,0
-0.977166,1.63,0
-0.977166,1.81,0
-0.977166,1.99,0
-0.977166,2.17,0
-0.977166,2.35,0
-0.977166,2.53,0
-0.977166,2.71,0
-0.977166,2.89,0
-0.977166,3.07,0
-0.977166,3.25,0
-0.977166,3.43,0
-0.977166,3.61,0
-0.977166,3.79,0
-0.977166,3.97,0
-0.977166,4.15,0
-0.977166,4.33,0
-0.977166,4.51,0
-0.977166,4.69,0
-0.977166,4.87,0
-0.977166,5.05,0
-0.977166,5.23,0
-0.977166,5.41,0
-0.977166,5.59,0
-0.977166,5.77,0
-0.977166,5.95,0
-0.977166,6.13,0
-0.977166,6.31,0
-0.977166,6.49,0
-0.977166,6.67,0
-0.977166,6.85,0
-0.977166,7.03,0
-0.977166,7.21,0
-0.977166,7.39,0
-0.977166,7.57,0
-0.977166,7.75,0
-0.977166,7.93,0
-0.977166,8.11,0
-0.977166,8.29,0
-0.977166,8.47,0
-0.977166,8.65,0
-0.977166,8.83,0
-0.977166,9.01,0
-0.977166,9.19,0
-0.977166,9.37,0
-0.977166,9.55,0
-0.977166,9.73,0
-0.977166,9.91,0
-0.969878,1.09,0
-0.969878,1.27,0
-0.969878,1.45,0
-0.969878,1.63,0
-0.969878,1.81,0
-0.969878,1.99,0
-0.969878,2.17,0
-0.969878,2.35,0
-0.969878,2.53,0
-0.969878,2.71,0
-0.969878,2.89,0
-0.969878,3.07,0
-0.969878,3.25,0
-0.969878,3.43,0
-0.969878,3.61,0
-0.969878,3.79,0
-0.969878,3.97,0
-0.969878,4.15,0
-0.969878,4.33,0
-0.969878,4.51,0
-0.969878,4.69,0
-0.969878,4.87,0
-0.969878,5.05,0
-0.969878,5.23,0
-0.969878,5.41,0
-0.969878,5.59,0
-0.969878,5.77,0
-0.969878,5.95,0
-0.969878,6.13,0
-0.969878,6.31,0
-0.969878,6.49,0
-0.969878,6.67,0
-0.969878,6.85,0
-0.969878,7.03,0
-0.969878,7.21,0
-0.969878,7.39,0
-0.969878,7.57,0
-0.969878,7.75,0
-0.969878,7.93,0
-0.969878,8.11,0
-0.969878,8.29,0
-0.969878,8.47,0
-0.969878,8.65,0
-0.969878,8.83,0
-0.969878,9.01,0
-0.969878,9.19,0
-0.969878,9.37,0
-0.969878,9.55,0
-0.969878,9.73,0
-0.969878,9.91,0
-0.96259,1.09,0.00195149
-0.96259,1.27,-0.000337879
-0.96259,1.45,0.00246994
-0.96259,1.63,0.0014375
-0.96259,1.81,-0.000903822
-0.96259,1.99,0.000525207
-0.96259,2.17,0.000564148
-0.96259,2.35,-0.00190443
-0.96259,2.53,-0.00171426
-0.96259,2.71,-0.000458628
-0.96259,2.89,-0.000499843
-0.96259,3.07,-0.00132694
-0.96259,3.25,-0.00202804
-0.96259,3.43,-0.00289318
-0.96259,3.61,-0.00429449
-0.96259,3.79,-0.00592998
-0.96259,3.97,-0.00683111
-0.96259,4.15,-0.00586288
-0.96259,4.33,-0.00262443
-0.96259,4.51,0.00189668
-0.96259,4.69,0.00599331
-0.96259,4.87,0.00854545
-0.96259,5.05,0.00941963
-0.96259,5.23,0.00901131
-0.96259,5.41,0.00776397
-0.96259,5.59,0.00604646
-0.96259,5.77,0.00411014
-0.96259,5.95,0.00211903
-0.96259,6.13,0.000176481
-0.96259,6.31,-0.00165029
-0.96259,6.49,-0.00331254
-0.96259,6.67,-0.00477892
-0.96259,6.85,-0.00602647
-0.96259,7.03,-0.00703898
-0.96259,7.21,-0.00781022
-0.96259,7.39,-0.00833491
-0.96259,7.57,-0.00861442
-0.96259,7.75,-0.00865844
-0.96259,7.93,-0.00848365
-0.96259,8.11,-0.00814021
-0.96259,8.29,-0.00762859
-0.96259,8.47,-0.00697696
-0.96259,8.65,-0.00621796
-0.96259,8.83,-0.0053846
-0.96259,9.01,-0.0045026
-0.96259,9.19,-0.00360502
-0.96259,9.37,-0.0027226
-0.96259,9.55,-0.00187538
-0.96259,9.73,-0.00107852
-0.96259,9.91,-0.000342648
-0.955302,1.09,-0.0180257
-0.955302,1.27,0.0370778
-0.955302,1.45,0.0653094
-0.955302,1.63,-0.000222958
-0.955302,1.81,-0.0431939
-0.955302,1.99,-0.00976075
-0.955302,2.17,0.0416305
-0.955302,2.35,-0.0379778
-0.955302,2.53,-0.0535241
-0.955302,2.71,-0.0418335
-0.955302,2.89,-0.0583088
-0.955302,3.07,-0.0759619
-0.955302,3.25,-0.0815739
-0.955302,3.43,-0.0964317
-0.955302,3.61,-0.135318
-0.955302,3.79,-0.188635
-0.955302,3.97,-0.2271
-0.955302,4.15,-0.21646
-0.955302,4.33,-0.1375
-0.955302,4.51,-0.00479389
-0.955302,4.69,0.137458
-0.955302,4.87,0.24604
-0.955302,5.05,0.302923
-0.955302,5.23,0.312958
-0.955302,5.41,0.288838
-0.955302,5.59,0.243758
-0.955302,5.77,0.187568
-0.955302,5.95,0.126943
-0.955302,6.13,0.0660442
-0.955302,6.31,0.00744442
-0.955302,6.49,-0.0471998
-0.955302,6.67,-0.0968409
-0.955302,6.85,-0.140818
-0.955302,7.03,-0.178691
-0.955302,7.21,-0.210282
-0.955302,7.39,-0.235405
-0.955302,7.57,-0.253991
-0.955302,7.75,-0.266133
-0.955302,7.93,-0.272058
-0.955302,8.11,-0.272975
-0.955302,8.29,-0.268583
-0.955302,8.47,-0.259369
-0.955302,8.65,-0.24598
-0.955302,8.83,-0.229128
-0.955302,9.01,-0.209302
-0.955302,9.19,-0.187362
-0.955302,9.37,-0.164272
-0.955302,9.55,-0.140691
-0.955302,9.73,-0.117192
-0.955302,9.91,-0.0942554
-0.948014,1.09,-0.0211072
-0.948014,1.27,0.0487597
-0.948014,1.45,0.0064953
-0.948014,1.63,-0.0538711
-0.948014,1.81,-0.0507561
-0.948014,1.99,-0.023321
-0.948014,2.17,0.0964824
-0.948014,2.35,-0.0167611
-0.948014,2.53,-0.0717036
-0.948014,2.71,-0.123925
-0.948014,2.89,-0.17873
-0.948014,3.07,-0.189083
-0.948014,3.25,-0.172391
-0.948014,3.43,-0.18065
-0.948014,3.61,-0.239755
-0.948014,3.79,-0.332428
-0.948014,3.97,-0.411908
-0.948014,4.15,-0.42495
-0.948014,4.33,-0.333652
-0.948014,4.51,-0.139079
-0.948014,4.69,0.108747
-0.948014,4.87,0.336517
-0.948014,5.05,0.491461
-0.948014,5.23,0.561146
-0.948014,5.41,0.558347
-0.948014,5.59,0.505498
-0.948014,5.77,0.422571
-0.948014,5.95,0.324436
-0.948014,6.13,0.220752
-0.948014,6.31,0.11754
-0.948014,6.49,0.0185016
-0.948014,6.67,-0.0739624
-0.948014,6.85,-0.158462
-0.948014,7.03,-0.234121
-0.948014,7.21,-0.300538
-0.948014,7.39,-0.357337
-0.948014,7.57,-0.404285
-0.948014,7.75,-0.441353
-0.948014,7.93,-0.468664
-0.948014,8.11,-0.487879
-0.948014,8.29,-0.498242
-0.948014,8.47,-0.500164
-0.948014,8.65,-0.494303
-0.948014,8.83,-0.481442
-0.948014,9.01,-0.461946
-0.948014,9.19,-0.436916
-0.948014,9.37,-0.407815
-0.948014,9.55,-0.375638
-0.948014,9.73,-0.341337
-0.948014,9.91,-0.305789
-0.940726,1.09,-0.0637975
-0.940726,1.27,0.00896274
-0.940726,1.45,-0.0492094
-0.940726,1.63,-0.0997621
-0.940726,1.81,-0.0524752
-0.940726,1.99,-0.0345542
-0.940726,2.17,0.0927025
-0.940726,2.35,-0.0457979
-0.940726,2.53,-0.0747506
-0.940726,2.71,-0.140957
-0.940726,2.89,-0.190723
-0.940726,3.07,-0.178128
-0.940726,3.25,-0.146934
-0.940726,3.43,-0.150038
-0.940726,3.61,-0.206409
-0.940726,3.79,-0.298929
-0.940726,3.97,-0.389578
-0.940726,4.15,-0.43605
-0.940726,4.33,-0.402246
-0.940726,4.51,-0.271998
-0.940726,4.69,-0.0640332
-0.940726,4.87,0.169303
-0.940726,5.05,0.368392
-0.940726,5.23,0.498049
-0.940726,5.41,0.552175
-0.940726,5.59,0.544443
-0.940726,5.77,0.493549
-0.940726,5.95,0.416489
-0.940726,6.13,0.325529
-0.940726,6.31,0.228863
-0.940726,6.49,0.131714
-0.940726,6.67,0.0376211
-0.940726,6.85,-0.0513005
-0.940726,7.03,-0.133696
-0.940726,7.21,-0.20882
-0.940726,7.39,-0.276087
-0.940726,7.57,-0.335076
-0.940726,7.75,-0.385569
-0.940726,7.93,-0.427481
-0.940726,8.11,-0.462002
-0.940726,8.29,-0.488376
-0.940726,8.47,-0.506741
-0.940726,8.65,-0.517435
-0.940726,8.83,-0.520903
-0.940726,9.01,-0.517208
-0.940726,9.19,-0.507065
-0.940726,9.37,-0.491595
-0.940726,9.55,-0.47155
-0.940726,9.73,-0.447697
-0.940726,9.91,-0.420797
-0.933438,1.09,-0.057895
-0.933438,1.27,-0.0512824
-0.933438,1.45,-0.0997929
-0.933438,1.63,-0.150709
-0.933438,1.81,-0.0607549
-0.933438,1.99,-0.0335932
-0.933438,2.17,0.0775554
-0.933438,2.35,-0.0659368
-0.933438,2.53,-0.0812607
-0.933438,2.71,-0.160056
-0.933438,2.89,-0.193324
-0.933438,3.07,-0.160973
-0.933438,3.25,-0.124703
-0.933438,3.43,-0.126459
-0.933438,3.61,-0.175709
-0.933438,3.79,-0.260206
-0.933438,3.97,-0.354428
-0.933438,4.15,-0.427231
-0.933438,4.33,-0.446112
-0.933438,4.51,-0.385312
-0.933438,4.69,-0.239037
-0.933438,4.87,-0.0318334
-0.933438,5.05,0.186841
-0.933438,5.23,0.368758
-0.933438,5.41,0.486337
-0.933438,5.59,0.536777
-0.933438,5.77,0.531566
-0.933438,5.95,0.487093
-0.933438,6.13,0.417675
-0.933438,6.31,0.334067
-0.933438,6.49,0.243691
-0.933438,6.67,0.15179
-0.933438,6.85,0.0616941
-0.933438,7.03,-0.0244113
-0.933438,7.21,-0.105182
-0.933438,7.39,-0.179701
-0.933438,7.57,-0.247313
-0.933438,7.75,-0.307618
-0.933438,7.93,-0.360385
-0.933438,8.11,-0.406411
-0.933438,8.29,-0.445059
-0.933438,8.47,-0.476343
-0.933438,8.65,-0.500436
-0.933438,8.83,-0.517595
-0.933438,9.01,-0.527755
-0.933438,9.19,-0.53137
-0.933438,9.37,-0.529256
-0.933438,9.55,-0.521948
-0.933438,9.73,-0.510013
-0.933438,9.91,-0.494038
-0.92615,1.09,-0.0142206
-0.92615,1.27,-0.116878
-0.92615,1.45,-0.128768
-0.92615,1.63,-0.186578
-0.92615,1.81,-0.0785219
-0.92615,1.99,-0.0212341
-0.92615,2.17,0.0545659
-0.92615,2.35,-0.0770032
-0.92615,2.53,-0.0935139
-0.92615,2.71,-0.174424
-0.92615,2.89,-0.184494
-0.92615,3.07,-0.14088
-0.92615,3.25,-0.109185
-0.92615,3.43,-0.110264
-0.92615,3.61,-0.14569
-0.92615,3.79,-0.214871
-0.92615,3.97,-0.307221
-0.92615,4.15,-0.400652
-0.92615,4.33,-0.465191
-0.92615,4.51,-0.470246
-0.92615,4.69,-0.394747
-0.92615,4.87,-0.238941
-0.92615,5.05,-0.0318888
-0.92615,5.23,0.180313
-0.92615,5.41,0.355347
-0.92615,5.59,0.470446
-0.92615,5.77,0.523079
-0.92615,5.95,0.523923
-0.92615,6.13,0.487026
-0.92615,6.31,0.42518
-0.92615,6.49,0.34834
-0.92615,6.67,0.263913
-0.92615,6.85,0.176942
-0.92615,7.03,0.0908405
-0.92615,7.21,0.00786055
-0.92615,7.39,-0.0705856
-0.92615,7.57,-0.143506
-0.92615,7.75,-0.210265
-0.92615,7.93,-0.270477
-0.92615,8.11,-0.324573
-0.92615,8.29,-0.372073
-0.92615,8.47,-0.412936
-0.92615,8.65,-0.447252
-0.92615,8.83,-0.475184
-0.92615,9.01,-0.496653
-0.92615,9.19,-0.511954
-0.92615,9.37,-0.521671
-0.92615,9.55,-0.526181
-0.92615,9.73,-0.525894
-0.92615,9.91,-0.521241
-0.918862,1.09,0.030595
-0.918862,1.27,-0.164745
-0.918862,1.45,-0.132481
-0.918862,1.63,-0.192578
-0.918862,1.81,-0.100625
-0.918862,1.99,-0.00257512
-0.918862,2.17,0.0292646
-0.918862,2.35,-0.0821852
-0.918862,2.53,-0.110154
-0.918862,2.71,-0.178506
-0.918862,2.89,-0.165653
-0.918862,3.07,-0.122376
-0.918862,3.25,-0.102242
-0.918862,3.43,-0.0991021
-0.918862,3.61,-0.113002
-0.918862,3.79,-0.161526
-0.918862,3.97,-0.248993
-0.918862,4.15,-0.358684
-0.918862,4.33,-0.460738
-0.918862,4.51,-0.522059
-0.918862,4.69,-0.514329
-0.918862,4.87,-0.422399
-0.918862,5.05,-0.254836
-0.918862,5.23,-0.043795
-0.918862,5.41,0.167234
-0.918862,5.59,0.34059
-0.918862,5.77,0.456344
-0.918862,5.95,0.513339
-0.918862,6.13,0.520865
-0.918862,6.31,0.491533
-0.918862,6.49,0.43722
-0.918862,6.67,0.367526
-0.918862,6.85,0.289554
-0.918862,7.03,0.208319
-0.918862,7.21,0.127324
-0.918862,7.39,0.0486877
-0.918862,7.57,-0.0261068
-0.918862,7.75,-0.0960768
-0.918862,7.93,-0.160617
-0.918862,8.11,-0.219769
-0.918862,8.29,-0.27318
-0.918862,8.47,-0.32076
-0.918862,8.65,-0.362541
-0.918862,8.83,-0.398624
-0.918862,9.01,-0.428958
-0.918862,9.19,-0.453743
-0.918862,9.37,-0.473387
-0.918862,9.55,-0.488163
-0.918862,9.73,-0.498368
-0.918862,9.91,-0.504313
-0.911574,1.09,0.0502204
-0.911574,1.27,-0.174719
-0.911574,1.45,-0.118622
-0.911574,1.63,-0.167276
-0.911574,1.81,-0.113698
-0.911574,1.99,0.014384
-0.911574,2.17,0.0079287
-0.911574,2.35,-0.0860898
-0.911574,2.53,-0.127083
-0.911574,2.71,-0.170049
-0.911574,2.89,-0.141075
-0.911574,3.07,-0.109612
-0.911574,3.25,-0.102493
-0.911574,3.43,-0.0879261
-0.911574,3.61,-0.0739459
-0.911574,3.79,-0.0996167
-0.911574,3.97,-0.181403
-0.911574,4.15,-0.303763
-0.911574,4.33,-0.434629
-0.911574,4.51,-0.539572
-0.911574,4.69,-0.588632
-0.911574,4.87,-0.560218
-0.911574,5.05,-0.448874
-0.911574,5.23,-0.269617
-0.911574,5.41,-0.0549094
-0.911574,5.59,0.154795
-0.911574,5.77,0.326305
-0.911574,5.95,0.443325
-0.911574,6.13,0.505017
-0.911574,6.31,0.519645
-0.911574,6.49,0.498791
-0.911574,6.67,0.453314
-0.911574,6.85,0.392246
-0.911574,7.03,0.322387
-0.911574,7.21,0.248796
-0.911574,7.39,0.174534
-0.911574,7.57,0.101775
-0.911574,7.75,0.0320174
-0.911574,7.93,-0.0337859
-0.911574,8.11,-0.0952135
-0.911574,8.29,-0.151954
-0.911574,8.47,-0.203823
-0.911574,8.65,-0.250764
-0.911574,8.83,-0.292806
-0.911574,9.01,-0.329918
-0.911574,9.19,-0.362219
-0.911574,9.37,-0.389974
-0.911574,9.55,-0.413379
-0.911574,9.73,-0.432644
-0.911574,9.91,-0.447993
-0.904286,1.09,0.0545463
-0.904286,1.27,-0.143035
-0.904286,1.45,-0.0993986
-0.904286,1.63,-0.122126
-0.904286,1.81,-0.102311
-0.904286,1.99,0.0213959
-0.904286,2.17,-0.00367679
-0.904286,2.35,-0.0929308
-0.904286,2.53,-0.139717
-0.904286,2.71,-0.150489
-0.904286,2.89,-0.116366
-0.904286,3.07,-0.104241
-0.904286,3.25,-0.104577
-0.904286,3.43,-0.0703084
-0.904286,3.61,-0.0260035
-0.904286,3.79,-0.0302437
-0.904286,3.97,-0.106921
-0.904286,4.15,-0.238198
-0.904286,4.33,-0.388746
-0.904286,4.51,-0.523973
-0.904286,4.69,-0.615738
-0.904286,4.87,-0.64222
-0.904286,5.05,-0.591397
-0.904286,5.23,-0.464811
-0.904286,5.41,-0.279142
-0.904286,5.59,-0.0658287
-0.904286,5.77,0.139316
-0.904286,5.95,0.308079
-0.904286,6.13,0.426676
-0.904286,6.31,0.494252
-0.904286,6.49,0.51817
-0.904286,6.67,0.508164
-0.904286,6.85,0.474086
-0.904286,7.03,0.424187
-0.904286,7.21,0.365165
-0.904286,7.39,0.301195
-0.904286,7.57,0.235357
-0.904286,7.75,0.169873
-0.904286,7.93,0.10623
-0.904286,8.11,0.0454341
-0.904286,8.29,-0.012101
-0.904286,8.47,-0.0659999
-0.904286,8.65,-0.11605
-0.904286,8.83,-0.162158
-0.904286,9.01,-0.204256
-0.904286,9.19,-0.242371
-0.904286,9.37,-0.276631
-0.904286,9.55,-0.30715
-0.904286,9.73,-0.334064
-0.904286,9.91,-0.35752
-0.896998,1.09,0.0724976
-0.896998,1.27,-0.0885632
-0.896998,1.45,-0.0853165
-0.896998,1.63,-0.0746622
-0.896998,1.81,-0.0582469
-0.896998,1.99,0.0139029
-0.896998,2.17,-0.00181184
-0.896998,2.35,-0.105513
-0.896998,2.53,-0.144931
-0.896998,2.71,-0.123845
-0.896998,2.89,-0.0962884
-0.896998,3.07,-0.103659
-0.896998,3.25,-0.100208
-0.896998,3.43,-0.0408547
-0.896998,3.61,0.0305634
-0.896998,3.79,0.0432674
-0.896998,3.97,-0.0287684
-0.896998,4.15,-0.163885
-0.896998,4.33,-0.324469
-0.896998,4.51,-0.477424
-0.896998,4.69,-0.598295
-0.896998,4.87,-0.668114
-0.896998,5.05,-0.673465
-0.896998,5.23,-0.608139
-0.896998,5.41,-0.475214
-0.896998,5.59,-0.291722
-0.896998,5.77,-0.0853322
-0.896998,5.95,0.112891
-0.896998,6.13,0.279169
-0.896998,6.31,0.401288
-0.896998,6.49,0.478175
-0.896998,6.67,0.51476
-0.896998,6.85,0.519219
-0.896998,7.03,0.49995
-0.896998,7.21,0.464791
-0.896998,7.39,0.418953
-0.896998,7.57,0.366518
-0.896998,7.75,0.310631
-0.896998,7.93,0.253515
-0.896998,8.11,0.196925
-0.896998,8.29,0.141574
-0.896998,8.47,0.0881663
-0.896998,8.65,0.0371825
-0.896998,8.83,-0.0110734
-0.896998,9.01,-0.056408
-0.896998,9.19,-0.0987111
-0.896998,9.37,-0.137957
-0.896998,9.55,-0.174159
-0.896998,9.73,-0.20736
-0.896998,9.91,-0.237623
-0.88971,1.09,0.118165
-0.88971,1.27,-0.0443193
-0.88971,1.45,-0.0822722
-0.88971,1.63,-0.0391786
-0.88971,1.81,0.0133995
-0.88971,1.99,-0.0046904
-0.88971,2.17,0.0133477
-0.88971,2.35,-0.124839
-0.88971,2.53,-0.141563
-0.88971,2.71,-0.0948421
-0.88971,2.89,-0.0825928
-0.88971,3.07,-0.100954
-0.88971,3.25,-0.081197
-0.88971,3.43,0.00214121
-0.88971,3.61,0.0916381
-0.88971,3.79,0.115409
-0.88971,3.97,0.0495898
-0.88971,4.15,-0.0818638
-0.88971,4.33,-0.24225
-0.88971,4.51,-0.401894
-0.88971,4.69,-0.540598
-0.88971,4.87,-0.642911
-0.88971,5.05,-0.696359
-0.88971,5.23,-0.691444
-0.88971,5.41,-0.622607
-0.88971,5.59,-0.493754
-0.88971,5.77,-0.319233
-0.88971,5.95,-0.123549
-0.88971,6.13,0.0674978
-0.88971,6.31,0.233362
-0.88971,6.49,0.362931
-0.88971,6.67,0.452983
-0.88971,6.85,0.506501
-0.88971,7.03,0.529463
-0.88971,7.21,0.529344
-0.88971,7.39,0.511697
-0.88971,7.57,0.481349
-0.88971,7.75,0.442368
-0.88971,7.93,0.397854
-0.88971,8.11,0.350444
-0.88971,8.29,0.301385
-0.88971,8.47,0.251883
-0.88971,8.65,0.202832
-0.88971,8.83,0.15487
-0.88971,9.01,0.108443
-0.88971,9.19,0.0638705
-0.88971,9.37,0.0213694
-0.88971,9.55,-0.0189227
-0.88971,9.73,-0.0569229
-0.88971,9.91,-0.0925886
-0.882422,1.09,0.186072
-0.882422,1.27,-0.0326485
-0.882422,1.45,-0.0896889
-0.882422,1.63,-0.020126
-0.882422,1.81,0.0949901
-0.882422,1.99,-0.0217663
-0.882422,2.17,0.035665
-0.882422,2.35,-0.149728
-0.882422,2.53,-0.129703
-0.882422,2.71,-0.0671489
-0.882422,2.89,-0.0729055
-0.882422,3.07,-0.0872704
-0.882422,3.25,-0.043116
-0.882422,3.43,0.0550387
-0.882422,3.61,0.149378
-0.882422,3.79,0.179463
-0.882422,3.97,0.12534
-0.882422,4.15,0.00806846
-0.882422,4.33,-0.141409
-0.882422,4.51,-0.298444
-0.882422,4.69,-0.446527
-0.882422,4.87,-0.572829
-0.882422,5.05,-0.666059
-0.882422,5.23,-0.715731
-0.882422,5.41,-0.712046
-0.882422,5.59,-0.650202
-0.882422,5.77,-0.532281
-0.882422,5.95,-0.371661
-0.882422,6.13,-0.188119
-0.882422,6.31,-0.00326324
-0.882422,6.49,0.16497
-0.882422,6.67,0.305002
-0.882422,6.85,0.411925
-0.882422,7.03,0.486154
-0.882422,7.21,0.532144
-0.882422,7.39,0.554167
-0.882422,7.57,0.556801
-0.882422,7.75,0.544533
-0.882422,7.93,0.521168
-0.882422,8.11,0.49019
-0.882422,8.29,0.453559
-0.882422,8.47,0.41314
-0.882422,8.65,0.370393
-0.882422,8.83,0.326435
-0.882422,9.01,0.282125
-0.882422,9.19,0.238094
-0.882422,9.37,0.194808
-0.882422,9.55,0.152629
-0.882422,9.73,0.111824
-0.882422,9.91,0.0725877
-0.875134,1.09,0.25997
-0.875134,1.27,-0.0402243
-0.875134,1.45,-0.0967767
-0.875134,1.63,-0.0139312
-0.875134,1.81,0.164373
-0.875134,1.99,-0.0212285
-0.875134,2.17,0.0521994
-0.875134,2.35,-0.175998
-0.875134,2.53,-0.109927
-0.875134,2.71,-0.0426917
-0.875134,2.89,-0.0616418
-0.875134,3.07,-0.0557001
-0.875134,3.25,0.0123506
-0.875134,3.43,0.109279
-0.875134,3.61,0.194146
-0.875134,3.79,0.229425
-0.875134,3.97,0.197224
-0.875134,4.15,0.10743
-0.875134,4.33,-0.0202192
-0.875134,4.51,-0.166941
-0.875134,4.69,-0.318459
-0.875134,4.87,-0.462808
-0.875134,5.05,-0.588907
-0.875134,5.23,-0.685833
-0.875134,5.41,-0.742176
-0.875134,5.59,-0.74874
-0.875134,5.77,-0.699583
-0.875134,5.95,-0.597985
-0.875134,6.13,-0.454188
-0.875134,6.31,-0.284056
-0.875134,6.49,-0.105818
-0.875134,6.67,0.0649997
-0.875134,6.85,0.216435
-0.875134,7.03,0.341752
-0.875134,7.21,0.439638
-0.875134,7.39,0.510793
-0.875134,7.57,0.557627
-0.875134,7.75,0.583665
-0.875134,7.93,0.592583
-0.875134,8.11,0.588182
-0.875134,8.29,0.573052
-0.875134,8.47,0.5497
-0.875134,8.65,0.520217
-0.875134,8.83,0.486303
-0.875134,9.01,0.449396
-0.875134,9.19,0.410545
-0.875134,9.37,0.37054
-0.875134,9.55,0.33006
-0.875134,9.73,0.28964
-0.875134,9.91,0.249697
-0.867846,1.09,0.303119
-0.867846,1.27,-0.0318971
-0.867846,1.45,-0.0819803
-0.867846,1.63,-0.0166476
-0.867846,1.81,0.207611
-0.867846,1.99,0.00464879
-0.867846,2.17,0.0466837
-0.867846,2.35,-0.195628
-0.867846,2.53,-0.0838005
-0.867846,2.71,-0.0226075
-0.867846,2.89,-0.0426511
-0.867846,3.07,-0.00428569
-0.867846,3.25,0.0779886
-0.867846,3.43,0.154473
-0.867846,3.61,0.217989
-0.867846,3.79,0.261793
-0.867846,3.97,0.265311
-0.867846,4.15,0.217982
-0.867846,4.33,0.123186
-0.867846,4.51,-0.00648545
-0.867846,4.69,-0.157109
-0.867846,4.87,-0.315447
-0.867846,5.05,-0.469044
-0.867846,5.23,-0.606043
-0.867846,5.41,-0.714473
-0.867846,5.59,-0.783618
-0.867846,5.77,-0.80388
-0.867846,5.95,-0.77234
-0.867846,6.13,-0.691171
-0.867846,6.31,-0.568123
-0.867846,6.49,-0.416421
-0.867846,6.67,-0.249029
-0.867846,6.85,-0.0799915
-0.867846,7.03,0.0791259
-0.867846,7.21,0.220793
-0.867846,7.39,0.340811
-0.867846,7.57,0.437413
-0.867846,7.75,0.511071
-0.867846,7.93,0.563607
-0.867846,8.11,0.597785
-0.867846,8.29,0.616089
-0.867846,8.47,0.621168
-0.867846,8.65,0.615478
-0.867846,8.83,0.601193
-0.867846,9.01,0.580359
-0.867846,9.19,0.554488
-0.867846,9.37,0.524729
-0.867846,9.55,0.492163
-0.867846,9.73,0.45768
-0.867846,9.91,0.422001
-0.860558,1.09,0.26398
-0.860558,1.27,0.00049762
-0.860558,1.45,-0.0285548
-0.860558,1.63,-0.0253988
-0.860558,1.81,0.225741
-0.860558,1.99,0.0454729
-0.860558,2.17,0.0119036
-0.860558,2.35,-0.197397
-0.860558,2.53,-0.0567282
-0.860558,2.71,-0.00954704
-0.860558,2.89,-0.0118943
-0.860558,3.07,0.0638101
-0.860558,3.25,0.144506
-0.860558,3.43,0.182912
-0.860558,3.61,0.217349
-0.860558,3.79,0.274712
-0.860558,3.97,0.327745
-0.860558,4.15,0.338295
-0.860558,4.33,0.288356
-0.860558,4.51,0.183291
-0.860558,4.69,0.0381984
-0.860558,4.87,-0.13026
-0.860558,5.05,-0.306424
-0.860558,5.23,-0.476501
-0.860558,5.41,-0.628033
-0.860558,5.59,-0.750245
-0.860558,5.77,-0.832927
-0.860558,5.95,-0.870828
-0.860558,6.13,-0.861761
-0.860558,6.31,-0.807258
-0.860558,6.49,-0.714479
-0.860558,6.67,-0.589927
-0.860558,6.85,-0.444102
-0.860558,7.03,-0.288007
-0.860558,7.21,-0.132039
-0.860558,7.39,0.0165535
-0.860558,7.57,0.151967
-0.860558,7.75,0.270425
-0.860558,7.93,0.370146
-0.860558,8.11,0.450965
-0.860558,8.29,0.513681
-0.860558,8.47,0.5598
-0.860558,8.65,0.59118
-0.860558,8.83,0.609798
-0.860558,9.01,0.617891
-0.860558,9.19,0.617193
-0.860558,9.37,0.609062
-0.860558,9.55,0.594925
-0.860558,9.73,0.576017
-0.860558,9.91,0.553398
-0.85327,1.09,0.17753
-0.85327,1.27,0.027684
-0.85327,1.45,0.0436487
-0.85327,1.63,-0.0310163
-0.85327,1.81,0.222347
-0.85327,1.99,0.077272
-0.85327,2.17,-0.0321547
-0.85327,2.35,-0.171566
-0.85327,2.53,-0.0436794
-0.85327,2.71,-0.00944851
-0.85327,2.89,0.03171
-0.85327,3.07,0.142268
-0.85327,3.25,0.203824
-0.85327,3.43,0.191075
-0.85327,3.61,0.190042
-0.85327,3.79,0.260186
-0.85327,3.97,0.370601
-0.85327,4.15,0.454291
-0.85327,4.33,0.465831
-0.85327,4.51,0.398889
-0.85327,4.69,0.269228
-0.85327,4.87,0.098445
-0.85327,5.05,-0.0927723
-0.85327,5.23,-0.287467
-0.85327,5.41,-0.472218
-0.85327,5.59,-0.636587
-0.85327,5.77,-0.771269
-0.85327,5.95,-0.871024
-0.85327,6.13,-0.932482
-0.85327,6.31,-0.954236
-0.85327,6.49,-0.939431
-0.85327,6.67,-0.888695
-0.85327,6.85,-0.806864
-0.85327,7.03,-0.700299
-0.85327,7.21,-0.577591
-0.85327,7.39,-0.444582
-0.85327,7.57,-0.307562
-0.85327,7.75,-0.172561
-0.85327,7.93,-0.0444145
-0.85327,8.11,0.0733113
-0.85327,8.29,0.178379
-0.85327,8.47,0.26963
-0.85327,8.65,0.346791
-0.85327,8.83,0.41025
-0.85327,9.01,0.461158
-0.85327,9.19,0.500631
-0.85327,9.37,0.529625
-0.85327,9.55,0.549385
-0.85327,9.73,0.561133
-0.85327,9.91,0.566023
-0.845982,1.09,0.1959
-0.845982,1.27,0.00891437
-0.845982,1.45,0.078746
-0.845982,1.63,-0.0226861
-0.845982,1.81,0.182754
-0.845982,1.99,0.0847168
-0.845982,2.17,-0.0372654
-0.845982,2.35,-0.120148
-0.845982,2.53,-0.0735112
-0.845982,2.71,-0.0274155
-0.845982,2.89,0.0871453
-0.845982,3.07,0.220201
-0.845982,3.25,0.244423
-0.845982,3.43,0.17006
-0.845982,3.61,0.11908
-0.845982,3.79,0.18058
-0.845982,3.97,0.338498
-0.845982,4.15,0.509897
-0.845982,4.33,0.615404
-0.845982,4.51,0.622712
-0.845982,4.69,0.539784
-0.845982,4.87,0.391138
-0.845982,5.05,0.20371
-0.845982,5.23,-0.000612162
-0.845982,5.41,-0.205942
-0.845982,5.59,-0.401218
-0.845982,5.77,-0.577952
-0.845982,5.95,-0.731181
-0.845982,6.13,-0.857608
-0.845982,6.31,-0.95503
-0.845982,6.49,-1.02453
-0.845982,6.67,-1.06392
-0.845982,6.85,-1.07393
-0.845982,7.03,-1.05622
-0.845982,7.21,-1.01553
-0.845982,7.39,-0.953604
-0.845982,7.57,-0.873387
-0.845982,7.75,-0.779029
-0.845982,7.93,-0.6748
-0.845982,8.11,-0.564807
-0.845982,8.29,-0.45286
-0.845982,8.47,-0.342251
-0.845982,8.65,-0.23567
-0.845982,8.83,-0.135176
-0.845982,9.01,-0.0422485
-0.845982,9.19,0.0423812
-0.845982,9.37,0.118296
-0.845982,9.55,0.185368
-0.845982,9.73,0.243756
-0.845982,9.91,0.293826
-0.838694,1.09,0.228916
-0.838694,1.27,-0.0818868
-0.838694,1.45,-0.0310847
-0.838694,1.63,0.0670399
-0.838694,1.81,0.0482151
-0.838694,1.99,-0.0152322
-0.838694,2.17,0.0319862
-0.838694,2.35,0.0263425
-0.838694,2.53,-0.0976055
-0.838694,2.71,-0.035854
-0.838694,2.89,0.12422
-0.838694,3.07,0.226405
-0.838694,3.25,0.177826
-0.838694,3.43,0.00982391
-0.838694,3.61,-0.150198
-0.838694,3.79,-0.177869
-0.838694,3.97,-0.015965
-0.838694,4.15,0.298726
-0.838694,4.33,0.656583
-0.838694,4.51,0.937821
-0.838694,4.69,1.07707
-0.838694,4.87,1.06929
-0.838694,5.05,0.94648
-0.838694,5.23,0.74817
-0.838694,5.41,0.507261
-0.838694,5.59,0.247565
-0.838694,5.77,-0.0149457
-0.838694,5.95,-0.269415
-0.838694,6.13,-0.50931
-0.838694,6.31,-0.730407
-0.838694,6.49,-0.931471
-0.838694,6.67,-1.10954
-0.838694,6.85,-1.26328
-0.838694,7.03,-1.39183
-0.838694,7.21,-1.49728
-0.838694,7.39,-1.57845
-0.838694,7.57,-1.63483
-0.838694,7.75,-1.66719
-0.838694,7.93,-1.67668
-0.838694,8.11,-1.66494
-0.838694,8.29,-1.63373
-0.838694,8.47,-1.5852
-0.838694,8.65,-1.52169
-0.838694,8.83,-1.44567
-0.838694,9.01,-1.36033
-0.838694,9.19,-1.26784
-0.838694,9.37,-1.16979
-0.838694,9.55,-1.06829
-0.838694,9.73,-0.965193
-0.838694,9.91,-0.862162
-0.831406,1.09,0.171957
-0.831406,1.27,-0.182122
-0.831406,1.45,-0.202055
-0.831406,1.63,0.038834
-0.831406,1.81,0.0220366
-0.831406,1.99,-0.138518
-0.831406,2.17,0.0107175
-0.831406,2.35,0.00298236
-0.831406,2.53,-0.121097
-0.831406,2.71,0.000643313
-0.831406,2.89,0.131021
-0.831406,3.07,0.160638
-0.831406,3.25,0.0698911
-0.831406,3.43,-0.130647
-0.831406,3.61,-0.362383
-0.831406,3.79,-0.509202
-0.831406,3.97,-0.468803
-0.831406,4.15,-0.204041
-0.831406,4.33,0.232682
-0.831406,4.51,0.708364
-0.831406,4.69,1.08861
-0.831406,4.87,1.29922
-0.831406,5.05,1.33749
-0.831406,5.23,1.2396
-0.831406,5.41,1.04933
-0.831406,5.59,0.80414
-0.831406,5.77,0.530843
-0.831406,5.95,0.24907
-0.831406,6.13,-0.0290743
-0.831406,6.31,-0.295954
-0.831406,6.49,-0.547508
-0.831406,6.67,-0.78039
-0.831406,6.85,-0.992515
-0.831406,7.03,-1.18257
-0.831406,7.21,-1.35172
-0.831406,7.39,-1.49887
-0.831406,7.57,-1.62325
-0.831406,7.75,-1.72506
-0.831406,7.93,-1.80476
-0.831406,8.11,-1.86331
-0.831406,8.29,-1.9014
-0.831406,8.47,-1.92017
-0.831406,8.65,-1.92098
-0.831406,8.83,-1.90531
-0.831406,9.01,-1.87553
-0.831406,9.19,-1.83319
-0.831406,9.37,-1.77936
-0.831406,9.55,-1.71574
-0.831406,9.73,-1.64403
-0.831406,9.91,-1.56582
-0.824117,1.09,0.150588
-0.824117,1.27,-0.284536
-0.824117,1.45,-0.250177
-0.824117,1.63,-0.0374518
-0.824117,1.81,0.0505535
-0.824117,1.99,-0.16805
-0.824117,2.17,0.0294619
-0.824117,2.35,-0.0413083
-0.824117,2.53,-0.127628
-0.824117,2.71,0.0283976
-0.824117,2.89,0.137388
-0.824117,3.07,0.136369
-0.824117,3.25,0.0378356
-0.824117,3.43,-0.150169
-0.824117,3.61,-0.364362
-0.824117,3.79,-0.499717
-0.824117,3.97,-0.459434
-0.824117,4.15,-0.20754
-0.824117,4.33,0.207138
-0.824117,4.51,0.660427
-0.824117,4.69,1.02675
-0.824117,4.87,1.235
-0.824117,5.05,1.28055
-0.824117,5.23,1.19594
-0.824117,5.41,1.02174
-0.824117,5.59,0.793435
-0.824117,5.77,0.536793
-0.824117,5.95,0.270747
-0.824117,6.13,0.00715879
-0.824117,6.31,-0.246436
-0.824117,6.49,-0.485879
-0.824117,6.67,-0.707952
-0.824117,6.85,-0.910633
-0.824117,7.03,-1.09267
-0.824117,7.21,-1.25509
-0.824117,7.39,-1.39691
-0.824117,7.57,-1.51752
-0.824117,7.75,-1.61711
-0.824117,7.93,-1.69614
-0.824117,8.11,-1.75572
-0.824117,8.29,-1.79633
-0.824117,8.47,-1.81898
-0.824117,8.65,-1.8249
-0.824117,8.83,-1.81544
-0.824117,9.01,-1.79258
-0.824117,9.19,-1.75774
-0.824117,9.37,-1.712
-0.824117,9.55,-1.65687
-0.824117,9.73,-1.59387
-0.824117,9.91,-1.52447
-0.816829,1.09,0.0677244
-0.816829,1.27,-0.341951
-0.816829,1.45,-0.264536
-0.816829,1.63,-0.111717
-0.816829,1.81,0.0675066
-0.816829,1.99,-0.18459
-0.816829,2.17,0.0379957
-0.816829,2.35,-0.0848438
-0.816829,2.53,-0.121991
-0.816829,2.71,0.0545607
-0.816829,2.89,0.135855
-0.816829,3.07,0.110502
-0.816829,3.25,0.0105154
-0.816829,3.43,-0.164954
-0.816829,3.61,-0.365664
-0.816829,3.79,-0.494205
-0.816829,3.97,-0.457505
-0.816829,4.15,-0.220086
-0.816829,4.33,0.173053
-0.816829,4.51,0.606073
-0.816829,4.69,0.961097
-0.816829,4.87,1.16919
-0.816829,5.05,1.22353
-0.816829,5.23,1.15312
-0.816829,5.41,0.99561
-0.816829,5.59,0.784686
-0.816829,5.77,0.545187
-0.816829,5.95,0.295404
-0.816829,6.13,0.0469531
-0.816829,6.31,-0.192742
-0.816829,6.49,-0.419457
-0.816829,6.67,-0.630116
-0.816829,6.85,-0.822778
-0.816829,7.03,-0.996273
-0.816829,7.21,-1.15147
-0.816829,7.39,-1.28755
-0.816829,7.57,-1.40401
-0.816829,7.75,-1.50107
-0.816829,7.93,-1.57919
-0.816829,8.11,-1.63955
-0.816829,8.29,-1.68247
-0.816829,8.47,-1.70886
-0.816829,8.65,-1.7198
-0.816829,8.83,-1.71648
-0.816829,9.01,-1.70055
-0.816829,9.19,-1.67328
-0.816829,9.37,-1.63573
-0.816829,9.55,-1.58926
-0.816829,9.73,-1.5352
-0.816829,9.91,-1.47487
-0.809541,1.09,-0.0531297
-0.809541,1.27,-0.339885
-0.809541,1.45,-0.247397
-0.809541,1.63,-0.169939
-0.809541,1.81,0.0687773
-0.809541,1.99,-0.187948
-0.809541,2.17,0.035575
-0.809541,2.35,-0.121672
-0.809541,2.53,-0.106054
-0.809541,2.71,0.0752982
-0.809541,2.89,0.126124
-0.809541,3.07,0.0844235
-0.809541,3.25,-0.0114413
-0.809541,3.43,-0.175009
-0.809541,3.61,-0.366063
-0.809541,3.79,-0.492069
-0.809541,3.97,-0.46266
-0.809541,4.15,-0.24234
-0.809541,4.33,0.128363
-0.809541,4.51,0.542034
-0.809541,4.69,0.887758
-0.809541,4.87,1.09797
-0.809541,5.05,1.16317
-0.809541,5.23,1.10874
-0.809541,5.41,0.969512
-0.809541,5.59,0.777454
-0.809541,5.77,0.556547
-0.809541,5.95,0.324451
-0.809541,6.13,0.0925296
-0.809541,6.31,-0.131931
-0.809541,6.49,-0.344672
-0.809541,6.67,-0.542773
-0.809541,6.85,-0.724387
-0.809541,7.03,-0.888431
-0.809541,7.21,-1.03562
-0.809541,7.39,-1.16532
-0.809541,7.57,-1.2771
-0.809541,7.75,-1.37121
-0.809541,7.93,-1.44809
-0.809541,8.11,-1.50901
-0.809541,8.29,-1.5541
-0.809541,8.47,-1.58415
-0.809541,8.65,-1.60012
-0.809541,8.83,-1.60305
-0.809541,9.01,-1.59425
-0.809541,9.19,-1.57484
-0.809541,9.37,-1.54585
-0.809541,9.55,-1.50845
-0.809541,9.73,-1.46382
-0.809541,9.91,-1.41309
-0.802253,1.09,-0.176781
-0.802253,1.27,-0.295748
-0.802253,1.45,-0.200174
-0.802253,1.63,-0.209764
-0.802253,1.81,0.0584298
-0.802253,1.99,-0.177484
-0.802253,2.17,0.0225725
-0.802253,2.35,-0.1498
-0.802253,2.53,-0.0833344
-0.802253,2.71,0.0921432
-0.802253,2.89,0.116025
-0.802253,3.07,0.0641152
-0.802253,3.25,-0.0287024
-0.802253,3.43,-0.184534
-0.802253,3.61,-0.36628
-0.802253,3.79,-0.483781
-0.802253,3.97,-0.451065
-0.802253,4.15,-0.236851
-0.802253,4.33,0.117834
-0.802253,4.51,0.511193
-0.802253,4.69,0.840166
-0.802253,4.87,1.04173
-0.802253,5.05,1.10679
-0.802253,5.23,1.05882
-0.802253,5.41,0.930331
-0.802253,5.59,0.751421
-0.802253,5.77,0.544883
-0.802253,5.95,0.327395
-0.802253,6.13,0.109785
-0.802253,6.31,-0.100993
-0.802253,6.49,-0.300823
-0.802253,6.67,-0.486976
-0.802253,6.85,-0.657747
-0.802253,7.03,-0.812163
-0.802253,7.21,-0.95087
-0.802253,7.39,-1.07334
-0.802253,7.57,-1.17927
-0.802253,7.75,-1.26891
-0.802253,7.93,-1.34271
-0.802253,8.11,-1.40201
-0.802253,8.29,-1.44681
-0.802253,8.47,-1.47783
-0.802253,8.65,-1.49594
-0.802253,8.83,-1.50206
-0.802253,9.01,-1.49725
-0.802253,9.19,-1.48253
-0.802253,9.37,-1.4589
-0.802253,9.55,-1.42744
-0.802253,9.73,-1.38918
-0.802253,9.91,-1.34514
-0.794965,1.09,-0.269812
-0.794965,1.27,-0.221326
-0.794965,1.45,-0.137036
-0.794965,1.63,-0.22586
-0.794965,1.81,0.0379205
-0.794965,1.99,-0.158707
-0.794965,2.17,-0.000139962
-0.794965,2.35,-0.167177
-0.794965,2.53,-0.0569651
-0.794965,2.71,0.102517
-0.794965,2.89,0.103351
-0.794965,3.07,0.0471804
-0.794965,3.25,-0.0419054
-0.794965,3.43,-0.192365
-0.794965,3.61,-0.36687
-0.794965,3.79,-0.476761
-0.794965,3.97,-0.441018
-0.794965,4.15,-0.233026
-0.794965,4.33,0.105778
-0.794965,4.51,0.47925
-0.794965,4.69,0.791888
-0.794965,4.87,0.984996
-0.794965,5.05,1.04991
-0.794965,5.23,1.00833
-0.794965,5.41,0.890572
-0.794965,5.59,0.724927
-0.794965,5.77,0.532992
-0.794965,5.95,0.330436
-0.794965,6.13,0.127511
-0.794965,6.31,-0.0691952
-0.794965,6.49,-0.255746
-0.794965,6.67,-0.429615
-0.794965,6.85,-0.589246
-0.794965,7.03,-0.733777
-0.794965,7.21,-0.863782
-0.794965,7.39,-0.97885
-0.794965,7.57,-1.07876
-0.794965,7.75,-1.1638
-0.794965,7.93,-1.23437
-0.794965,8.11,-1.29189
-0.794965,8.29,-1.33623
-0.794965,8.47,-1.36804
-0.794965,8.65,-1.38809
-0.794965,8.83,-1.39721
-0.794965,9.01,-1.3962
-0.794965,9.19,-1.38599
-0.794965,9.37,-1.36757
-0.794965,9.55,-1.34188
-0.794965,9.73,-1.30984
-0.794965,9.91,-1.27236
-0.787677,1.09,-0.310466
-0.787677,1.27,-0.135951
-0.787677,1.45,-0.074305
-0.787677,1.63,-0.216692
-0.787677,1.81,0.0117622
-0.787677,1.99,-0.136236
-0.787677,2.17,-0.0289159
-0.787677,2.35,-0.172227
-0.787677,2.53,-0.030181
-0.787677,2.71,0.10565
-0.787677,2.89,0.0891
-0.787677,3.07,0.0335764
-0.787677,3.25,-0.0520419
-0.787677,3.43,-0.199248
-0.787677,3.61,-0.368023
-0.787677,3.79,-0.471318
-0.787677,3.97,-0.433847
-0.787677,4.15,-0.233632
-0.787677,4.33,0.0883117
-0.787677,4.51,0.442001
-0.787677,4.69,0.739215
-0.787677,4.87,0.925107
-0.787677,5.05,0.99111
-0.787677,5.23,0.957074
-0.787677,5.41,0.851118
-0.787677,5.59,0.699766
-0.787677,5.77,0.523414
-0.787677,5.95,0.336715
-0.787677,6.13,0.149332
-0.787677,6.31,-0.032535
-0.787677,6.49,-0.205147
-0.787677,6.67,-0.366179
-0.787677,6.85,-0.514223
-0.787677,7.03,-0.648523
-0.787677,7.21,-0.769574
-0.787677,7.39,-0.877069
-0.787677,7.57,-0.970866
-0.787677,7.75,-1.05125
-0.787677,7.93,-1.11861
-0.787677,8.11,-1.17434
-0.787677,8.29,-1.21826
-0.787677,8.47,-1.25092
-0.787677,8.65,-1.27298
-0.787677,8.83,-1.28517
-0.787677,9.01,-1.28808
-0.787677,9.19,-1.28253
-0.787677,9.37,-1.26947
-0.787677,9.55,-1.24972
-0.787677,9.73,-1.22408
-0.787677,9.91,-1.19333
-0.780389,1.09,-0.302477
-0.780389,1.27,-0.0605079
-0.780389,1.45,-0.0231902
-0.780389,1.63,-0.187712
-0.780389,1.81,-0.014352
-0.780389,1.99,-0.113138
-0.780389,2.17,-0.0581936
-0.780389,2.35,-0.166634
-0.780389,2.53,-0.00668101
-0.780389,2.71,0.102908
-0.780389,2.89,0.0760617
-0.780389,3.07,0.0239937
-0.780389,3.25,-0.0597382
-0.780389,3.43,-0.204839
-0.780389,3.61,-0.366963
-0.780389,3.79,-0.461858
-0.780389,3.97,-0.421457
-0.780389,4.15,-0.229027
-0.780389,4.33,0.0749428
-0.780389,4.51,0.406959
-0.780389,4.69,0.686447
-0.780389,4.87,0.862902
-0.780389,5.05,0.928244
-0.780389,5.23,0.900638
-0.780389,5.41,0.805993
-0.780389,5.59,0.668914
-0.780389,5.77,0.508445
-0.780389,5.95,0.338099
-0.780389,6.13,0.166847
-0.780389,6.31,0.000440236
-0.780389,6.49,-0.157631
-0.780389,6.67,-0.305253
-0.780389,6.85,-0.441166
-0.780389,7.03,-0.564716
-0.780389,7.21,-0.676323
-0.780389,7.39,-0.775768
-0.780389,7.57,-0.862967
-0.780389,7.75,-0.938193
-0.780389,7.93,-1.00182
-0.780389,8.11,-1.05521
-0.780389,8.29,-1.09811
-0.780389,8.47,-1.13098
-0.780389,8.65,-1.1544
-0.780389,8.83,-1.16901
-0.780389,9.01,-1.17518
-0.780389,9.19,-1.17364
-0.780389,9.37,-1.16532
-0.780389,9.55,-1.15089
-0.780389,9.73,-1.13106
-0.780389,9.91,-1.1065
-0.773101,1.09,-0.252029
-0.773101,1.27,-0.0106528
-0.773101,1.45,0.0117893
-0.773101,1.63,-0.151888
-0.773101,1.81,-0.0327002
-0.773101,1.99,-0.0935304
-0.773101,2.17,-0.0865999
-0.773101,2.35,-0.155162
-0.773101,2.53,0.0129264
-0.773101,2.71,0.0990991
-0.773101,2.89,0.0676697
-0.773101,3.07,0.0180903
-0.773101,3.25,-0.067305
-0.773101,3.43,-0.211132
-0.773101,3.61,-0.363758
-0.773101,3.79,-0.445227
-0.773101,3.97,-0.396445
-0.773101,4.15,-0.207463
-0.773101,4.33,0.0803166
-0.773101,4.51,0.389186
-0.773101,4.69,0.646741
-0.773101,4.87,0.808169
-0.773101,5.05,0.867243
-0.773101,5.23,0.841196
-0.773101,5.41,0.75394
-0.773101,5.59,0.628071
-0.773101,5.77,0.481092
-0.773101,5.95,0.325217
-0.773101,6.13,0.168594
-0.773101,6.31,0.0164389
-0.773101,6.49,-0.128076
-0.773101,6.67,-0.263059
-0.773101,6.85,-0.387413
-0.773101,7.03,-0.500584
-0.773101,7.21,-0.602944
-0.773101,7.39,-0.694341
-0.773101,7.57,-0.774739
-0.773101,7.75,-0.844401
-0.773101,7.93,-0.903673
-0.773101,8.11,-0.953906
-0.773101,8.29,-0.994768
-0.773101,8.47,-1.02667
-0.773101,8.65,-1.05011
-0.773101,8.83,-1.06566
-0.773101,9.01,-1.07354
-0.773101,9.19,-1.07438
-0.773101,9.37,-1.06908
-0.773101,9.55,-1.05825
-0.773101,9.73,-1.04249
-0.773101,9.91,-1.02239
-0.765813,1.09,-0.176246
-0.765813,1.27,0.012006
-0.765813,1.45,0.025589
-0.765813,1.63,-0.111993
-0.765813,1.81,-0.0420269
-0.765813,1.99,-0.0801777
-0.765813,2.17,-0.109681
-0.765813,2.35,-0.13746
-0.765813,2.53,0.027416
-0.765813,2.71,0.0927662
-0.765813,2.89,0.06121
-0.765813,3.07,0.0135028
-0.765813,3.25,-0.0749207
-0.765813,3.43,-0.216706
-0.765813,3.61,-0.358016
-0.765813,3.79,-0.425171
-0.765813,3.97,-0.368781
-0.765813,4.15,-0.1851
-0.765813,4.33,0.0846419
-0.765813,4.51,0.369173
-0.765813,4.69,0.604257
-0.765813,4.87,0.750584
-0.765813,5.05,0.803586
-0.765813,5.23,0.779448
-0.765813,5.41,0.70002
-0.765813,5.59,0.585831
-0.765813,5.77,0.45279
-0.765813,5.95,0.311796
-0.765813,6.13,0.170157
-0.765813,6.31,0.0325492
-0.765813,6.49,-0.0981816
-0.765813,6.67,-0.220358
-0.765813,6.85,-0.333031
-0.765813,7.03,-0.435736
-0.765813,7.21,-0.528793
-0.765813,7.39,-0.612101
-0.765813,7.57,-0.685657
-0.765813,7.75,-0.749706
-0.765813,7.93,-0.804562
-0.765813,8.11,-0.851529
-0.765813,8.29,-0.890225
-0.765813,8.47,-0.920995
-0.765813,8.65,-0.944286
-0.765813,8.83,-0.960566
-0.765813,9.01,-0.969931
-0.765813,9.19,-0.972942
-0.765813,9.37,-0.970452
-0.765813,9.55,-0.962982
-0.765813,9.73,-0.951054
-0.765813,9.91,-0.935176
-0.758525,1.09,-0.100571
-0.758525,1.27,0.0139493
-0.758525,1.45,0.0205719
-0.758525,1.63,-0.073962
-0.758525,1.81,-0.0414803
-0.758525,1.99,-0.0741662
-0.758525,2.17,-0.123893
-0.758525,2.35,-0.115502
-0.758525,2.53,0.0361073
-0.758525,2.71,0.0845535
-0.758525,2.89,0.0559124
-0.758525,3.07,0.00878185
-0.758525,3.25,-0.0831241
-0.758525,3.43,-0.220921
-0.758525,3.61,-0.348789
-0.758525,3.79,-0.401407
-0.758525,3.97,-0.339335
-0.758525,4.15,-0.163879
-0.758525,4.33,0.0853416
-0.758525,4.51,0.34425
-0.758525,4.69,0.556682
-0.758525,4.87,0.688468
-0.758525,5.05,0.736312
-0.758525,5.23,0.715109
-0.758525,5.41,0.644518
-0.758525,5.59,0.542937
-0.758525,5.77,0.424642
-0.758525,5.95,0.299219
-0.758525,6.13,0.173141
-0.758525,6.31,0.0505483
-0.758525,6.49,-0.0660342
-0.758525,6.67,-0.175127
-0.758525,6.85,-0.275913
-0.758525,7.03,-0.368001
-0.758525,7.21,-0.451649
-0.758525,7.39,-0.526794
-0.758525,7.57,-0.593453
-0.758525,7.75,-0.651844
-0.758525,7.93,-0.702241
-0.758525,8.11,-0.745867
-0.758525,8.29,-0.782312
-0.758525,8.47,-0.811858
-0.758525,8.65,-0.834881
-0.758525,8.83,-0.851774
-0.758525,9.01,-0.862519
-0.758525,9.19,-0.867597
-0.758525,9.37,-0.867805
-0.758525,9.55,-0.863586
-0.758525,9.73,-0.855377
-0.758525,9.91,-0.843612
-0.751237,1.09,-0.0451424
-0.751237,1.27,0.00535797
-0.751237,1.45,0.00620113
-0.751237,1.63,-0.0433777
-0.751237,1.81,-0.0322945
-0.751237,1.99,-0.0731837
-0.751237,2.17,-0.127314
-0.751237,2.35,-0.092687
-0.751237,2.53,0.0391241
-0.751237,2.71,0.0757236
-0.751237,2.89,0.0513506
-0.751237,3.07,0.00331498
-0.751237,3.25,-0.0909312
-0.751237,3.43,-0.221116
-0.751237,3.61,-0.332673
-0.751237,3.79,-0.37057
-0.751237,3.97,-0.305112
-0.751237,4.15,-0.14136
-0.751237,4.33,0.0839966
-0.751237,4.51,0.314813
-0.751237,4.69,0.503099
-0.751237,4.87,0.619737
-0.751237,5.05,0.662477
-0.751237,5.23,0.644691
-0.751237,5.41,0.583666
-0.751237,5.59,0.49552
-0.751237,5.77,0.392793
-0.751237,5.95,0.283725
-0.751237,6.13,0.173927
-0.751237,6.31,0.0669952
-0.751237,6.49,-0.0348702
-0.751237,6.67,-0.130376
-0.751237,6.85,-0.218824
-0.751237,7.03,-0.299881
-0.751237,7.21,-0.373741
-0.751237,7.39,-0.440364
-0.751237,7.57,-0.499774
-0.751237,7.75,-0.552154
-0.751237,7.93,-0.597734
-0.751237,8.11,-0.637625
-0.751237,8.29,-0.671411
-0.751237,8.47,-0.699313
-0.751237,8.65,-0.721639
-0.751237,8.83,-0.738708
-0.751237,9.01,-0.750412
-0.751237,9.19,-0.757155
-0.751237,9.37,-0.759667
-0.751237,9.55,-0.758311
-0.751237,9.73,-0.753449
-0.751237,9.91,-0.74544
-0.743949,1.09,-0.0105547
-0.743949,1.27,-7.5335e-05
-0.743949,1.45,-0.0123339
-0.743949,1.63,-0.0227808
-0.743949,1.81,-0.0172062
-0.743949,1.99,-0.0756904
-0.743949,2.17,-0.123639
-0.743949,2.35,-0.0727671
-0.743949,2.53,0.0397191
-0.743949,2.71,0.0691317
-0.743949,2.89,0.0473954
-0.743949,3.07,-0.00357414
-0.743949,3.25,-0.0980133
-0.743949,3.43,-0.216152
-0.743949,3.61,-0.30777
-0.743949,3.79,-0.329045
-0.743949,3.97,-0.259523
-0.743949,4.15,-0.107634
-0.743949,4.33,0.0928018
-0.743949,4.51,0.29338
-0.743949,4.69,0.454284
-0.743949,4.87,0.552161
-0.743949,5.05,0.586381
-0.743949,5.23,0.569057
-0.743949,5.41,0.515158
-0.743949,5.59,0.438447
-0.743949,5.77,0.349605
-0.743949,5.95,0.255497
-0.743949,6.13,0.160834
-0.743949,6.31,0.0686343
-0.743949,6.49,-0.0192587
-0.743949,6.67,-0.101762
-0.743949,6.85,-0.178293
-0.743949,7.03,-0.248575
-0.743949,7.21,-0.312788
-0.743949,7.39,-0.370896
-0.743949,7.57,-0.422911
-0.743949,7.75,-0.468985
-0.743949,7.93,-0.509305
-0.743949,8.11,-0.544826
-0.743949,8.29,-0.575173
-0.743949,8.47,-0.600526
-0.743949,8.65,-0.621135
-0.743949,8.83,-0.637262
-0.743949,9.01,-0.648748
-0.743949,9.19,-0.655931
-0.743949,9.37,-0.659472
-0.743949,9.55,-0.659674
-0.743949,9.73,-0.656836
-0.743949,9.91,-0.651257
-0.736661,1.09,0.00252492
-0.736661,1.27,0.00419981
-0.736661,1.45,-0.0301153
-0.736661,1.63,-0.00878368
-0.736661,1.81,-0.00224961
-0.736661,1.99,-0.0779962
-0.736661,2.17,-0.109911
-0.736661,2.35,-0.0537659
-0.736661,2.53,0.037156
-0.736661,2.71,0.0612952
-0.736661,2.89,0.0410496
-0.736661,3.07,-0.0122013
-0.736661,3.25,-0.102598
-0.736661,3.43,-0.204329
-0.736661,3.61,-0.274638
-0.736661,3.79,-0.281211
-0.736661,3.97,-0.211503
-0.736661,4.15,-0.0756711
-0.736661,4.33,0.0965922
-0.736661,4.51,0.265141
-0.736661,4.69,0.398132
-0.736661,4.87,0.477574
-0.736661,5.05,0.504007
-0.736661,5.23,0.487985
-0.736661,5.41,0.442017
-0.736661,5.59,0.377455
-0.736661,5.77,0.303091
-0.736661,5.95,0.224453
-0.736661,6.13,0.145365
-0.736661,6.31,0.0682865
-0.736661,6.49,-0.00528437
-0.736661,6.67,-0.0744644
-0.736661,6.85,-0.138776
-0.736661,7.03,-0.197989
-0.736661,7.21,-0.252264
-0.736661,7.39,-0.301563
-0.736661,7.57,-0.345885
-0.736661,7.75,-0.385343
-0.736661,7.93,-0.420085
-0.736661,8.11,-0.450891
-0.736661,8.29,-0.477443
-0.736661,8.47,-0.499878
-0.736661,8.65,-0.518394
-0.736661,8.83,-0.533197
-0.736661,9.01,-0.544097
-0.736661,9.19,-0.551369
-0.736661,9.37,-0.555592
-0.736661,9.55,-0.55701
-0.736661,9.73,-0.555864
-0.736661,9.91,-0.552394
-0.729373,1.09,-0.00185507
-0.729373,1.27,0.0180934
-0.729373,1.45,-0.0410633
-0.729373,1.63,0.000419472
-0.729373,1.81,0.00664869
-0.729373,1.99,-0.0755984
-0.729373,2.17,-0.0865152
-0.729373,2.35,-0.0361095
-0.729373,2.53,0.0316813
-0.729373,2.71,0.0509554
-0.729373,2.89,0.0313549
-0.729373,3.07,-0.0214827
-0.729373,3.25,-0.102112
-0.729373,3.43,-0.183197
-0.729373,3.61,-0.231935
-0.729373,3.79,-0.226978
-0.729373,3.97,-0.161975
-0.729373,4.15,-0.0471284
-0.729373,4.33,0.0932044
-0.729373,4.51,0.22762
-0.729373,4.69,0.332058
-0.729373,4.87,0.393425
-0.729373,5.05,0.412929
-0.729373,5.23,0.39923
-0.729373,5.41,0.362215
-0.729373,5.59,0.310753
-0.729373,5.77,0.251717
-0.729373,5.95,0.189325
-0.729373,6.13,0.12653
-0.729373,6.31,0.06524
-0.729373,6.49,0.00662169
-0.729373,6.67,-0.0486331
-0.729373,6.85,-0.100144
-0.729373,7.03,-0.147725
-0.729373,7.21,-0.191501
-0.729373,7.39,-0.231436
-0.729373,7.57,-0.267513
-0.729373,7.75,-0.299812
-0.729373,7.93,-0.328436
-0.729373,8.11,-0.353991
-0.729373,8.29,-0.376216
-0.729373,8.47,-0.395211
-0.729373,8.65,-0.411121
-0.729373,8.83,-0.4241
-0.729373,9.01,-0.433949
-0.729373,9.19,-0.440881
-0.729373,9.37,-0.445377
-0.729373,9.55,-0.447623
-0.729373,9.73,-0.447804
-0.729373,9.91,-0.446105
-0.722085,1.09,-0.011824
-0.722085,1.27,0.0294394
-0.722085,1.45,-0.036461
-0.722085,1.63,0.00426557
-0.722085,1.81,0.00510415
-0.722085,1.99,-0.0631879
-0.722085,2.17,-0.054359
-0.722085,2.35,-0.0205217
-0.722085,2.53,0.0224588
-0.722085,2.71,0.036408
-0.722085,2.89,0.0183012
-0.722085,3.07,-0.0283574
-0.722085,3.25,-0.0915843
-0.722085,3.43,-0.14791
-0.722085,3.61,-0.176316
-0.722085,3.79,-0.165188
-0.722085,3.97,-0.112322
-0.722085,4.15,-0.025968
-0.722085,4.33,0.0764582
-0.722085,4.51,0.173122
-0.722085,4.69,0.247654
-0.722085,4.87,0.291331
-0.722085,5.05,0.305334
-0.722085,5.23,0.295891
-0.722085,5.41,0.269961
-0.722085,5.59,0.233761
-0.722085,5.77,0.192138
-0.722085,5.95,0.147998
-0.722085,6.13,0.10341
-0.722085,6.31,0.0597284
-0.722085,6.49,0.0177849
-0.722085,6.67,-0.0219171
-0.722085,6.85,-0.0590934
-0.722085,7.03,-0.0935961
-0.722085,7.21,-0.125504
-0.722085,7.39,-0.15478
-0.722085,7.57,-0.181399
-0.722085,7.75,-0.205402
-0.722085,7.93,-0.226852
-0.722085,8.11,-0.246161
-0.722085,8.29,-0.26314
-0.722085,8.47,-0.27785
-0.722085,8.65,-0.290383
-0.722085,8.83,-0.300839
-0.722085,9.01,-0.309042
-0.722085,9.19,-0.315134
-0.722085,9.37,-0.319474
-0.722085,9.55,-0.322187
-0.722085,9.73,-0.323398
-0.722085,9.91,-0.323233
-0.714797,1.09,-0.0113312
-0.714797,1.27,0.0200033
-0.714797,1.45,-0.0181524
-0.714797,1.63,0.00255848
-0.714797,1.81,-0.00337957
-0.714797,1.99,-0.0362091
-0.714797,2.17,-0.0212979
-0.714797,2.35,-0.00811697
-0.714797,2.53,0.0107923
-0.714797,2.71,0.0178341
-0.714797,2.89,0.00515571
-0.714797,3.07,-0.0246406
-0.714797,3.25,-0.0604379
-0.714797,3.43,-0.0881822
-0.714797,3.61,-0.0983871
-0.714797,3.79,-0.0869009
-0.714797,3.97,-0.0539373
-0.714797,4.15,-0.00469637
-0.714797,4.33,0.0512359
-0.714797,4.51,0.102506
-0.714797,4.69,0.141065
-0.714797,4.87,0.162913
-0.714797,5.05,0.169104
-0.714797,5.23,0.16311
-0.714797,5.41,0.148611
-0.714797,5.59,0.12884
-0.714797,5.77,0.106318
-0.714797,5.95,0.0825078
-0.714797,6.13,0.058467
-0.714797,6.31,0.0348955
-0.714797,6.49,0.0122248
-0.714797,6.67,-0.00928048
-0.714797,6.85,-0.0294681
-0.714797,7.03,-0.0482559
-0.714797,7.21,-0.0656871
-0.714797,7.39,-0.0817375
-0.714797,7.57,-0.0963863
-0.714797,7.75,-0.109651
-0.714797,7.93,-0.121559
-0.714797,8.11,-0.13233
-0.714797,8.29,-0.141857
-0.714797,8.47,-0.150168
-0.714797,8.65,-0.15731
-0.714797,8.83,-0.163333
-0.714797,9.01,-0.168122
-0.714797,9.19,-0.171754
-0.714797,9.37,-0.174432
-0.714797,9.55,-0.176223
-0.714797,9.73,-0.177194
-0.714797,9.91,-0.177409
-0.707509,1.09,0
-0.707509,1.27,0
-0.707509,1.45,0
-0.707509,1.63,0
-0.707509,1.81,0
-0.707509,1.99,0
-0.707509,2.17,0
-0.707509,2.35,0
-0.707509,2.53,0
-0.707509,2.71,0
-0.707509,2.89,0
-0.707509,3.07,0
-0.707509,3.25,0
-0.707509,3.43,0
-0.707509,3.61,0
-0.707509,3.79,0
-0.707509,3.97,0
-0.707509,4.15,0
-0.707509,4.33,0
-0.707509,4.51,0
-0.707509,4.69,0
-0.707509,4.87,0
-0.707509,5.05,0
-0.707509,5.23,0
-0.707509,5.41,0
-0.707509,5.59,0
-0.707509,5.77,0
-0.707509,5.95,0
-0.707509,6.13,0
-0.707509,6.31,0
-0.707509,6.49,0
-0.707509,6.67,0
-0.707509,6.85,0
-0.707509,7.03,0
-0.707509,7.21,0
-0.707509,7.39,0
-0.707509,7.57,0
-0.707509,7.75,0
-0.707509,7.93,0
-0.707509,8.11,0
-0.707509,8.29,0
-0.707509,8.47,0
-0.707509,8.65,0
-0.707509,8.83,0
-0.707509,9.01,0
-0.707509,9.19,0
-0.707509,9.37,0
-0.707509,9.55,0
-0.707509,9.73,0
-0.707509,9.91,0
-0.700221,1.09,0
-0.700221,1.27,0
-0.700221,1.45,0
-0.700221,1.63,0
-0.700221,1.81,0
-0.700221,1.99,0
-0.700221,2.17,0
-0.700221,2.35,0
-0.700221,2.53,0
-0.700221,2.71,0
-0.700221,2.89,0
-0.700221,3.07,0
-0.700221,3.25,0
-0.700221,3.43,0
-0.700221,3.61,0
-0.700221,3.79,0
-0.700221,3.97,0
-0.700221,4.15,0
-0.700221,4.33,0
-0.700221,4.51,0
-0.700221,4.69,0
-0.700221,4.87,0
-0.700221,5.05,0
-0.700221,5.23,0
-0.700221,5.41,0
-0.700221,5.59,0
-0.700221,5.77,0
-0.700221,5.95,0
-0.700221,6.13,0
-0.700221,6.31,0
-0.700221,6.49,0
-0.700221,6.67,0
-0.700221,6.85,0
-0.700221,7.03,0
-0.700221,7.21,0
-0.700221,7.39,0
-0.700221,7.57,0
-0.700221,7.75,0
-0.700221,7.93,0
-0.700221,8.11,0
-0.700221,8.29,0
-0.700221,8.47,0
-0.700221,8.65,0
-0.700221,8.83,0
-0.700221,9.01,0
-0.700221,9.19,0
-0.700221,9.37,0
-0.700221,9.55,0
-0.700221,9.73,0
-0.700221,9.91,0
-0.692933,1.09,0
-0.692933,1.27,0
-0.692933,1.45,0
-0.692933,1.63,0
-0.692933,1.81,0
-0.692933,1.99,0
-0.692933,2.17,0
-0.692933,2.35,0
-0.692933,2.53,0
-0.692933,2.71,0
-0.692933,2.89,0
-0.692933,3.07,0
-0.692933,3.25,0
-0.692933,3.43,0
-0.692933,3.61,0
-0.692933,3.79,0
-0.692933,3.97,0
-0.692933,4.15,0
-0.692933,4.33,0
-0.692933,4.51,0
-0.692933,4.69,0
-0.692933,4.87,0
-0.692933,5.05,0
-0.692933,5.23,0
-0.692933,5.41,0
-0.692933,5.59,0
-0.692933,5.77,0
-0.692933,5.95,0
-0.692933,6.13,0
-0.692933,6.31,0
-0.692933,6.49,0
-0.692933,6.67,0
-0.692933,6.85,0
-0.692933,7.03,0
-0.692933,7.21,0
-0.692933,7.39,0
-0.692933,7.57,0
-0.692933,7.75,0
-0.692933,7.93,0
-0.692933,8.11,0
-0.692933,8.29,0
-0.692933,8.47,0
-0.692933,8.65,0
-0.692933,8.83,0
-0.692933,9.01,0
-0.692933,9.19,0
-0.692933,9.37,0
-0.692933,9.55,0
-0.692933,9.73,0
-0.692933,9.91,0
-0.685645,1.09,0
-0.685645,1.27,0
-0.685645,1.45,0
-0.685645,1.63,0
-0.685645,1.81,0
-0.685645,1.99,0
-0.685645,2.17,0
-0.685645,2.35,0
-0.685645,2.53,0
-0.685645,2.71,0
-0.685645,2.89,0
-0.685645,3.07,0
-0.685645,3.25,0
-0.685645,3.43,0
-0.685645,3.61,0
-0.685645,3.79,0
-0.685645,3.97,0
-0.685645,4.15,0
-0.685645,4.33,0
-0.685645,4.51,0
-0.685645,4.69,0
-0.685645,4.87,0
-0.685645,5.05,0
-0.685645,5.23,0
-0.685645,5.41,0
-0.685645,5.59,0
-0.685645,5.77,0
-0.685645,5.95,0
-0.685645,6.13,0
-0.685645,6.31,0
-0.685645,6.49,0
-0.685645,6.67,0
-0.685645,6.85,0
-0.685645,7.03,0
-0.685645,7.21,0
-0.685645,7.39,0
-0.685645,7.57,0
-0.685645,7.75,0
-0.685645,7.93,0
-0.685645,8.11,0
-0.685645,8.29,0
-0.685645,8.47,0
-0.685645,8.65,0
-0.685645,8.83,0
-0.685645,9.01,0
-0.685645,9.19,0
-0.685645,9.37,0
-0.685645,9.55,0
-0.685645,9.73,0
-0.685645,9.91,0
-0.678356,1.09,0
-0.678356,1.27,0
-0.678356,1.45,0
-0.678356,1.63,0
-0.678356,1.81,0
-0.678356,1.99,0
-0.678356,2.17,0
-0.678356,2.35,0
-0.678356,2.53,0
-0.678356,2.71,0
-0.678356,2.89,0
-0.678356,3.07,0
-0.678356,3.25,0
-0.678356,3.43,0
-0.678356,3.61,0
-0.678356,3.79,0
-0.678356,3.97,0
-0.678356,4.15,0
-0.678356,4.33,0
-0.678356,4.51,0
-0.678356,4.69,0
-0.678356,4.87,0
-0.678356,5.05,0
-0.678356,5.23,0
-0.678356,5.41,0
-0.678356,5.59,0
-0.678356,5.77,0
-0.678356,5.95,0
-0.678356,6.13,0
-0.678356,6.31,0
-0.678356,6.49,0
-0.678356,6.67,0
-0.678356,6.85,0
-0.678356,7.03,0
-0.678356,7.21,0
-0.678356,7.39,0
-0.678356,7.57,0
-0.678356,7.75,0
-0.678356,7.93,0
-0.678356,8.11,0
-0.678356,8.29,0
-0.678356,8.47,0
-0.678356,8.65,0
-0.678356,8.83,0
-0.678356,9.01,0
-0.678356,9.19,0
-0.678356,9.37,0
-0.678356,9.55,0
-0.678356,9.73,0
-0.678356,9.91,0
-0.671068,1.09,0
-0.671068,1.27,0
-0.671068,1.45,0
-0.671068,1.63,0
-0.671068,1.81,0
-0.671068,1.99,0
-0.671068,2.17,0
-0.671068,2.35,0
-0.671068,2.53,0
-0.671068,2.71,0
-0.671068,2.89,0
-0.671068,3.07,0
-0.671068,3.25,0
-0.671068,3.43,0
-0.671068,3.61,0
-0.671068,3.79,0
-0.671068,3.97,0
-0.671068,4.15,0
-0.671068,4.33,0
-0.671068,4.51,0
-0.671068,4.69,0
-0.671068,4.87,0
-0.671068,5.05,0
-0.671068,5.23,0
-0.671068,5.41,0
-0.671068,5.59,0
-0.671068,5.77,0
-0.671068,5.95,0
-0.671068,6.13,0
-0.671068,6.31,0
-0.671068,6.49,0
-0.671068,6.67,0
-0.671068,6.85,0
-0.671068,7.03,0
-0.671068,7.21,0
-0.671068,7.39,0
-0.671068,7.57,0
-0.671068,7.75,0
-0.671068,7.93,0
-0.671068,8.11,0
-0.671068,8.29,0
-0.671068,8.47,0
-0.671068,8.65,0
-0.671068,8.83,0
-0.671068,9.01,0
-0.671068,9.19,0
-0.671068,9.37,0
-0.671068,9.55,0
-0.671068,9.73,0
-0.671068,9.91,0
-0.66378,1.09,0
-0.66378,1.27,0
-0.66378,1.45,0
-0.66378,1.63,0
-0.66378,1.81,0
-0.66378,1.99,0
-0.66378,2.17,0
-0.66378,2.35,0
-0.66378,2.53,0
-0.66378,2.71,0
-0.66378,2.89,0
-0.66378,3.07,0
-0.66378,3.25,0
-0.66378,3.43,0
-0.66378,3.61,0
-0.66378,3.79,0
-0.66378,3.97,0
-0.66378,4.15,0
-0.66378,4.33,0
-0.66378,4.51,0
-0.66378,4.69,0
-0.66378,4.87,0
-0.66378,5.05,0
-0.66378,5.23,0
-0.66378,5.41,0
-0.66378,5.59,0
-0.66378,5.77,0
-0.66378,5.95,0
-0.66378,6.13,0
-0.66378,6.31,0
-0.66378,6.49,0
-0.66378,6.67,0
-0.66378,6.85,0
-0.66378,7.03,0
-0.66378,7.21,0
-0.66378,7.39,0
-0.66378,7.57,0
-0.66378,7.75,0
-0.66378,7.93,0
-0.66378,8.11,0
-0.66378,8.29,0
-0.66378,8.47,0
-0.66378,8.65,0
-0.66378,8.83,0
-0.66378,9.01,0
-0.66378,9.19,0
-0.66378,9.37,0
-0.66378,9.55,0
-0.66378,9.73,0
-0.66378,9.91,0
-0.656492,1.09,0
-0.656492,1.27,0
-0.656492,1.45,0
-0.656492,1.63,0
-0.656492,1.81,0
-0.656492,1.99,0
-0.656492,2.17,0
-0.656492,2.35,0
-0.656492,2.53,0
-0.656492,2.71,0
-0.656492,2.89,0
-0.656492,3.07,0
-0.656492,3.25,0
-0.656492,3.43,0
-0.656492,3.61,0
-0.656492,3.79,0
-0.656492,3.97,0
-0.656492,4.15,0
-0.656492,4.33,0
-0.656492,4.51,0
-0.656492,4.69,0
-0.656492,4.87,0
-0.656492,5.05,0
-0.656492,5.23,0
-0.656492,5.41,0
-0.656492,5.59,0
-0.656492,5.77,0
-0.656492,5.95,0
-0.656492,6.13,0
-0.656492,6.31,0
-0.656492,6.49,0
-0.656492,6.67,0
-0.656492,6.85,0
-0.656492,7.03,0
-0.656492,7.21,0
-0.656492,7.39,0
-0.656492,7.57,0
-0.656492,7.75,0
-0.656492,7.93,0
-0.656492,8.11,0
-0.656492,8.29,0
-0.656492,8.47,0
-0.656492,8.65,0
-0.656492,8.83,0
-0.656492,9.01,0
-0.656492,9.19,0
-0.656492,9.37,0
-0.656492,9.55,0
-0.656492,9.73,0
-0.656492,9.91,0
-0.649204,1.09,0
-0.649204,1.27,0
-0.649204,1.45,0
-0.649204,1.63,0
-0.649204,1.81,0
-0.649204,1.99,0
-0.649204,2.17,0
-0.649204,2.35,0
-0.649204,2.53,0
-0.649204,2.71,0
-0.649204,2.89,0
-0.649204,3.07,0
-0.649204,3.25,0
-0.649204,3.43,0
-0.649204,3.61,0
-0.649204,3.79,0
-0.649204,3.97,0
-0.649204,4.15,0
-0.649204,4.33,0
-0.649204,4.51,0
-0.649204,4.69,0
-0.649204,4.87,0
-0.649204,5.05,0
-0.649204,5.23,0
-0.649204,5.41,0
-0.649204,5.59,0
-0.649204,5.77,0
-0.649204,5.95,0
-0.649204,6.13,0
-0.649204,6.31,0
-0.649204,6.49,0
-0.649204,6.67,0
-0.649204,6.85,0
-0.649204,7.03,0
-0.649204,7.21,0
-0.649204,7.39,0
-0.649204,7.57,0
-0.649204,7.75,0
-0.649204,7.93,0
-0.649204,8.11,0
-0.649204,8.29,0
-0.649204,8.47,0
-0.649204,8.65,0
-0.649204,8.83,0
-0.649204,9.01,0
-0.649204,9.19,0
-0.649204,9.37,0
-0.649204,9.55,0
-0.649204,9.73,0
-0.649204,9.91,0
-0.641916,1.09,0
-0.641916,1.27,0
-0.641916,1.45,0
-0.641916,1.63,0
-0.641916,1.81,0
-0.641916,1.99,0
-0.641916,2.17,0
-0.641916,2.35,0
-0.641916,2.53,0
-0.641916,2.71,0
-0.641916,2.89,0
-0.641916,3.07,0
-0.641916,3.25,0
-0.641916,3.43,0
-0.641916,3.61,0
-0.641916,3.79,0
-0.641916,3.97,0
-0.641916,4.15,0
-0.641916,4.33,0
-0.641916,4.51,0
-0.641916,4.69,0
-0.641916,4.87,0
-0.641916,5.05,0
-0.641916,5.23,0
-0.641916,5.41,0
-0.641916,5.59,0
-0.641916,5.77,0
-0.641916,5.95,0
-0.641916,6.13,0
-0.641916,6.31,0
-0.641916,6.49,0
-0.641916,6.67,0
-0.641916,6.85,0
-0.641916,7.03,0
-0.641916,7.21,0
-0.641916,7.39,0
-0.641916,7.57,0
-0.641916,7.75,0
-0.641916,7.93,0
-0.641916,8.11,0
-0.641916,8.29,0
-0.641916,8.47,0
-0.641916,8.65,0
-0.641916,8.83,0
-0.641916,9.01,0
-0.641916,9.19,0
-0.641916,9.37,0
-0.641916,9.55,0
-0.641916,9.73,0
-0.641916,9.91,0
-0.634628,1.09,0
-0.634628,1.27,0
-0.634628,1.45,0
-0.634628,1.63,0
-0.634628,1.81,0
-0.634628,1.99,0
-0.634628,2.17,0
-0.634628,2.35,0
-0.634628,2.53,0
-0.634628,2.71,0
-0.634628,2.89,0
-0.634628,3.07,0
-0.634628,3.25,0
-0.634628,3.43,0
-0.634628,3.61,0
-0.634628,3.79,0
-0.634628,3.97,0
-0.634628,4.15,0
-0.634628,4.33,0
-0.634628,4.51,0
-0.634628,4.69,0
-0.634628,4.87,0
-0.634628,5.05,0
-0.634628,5.23,0
-0.634628,5.41,0
-0.634628,5.59,0
-0.634628,5.77,0
-0.634628,5.95,0
-0.634628,6.13,0
-0.634628,6.31,0
-0.634628,6.49,0
-0.634628,6.67,0
-0.634628,6.85,0
-0.634628,7.03,0
-0.634628,7.21,0
-0.634628,7.39,0
-0.634628,7.57,0
-0.634628,7.75,0
-0.634628,7.93,0
-0.634628,8.11,0
-0.634628,8.29,0
-0.634628,8.47,0
-0.634628,8.65,0
-0.634628,8.83,0
-0.634628,9.01,0
-0.634628,9.19,0
-0.634628,9.37,0
-0.634628,9.55,0
-0.634628,9.73,0
-0.634628,9.91,0
-0.62734,1.09,0
-0.62734,1.27,0
-0.62734,1.45,0
-0.62734,1.63,0
-0.62734,1.81,0
-0.62734,1.99,0
-0.62734,2.17,0
-0.62734,2.35,0
-0.62734,2.53,0
-0.62734,2.71,0
-0.62734,2.89,0
-0.62734,3.07,0
-0.62734,3.25,0
-0.62734,3.43,0
-0.62734,3.61,0
-0.62734,3.79,0
-0.62734,3.97,0
-0.62734,4.15,0
-0.62734,4.33,0
-0.62734,4.51,0
-0.62734,4.69,0
-0.62734,4.87,0
-0.62734,5.05,0
-0.62734,5.23,0
-0.62734,5.41,0
-0.62734,5.59,0
-0.62734,5.77,0
-0.62734,5.95,0
-0.62734,6.13,0
-0.62734,6.31,0
-0.62734,6.49,0
-0.62734,6.67,0
-0.62734,6.85,0
-0.62734,7.03,0
-0.62734,7.21,0
-0.62734,7.39,0
-0.62734,7.57,0
-0.62734,7.75,0
-0.62734,7.93,0
-0.62734,8.11,0
-0.62734,8.29,0
-0.62734,8.47,0
-0.62734,8.65,0
-0.62734,8.83,0
-0.62734,9.01,0
-0.62734,9.19,0
-0.62734,9.37,0
-0.62734,9.55,0
-0.62734,9.73,0
-0.62734,9.91,0
