-0.984455,1.09,0
-0.984455,1.27,0
-0.984455,1.45,0
-0.984455,1.63,0
-0.984455,1.81,0
-0.984455,1.99,0
-0.984455,2.17,0
-0.984455,2.35,0
-0.984455,2.53,0
-0.984455,2.71,0
-0.984455,2.89,0
-0.984455,3.07,0
-0.984455,3.25,0
-0.984455,3.43,0
-0.984455,3.61,0
-0.984455,3.79,0
-0.984455,3.97,0
-0.984455,4.15,0
-0.984455,4.33,0
-0.984455,4.51,0
-0.984455,4.69,0
-0.984455,4.87,0
-0.984455,5.05,0
-0.984455,5.23,0
-0.984455,5.41,0
-0.984455,5.59,0
-0.984455,5.77,0
-0.984455,5.95,0
-0.984455,6.13,0
-0.984455,6.31,0
-0.984455,6.49,0
-0.984455,6.67,0
-0.984455,6.85,0
-0.984455,7.03,0
-0.984455,7.21,0
-0.984455,7.39,0
-0.984455,7.57,0
-0.984455,7.75,0
-0.984455,7.93,0
-0.984455,8.11,0
-0.984455,8.29,0
-0.984455,8.47,0
-0.984455,8.65,0
-0.984455,8.83,0
-0.984455,9.01,0
-0.984455,9.19,0
-0.984455,9.37,0
-0.984455,9.55,0
-0.984455,9.73,0
-0.984455,9.91,0
-0.977166,1.09,0
-0.977166,1.27,0
-0.977166,1.45,0
-0.977166,1.63,0
-0.977166,1.81,0
-0.977166,1.99,0
-0.977166,2.17,0
-0.977166,2.35,0
-0.977166,2.53,0
-0.977166,2.71,0
-0.977166,2.89,0
-0.977166,3.07,0
-0.977166,3.25,0
-0.977166,3.43,0
-0.977166,3.61,0
-0.977166,3.79,0
-0.977166,3.97,0
-0.977166,4.15,0
-0.977166,4.33,0
-0.977166,4.51,0
-0.977166,4.69,0
-0.977166,4.87,0
-0.977166,5.05,0
-0.977166,5.23,0
-0.977166,5.41,0
-0.977166,5.59,0
-0.977166,5.77,0
-0.977166,5.95,0
-0.977166,6.13,0
-0.977166,6.31,0
-0.977166,6.49,0
-0.977166,6.67,0
-0.977166,6.85,0
-0.977166,7.03,0
-0.977166,7.21,0
-0.977166,7.39,0
-0.977166,7.57,0
-0.977166,7.75,0
-0.977166,7.93,0
-0.977166,8.11,0
-0.977166,8.29,0
-0.977166,8.47,0
-0.977166,8.65,0
-0.977166,8.83,0
-0.977166,9.01,0
-0.977166,9.19,0
-0.977166,9.37,0
-0.977166,9.55,0
-0.977166,9.73,0
-0.977166,9.91,0
-0.969878,1.09,0
-0.969878,1.27,0
-0.969878,1.45,0
-0.969878,1.63,0
-0.969878,1.81,0
-0.969878,1.99,0
-0.969878,2.17,0
-0.969878,2.35,0
-0.969878,2.53,0
-0.969878,2.71,0
-0.969878,2.89,0
-0.969878,3.07,0
-0.969878,3.25,0
-0.969878,3.43,0
-0.969878,3.61,0
-0.969878,3.79,0
-0.969878,3.97,0
-0.969878,4.15,0
-0.969878,4.33,0
-0.969878,4.51,0
-0.969878,4.69,0
-0.969878,4.87,0
-0.969878,5.05,0
-0.969878,5.23,0
-0.969878,5.41,0
-0.969878,5.59,0
-0.969878,5.77,0
-0.969878,5.95,0
-0.969878,6.13,0
-0.969878,6.31,0
-0.969878,6.49,0
-0.969878,6.67,0
-0.969878,6.85,0
-0.969878,7.03,0
-0.969878,7.21,0
-0.969878,7.39,0
-0.969878,7.57,0
-0.969878,7.75,0
-0.969878,7.93,0
-0.969878,8.11,0
-0.969878,8.29,0
-0.969878,8.47,0
-0.969878,8.65,0
-0.969878,8.83,0
-0.969878,9.01,0
-0.969878,9.19,0
-0.969878,9.37,0
-0.969878,9.55,0
-0.969878,9.73,0
-0.969878,9.91,0
-0.96259,1.09,0
-0.96259,1.27,0
-0.96259,1.45,0
-0.96259,1.63,0
-0.96259,1.81,0
-0.96259,1.99,0
-0.96259,2.17,0
-0.96259,2.35,0
-0.96259,2.53,0
-0.96259,2.71,0
-0.96259,2.89,0
-0.96259,3.07,0
-0.96259,3.25,0
-0.96259,3.43,0
-0.96259,3.61,0
-0.96259,3.79,0
-0.96259,3.97,0
-0.96259,4.15,0
-0.96259,4.33,0
-0.96259,4.51,0
-0.96259,4.69,0
-0.96259,4.87,0
-0.96259,5.05,0
-0.96259,5.23,0
-0.96259,5.41,0
-0.96259,5.59,0
-0.96259,5.77,0
-0.96259,5.95,0
-0.96259,6.13,0
-0.96259,6.31,0
-0.96259,6.49,0
-0.96259,6.67,0
-0.96259,6.85,0
-0.96259,7.03,0
-0.96259,7.21,0
-0.96259,7.39,0
-0.96259,7.57,0
-0.96259,7.75,0
-0.96259,7.93,0
-0.96259,8.11,0
-0.96259,8.29,0
-0.96259,8.47,0
-0.96259,8.65,0
-0.96259,8.83,0
-0.96259,9.01,0
-0.96259,9.19,0
-0.96259,9.37,0
-0.96259,9.55,0
-0.96259,9.73,0
-0.96259,9.91,0
-0.955302,1.09,-0.0132563
-0.955302,1.27,-0.0162786
-0.955302,1.45,-0.132945
-0.955302,1.63,0.12752
-0.955302,1.81,0.0437683
-0.955302,1.99,-0.0197019
-0.955302,2.17,0.00716089
-0.955302,2.35,0.0361232
-0.955302,2.53,0.117303
-0.955302,2.71,0.144799
-0.955302,2.89,-0.316608
-0.955302,3.07,-0.228417
-0.955302,3.25,-0.0569715
-0.955302,3.43,0.205643
-0.955302,3.61,0.33529
-0.955302,3.79,0.30851
-0.955302,3.97,0.268627
-0.955302,4.15,0.258728
-0.955302,4.33,0.299194
-0.955302,4.51,0.479623
-0.955302,4.69,1.23006
-0.955302,4.87,-0.165799
-0.955302,5.05,-0.146032
-0.955302,5.23,-0.112584
-0.955302,5.41,-0.0948982
-0.955302,5.59,-0.0860882
-0.955302,5.77,-0.0825389
-0.955302,5.95,-0.0828042
-0.955302,6.13,-0.0864072
-0.955302,6.31,-0.0935596
-0.955302,6.49,-0.105164
-0.955302,6.67,-0.123207
-0.955302,6.85,-0.151506
-0.955302,7.03,-0.197681
-0.955302,7.21,-0.277756
-0.955302,7.39,-0.424895
-0.955302,7.57,-0.684021
-0.955302,7.75,-0.923108
-0.955302,7.93,-0.722955
-0.955302,8.11,-0.396015
-0.955302,8.29,-0.215002
-0.955302,8.47,-0.127283
-0.955302,8.65,-0.0821946
-0.955302,8.83,-0.0570866
-0.955302,9.01,-0.0421177
-0.955302,9.19,-0.0326725
-0.955302,9.37,-0.0264291
-0.955302,9.55,-0.0221515
-0.955302,9.73,-0.0191351
-0.955302,9.91,-0.0169579
-0.948014,1.09,0.0117219
-0.948014,1.27,-0.0200297
-0.948014,1.45,-0.126372
-0.948014,1.63,-0.0137762
-0.948014,1.81,0.0862091
-0.948014,1.99,-0.00578804
-0.948014,2.17,0.0643618
-0.948014,2.35,0.100404
-0.948014,2.53,0.206036
-0.948014,2.71,-0.149587
-0.948014,2.89,-0.641209
-0.948014,3.07,-0.282047
-0.948014,3.25,0.143054
-0.948014,3.43,0.675737
-0.948014,3.61,0.80475
-0.948014,3.79,0.633782
-0.948014,3.97,0.488598
-0.948014,4.15,0.416884
-0.948014,4.33,0.405857
-0.948014,4.51,0.336545
-0.948014,4.69,-2.0211
-0.948014,4.87,-0.780799
-0.948014,5.05,-0.420478
-0.948014,5.23,-0.303878
-0.948014,5.41,-0.255076
-0.948014,5.59,-0.234007
-0.948014,5.77,-0.227471
-0.948014,5.95,-0.230821
-0.948014,6.13,-0.242574
-0.948014,6.31,-0.263125
-0.948014,6.49,-0.294519
-0.948014,6.67,-0.341254
-0.948014,6.85,-0.41162
-0.948014,7.03,-0.521066
-0.948014,7.21,-0.698092
-0.948014,7.39,-0.983498
-0.948014,7.57,-1.34787
-0.948014,7.75,-1.39164
-0.948014,7.93,-0.882318
-0.948014,8.11,-0.42978
-0.948014,8.29,-0.201004
-0.948014,8.47,-0.0942879
-0.948014,8.65,-0.0426253
-0.948014,8.83,-0.0164177
-0.948014,9.01,-0.00277263
-0.948014,9.19,0.00434734
-0.948014,9.37,0.00793591
-0.948014,9.55,0.0095255
-0.948014,9.73,0.00995569
-0.948014,9.91,0.00970484
-0.940726,1.09,0.0332276
-0.940726,1.27,-0.0783501
-0.940726,1.45,-0.0729971
-0.940726,1.63,-0.0836433
-0.940726,1.81,0.133925
-0.940726,1.99,-0.00315388
-0.940726,2.17,0.0828843
-0.940726,2.35,0.101002
-0.940726,2.53,0.181043
-0.940726,2.71,-0.542222
-0.940726,2.89,-0.579213
-0.940726,3.07,-0.164799
-0.940726,3.25,0.336158
-0.940726,3.43,0.937628
-0.940726,3.61,0.967702
-0.940726,3.79,0.667231
-0.940726,3.97,0.433166
-0.940726,4.15,0.260731
-0.940726,4.33,-0.00623361
-0.940726,4.51,-1.40722
-0.940726,4.69,-2.37056
-0.940726,4.87,-0.877842
-0.940726,5.05,-0.492266
-0.940726,5.23,-0.359946
-0.940726,5.41,-0.305289
-0.940726,5.59,-0.28323
-0.940726,5.77,-0.278374
-0.940726,5.95,-0.285215
-0.940726,6.13,-0.302007
-0.940726,6.31,-0.329192
-0.940726,6.49,-0.369053
-0.940726,6.67,-0.426473
-0.940726,6.85,-0.509999
-0.940726,7.03,-0.634082
-0.940726,7.21,-0.819945
-0.940726,7.39,-1.0743
-0.940726,7.57,-1.26872
-0.940726,7.75,-1.04416
-0.940726,7.93,-0.531959
-0.940726,8.11,-0.190125
-0.940726,8.29,-0.0335904
-0.940726,8.47,0.0323887
-0.940726,8.65,0.0592174
-0.940726,8.83,0.0688699
-0.940726,9.01,0.0706773
-0.940726,9.19,0.0688883
-0.940726,9.37,0.0655201
-0.940726,9.55,0.0615196
-0.940726,9.73,0.0573557
-0.940726,9.91,0.0532607
-0.933438,1.09,0.0402196
-0.933438,1.27,-0.0275622
-0.933438,1.45,-0.042885
-0.933438,1.63,-0.0765249
-0.933438,1.81,0.220963
-0.933438,1.99,-0.00735942
-0.933438,2.17,0.0927233
-0.933438,2.35,0.0891577
-0.933438,2.53,0.134658
-0.933438,2.71,-0.848409
-0.933438,2.89,-0.465109
-0.933438,3.07,-0.0443946
-0.933438,3.25,0.517817
-0.933438,3.43,1.17096
-0.933438,3.61,1.03592
-0.933438,3.79,0.576155
-0.933438,3.97,0.233186
-0.933438,4.15,-0.0988304
-0.933438,4.33,-0.786346
-0.933438,4.51,-2.58279
-0.933438,4.69,-1.76158
-0.933438,4.87,-0.77578
-0.933438,5.05,-0.461905
-0.933438,5.23,-0.345521
-0.933438,5.41,-0.298093
-0.933438,5.59,-0.281134
-0.933438,5.77,-0.280648
-0.933438,5.95,-0.291515
-0.933438,6.13,-0.312153
-0.933438,6.31,-0.34304
-0.933438,6.49,-0.386349
-0.933438,6.67,-0.446461
-0.933438,6.85,-0.530461
-0.933438,7.03,-0.648429
-0.933438,7.21,-0.80811
-0.933438,7.39,-0.977611
-0.933438,7.57,-0.978099
-0.933438,7.75,-0.60709
-0.933438,7.93,-0.17697
-0.933438,8.11,0.048143
-0.933438,8.29,0.132779
-0.933438,8.47,0.157455
-0.933438,8.65,0.158998
-0.933438,8.83,0.151976
-0.933438,9.01,0.14208
-0.933438,9.19,0.13166
-0.933438,9.37,0.121678
-0.933438,9.55,0.112453
-0.933438,9.73,0.104062
-0.933438,9.91,0.096478
-0.92615,1.09,0.0315521
-0.92615,1.27,0.000516655
-0.92615,1.45,-0.0293645
-0.92615,1.63,-0.0633276
-0.92615,1.81,0.400148
-0.92615,1.99,-0.0131019
-0.92615,2.17,0.0980795
-0.92615,2.35,0.0727652
-0.92615,2.53,0.0691795
-0.92615,2.71,-0.981204
-0.92615,2.89,-0.352999
-0.92615,3.07,0.0723051
-0.92615,3.25,0.715935
-0.92615,3.43,1.41694
-0.92615,3.61,1.00039
-0.92615,3.79,0.352879
-0.92615,3.97,-0.104323
-0.92615,4.15,-0.607777
-0.92615,4.33,-1.53753
-0.92615,4.51,-2.3324
-0.92615,4.69,-1.28491
-0.92615,4.87,-0.621148
-0.92615,5.05,-0.380789
-0.92615,5.23,-0.288611
-0.92615,5.41,-0.253178
-0.92615,5.59,-0.243725
-0.92615,5.77,-0.248505
-0.92615,5.95,-0.263146
-0.92615,6.13,-0.286325
-0.92615,6.31,-0.318472
-0.92615,6.49,-0.36136
-0.92615,6.67,-0.418283
-0.92615,6.85,-0.493784
-0.92615,7.03,-0.5917
-0.92615,7.21,-0.703814
-0.92615,7.39,-0.763763
-0.92615,7.57,-0.588683
-0.92615,7.75,-0.163218
-0.92615,7.93,0.150365
-0.92615,8.11,0.264663
-0.92615,8.29,0.283411
-0.92615,8.47,0.270147
-0.92615,8.65,0.248509
-0.92615,8.83,0.226334
-0.92615,9.01,0.205942
-0.92615,9.19,0.187893
-0.92615,9.37,0.172146
-0.92615,9.55,0.15843
-0.92615,9.73,0.146448
-0.92615,9.91,0.135934
-0.918862,1.09,0.00847968
-0.918862,1.27,0.00407745
-0.918862,1.45,-0.0261791
-0.918862,1.63,-0.0557432
-0.918862,1.81,0.6072
-0.918862,1.99,-0.0178211
-0.918862,2.17,0.0651857
-0.918862,2.35,0.0547857
-0.918862,2.53,-0.0203888
-0.918862,2.71,-0.933649
-0.918862,2.89,-0.248664
-0.918862,3.07,0.187632
-0.918862,3.25,0.940768
-0.918862,3.43,1.64642
-0.918862,3.61,0.792837
-0.918862,3.79,-0.00201175
-0.918862,3.97,-0.518914
-0.918862,4.15,-1.08632
-0.918862,4.33,-1.8193
-0.918862,4.51,-1.78224
-0.918862,4.69,-0.918108
-0.918862,4.87,-0.447451
-0.918862,5.05,-0.267289
-0.918862,5.23,-0.199621
-0.918862,5.41,-0.177207
-0.918862,5.59,-0.175619
-0.918862,5.77,-0.185272
-0.918862,5.95,-0.202532
-0.918862,6.13,-0.226273
-0.918862,6.31,-0.256704
-0.918862,6.49,-0.294889
-0.918862,6.67,-0.342447
-0.918862,6.85,-0.400375
-0.918862,7.03,-0.464528
-0.918862,7.21,-0.508625
-0.918862,7.39,-0.437498
-0.918862,7.57,-0.112253
-0.918862,7.75,0.281294
-0.918862,7.93,0.443295
-0.918862,8.11,0.447664
-0.918862,8.29,0.405937
-0.918862,8.47,0.359247
-0.918862,8.65,0.317891
-0.918862,8.83,0.28326
-0.918862,9.01,0.254531
-0.918862,9.19,0.23062
-0.918862,9.37,0.210575
-0.918862,9.55,0.193602
-0.918862,9.73,0.179084
-0.918862,9.91,0.166551
-0.911574,1.09,-0.0301268
-0.911574,1.27,-0.004725
-0.911574,1.45,-0.0277595
-0.911574,1.63,-0.0517094
-0.911574,1.81,0.323958
-0.911574,1.99,-0.0181982
-0.911574,2.17,0.014748
-0.911574,2.35,0.0376008
-0.911574,2.53,-0.142467
-0.911574,2.71,-0.78875
-0.911574,2.89,-0.152315
-0.911574,3.07,0.305128
-0.911574,3.25,1.20587
-0.911574,3.43,1.77195
-0.911574,3.61,0.382111
-0.911574,3.79,-0.414442
-0.911574,3.97,-0.885899
-0.911574,4.15,-1.35463
-0.911574,4.33,-1.6962
-0.911574,4.51,-1.29389
-0.911574,4.69,-0.610792
-0.911574,4.87,-0.262616
-0.911574,5.05,-0.130097
-0.911574,5.23,-0.084902
-0.911574,5.41,-0.0749779
-0.911574,5.59,-0.0806185
-0.911574,5.77,-0.0940475
-0.911574,5.95,-0.112229
-0.911574,6.13,-0.134089
-0.911574,6.31,-0.159387
-0.911574,6.49,-0.188079
-0.911574,6.67,-0.219388
-0.911574,6.85,-0.249378
-0.911574,7.03,-0.263184
-0.911574,7.21,-0.212082
-0.911574,7.39,0.0205931
-0.911574,7.57,0.45288
-0.911574,7.75,0.70155
-0.911574,7.93,0.675812
-0.911574,8.11,0.575674
-0.911574,8.29,0.483377
-0.911574,8.47,0.411178
-0.911574,8.65,0.355974
-0.911574,8.83,0.313292
-0.911574,9.01,0.279623
-0.911574,9.19,0.252537
-0.911574,9.37,0.230367
-0.911574,9.55,0.211927
-0.911574,9.73,0.196372
-0.911574,9.91,0.18309
-0.904286,1.09,-0.111706
-0.904286,1.27,-0.0177877
-0.904286,1.45,-0.0294172
-0.904286,1.63,-0.0467552
-0.904286,1.81,0.0183367
-0.904286,1.99,-0.00981775
-0.904286,2.17,-0.0230985
-0.904286,2.35,0.0231298
-0.904286,2.53,-0.307761
-0.904286,2.71,-0.619667
-0.904286,2.89,-0.0619277
-0.904286,3.07,0.429077
-0.904286,3.25,1.52834
-0.904286,3.43,1.61022
-0.904286,3.61,-0.146557
-0.904286,3.79,-0.765182
-0.904286,3.97,-1.10497
-0.904286,4.15,-1.38624
-0.904286,4.33,-1.4024
-0.904286,4.51,-0.883189
-0.904286,4.69,-0.331008
-0.904286,4.87,-0.0663722
-0.904286,5.05,0.0273072
-0.904286,5.23,0.0520383
-0.904286,5.41,0.0503329
-0.904286,5.59,0.0384336
-0.904286,5.77,0.0226441
-0.904286,5.95,0.0055746
-0.904286,6.13,-0.0115544
-0.904286,6.31,-0.0277291
-0.904286,6.49,-0.0412023
-0.904286,6.67,-0.0476176
-0.904286,6.85,-0.0355333
-0.904286,7.03,0.0265505
-0.904286,7.21,0.220651
-0.904286,7.39,0.663137
-0.904286,7.57,1.08479
-0.904286,7.75,1.02964
-0.904286,7.93,0.802512
-0.904286,8.11,0.620834
-0.904286,8.29,0.497082
-0.904286,8.47,0.41234
-0.904286,8.65,0.35215
-0.904286,8.83,0.307723
-0.904286,9.01,0.273785
-0.904286,9.19,0.247107
-0.904286,9.37,0.225637
-0.904286,9.55,0.208012
-0.904286,9.73,0.193299
-0.904286,9.91,0.180843
-0.896998,1.09,-0.272661
-0.896998,1.27,-0.0273626
-0.896998,1.45,-0.0268645
-0.896998,1.63,-0.0369216
-0.896998,1.81,-0.0924622
-0.896998,1.99,0.0132945
-0.896998,2.17,-0.0494192
-0.896998,2.35,0.0131201
-0.896998,2.53,-0.519318
-0.896998,2.71,-0.460462
-0.896998,2.89,0.0248064
-0.896998,3.07,0.56424
-0.896998,3.25,1.92426
-0.896998,3.43,0.978303
-0.896998,3.61,-0.614617
-0.896998,3.79,-0.973636
-0.896998,3.97,-1.15986
-0.896998,4.15,-1.25634
-0.896998,4.33,-1.06362
-0.896998,4.51,-0.518551
-0.896998,4.69,-0.0578757
-0.896998,4.87,0.144444
-0.896998,5.05,0.204065
-0.896998,5.23,0.209244
-0.896998,5.41,0.196392
-0.896998,5.59,0.1791
-0.896998,5.77,0.162423
-0.896998,5.95,0.148713
-0.896998,6.13,0.139594
-0.896998,6.31,0.137349
-0.896998,6.49,0.146432
-0.896998,6.67,0.176991
-0.896998,6.85,0.253419
-0.896998,7.03,0.438183
-0.896998,7.21,0.873701
-0.896998,7.39,1.57349
-0.896998,7.57,1.64606
-0.896998,7.75,1.14525
-0.896998,7.93,0.772553
-0.896998,8.11,0.559412
-0.896998,8.29,0.433574
-0.896998,8.47,0.353798
-0.896998,8.65,0.299803
-0.896998,8.83,0.261244
-0.896998,9.01,0.232501
-0.896998,9.19,0.210321
-0.896998,9.37,0.19272
-0.896998,9.55,0.178432
-0.896998,9.73,0.166612
-0.896998,9.91,0.15668
-0.88971,1.09,-0.201315
-0.88971,1.27,-0.0251564
-0.88971,1.45,-0.0150134
-0.88971,1.63,-0.0199245
-0.88971,1.81,-0.122733
-0.88971,1.99,0.0595025
-0.88971,2.17,-0.0673278
-0.88971,2.35,0.00955912
-0.88971,2.53,-0.741221
-0.88971,2.71,-0.320917
-0.88971,2.89,0.109454
-0.88971,3.07,0.71582
-0.88971,3.25,2.37909
-0.88971,3.43,0.0482343
-0.88971,3.61,-0.898022
-0.88971,3.79,-1.03387
-0.88971,3.97,-1.08912
-0.88971,4.15,-1.03903
-0.88971,4.33,-0.716692
-0.88971,4.51,-0.169929
-0.88971,4.69,0.224424
-0.88971,4.87,0.37409
-0.88971,5.05,0.400232
-0.88971,5.23,0.384927
-0.88971,5.41,0.36046
-0.88971,5.59,0.338128
-0.88971,5.77,0.321794
-0.88971,5.95,0.313688
-0.88971,6.13,0.316176
-0.88971,6.31,0.333563
-0.88971,6.49,0.374743
-0.88971,6.67,0.459924
-0.88971,6.85,0.63862
-0.88971,7.03,1.04235
-0.88971,7.21,1.94379
-0.88971,7.39,2.72008
-0.88971,7.57,1.76046
-0.88971,7.75,0.936253
-0.88971,7.93,0.565362
-0.88971,8.11,0.388829
-0.88971,8.29,0.293866
-0.88971,8.47,0.237151
-0.88971,8.65,0.200403
-0.88971,8.83,0.175038
-0.88971,9.01,0.156643
-0.88971,9.19,0.142762
-0.88971,9.37,0.131942
-0.88971,9.55,0.123285
-0.88971,9.73,0.116208
-0.88971,9.91,0.11032
-0.882422,1.09,-0.141683
-0.882422,1.27,-0.00370986
-0.882422,1.45,0.0139713
-0.882422,1.63,0.00478224
-0.882422,1.81,-0.116491
-0.882422,1.99,0.141614
-0.882422,2.17,-0.0768222
-0.882422,2.35,0.015233
-0.882422,2.53,-0.863287
-0.882422,2.71,-0.201541
-0.882422,2.89,0.192374
-0.882422,3.07,0.889715
-0.882422,3.25,2.70774
-0.882422,3.43,-0.683704
-0.882422,3.61,-0.992524
-0.882422,3.79,-0.981514
-0.882422,3.97,-0.93726
-0.882422,4.15,-0.774703
-0.882422,4.33,-0.360534
-0.882422,4.51,0.188945
-0.882422,4.69,0.530031
-0.882422,4.87,0.626751
-0.882422,5.05,0.614848
-0.882422,5.23,0.575301
-0.882422,5.41,0.537039
-0.882422,5.59,0.508858
-0.882422,5.77,0.493219
-0.882422,5.95,0.492249
-0.882422,6.13,0.509413
-0.882422,6.31,0.552038
-0.882422,6.49,0.636094
-0.882422,6.67,0.799496
-0.882422,6.85,1.1438
-0.882422,7.03,1.97974
-0.882422,7.21,3.83695
-0.882422,7.39,3.0729
-0.882422,7.57,1.07059
-0.882422,7.75,0.436789
-0.882422,7.93,0.225835
-0.882422,8.11,0.139919
-0.882422,8.29,0.0994325
-0.882422,8.47,0.078214
-0.882422,8.65,0.0661678
-0.882422,8.83,0.0588831
-0.882422,9.01,0.054246
-0.882422,9.19,0.0511597
-0.882422,9.37,0.0490208
-0.882422,9.55,0.0474849
-0.882422,9.73,0.046346
-0.882422,9.91,0.0454771
-0.875134,1.09,-0.112515
-0.875134,1.27,0.0409392
-0.875134,1.45,0.0734496
-0.875134,1.63,0.0373194
-0.875134,1.81,-0.0892223
-0.875134,1.99,0.282631
-0.875134,2.17,-0.0762119
-0.875134,2.35,0.0345352
-0.875134,2.53,-0.780484
-0.875134,2.71,-0.100565
-0.875134,2.89,0.272659
-0.875134,3.07,1.09303
-0.875134,3.25,2.19783
-0.875134,3.43,-1.00702
-0.875134,3.61,-0.952934
-0.875134,3.79,-0.855093
-0.875134,3.97,-0.733608
-0.875134,4.15,-0.476112
-0.875134,4.33,0.0222693
-0.875134,4.51,0.585375
-0.875134,4.69,0.873465
-0.875134,4.87,0.904693
-0.875134,5.05,0.842639
-0.875134,5.23,0.770579
-0.875134,5.41,0.713294
-0.875134,5.59,0.675962
-0.875134,5.77,0.65887
-0.875134,5.95,0.663651
-0.875134,6.13,0.694767
-0.875134,6.31,0.762947
-0.875134,6.49,0.893104
-0.875134,6.67,1.14864
-0.875134,6.85,1.72448
-0.875134,7.03,3.36813
-0.875134,7.21,5.24616
-0.875134,7.39,0.817487
-0.875134,7.57,-0.0331454
-0.875134,7.75,-0.145033
-0.875134,7.93,-0.147149
-0.875134,8.11,-0.130265
-0.875134,8.29,-0.111642
-0.875134,8.47,-0.0950512
-0.875134,8.65,-0.0810397
-0.875134,8.83,-0.0693678
-0.875134,9.01,-0.0596556
-0.875134,9.19,-0.0515323
-0.875134,9.37,-0.0446869
-0.875134,9.55,-0.0388767
-0.875134,9.73,-0.0339094
-0.875134,9.91,-0.0296334
-0.867846,1.09,-0.0823308
-0.867846,1.27,0.106838
-0.867846,1.45,0.18719
-0.867846,1.63,0.0802107
-0.867846,1.81,-0.0503504
-0.867846,1.99,0.528702
-0.867846,2.17,-0.0637049
-0.867846,2.35,0.0750564
-0.867846,2.53,-0.551561
-0.867846,2.71,-0.0162661
-0.867846,2.89,0.348273
-0.867846,3.07,1.33438
-0.867846,3.25,0.367982
-0.867846,3.43,-1.0365
-0.867846,3.61,-0.832806
-0.867846,3.79,-0.680994
-0.867846,3.97,-0.491275
-0.867846,4.15,-0.137765
-0.867846,4.33,0.462087
-0.867846,4.51,1.05445
-0.867846,4.69,1.26977
-0.867846,4.87,1.20282
-0.867846,5.05,1.06624
-0.867846,5.23,0.946093
-0.867846,5.41,0.859189
-0.867846,5.59,0.804152
-0.867846,5.77,0.777051
-0.867846,5.95,0.777185
-0.867846,6.13,0.807507
-0.867846,6.31,0.877344
-0.867846,6.49,1.00906
-0.867846,6.67,1.25512
-0.867846,6.85,1.73541
-0.867846,7.03,1.87258
-0.867846,7.21,-2.02207
-0.867846,7.39,-1.34301
-0.867846,7.57,-0.855346
-0.867846,7.75,-0.6035
-0.867846,7.93,-0.45638
-0.867846,8.11,-0.361869
-0.867846,8.29,-0.296771
-0.867846,8.47,-0.249641
-0.867846,8.65,-0.214214
-0.867846,8.83,-0.18679
-0.867846,9.01,-0.165081
-0.867846,9.19,-0.147557
-0.867846,9.37,-0.133166
-0.867846,9.55,-0.121186
-0.867846,9.73,-0.111097
-0.867846,9.91,-0.102515
-0.860558,1.09,-0.0370124
-0.860558,1.27,0.184985
-0.860558,1.45,0.392009
-0.860558,1.63,0.143153
-0.860558,1.81,-0.00824263
-0.860558,1.99,0.881673
-0.860558,2.17,-0.0395516
-0.860558,2.35,0.151715
-0.860558,2.53,-0.313186
-0.860558,2.71,0.0525059
-0.860558,2.89,0.416015
-0.860558,3.07,1.62035
-0.860558,3.25,-0.984618
-0.860558,3.43,-0.918432
-0.860558,3.61,-0.66658
-0.860558,3.79,-0.472791
-0.860558,3.97,-0.210456
-0.860558,4.15,0.261864
-0.860558,4.33,1.01176
-0.860558,4.51,1.65034
-0.860558,4.69,1.72876
-0.860558,4.87,1.49238
-0.860558,5.05,1.23721
-0.860558,5.23,1.04285
-0.860558,5.41,0.907285
-0.860558,5.59,0.81596
-0.860558,5.77,0.75589
-0.860558,5.95,0.718178
-0.860558,6.13,0.693716
-0.860558,6.31,0.665808
-0.860558,6.49,0.58317
-0.860558,6.67,0.217495
-0.860558,6.85,-1.68347
-0.860558,7.03,-6.13915
-0.860558,7.21,-3.74849
-0.860558,7.39,-1.97566
-0.860558,7.57,-1.22918
-0.860558,7.75,-0.858181
-0.860558,7.93,-0.64556
-0.860558,8.11,-0.51104
-0.860558,8.29,-0.419736
-0.860558,8.47,-0.354478
-0.860558,8.65,-0.305963
-0.860558,8.83,-0.268765
-0.860558,9.01,-0.239567
-0.860558,9.19,-0.216178
-0.860558,9.37,-0.197099
-0.860558,9.55,-0.181314
-0.860558,9.73,-0.168096
-0.860558,9.91,-0.156914
-0.85327,1.09,0.0188621
-0.85327,1.27,0.240553
-0.85327,1.45,0.400361
-0.85327,1.63,0.254815
-0.85327,1.81,0.0305438
-0.85327,1.99,0.32234
-0.85327,2.17,-0.00896088
-0.85327,2.35,0.299613
-0.85327,2.53,-0.127844
-0.85327,2.71,0.105789
-0.85327,2.89,0.470537
-0.85327,3.07,1.92807
-0.85327,3.25,-1.22006
-0.85327,3.43,-0.734943
-0.85327,3.61,-0.471013
-0.85327,3.79,-0.23323
-0.85327,3.97,0.121064
-0.85327,4.15,0.769076
-0.85327,4.33,1.77962
-0.85327,4.51,2.46656
-0.85327,4.69,2.22038
-0.85327,4.87,1.66932
-0.85327,5.05,1.22935
-0.85327,5.23,0.927647
-0.85327,5.41,0.717183
-0.85327,5.59,0.557923
-0.85327,5.77,0.419095
-0.85327,5.95,0.271531
-0.85327,6.13,0.0714033
-0.85327,6.31,-0.273113
-0.85327,6.49,-0.992572
-0.85327,6.67,-2.64587
-0.85327,6.85,-5.25693
-0.85327,7.03,-5.09711
-0.85327,7.21,-3.14403
-0.85327,7.39,-1.91888
-0.85327,7.57,-1.27322
-0.85327,7.75,-0.911506
-0.85327,7.93,-0.691836
-0.85327,8.11,-0.548945
-0.85327,8.29,-0.450864
-0.85327,8.47,-0.380582
-0.85327,8.65,-0.328449
-0.85327,8.83,-0.288678
-0.85327,9.01,-0.25767
-0.85327,9.19,-0.233025
-0.85327,9.37,-0.213091
-0.85327,9.55,-0.196743
-0.85327,9.73,-0.183179
-0.85327,9.91,-0.171812
-0.845982,1.09,0.053156
-0.845982,1.27,0.217526
-0.845982,1.45,-0.323924
-0.845982,1.63,0.518769
-0.845982,1.81,0.0614221
-0.845982,1.99,-0.382355
-0.845982,2.17,0.0164075
-0.845982,2.35,0.619219
-0.845982,2.53,-0.00322722
-0.845982,2.71,0.139364
-0.845982,2.89,0.500467
-0.845982,3.07,2.05965
-0.845982,3.25,-0.996196
-0.845982,3.43,-0.514667
-0.845982,3.61,-0.246224
-0.845982,3.79,0.0483165
-0.845982,3.97,0.536492
-0.845982,4.15,1.49421
-0.845982,4.33,3.05984
-0.845982,4.51,3.64968
-0.845982,4.69,2.48376
-0.845982,4.87,1.39206
-0.845982,5.05,0.738496
-0.845982,5.23,0.334776
-0.845982,5.41,0.0463621
-0.845982,5.59,-0.201608
-0.845982,5.77,-0.460453
-0.845982,5.95,-0.781403
-0.845982,6.13,-1.23557
-0.845982,6.31,-1.93157
-0.845982,6.49,-2.98175
-0.845982,6.67,-4.19032
-0.845982,6.85,-4.53835
-0.845982,7.03,-3.57665
-0.845982,7.21,-2.39322
-0.845982,7.39,-1.57066
-0.845982,7.57,-1.06798
-0.845982,7.75,-0.760342
-0.845982,7.93,-0.565231
-0.845982,8.11,-0.436233
-0.845982,8.29,-0.347766
-0.845982,8.47,-0.285082
-0.845982,8.65,-0.23941
-0.845982,8.83,-0.205332
-0.845982,9.01,-0.179406
-0.845982,9.19,-0.159347
-0.845982,9.37,-0.143587
-0.845982,9.55,-0.13105
-0.845982,9.73,-0.120971
-0.845982,9.91,-0.112796
-0.838694,1.09,0.0808084
-0.838694,1.27,0.342426
-0.838694,1.45,-0.236643
-0.838694,1.63,1.47055
-0.838694,1.81,0.0685474
-0.838694,1.99,-0.260671
-0.838694,2.17,0.0455956
-0.838694,2.35,1.83146
-0.838694,2.53,-0.0462612
-0.838694,2.71,0.0915353
-0.838694,2.89,0.474337
-0.838694,3.07,1.92209
-0.838694,3.25,-0.589797
-0.838694,3.43,-0.220822
-0.838694,3.61,0.0862478
-0.838694,3.79,0.524695
-0.838694,3.97,1.372
-0.838694,4.15,3.41705
-0.838694,4.33,7.74501
-0.838694,4.51,5.07714
-0.838694,4.69,0.807492
-0.838694,4.87,-0.551647
-0.838694,5.05,-1.08365
-0.838694,5.23,-1.39054
-0.838694,5.41,-1.64168
-0.838694,5.59,-1.90131
-0.838694,5.77,-2.20292
-0.838694,5.95,-2.57058
-0.838694,6.13,-3.01372
-0.838694,6.31,-3.50093
-0.838694,6.49,-3.90236
-0.838694,6.67,-3.95255
-0.838694,6.85,-3.43659
-0.838694,7.03,-2.52345
-0.838694,7.21,-1.6169
-0.838694,7.39,-0.939366
-0.838694,7.57,-0.495968
-0.838694,7.75,-0.22036
-0.838694,7.93,-0.0515576
-0.838694,8.11,0.0518428
-0.838694,8.29,0.114924
-0.838694,8.47,0.153011
-0.838694,8.65,0.175399
-0.838694,8.83,0.187797
-0.838694,9.01,0.193823
-0.838694,9.19,0.195727
-0.838694,9.37,0.194934
-0.838694,9.55,0.192411
-0.838694,9.73,0.188803
-0.838694,9.91,0.18454
-0.831406,1.09,0.0886532
-0.831406,1.27,-0.00478661
-0.831406,1.45,-0.0212364
-0.831406,1.63,1.29041
-0.831406,1.81,0.0484665
-0.831406,1.99,-0.107933
-0.831406,2.17,0.081582
-0.831406,2.35,2.65393
-0.831406,2.53,-0.162938
-0.831406,2.71,0.04052
-0.831406,2.89,0.458963
-0.831406,3.07,0.79771
-0.831406,3.25,-0.316349
-0.831406,3.43,-0.0250126
-0.831406,3.61,0.294443
-0.831406,3.79,0.811635
-0.831406,3.97,1.91057
-0.831406,4.15,5.10201
-0.831406,4.33,10.8668
-0.831406,4.51,0.352577
-0.831406,4.69,-1.69322
-0.831406,4.87,-2.00361
-0.831406,5.05,-2.1027
-0.831406,5.23,-2.19032
-0.831406,5.41,-2.30559
-0.831406,5.59,-2.45929
-0.831406,5.77,-2.65296
-0.831406,5.95,-2.88182
-0.831406,6.13,-3.12193
-0.831406,6.31,-3.30957
-0.831406,6.49,-3.3196
-0.831406,6.67,-2.99066
-0.831406,6.85,-2.27584
-0.831406,7.03,-1.37557
-0.831406,7.21,-0.577717
-0.831406,7.39,-0.0187667
-0.831406,7.57,0.319525
-0.831406,7.75,0.505274
-0.831406,7.93,0.597817
-0.831406,8.11,0.636745
-0.831406,8.29,0.645291
-0.831406,8.47,0.637154
-0.831406,8.65,0.620215
-0.831406,8.83,0.598991
-0.831406,9.01,0.576164
-0.831406,9.19,0.55317
-0.831406,9.37,0.530741
-0.831406,9.55,0.509322
-0.831406,9.73,0.489128
-0.831406,9.91,0.470245
-0.824117,1.09,0.128023
-0.824117,1.27,-0.00670582
-0.824117,1.45,-0.0147648
-0.824117,1.63,-0.036547
-0.824117,1.81,0.0667752
-0.824117,1.99,-0.112633
-0.824117,2.17,0.0969571
-0.824117,2.35,1.52559
-0.824117,2.53,-0.142782
-0.824117,2.71,0.0522018
-0.824117,2.89,0.512217
-0.824117,3.07,-0.396813
-0.824117,3.25,-0.255656
-0.824117,3.43,0.0158754
-0.824117,3.61,0.333642
-0.824117,3.79,0.875872
-0.824117,3.97,2.10412
-0.824117,4.15,6.02924
-0.824117,4.33,7.63694
-0.824117,4.51,-0.976164
-0.824117,4.69,-1.89853
-0.824117,4.87,-2.01624
-0.824117,5.05,-2.06169
-0.824117,5.23,-2.12691
-0.824117,5.41,-2.2276
-0.824117,5.59,-2.36664
-0.824117,5.77,-2.54081
-0.824117,5.95,-2.73945
-0.824117,6.13,-2.9299
-0.824117,6.31,-3.03711
-0.824117,6.49,-2.93185
-0.824117,6.67,-2.48339
-0.824117,6.85,-1.71746
-0.824117,7.03,-0.873429
-0.824117,7.21,-0.191981
-0.824117,7.39,0.253461
-0.824117,7.57,0.506709
-0.824117,7.75,0.635057
-0.824117,7.93,0.690068
-0.824117,8.11,0.704412
-0.824117,8.29,0.696605
-0.824117,8.47,0.677363
-0.824117,8.65,0.652715
-0.824117,8.83,0.626028
-0.824117,9.01,0.599242
-0.824117,9.19,0.57333
-0.824117,9.37,0.548729
-0.824117,9.55,0.525674
-0.824117,9.73,0.504238
-0.824117,9.91,0.484405
-0.816829,1.09,0.251786
-0.816829,1.27,-0.00703882
-0.816829,1.45,-0.00682017
-0.816829,1.63,-0.202164
-0.816829,1.81,0.0877148
-0.816829,1.99,-0.10267
-0.816829,2.17,0.112925
-0.816829,2.35,-0.10013
-0.816829,2.53,-0.124632
-0.816829,2.71,0.0620526
-0.816829,2.89,0.575252
-0.816829,3.07,-0.574635
-0.816829,3.25,-0.199878
-0.816829,3.43,0.0522553
-0.816829,3.61,0.368239
-0.816829,3.79,0.936342
-0.816829,3.97,2.31735
-0.816829,4.15,7.1245
-0.816829,4.33,3.07519
-0.816829,4.51,-1.65337
-0.816829,4.69,-1.96534
-0.816829,4.87,-1.97383
-0.816829,5.05,-1.98653
-0.816829,5.23,-2.0357
-0.816829,5.41,-2.12311
-0.816829,5.59,-2.24618
-0.816829,5.77,-2.39757
-0.816829,5.95,-2.56082
-0.816829,6.13,-2.69496
-0.816829,6.31,-2.71622
-0.816829,6.49,-2.4996
-0.816829,6.67,-1.95657
-0.816829,6.85,-1.17954
-0.816829,7.03,-0.41884
-0.816829,7.21,0.143184
-0.816829,7.39,0.484356
-0.816829,7.57,0.663068
-0.816829,7.75,0.742128
-0.816829,7.93,0.765204
-0.816829,8.11,0.758729
-0.816829,8.29,0.737133
-0.816829,8.47,0.708574
-0.816829,8.65,0.677505
-0.816829,8.83,0.646311
-0.816829,9.01,0.616297
-0.816829,9.19,0.588042
-0.816829,9.37,0.56173
-0.816829,9.55,0.537418
-0.816829,9.73,0.515056
-0.816829,9.91,0.494543
-0.809541,1.09,0.147024
-0.809541,1.27,-0.0100049
-0.809541,1.45,-0.000983901
-0.809541,1.63,-0.175398
-0.809541,1.81,0.114549
-0.809541,1.99,-0.0898475
-0.809541,2.17,0.127486
-0.809541,2.35,-0.35903
-0.809541,2.53,-0.107191
-0.809541,2.71,0.0709168
-0.809541,2.89,0.644772
-0.809541,3.07,-0.509377
-0.809541,3.25,-0.15049
-0.809541,3.43,0.0829202
-0.809541,3.61,0.395099
-0.809541,3.79,0.985932
-0.809541,3.97,2.5377
-0.809541,4.15,7.95993
-0.809541,4.33,-0.175886
-0.809541,4.51,-1.9313
-0.809541,4.69,-1.93306
-0.809541,4.87,-1.88256
-0.809541,5.05,-1.87531
-0.809541,5.23,-1.91167
-0.809541,5.41,-1.98525
-0.809541,5.59,-2.08959
-0.809541,5.77,-2.21362
-0.809541,5.95,-2.33536
-0.809541,6.13,-2.4066
-0.809541,6.31,-2.33905
-0.809541,6.49,-2.02156
-0.809541,6.67,-1.41589
-0.809541,6.85,-0.667297
-0.809541,7.03,-0.0110247
-0.809541,7.21,0.431857
-0.809541,7.39,0.677656
-0.809541,7.57,0.790795
-0.809541,7.75,0.827275
-0.809541,7.93,0.823032
-0.809541,8.11,0.798878
-0.809541,8.29,0.765669
-0.809541,8.47,0.72935
-0.809541,8.65,0.693011
-0.809541,8.83,0.658191
-0.809541,9.01,0.625642
-0.809541,9.19,0.595602
-0.809541,9.37,0.568041
-0.809541,9.55,0.54286
-0.809541,9.73,0.519902
-0.809541,9.91,0.498994
-0.802253,1.09,0.022013
-0.802253,1.27,-0.0126505
-0.802253,1.45,0.00224298
-0.802253,1.63,-0.134004
-0.802253,1.81,0.148712
-0.802253,1.99,-0.0762422
-0.802253,2.17,0.154835
-0.802253,2.35,-0.336702
-0.802253,2.53,-0.0933325
-0.802253,2.71,0.0783407
-0.802253,2.89,0.690444
-0.802253,3.07,-0.417601
-0.802253,3.25,-0.11007
-0.802253,3.43,0.109972
-0.802253,3.61,0.423616
-0.802253,3.79,1.05016
-0.802253,3.97,2.84214
-0.802253,4.15,7.37647
-0.802253,4.33,-1.49344
-0.802253,4.51,-1.94686
-0.802253,4.69,-1.83899
-0.802253,4.87,-1.77255
-0.802253,5.05,-1.76105
-0.802253,5.23,-1.79298
-0.802253,5.41,-1.85887
-0.802253,5.59,-1.95012
-0.802253,5.77,-2.0527
-0.802253,5.95,-2.13945
-0.802253,6.13,-2.15524
-0.802253,6.31,-2.00885
-0.802253,6.49,-1.60758
-0.802253,6.67,-0.964982
-0.802253,6.85,-0.264714
-0.802253,7.03,0.288184
-0.802253,7.21,0.628333
-0.802253,7.39,0.79809
-0.802253,7.57,0.861836
-0.802253,7.75,0.867834
-0.802253,7.93,0.845051
-0.802253,8.11,0.809615
-0.802253,8.29,0.769529
-0.802253,8.47,0.729028
-0.802253,8.65,0.69018
-0.802253,8.83,0.653902
-0.802253,9.01,0.620552
-0.802253,9.19,0.590134
-0.802253,9.37,0.562482
-0.802253,9.55,0.537395
-0.802253,9.73,0.514653
-0.802253,9.91,0.49404
-0.794965,1.09,0.00176665
-0.794965,1.27,-0.0148874
-0.794965,1.45,0.0034059
-0.794965,1.63,-0.103217
-0.794965,1.81,0.18452
-0.794965,1.99,-0.0627035
-0.794965,2.17,0.19003
-0.794965,2.35,-0.289701
-0.794965,2.53,-0.0809326
-0.794965,2.71,0.0847246
-0.794965,2.89,0.449091
-0.794965,3.07,-0.332007
-0.794965,3.25,-0.0745854
-0.794965,3.43,0.13331
-0.794965,3.61,0.447936
-0.794965,3.79,1.11207
-0.794965,3.97,3.18495
-0.794965,4.15,3.719
-0.794965,4.33,-1.94905
-0.794965,4.51,-1.86567
-0.794965,4.69,-1.71722
-0.794965,4.87,-1.64746
-0.794965,5.05,-1.63474
-0.794965,5.23,-1.66254
-0.794965,5.41,-1.71982
-0.794965,5.59,-1.7962
-0.794965,5.77,-1.87468
-0.794965,5.95,-1.92305
-0.794965,6.13,-1.88055
-0.794965,6.31,-1.65772
-0.794965,6.49,-1.18893
-0.794965,6.67,-0.539593
-0.794965,6.85,0.0882125
-0.794965,7.03,0.533998
-0.794965,7.21,0.780478
-0.794965,7.39,0.885254
-0.794965,7.57,0.908351
-0.794965,7.75,0.889935
-0.794965,7.93,0.852688
-0.794965,8.11,0.808727
-0.794965,8.29,0.763678
-0.794965,8.47,0.720362
-0.794965,8.65,0.68001
-0.794965,8.83,0.643037
-0.794965,9.01,0.60948
-0.794965,9.19,0.579158
-0.794965,9.37,0.551798
-0.794965,9.55,0.527123
-0.794965,9.73,0.504864
-0.794965,9.91,0.484772
-0.787677,1.09,-0.00528099
-0.787677,1.27,-0.0157083
-0.787677,1.45,0.00329039
-0.787677,1.63,-0.0808544
-0.787677,1.81,0.144613
-0.787677,1.99,-0.0496507
-0.787677,2.17,0.231591
-0.787677,2.35,-0.245686
-0.787677,2.53,-0.0691071
-0.787677,2.71,0.0902294
-0.787677,2.89,-0.628195
-0.787677,3.07,-0.259308
-0.787677,3.25,-0.0437972
-0.787677,3.43,0.152096
-0.787677,3.61,0.465156
-0.787677,3.79,1.16278
-0.787677,3.97,3.48333
-0.787677,4.15,-0.335739
-0.787677,4.33,-2.00696
-0.787677,4.51,-1.73146
-0.787677,4.69,-1.57535
-0.787677,4.87,-1.50798
-0.787677,5.05,-1.49464
-0.787677,5.23,-1.51725
-0.787677,5.41,-1.56393
-0.787677,5.59,-1.62261
-0.787677,5.77,-1.67337
-0.787677,5.95,-1.6794
-0.787677,6.13,-1.57641
-0.787677,6.31,-1.28277
-0.787677,6.49,-0.767606
-0.787677,6.67,-0.142386
-0.787677,6.85,0.394068
-0.787677,7.03,0.73327
-0.787677,7.21,0.895636
-0.787677,7.39,0.945133
-0.787677,7.57,0.934758
-0.787677,7.75,0.896747
-0.787677,7.93,0.848211
-0.787677,8.11,0.797848
-0.787677,8.29,0.749295
-0.787677,8.47,0.7042
-0.787677,8.65,0.663108
-0.787677,8.83,0.62602
-0.787677,9.01,0.592709
-0.787677,9.19,0.562846
-0.787677,9.37,0.536074
-0.787677,9.55,0.512056
-0.787677,9.73,0.490487
-0.787677,9.91,0.471091
-0.780389,1.09,-0.00855352
-0.780389,1.27,-0.0120287
-0.780389,1.45,0.00249098
-0.780389,1.63,-0.0629032
-0.780389,1.81,-0.557468
-0.780389,1.99,-0.0372435
-0.780389,2.17,0.275757
-0.780389,2.35,-0.206009
-0.780389,2.53,-0.0570571
-0.780389,2.71,0.095199
-0.780389,2.89,-0.975497
-0.780389,3.07,-0.200234
-0.780389,3.25,-0.018091
-0.780389,3.43,0.166105
-0.780389,3.61,0.475283
-0.780389,3.79,1.20037
-0.780389,3.97,3.47996
-0.780389,4.15,-2.01183
-0.780389,4.33,-1.87239
-0.780389,4.51,-1.5637
-0.780389,4.69,-1.41907
-0.780389,4.87,-1.35826
-0.780389,5.05,-1.34529
-0.780389,5.23,-1.36262
-0.780389,5.41,-1.39807
-0.780389,5.59,-1.4381
-0.780389,5.77,-1.46004
-0.780389,5.95,-1.42321
-0.780389,6.13,-1.26237
-0.780389,6.31,-0.909691
-0.780389,6.49,-0.373756
-0.780389,6.67,0.199343
-0.780389,6.85,0.633633
-0.780389,7.03,0.872957
-0.780389,7.21,0.963668
-0.780389,7.39,0.968972
-0.780389,7.57,0.933263
-0.780389,7.75,0.881315
-0.780389,7.93,0.825421
-0.780389,8.11,0.771444
-0.780389,8.29,0.721419
-0.780389,8.47,0.676073
-0.780389,8.65,0.635415
-0.780389,8.83,0.599139
-0.780389,9.01,0.56682
-0.780389,9.19,0.538027
-0.780389,9.37,0.51235
-0.780389,9.55,0.489417
-0.780389,9.73,0.468898
-0.780389,9.91,0.450509
-0.773101,1.09,-0.0112736
-0.773101,1.27,-0.00234953
-0.773101,1.45,0.00379494
-0.773101,1.63,-0.0486755
-0.773101,1.81,-0.687666
-0.773101,1.99,-0.0232049
-0.773101,2.17,0.294153
-0.773101,2.35,-0.174871
-0.773101,2.53,-0.0470341
-0.773101,2.71,0.0981587
-0.773101,2.89,-0.680802
-0.773101,3.07,-0.152397
-0.773101,3.25,0.00425371
-0.773101,3.43,0.179595
-0.773101,3.61,0.488667
-0.773101,3.79,1.24989
-0.773101,3.97,2.56842
-0.773101,4.15,-2.22928
-0.773101,4.33,-1.674
-0.773101,4.51,-1.39686
-0.773101,4.69,-1.27291
-0.773101,4.87,-1.22148
-0.773101,5.05,-1.21061
-0.773101,5.23,-1.22439
-0.773101,5.41,-1.25062
-0.773101,5.59,-1.27437
-0.773101,5.77,-1.27024
-0.773101,5.95,-1.19401
-0.773101,6.13,-0.981343
-0.773101,6.31,-0.583027
-0.773101,6.49,-0.0484917
-0.773101,6.67,0.455753
-0.773101,6.85,0.790571
-0.773101,7.03,0.945799
-0.773101,7.21,0.981967
-0.773101,7.39,0.956515
-0.773101,7.57,0.904933
-0.773101,7.75,0.845525
-0.773101,7.93,0.786741
-0.773101,8.11,0.732288
-0.773101,8.29,0.683049
-0.773101,8.47,0.639113
-0.773101,8.65,0.600142
-0.773101,8.83,0.56564
-0.773101,9.01,0.535066
-0.773101,9.19,0.507942
-0.773101,9.37,0.483844
-0.773101,9.55,0.462388
-0.773101,9.73,0.443243
-0.773101,9.91,0.42613
-0.765813,1.09,-0.0139773
-0.765813,1.27,0.0169513
-0.765813,1.45,0.00764476
-0.765813,1.63,-0.0372573
-0.765813,1.81,-0.395775
-0.765813,1.99,-0.00898834
-0.765813,2.17,-0.203801
-0.765813,2.35,-0.148332
-0.765813,2.53,-0.0368669
-0.765813,2.71,0.0968514
-0.765813,2.89,-0.448507
-0.765813,3.07,-0.112529
-0.765813,3.25,0.0230458
-0.765813,3.43,0.188932
-0.765813,3.61,0.49408
-0.765813,3.79,1.26346
-0.765813,3.97,-0.132083
-0.765813,4.15,-2.03516
-0.765813,4.33,-1.46362
-0.765813,4.51,-1.22974
-0.765813,4.69,-1.12602
-0.765813,4.87,-1.0828
-0.765813,5.05,-1.07289
-0.765813,5.23,-1.08193
-0.765813,5.41,-1.09768
-0.765813,5.59,-1.10377
-0.765813,5.77,-1.07225
-0.765813,5.95,-0.95654
-0.765813,6.13,-0.697099
-0.765813,6.31,-0.269712
-0.765813,6.49,0.23748
-0.765813,6.67,0.656316
-0.765813,6.85,0.894335
-0.765813,7.03,0.97758
-0.765813,7.21,0.970913
-0.765813,7.39,0.923117
-0.765813,7.57,0.861155
-0.765813,7.75,0.79782
-0.765813,7.93,0.738449
-0.765813,8.11,0.68507
-0.765813,8.29,0.637695
-0.765813,8.47,0.595945
-0.765813,8.65,0.559235
-0.765813,8.83,0.526943
-0.765813,9.01,0.498458
-0.765813,9.19,0.473277
-0.765813,9.37,0.450978
-0.765813,9.55,0.431181
-0.765813,9.73,0.413562
-0.765813,9.91,0.397849
-0.758525,1.09,-0.0158645
-0.758525,1.27,0.0526227
-0.758525,1.45,0.0163691
-0.758525,1.63,-0.0277867
-0.758525,1.81,-0.25119
-0.758525,1.99,0.00474746
-0.758525,2.17,-0.777586
-0.758525,2.35,-0.124463
-0.758525,2.53,-0.0257948
-0.758525,2.71,0.0836988
-0.758525,2.89,-0.300113
-0.758525,3.07,-0.0791888
-0.758525,3.25,0.038079
-0.758525,3.43,0.19267
-0.758525,3.61,0.485739
-0.758525,3.79,1.17273
-0.758525,3.97,-2.34135
-0.758525,4.15,-1.73619
-0.758525,4.33,-1.25395
-0.758525,4.51,-1.06297
-0.758525,4.69,-0.977294
-0.758525,4.87,-0.940538
-0.758525,5.05,-0.930078
-0.758525,5.23,-0.932961
-0.758525,5.41,-0.936752
-0.758525,5.59,-0.923703
-0.758525,5.77,-0.86381
-0.758525,5.95,-0.709986
-0.758525,6.13,-0.412236
-0.758525,6.31,0.0234945
-0.758525,6.49,0.47814
-0.758525,6.67,0.801314
-0.758525,6.85,0.949732
-0.758525,7.03,0.973617
-0.758525,7.21,0.934615
-0.758525,7.39,0.871561
-0.758525,7.57,0.803719
-0.758525,7.75,0.739306
-0.758525,7.93,0.681203
-0.758525,8.11,0.630141
-0.758525,8.29,0.585496
-0.758525,8.47,0.546557
-0.758525,8.65,0.512576
-0.758525,8.83,0.482853
-0.758525,9.01,0.456739
-0.758525,9.19,0.43373
-0.758525,9.37,0.413416
-0.758525,9.55,0.39543
-0.758525,9.73,0.379461
-0.758525,9.91,0.365254
-0.751237,1.09,-0.0156661
-0.751237,1.27,0.0768101
-0.751237,1.45,0.0320892
-0.751237,1.63,-0.018649
-0.751237,1.81,-0.171771
-0.751237,1.99,0.0168256
-0.751237,2.17,-0.536657
-0.751237,2.35,-0.101632
-0.751237,2.53,-0.0129831
-0.751237,2.71,0.030733
-0.751237,2.89,-0.202501
-0.751237,3.07,-0.0517413
-0.751237,3.25,0.0489782
-0.751237,3.43,0.189775
-0.751237,3.61,0.458438
-0.751237,3.79,0.829664
-0.751237,3.97,-2.55066
-0.751237,4.15,-1.42338
-0.751237,4.33,-1.04834
-0.751237,4.51,-0.896897
-0.751237,4.69,-0.82717
-0.751237,4.87,-0.795556
-0.751237,5.05,-0.783584
-0.751237,5.23,-0.779542
-0.751237,5.41,-0.770835
-0.751237,5.59,-0.738589
-0.751237,5.77,-0.651582
-0.751237,5.95,-0.464701
-0.751237,6.13,-0.142541
-0.751237,6.31,0.276668
-0.751237,6.49,0.656588
-0.751237,6.67,0.881443
-0.751237,6.85,0.952293
-0.751237,7.03,0.930879
-0.751237,7.21,0.870227
-0.751237,7.39,0.799028
-0.751237,7.57,0.729903
-0.751237,7.75,0.667433
-0.751237,7.93,0.61264
-0.751237,8.11,0.565327
-0.751237,8.29,0.524453
-0.751237,8.47,0.489105
-0.751237,8.65,0.458451
-0.751237,8.83,0.431769
-0.751237,9.01,0.408409
-0.751237,9.19,0.387883
-0.751237,9.37,0.369812
-0.751237,9.55,0.35385
-0.751237,9.73,0.339711
-0.751237,9.91,0.327158
-0.743949,1.09,-0.00773749
-0.743949,1.27,-0.2023
-0.743949,1.45,0.0614265
-0.743949,1.63,-0.0105542
-0.743949,1.81,-0.119849
-0.743949,1.99,0.0298077
-0.743949,2.17,-0.358076
-0.743949,2.35,-0.0832186
-0.743949,2.53,-0.000493362
-0.743949,2.71,-0.121093
-0.743949,2.89,-0.134662
-0.743949,3.07,-0.0290886
-0.743949,3.25,0.0578173
-0.743949,3.43,0.18607
-0.743949,3.61,0.42603
-0.743949,3.79,0.0564173
-0.743949,3.97,-2.04703
-0.743949,4.15,-1.14581
-0.743949,4.33,-0.867152
-0.743949,4.51,-0.750262
-0.743949,4.69,-0.694814
-0.743949,4.87,-0.66819
-0.743949,5.05,-0.655507
-0.743949,5.23,-0.646135
-0.743949,5.41,-0.627348
-0.743949,5.59,-0.579354
-0.743949,5.77,-0.470373
-0.743949,5.95,-0.259418
-0.743949,6.13,0.0704683
-0.743949,6.31,0.45102
-0.743949,6.49,0.746013
-0.743949,6.67,0.883937
-0.743949,6.85,0.898031
-0.743949,7.03,0.84957
-0.743949,7.21,0.780015
-0.743949,7.39,0.708919
-0.743949,7.57,0.643786
-0.743949,7.75,0.586682
-0.743949,7.93,0.537479
-0.743949,8.11,0.495476
-0.743949,8.29,0.459467
-0.743949,8.47,0.428495
-0.743949,8.65,0.401743
-0.743949,8.83,0.378531
-0.743949,9.01,0.358242
-0.743949,9.19,0.340438
-0.743949,9.37,0.324792
-0.743949,9.55,0.310996
-0.743949,9.73,0.298796
-0.743949,9.91,0.287982
-0.736661,1.09,0.0330778
-0.736661,1.27,-0.163642
-0.736661,1.45,-0.0610873
-0.736661,1.63,-0.00212779
-0.736661,1.81,-0.0813774
-0.736661,1.99,0.0390397
-0.736661,2.17,-0.253266
-0.736661,2.35,-0.0660377
-0.736661,2.53,0.0140449
-0.736661,2.71,-0.205721
-0.736661,2.89,-0.0851055
-0.736661,3.07,-0.0107477
-0.736661,3.25,0.0625115
-0.736661,3.43,0.174693
-0.736661,3.61,0.361159
-0.736661,3.79,-1.36036
-0.736661,3.97,-1.52089
-0.736661,4.15,-0.897195
-0.736661,4.33,-0.695737
-0.736661,4.51,-0.607498
-0.736661,4.69,-0.563923
-0.736661,4.87,-0.541146
-0.736661,5.05,-0.527249
-0.736661,5.23,-0.512568
-0.736661,5.41,-0.484423
-0.736661,5.59,-0.422713
-0.736661,5.77,-0.296661
-0.736661,5.95,-0.072886
-0.736661,6.13,0.243708
-0.736661,6.31,0.562758
-0.736661,6.49,0.767403
-0.736661,6.67,0.831539
-0.736661,6.85,0.805835
-0.736661,7.03,0.742993
-0.736661,7.21,0.672462
-0.736661,7.39,0.606206
-0.736661,7.57,0.547926
-0.736661,7.75,0.497973
-0.736661,7.93,0.455524
-0.736661,8.11,0.419618
-0.736661,8.29,0.38903
-0.736661,8.47,0.362838
-0.736661,8.65,0.340293
-0.736661,8.83,0.320783
-0.736661,9.01,0.303752
-0.736661,9.19,0.288822
-0.736661,9.37,0.275723
-0.736661,9.55,0.264191
-0.736661,9.73,0.254009
-0.736661,9.91,0.244999
-0.729373,1.09,0.257925
-0.729373,1.27,-0.104428
-0.729373,1.45,-0.099321
-0.729373,1.63,0.00890578
-0.729373,1.81,-0.0501172
-0.729373,1.99,0.0387539
-0.729373,2.17,-0.182381
-0.729373,2.35,-0.0495913
-0.729373,2.53,0.0314091
-0.729373,2.71,-0.0982685
-0.729373,2.89,-0.0481126
-0.729373,3.07,0.00313544
-0.729373,3.25,0.0619746
-0.729373,3.43,0.152931
-0.729373,3.61,0.243457
-0.729373,3.79,-2.1772
-0.729373,3.97,-1.07251
-0.729373,4.15,-0.66972
-0.729373,4.33,-0.529993
-0.729373,4.51,-0.465803
-0.729373,4.69,-0.432344
-0.729373,4.87,-0.412763
-0.729373,5.05,-0.397709
-0.729373,5.23,-0.378553
-0.729373,5.41,-0.343135
-0.729373,5.59,-0.272132
-0.729373,5.77,-0.138024
-0.729373,5.95,0.081399
-0.729373,6.13,0.359526
-0.729373,6.31,0.598663
-0.729373,6.49,0.717132
-0.729373,6.67,0.725646
-0.729373,6.85,0.677369
-0.729373,7.03,0.611737
-0.729373,7.21,0.547229
-0.729373,7.39,0.489998
-0.729373,7.57,0.441145
-0.729373,7.75,0.400004
-0.729373,7.93,0.365429
-0.729373,8.11,0.336408
-0.729373,8.29,0.311815
-0.729373,8.47,0.29084
-0.729373,8.65,0.272839
-0.729373,8.83,0.2573
-0.729373,9.01,0.243749
-0.729373,9.19,0.231879
-0.729373,9.37,0.221481
-0.729373,9.55,0.212339
-0.729373,9.73,0.20428
-0.729373,9.91,0.197158
-0.722085,1.09,0.118646
-0.722085,1.27,-0.0577293
-0.722085,1.45,-0.0812989
-0.722085,1.63,0.0286963
-0.722085,1.81,-0.023754
-0.722085,1.99,0.0137725
-0.722085,2.17,-0.1233
-0.722085,2.35,-0.0323368
-0.722085,2.53,0.0512636
-0.722085,2.71,-0.0272311
-0.722085,2.89,-0.0209663
-0.722085,3.07,0.0114689
-0.722085,3.25,0.0533144
-0.722085,3.43,0.114319
-0.722085,3.61,0.039238
-0.722085,3.79,-1.62729
-0.722085,3.97,-0.683362
-0.722085,4.15,-0.44749
-0.722085,4.33,-0.359066
-0.722085,4.51,-0.316067
-0.722085,4.69,-0.291841
-0.722085,4.87,-0.275456
-0.722085,5.05,-0.260068
-0.722085,5.23,-0.238537
-0.722085,5.41,-0.200295
-0.722085,5.59,-0.128845
-0.722085,5.77,-0.00317187
-0.722085,5.95,0.185212
-0.722085,6.13,0.394959
-0.722085,6.31,0.541927
-0.722085,6.49,0.586937
-0.722085,6.67,0.56096
-0.722085,6.85,0.506972
-0.722085,7.03,0.449403
-0.722085,7.21,0.397588
-0.722085,7.39,0.353586
-0.722085,7.57,0.316952
-0.722085,7.75,0.286577
-0.722085,7.93,0.261311
-0.722085,8.11,0.24026
-0.722085,8.29,0.222518
-0.722085,8.47,0.207447
-0.722085,8.65,0.194556
-0.722085,8.83,0.183456
-0.722085,9.01,0.173788
-0.722085,9.19,0.165327
-0.722085,9.37,0.157927
-0.722085,9.55,0.151431
-0.722085,9.73,0.14571
-0.722085,9.91,0.140661
-0.714797,1.09,-0.0275631
-0.714797,1.27,-0.0154519
-0.714797,1.45,-0.0546621
-0.714797,1.63,0.0671468
-0.714797,1.81,-0.00355425
-0.714797,1.99,-0.0428442
-0.714797,2.17,-0.064901
-0.714797,2.35,-0.016082
-0.714797,2.53,0.0590676
-0.714797,2.71,0.00281141
-0.714797,2.89,-0.00371481
-0.714797,3.07,0.0116452
-0.714797,3.25,0.0338802
-0.714797,3.43,0.0623833
-0.714797,3.61,-0.147539
-0.714797,3.79,-0.722098
-0.714797,3.97,-0.323253
-0.714797,4.15,-0.22138
-0.714797,4.33,-0.180222
-0.714797,4.51,-0.159058
-0.714797,4.69,-0.146204
-0.714797,4.87,-0.136375
-0.714797,5.05,-0.1258
-0.714797,5.23,-0.110082
-0.714797,5.41,-0.0824754
-0.714797,5.59,-0.0327914
-0.714797,5.77,0.049917
-0.714797,5.95,0.163239
-0.714797,6.13,0.271806
-0.714797,6.31,0.330038
-0.714797,6.49,0.332724
-0.714797,6.67,0.305492
-0.714797,6.85,0.270199
-0.714797,7.03,0.236776
-0.714797,7.21,0.20819
-0.714797,7.39,0.184542
-0.714797,7.57,0.165141
-0.714797,7.75,0.149197
-0.714797,7.93,0.136009
-0.714797,8.11,0.125065
-0.714797,8.29,0.115867
-0.714797,8.47,0.108069
-0.714797,8.65,0.101408
-0.714797,8.83,0.0956811
-0.714797,9.01,0.0906923
-0.714797,9.19,0.0863255
-0.714797,9.37,0.0825092
-0.714797,9.55,0.0791615
-0.714797,9.73,0.0762158
-0.714797,9.91,0.073618
-0.707509,1.09,0
-0.707509,1.27,0
-0.707509,1.45,0
-0.707509,1.63,0
-0.707509,1.81,0
-0.707509,1.99,0
-0.707509,2.17,0
-0.707509,2.35,0
-0.707509,2.53,0
-0.707509,2.71,0
-0.707509,2.89,0
-0.707509,3.07,0
-0.707509,3.25,0
-0.707509,3.43,0
-0.707509,3.61,0
-0.707509,3.79,0
-0.707509,3.97,0
-0.707509,4.15,0
-0.707509,4.33,0
-0.707509,4.51,0
-0.707509,4.69,0
-0.707509,4.87,0
-0.707509,5.05,0
-0.707509,5.23,0
-0.707509,5.41,0
-0.707509,5.59,0
-0.707509,5.77,0
-0.707509,5.95,0
-0.707509,6.13,0
-0.707509,6.31,0
-0.707509,6.49,0
-0.707509,6.67,0
-0.707509,6.85,0
-0.707509,7.03,0
-0.707509,7.21,0
-0.707509,7.39,0
-0.707509,7.57,0
-0.707509,7.75,0
-0.707509,7.93,0
-0.707509,8.11,0
-0.707509,8.29,0
-0.707509,8.47,0
-0.707509,8.65,0
-0.707509,8.83,0
-0.707509,9.01,0
-0.707509,9.19,0
-0.707509,9.37,0
-0.707509,9.55,0
-0.707509,9.73,0
-0.707509,9.91,0
-0.700221,1.09,0
-0.700221,1.27,0
-0.700221,1.45,0
-0.700221,1.63,0
-0.700221,1.81,0
-0.700221,1.99,0
-0.700221,2.17,0
-0.700221,2.35,0
-0.700221,2.53,0
-0.700221,2.71,0
-0.700221,2.89,0
-0.700221,3.07,0
-0.700221,3.25,0
-0.700221,3.43,0
-0.700221,3.61,0
-0.700221,3.79,0
-0.700221,3.97,0
-0.700221,4.15,0
-0.700221,4.33,0
-0.700221,4.51,0
-0.700221,4.69,0
-0.700221,4.87,0
-0.700221,5.05,0
-0.700221,5.23,0
-0.700221,5.41,0
-0.700221,5.59,0
-0.700221,5.77,0
-0.700221,5.95,0
-0.700221,6.13,0
-0.700221,6.31,0
-0.700221,6.49,0
-0.700221,6.67,0
-0.700221,6.85,0
-0.700221,7.03,0
-0.700221,7.21,0
-0.700221,7.39,0
-0.700221,7.57,0
-0.700221,7.75,0
-0.700221,7.93,0
-0.700221,8.11,0
-0.700221,8.29,0
-0.700221,8.47,0
-0.700221,8.65,0
-0.700221,8.83,0
-0.700221,9.01,0
-0.700221,9.19,0
-0.700221,9.37,0
-0.700221,9.55,0
-0.700221,9.73,0
-0.700221,9.91,0
-0.692933,1.09,0
-0.692933,1.27,0
-0.692933,1.45,0
-0.692933,1.63,0
-0.692933,1.81,0
-0.692933,1.99,0
-0.692933,2.17,0
-0.692933,2.35,0
-0.692933,2.53,0
-0.692933,2.71,0
-0.692933,2.89,0
-0.692933,3.07,0
-0.692933,3.25,0
-0.692933,3.43,0
-0.692933,3.61,0
-0.692933,3.79,0
-0.692933,3.97,0
-0.692933,4.15,0
-0.692933,4.33,0
-0.692933,4.51,0
-0.692933,4.69,0
-0.692933,4.87,0
-0.692933,5.05,0
-0.692933,5.23,0
-0.692933,5.41,0
-0.692933,5.59,0
-0.692933,5.77,0
-0.692933,5.95,0
-0.692933,6.13,0
-0.692933,6.31,0
-0.692933,6.49,0
-0.692933,6.67,0
-0.692933,6.85,0
-0.692933,7.03,0
-0.692933,7.21,0
-0.692933,7.39,0
-0.692933,7.57,0
-0.692933,7.75,0
-0.692933,7.93,0
-0.692933,8.11,0
-0.692933,8.29,0
-0.692933,8.47,0
-0.692933,8.65,0
-0.692933,8.83,0
-0.692933,9.01,0
-0.692933,9.19,0
-0.692933,9.37,0
-0.692933,9.55,0
-0.692933,9.73,0
-0.692933,9.91,0
-0.685645,1.09,0
-0.685645,1.27,0
-0.685645,1.45,0
-0.685645,1.63,0
-0.685645,1.81,0
-0.685645,1.99,0
-0.685645,2.17,0
-0.685645,2.35,0
-0.685645,2.53,0
-0.685645,2.71,0
-0.685645,2.89,0
-0.685645,3.07,0
-0.685645,3.25,0
-0.685645,3.43,0
-0.685645,3.61,0
-0.685645,3.79,0
-0.685645,3.97,0
-0.685645,4.15,0
-0.685645,4.33,0
-0.685645,4.51,0
-0.685645,4.69,0
-0.685645,4.87,0
-0.685645,5.05,0
-0.685645,5.23,0
-0.685645,5.41,0
-0.685645,5.59,0
-0.685645,5.77,0
-0.685645,5.95,0
-0.685645,6.13,0
-0.685645,6.31,0
-0.685645,6.49,0
-0.685645,6.67,0
-0.685645,6.85,0
-0.685645,7.03,0
-0.685645,7.21,0
-0.685645,7.39,0
-0.685645,7.57,0
-0.685645,7.75,0
-0.685645,7.93,0
-0.685645,8.11,0
-0.685645,8.29,0
-0.685645,8.47,0
-0.685645,8.65,0
-0.685645,8.83,0
-0.685645,9.01,0
-0.685645,9.19,0
-0.685645,9.37,0
-0.685645,9.55,0
-0.685645,9.73,0
-0.685645,9.91,0
-0.678356,1.09,0
-0.678356,1.27,0
-0.678356,1.45,0
-0.678356,1.63,0
-0.678356,1.81,0
-0.678356,1.99,0
-0.678356,2.17,0
-0.678356,2.35,0
-0.678356,2.53,0
-0.678356,2.71,0
-0.678356,2.89,0
-0.678356,3.07,0
-0.678356,3.25,0
-0.678356,3.43,0
-0.678356,3.61,0
-0.678356,3.79,0
-0.678356,3.97,0
-0.678356,4.15,0
-0.678356,4.33,0
-0.678356,4.51,0
-0.678356,4.69,0
-0.678356,4.87,0
-0.678356,5.05,0
-0.678356,5.23,0
-0.678356,5.41,0
-0.678356,5.59,0
-0.678356,5.77,0
-0.678356,5.95,0
-0.678356,6.13,0
-0.678356,6.31,0
-0.678356,6.49,0
-0.678356,6.67,0
-0.678356,6.85,0
-0.678356,7.03,0
-0.678356,7.21,0
-0.678356,7.39,0
-0.678356,7.57,0
-0.678356,7.75,0
-0.678356,7.93,0
-0.678356,8.11,0
-0.678356,8.29,0
-0.678356,8.47,0
-0.678356,8.65,0
-0.678356,8.83,0
-0.678356,9.01,0
-0.678356,9.19,0
-0.678356,9.37,0
-0.678356,9.55,0
-0.678356,9.73,0
-0.678356,9.91,0
-0.671068,1.09,0
-0.671068,1.27,0
-0.671068,1.45,0
-0.671068,1.63,0
-0.671068,1.81,0
-0.671068,1.99,0
-0.671068,2.17,0
-0.671068,2.35,0
-0.671068,2.53,0
-0.671068,2.71,0
-0.671068,2.89,0
-0.671068,3.07,0
-0.671068,3.25,0
-0.671068,3.43,0
-0.671068,3.61,0
-0.671068,3.79,0
-0.671068,3.97,0
-0.671068,4.15,0
-0.671068,4.33,0
-0.671068,4.51,0
-0.671068,4.69,0
-0.671068,4.87,0
-0.671068,5.05,0
-0.671068,5.23,0
-0.671068,5.41,0
-0.671068,5.59,0
-0.671068,5.77,0
-0.671068,5.95,0
-0.671068,6.13,0
-0.671068,6.31,0
-0.671068,6.49,0
-0.671068,6.67,0
-0.671068,6.85,0
-0.671068,7.03,0
-0.671068,7.21,0
-0.671068,7.39,0
-0.671068,7.57,0
-0.671068,7.75,0
-0.671068,7.93,0
-0.671068,8.11,0
-0.671068,8.29,0
-0.671068,8.47,0
-0.671068,8.65,0
-0.671068,8.83,0
-0.671068,9.01,0
-0.671068,9.19,0
-0.671068,9.37,0
-0.671068,9.55,0
-0.671068,9.73,0
-0.671068,9.91,0
-0.66378,1.09,0
-0.66378,1.27,0
-0.66378,1.45,0
-0.66378,1.63,0
-0.66378,1.81,0
-0.66378,1.99,0
-0.66378,2.17,0
-0.66378,2.35,0
-0.66378,2.53,0
-0.66378,2.71,0
-0.66378,2.89,0
-0.66378,3.07,0
-0.66378,3.25,0
-0.66378,3.43,0
-0.66378,3.61,0
-0.66378,3.79,0
-0.66378,3.97,0
-0.66378,4.15,0
-0.66378,4.33,0
-0.66378,4.51,0
-0.66378,4.69,0
-0.66378,4.87,0
-0.66378,5.05,0
-0.66378,5.23,0
-0.66378,5.41,0
-0.66378,5.59,0
-0.66378,5.77,0
-0.66378,5.95,0
-0.66378,6.13,0
-0.66378,6.31,0
-0.66378,6.49,0
-0.66378,6.67,0
-0.66378,6.85,0
-0.66378,7.03,0
-0.66378,7.21,0
-0.66378,7.39,0
-0.66378,7.57,0
-0.66378,7.75,0
-0.66378,7.93,0
-0.66378,8.11,0
-0.66378,8.29,0
-0.66378,8.47,0
-0.66378,8.65,0
-0.66378,8.83,0
-0.66378,9.01,0
-0.66378,9.19,0
-0.66378,9.37,0
-0.66378,9.55,0
-0.66378,9.73,0
-0.66378,9.91,0
-0.656492,1.09,0
-0.656492,1.27,0
-0.656492,1.45,0
-0.656492,1.63,0
-0.656492,1.81,0
-0.656492,1.99,0
-0.656492,2.17,0
-0.656492,2.35,0
-0.656492,2.53,0
-0.656492,2.71,0
-0.656492,2.89,0
-0.656492,3.07,0
-0.656492,3.25,0
-0.656492,3.43,0
-0.656492,3.61,0
-0.656492,3.79,0
-0.656492,3.97,0
-0.656492,4.15,0
-0.656492,4.33,0
-0.656492,4.51,0
-0.656492,4.69,0
-0.656492,4.87,0
-0.656492,5.05,0
-0.656492,5.23,0
-0.656492,5.41,0
-0.656492,5.59,0
-0.656492,5.77,0
-0.656492,5.95,0
-0.656492,6.13,0
-0.656492,6.31,0
-0.656492,6.49,0
-0.656492,6.67,0
-0.656492,6.85,0
-0.656492,7.03,0
-0.656492,7.21,0
-0.656492,7.39,0
-0.656492,7.57,0
-0.656492,7.75,0
-0.656492,7.93,0
-0.656492,8.11,0
-0.656492,8.29,0
-0.656492,8.47,0
-0.656492,8.65,0
-0.656492,8.83,0
-0.656492,9.01,0
-0.656492,9.19,0
-0.656492,9.37,0
-0.656492,9.55,0
-0.656492,9.73,0
-0.656492,9.91,0
-0.649204,1.09,0
-0.649204,1.27,0
-0.649204,1.45,0
-0.649204,1.63,0
-0.649204,1.81,0
-0.649204,1.99,0
-0.649204,2.17,0
-0.649204,2.35,0
-0.649204,2.53,0
-0.649204,2.71,0
-0.649204,2.89,0
-0.649204,3.07,0
-0.649204,3.25,0
-0.649204,3.43,0
-0.649204,3.61,0
-0.649204,3.79,0
-0.649204,3.97,0
-0.649204,4.15,0
-0.649204,4.33,0
-0.649204,4.51,0
-0.649204,4.69,0
-0.649204,4.87,0
-0.649204,5.05,0
-0.649204,5.23,0
-0.649204,5.41,0
-0.649204,5.59,0
-0.649204,5.77,0
-0.649204,5.95,0
-0.649204,6.13,0
-0.649204,6.31,0
-0.649204,6.49,0
-0.649204,6.67,0
-0.649204,6.85,0
-0.649204,7.03,0
-0.649204,7.21,0
-0.649204,7.39,0
-0.649204,7.57,0
-0.649204,7.75,0
-0.649204,7.93,0
-0.649204,8.11,0
-0.649204,8.29,0
-0.649204,8.47,0
-0.649204,8.65,0
-0.649204,8.83,0
-0.649204,9.01,0
-0.649204,9.19,0
-0.649204,9.37,0
-0.649204,9.55,0
-0.649204,9.73,0
-0.649204,9.91,0
-0.641916,1.09,0
-0.641916,1.27,0
-0.641916,1.45,0
-0.641916,1.63,0
-0.641916,1.81,0
-0.641916,1.99,0
-0.641916,2.17,0
-0.641916,2.35,0
-0.641916,2.53,0
-0.641916,2.71,0
-0.641916,2.89,0
-0.641916,3.07,0
-0.641916,3.25,0
-0.641916,3.43,0
-0.641916,3.61,0
-0.641916,3.79,0
-0.641916,3.97,0
-0.641916,4.15,0
-0.641916,4.33,0
-0.641916,4.51,0
-0.641916,4.69,0
-0.641916,4.87,0
-0.641916,5.05,0
-0.641916,5.23,0
-0.641916,5.41,0
-0.641916,5.59,0
-0.641916,5.77,0
-0.641916,5.95,0
-0.641916,6.13,0
-0.641916,6.31,0
-0.641916,6.49,0
-0.641916,6.67,0
-0.641916,6.85,0
-0.641916,7.03,0
-0.641916,7.21,0
-0.641916,7.39,0
-0.641916,7.57,0
-0.641916,7.75,0
-0.641916,7.93,0
-0.641916,8.11,0
-0.641916,8.29,0
-0.641916,8.47,0
-0.641916,8.65,0
-0.641916,8.83,0
-0.641916,9.01,0
-0.641916,9.19,0
-0.641916,9.37,0
-0.641916,9.55,0
-0.641916,9.73,0
-0.641916,9.91,0
-0.634628,1.09,0
-0.634628,1.27,0
-0.634628,1.45,0
-0.634628,1.63,0
-0.634628,1.81,0
-0.634628,1.99,0
-0.634628,2.17,0
-0.634628,2.35,0
-0.634628,2.53,0
-0.634628,2.71,0
-0.634628,2.89,0
-0.634628,3.07,0
-0.634628,3.25,0
-0.634628,3.43,0
-0.634628,3.61,0
-0.634628,3.79,0
-0.634628,3.97,0
-0.634628,4.15,0
-0.634628,4.33,0
-0.634628,4.51,0
-0.634628,4.69,0
-0.634628,4.87,0
-0.634628,5.05,0
-0.634628,5.23,0
-0.634628,5.41,0
-0.634628,5.59,0
-0.634628,5.77,0
-0.634628,5.95,0
-0.634628,6.13,0
-0.634628,6.31,0
-0.634628,6.49,0
-0.634628,6.67,0
-0.634628,6.85,0
-0.634628,7.03,0
-0.634628,7.21,0
-0.634628,7.39,0
-0.634628,7.57,0
-0.634628,7.75,0
-0.634628,7.93,0
-0.634628,8.11,0
-0.634628,8.29,0
-0.634628,8.47,0
-0.634628,8.65,0
-0.634628,8.83,0
-0.634628,9.01,0
-0.634628,9.19,0
-0.634628,9.37,0
-0.634628,9.55,0
-0.634628,9.73,0
-0.634628,9.91,0
-0.62734,1.09,0
-0.62734,1.27,0
-0.62734,1.45,0
-0.62734,1.63,0
-0.62734,1.81,0
-0.62734,1.99,0
-0.62734,2.17,0
-0.62734,2.35,0
-0.62734,2.53,0
-0.62734,2.71,0
-0.62734,2.89,0
-0.62734,3.07,0
-0.62734,3.25,0
-0.62734,3.43,0
-0.62734,3.61,0
-0.62734,3.79,0
-0.62734,3.97,0
-0.62734,4.15,0
-0.62734,4.33,0
-0.62734,4.51,0
-0.62734,4.69,0
-0.62734,4.87,0
-0.62734,5.05,0
-0.62734,5.23,0
-0.62734,5.41,0
-0.62734,5.59,0
-0.62734,5.77,0
-0.62734,5.95,0
-0.62734,6.13,0
-0.62734,6.31,0
-0.62734,6.49,0
-0.62734,6.67,0
-0.62734,6.85,0
-0.62734,7.03,0
-0.62734,7.21,0
-0.62734,7.39,0
-0.62734,7.57,0
-0.62734,7.75,0
-0.62734,7.93,0
-0.62734,8.11,0
-0.62734,8.29,0
-0.62734,8.47,0
-0.62734,8.65,0
-0.62734,8.83,0
-0.62734,9.01,0
-0.62734,9.19,0
-0.62734,9.37,0
-0.62734,9.55,0
-0.62734,9.73,0
-0.62734,9.91,0
