-0.984455,1.09,0
-0.984455,1.27,0
-0.984455,1.45,0
-0.984455,1.63,0
-0.984455,1.81,0
-0.984455,1.99,0
-0.984455,2.17,0
-0.984455,2.35,0
-0.984455,2.53,0
-0.984455,2.71,0
-0.984455,2.89,0
-0.984455,3.07,0
-0.984455,3.25,0
-0.984455,3.43,0
-0.984455,3.61,0
-0.984455,3.79,0
-0.984455,3.97,0
-0.984455,4.15,0
-0.984455,4.33,0
-0.984455,4.51,0
-0.984455,4.69,0
-0.984455,4.87,0
-0.984455,5.05,0
-0.984455,5.23,0
-0.984455,5.41,0
-0.984455,5.59,0
-0.984455,5.77,0
-0.984455,5.95,0
-0.984455,6.13,0
-0.984455,6.31,0
-0.984455,6.49,0
-0.984455,6.67,0
-0.984455,6.85,0
-0.984455,7.03,0
-0.984455,7.21,0
-0.984455,7.39,0
-0.984455,7.57,0
-0.984455,7.75,0
-0.984455,7.93,0
-0.984455,8.11,0
-0.984455,8.29,0
-0.984455,8.47,0
-0.984455,8.65,0
-0.984455,8.83,0
-0.984455,9.01,0
-0.984455,9.19,0
-0.984455,9.37,0
-0.984455,9.55,0
-0.984455,9.73,0
-0.984455,9.91,0
-0.977166,1.09,0
-0.977166,1.27,0
-0.977166,1.45,0
-0.977166,1.63,0
-0.977166,1.81,0
-0.977166,1.99,0
-0.977166,2.17,0
-0.977166,2.35,0
-0.977166,2.53,0
-0.977166,2.71,0
-0.977166,2.89,0
-0.977166,3.07,0
-0.977166,3.25,0
-0.977166,3.43,0
-0.977166,3.61,0
-0.977166,3.79,0
-0.977166,3.97,0
-0.977166,4.15,0
-0.977166,4.33,0
-0.977166,4.51,0
-0.977166,4.69,0
-0.977166,4.87,0
-0.977166,5.05,0
-0.977166,5.23,0
-0.977166,5.41,0
-0.977166,5.59,0
-0.977166,5.77,0
-0.977166,5.95,0
-0.977166,6.13,0
-0.977166,6.31,0
-0.977166,6.49,0
-0.977166,6.67,0
-0.977166,6.85,0
-0.977166,7.03,0
-0.977166,7.21,0
-0.977166,7.39,0
-0.977166,7.57,0
-0.977166,7.75,0
-0.977166,7.93,0
-0.977166,8.11,0
-0.977166,8.29,0
-0.977166,8.47,0
-0.977166,8.65,0
-0.977166,8.83,0
-0.977166,9.01,0
-0.977166,9.19,0
-0.977166,9.37,0
-0.977166,9.55,0
-0.977166,9.73,0
-0.977166,9.91,0
-0.969878,1.09,0
-0.969878,1.27,0
-0.969878,1.45,0
-0.969878,1.63,0
-0.969878,1.81,0
-0.969878,1.99,0
-0.969878,2.17,0
-0.969878,2.35,0
-0.969878,2.53,0
-0.969878,2.71,0
-0.969878,2.89,0
-0.969878,3.07,0
-0.969878,3.25,0
-0.969878,3.43,0
-0.969878,3.61,0
-0.969878,3.79,0
-0.969878,3.97,0
-0.969878,4.15,0
-0.969878,4.33,0
-0.969878,4.51,0
-0.969878,4.69,0
-0.969878,4.87,0
-0.969878,5.05,0
-0.969878,5.23,0
-0.969878,5.41,0
-0.969878,5.59,0
-0.969878,5.77,0
-0.969878,5.95,0
-0.969878,6.13,0
-0.969878,6.31,0
-0.969878,6.49,0
-0.969878,6.67,0
-0.969878,6.85,0
-0.969878,7.03,0
-0.969878,7.21,0
-0.969878,7.39,0
-0.969878,7.57,0
-0.969878,7.75,0
-0.969878,7.93,0
-0.969878,8.11,0
-0.969878,8.29,0
-0.969878,8.47,0
-0.969878,8.65,0
-0.969878,8.83,0
-0.969878,9.01,0
-0.969878,9.19,0
-0.969878,9.37,0
-0.969878,9.55,0
-0.969878,9.73,0
-0.969878,9.91,0
-0.96259,1.09,0
-0.96259,1.27,0
-0.96259,1.45,0
-0.96259,1.63,0
-0.96259,1.81,0
-0.96259,1.99,0
-0.96259,2.17,0
-0.96259,2.35,0
-0.96259,2.53,0
-0.96259,2.71,0
-0.96259,2.89,0
-0.96259,3.07,0
-0.96259,3.25,0
-0.96259,3.43,0
-0.96259,3.61,0
-0.96259,3.79,0
-0.96259,3.97,0
-0.96259,4.15,0
-0.96259,4.33,0
-0.96259,4.51,0
-0.96259,4.69,0
-0.96259,4.87,0
-0.96259,5.05,0
-0.96259,5.23,0
-0.96259,5.41,0
-0.96259,5.59,0
-0.96259,5.77,0
-0.96259,5.95,0
-0.96259,6.13,0
-0.96259,6.31,0
-0.96259,6.49,0
-0.96259,6.67,0
-0.96259,6.85,0
-0.96259,7.03,0
-0.96259,7.21,0
-0.96259,7.39,0
-0.96259,7.57,0
-0.96259,7.75,0
-0.96259,7.93,0
-0.96259,8.11,0
-0.96259,8.29,0
-0.96259,8.47,0
-0.96259,8.65,0
-0.96259,8.83,0
-0.96259,9.01,0
-0.96259,9.19,0
-0.96259,9.37,0
-0.96259,9.55,0
-0.96259,9.73,0
-0.96259,9.91,0
-0.955302,1.09,0
-0.955302,1.27,0
-0.955302,1.45,0
-0.955302,1.63,0
-0.955302,1.81,0
-0.955302,1.99,0
-0.955302,2.17,0
-0.955302,2.35,0
-0.955302,2.53,0
-0.955302,2.71,0
-0.955302,2.89,0
-0.955302,3.07,0
-0.955302,3.25,0
-0.955302,3.43,0
-0.955302,3.61,0
-0.955302,3.79,0
-0.955302,3.97,0
-0.955302,4.15,0
-0.955302,4.33,0
-0.955302,4.51,0
-0.955302,4.69,0
-0.955302,4.87,0
-0.955302,5.05,0
-0.955302,5.23,0
-0.955302,5.41,0
-0.955302,5.59,0
-0.955302,5.77,0
-0.955302,5.95,0
-0.955302,6.13,0
-0.955302,6.31,0
-0.955302,6.49,0
-0.955302,6.67,0
-0.955302,6.85,0
-0.955302,7.03,0
-0.955302,7.21,0
-0.955302,7.39,0
-0.955302,7.57,0
-0.955302,7.75,0
-0.955302,7.93,0
-0.955302,8.11,0
-0.955302,8.29,0
-0.955302,8.47,0
-0.955302,8.65,0
-0.955302,8.83,0
-0.955302,9.01,0
-0.955302,9.19,0
-0.955302,9.37,0
-0.955302,9.55,0
-0.955302,9.73,0
-0.955302,9.91,0
-0.948014,1.09,0
-0.948014,1.27,0
-0.948014,1.45,0
-0.948014,1.63,0
-0.948014,1.81,0
-0.948014,1.99,0
-0.948014,2.17,0
-0.948014,2.35,0
-0.948014,2.53,0
-0.948014,2.71,0
-0.948014,2.89,0
-0.948014,3.07,0
-0.948014,3.25,0
-0.948014,3.43,0
-0.948014,3.61,0
-0.948014,3.79,0
-0.948014,3.97,0
-0.948014,4.15,0
-0.948014,4.33,0
-0.948014,4.51,0
-0.948014,4.69,0
-0.948014,4.87,0
-0.948014,5.05,0
-0.948014,5.23,0
-0.948014,5.41,0
-0.948014,5.59,0
-0.948014,5.77,0
-0.948014,5.95,0
-0.948014,6.13,0
-0.948014,6.31,0
-0.948014,6.49,0
-0.948014,6.67,0
-0.948014,6.85,0
-0.948014,7.03,0
-0.948014,7.21,0
-0.948014,7.39,0
-0.948014,7.57,0
-0.948014,7.75,0
-0.948014,7.93,0
-0.948014,8.11,0
-0.948014,8.29,0
-0.948014,8.47,0
-0.948014,8.65,0
-0.948014,8.83,0
-0.948014,9.01,0
-0.948014,9.19,0
-0.948014,9.37,0
-0.948014,9.55,0
-0.948014,9.73,0
-0.948014,9.91,0
-0.940726,1.09,0
-0.940726,1.27,0
-0.940726,1.45,0
-0.940726,1.63,0
-0.940726,1.81,0
-0.940726,1.99,0
-0.940726,2.17,0
-0.940726,2.35,0
-0.940726,2.53,0
-0.940726,2.71,0
-0.940726,2.89,0
-0.940726,3.07,0
-0.940726,3.25,0
-0.940726,3.43,0
-0.940726,3.61,0
-0.940726,3.79,0
-0.940726,3.97,0
-0.940726,4.15,0
-0.940726,4.33,0
-0.940726,4.51,0
-0.940726,4.69,0
-0.940726,4.87,0
-0.940726,5.05,0
-0.940726,5.23,0
-0.940726,5.41,0
-0.940726,5.59,0
-0.940726,5.77,0
-0.940726,5.95,0
-0.940726,6.13,0
-0.940726,6.31,0
-0.940726,6.49,0
-0.940726,6.67,0
-0.940726,6.85,0
-0.940726,7.03,0
-0.940726,7.21,0
-0.940726,7.39,0
-0.940726,7.57,0
-0.940726,7.75,0
-0.940726,7.93,0
-0.940726,8.11,0
-0.940726,8.29,0
-0.940726,8.47,0
-0.940726,8.65,0
-0.940726,8.83,0
-0.940726,9.01,0
-0.940726,9.19,0
-0.940726,9.37,0
-0.940726,9.55,0
-0.940726,9.73,0
-0.940726,9.91,0
-0.933438,1.09,0
-0.933438,1.27,0
-0.933438,1.45,0
-0.933438,1.63,0
-0.933438,1.81,0
-0.933438,1.99,0
-0.933438,2.17,0
-0.933438,2.35,0
-0.933438,2.53,0
-0.933438,2.71,0
-0.933438,2.89,0
-0.933438,3.07,0
-0.933438,3.25,0
-0.933438,3.43,0
-0.933438,3.61,0
-0.933438,3.79,0
-0.933438,3.97,0
-0.933438,4.15,0
-0.933438,4.33,0
-0.933438,4.51,0
-0.933438,4.69,0
-0.933438,4.87,0
-0.933438,5.05,0
-0.933438,5.23,0
-0.933438,5.41,0
-0.933438,5.59,0
-0.933438,5.77,0
-0.933438,5.95,0
-0.933438,6.13,0
-0.933438,6.31,0
-0.933438,6.49,0
-0.933438,6.67,0
-0.933438,6.85,0
-0.933438,7.03,0
-0.933438,7.21,0
-0.933438,7.39,0
-0.933438,7.57,0
-0.933438,7.75,0
-0.933438,7.93,0
-0.933438,8.11,0
-0.933438,8.29,0
-0.933438,8.47,0
-0.933438,8.65,0
-0.933438,8.83,0
-0.933438,9.01,0
-0.933438,9.19,0
-0.933438,9.37,0
-0.933438,9.55,0
-0.933438,9.73,0
-0.933438,9.91,0
-0.92615,1.09,0
-0.92615,1.27,0
-0.92615,1.45,0
-0.92615,1.63,0
-0.92615,1.81,0
-0.92615,1.99,0
-0.92615,2.17,0
-0.92615,2.35,0
-0.92615,2.53,0
-0.92615,2.71,0
-0.92615,2.89,0
-0.92615,3.07,0
-0.92615,3.25,0
-0.92615,3.43,0
-0.92615,3.61,0
-0.92615,3.79,0
-0.92615,3.97,0
-0.92615,4.15,0
-0.92615,4.33,0
-0.92615,4.51,0
-0.92615,4.69,0
-0.92615,4.87,0
-0.92615,5.05,0
-0.92615,5.23,0
-0.92615,5.41,0
-0.92615,5.59,0
-0.92615,5.77,0
-0.92615,5.95,0
-0.92615,6.13,0
-0.92615,6.31,0
-0.92615,6.49,0
-0.92615,6.67,0
-0.92615,6.85,0
-0.92615,7.03,0
-0.92615,7.21,0
-0.92615,7.39,0
-0.92615,7.57,0
-0.92615,7.75,0
-0.92615,7.93,0
-0.92615,8.11,0
-0.92615,8.29,0
-0.92615,8.47,0
-0.92615,8.65,0
-0.92615,8.83,0
-0.92615,9.01,0
-0.92615,9.19,0
-0.92615,9.37,0
-0.92615,9.55,0
-0.92615,9.73,0
-0.92615,9.91,0
-0.918862,1.09,0
-0.918862,1.27,0
-0.918862,1.45,0
-0.918862,1.63,0
-0.918862,1.81,0
-0.918862,1.99,0
-0.918862,2.17,0
-0.918862,2.35,0
-0.918862,2.53,0
-0.918862,2.71,0
-0.918862,2.89,0
-0.918862,3.07,0
-0.918862,3.25,0
-0.918862,3.43,0
-0.918862,3.61,0
-0.918862,3.79,0
-0.918862,3.97,0
-0.918862,4.15,0
-0.918862,4.33,0
-0.918862,4.51,0
-0.918862,4.69,0
-0.918862,4.87,0
-0.918862,5.05,0
-0.918862,5.23,0
-0.918862,5.41,0
-0.918862,5.59,0
-0.918862,5.77,0
-0.918862,5.95,0
-0.918862,6.13,0
-0.918862,6.31,0
-0.918862,6.49,0
-0.918862,6.67,0
-0.918862,6.85,0
-0.918862,7.03,0
-0.918862,7.21,0
-0.918862,7.39,0
-0.918862,7.57,0
-0.918862,7.75,0
-0.918862,7.93,0
-0.918862,8.11,0
-0.918862,8.29,0
-0.918862,8.47,0
-0.918862,8.65,0
-0.918862,8.83,0
-0.918862,9.01,0
-0.918862,9.19,0
-0.918862,9.37,0
-0.918862,9.55,0
-0.918862,9.73,0
-0.918862,9.91,0
-0.911574,1.09,-0.00839955
-0.911574,1.27,0.000377009
-0.911574,1.45,-4.78351e-05
-0.911574,1.63,-0.00870378
-0.911574,1.81,0.0231537
-0.911574,1.99,-0.00167663
-0.911574,2.17,0.0118197
-0.911574,2.35,0.00214835
-0.911574,2.53,0.00939594
-0.911574,2.71,-0.043644
-0.911574,2.89,-0.0194868
-0.911574,3.07,0.00608494
-0.911574,3.25,0.065953
-0.911574,3.43,0.126291
-0.911574,3.61,0.0440409
-0.911574,3.79,-0.0153279
-0.911574,3.97,-0.0550205
-0.911574,4.15,-0.0982902
-0.911574,4.33,-0.138151
-0.911574,4.51,-0.117643
-0.911574,4.69,-0.0619738
-0.911574,4.87,-0.029207
-0.911574,5.05,-0.0147474
-0.911574,5.23,-0.00848204
-0.911574,5.41,-0.00580073
-0.911574,5.59,-0.00480369
-0.911574,5.77,-0.00466774
-0.911574,5.95,-0.00501921
-0.911574,6.13,-0.0056738
-0.911574,6.31,-0.00652461
-0.911574,6.49,-0.00747484
-0.911574,6.67,-0.00835052
-0.911574,6.85,-0.00871117
-0.911574,7.03,-0.00732269
-0.911574,7.21,-0.000834831
-0.911574,7.39,0.0172062
-0.911574,7.57,0.0436233
-0.911574,7.75,0.0535415
-0.911574,7.93,0.0472232
-0.911574,8.11,0.0385371
-0.911574,8.29,0.031627
-0.911574,8.47,0.0265716
-0.911574,8.65,0.0228591
-0.911574,8.83,0.0200672
-0.911574,9.01,0.0179097
-0.911574,9.19,0.0162014
-0.911574,9.37,0.014821
-0.911574,9.55,0.0136849
-0.911574,9.73,0.0127352
-0.911574,9.91,0.0119307
-0.904286,1.09,-0.0880431
-0.904286,1.27,-0.00296033
-0.904286,1.45,-0.00284956
-0.904286,1.63,-0.0283386
-0.904286,1.81,-0.0215436
-0.904286,1.99,0.00273311
-0.904286,2.17,0.0111688
-0.904286,2.35,0.0141643
-0.904286,2.53,0.00837428
-0.904286,2.71,-0.180053
-0.904286,2.89,-0.0565683
-0.904286,3.07,0.0759519
-0.904286,3.25,0.40842
-0.904286,3.43,0.533936
-0.904286,3.61,0.0152336
-0.904286,3.79,-0.20041
-0.904286,3.97,-0.332592
-0.904286,4.15,-0.455591
-0.904286,4.33,-0.502796
-0.904286,4.51,-0.35363
-0.904286,4.69,-0.158861
-0.904286,4.87,-0.0523685
-0.904286,5.05,-0.00728475
-0.904286,5.23,0.0104542
-0.904286,5.41,0.0166292
-0.904286,5.59,0.0178158
-0.904286,5.77,0.016847
-0.904286,5.95,0.0150719
-0.904286,6.13,0.0132632
-0.904286,6.31,0.0120939
-0.904286,6.49,0.0125181
-0.904286,6.67,0.0164566
-0.904286,6.85,0.02829
-0.904286,7.03,0.0587735
-0.904286,7.21,0.132544
-0.904286,7.39,0.273504
-0.904286,7.57,0.375748
-0.904286,7.75,0.324834
-0.904286,7.93,0.239941
-0.904286,8.11,0.179753
-0.904286,8.29,0.141157
-0.904286,8.47,0.115751
-0.904286,8.65,0.0982191
-0.904286,8.83,0.085564
-0.904286,9.01,0.0760682
-0.904286,9.19,0.0687126
-0.904286,9.37,0.062865
-0.904286,9.55,0.0581144
-0.904286,9.73,0.0541845
-0.904286,9.91,0.0508842
-0.896998,1.09,-0.217431
-0.896998,1.27,-0.0122842
-0.896998,1.45,-0.00874015
-0.896998,1.63,-0.0296774
-0.896998,1.81,-0.0786161
-0.896998,1.99,0.0259287
-0.896998,2.17,-0.011764
-0.896998,2.35,0.0274069
-0.896998,2.53,-0.100907
-0.896998,2.71,-0.255364
-0.896998,2.89,-0.0397252
-0.896998,3.07,0.222976
-0.896998,3.25,0.938403
-0.896998,3.43,0.596003
-0.896998,3.61,-0.259117
-0.896998,3.79,-0.484629
-0.896998,3.97,-0.616557
-0.896998,4.15,-0.707927
-0.896998,4.33,-0.645713
-0.896998,4.51,-0.363026
-0.896998,4.69,-0.0927474
-0.896998,4.87,0.0415345
-0.896998,5.05,0.0917034
-0.896998,5.23,0.106541
-0.896998,5.41,0.108025
-0.896998,5.59,0.105076
-0.896998,5.77,0.101406
-0.896998,5.95,0.0989332
-0.896998,6.13,0.099043
-0.896998,6.31,0.103465
-0.896998,6.49,0.115211
-0.896998,6.67,0.14063
-0.896998,6.85,0.194161
-0.896998,7.03,0.310753
-0.896998,7.21,0.562984
-0.896998,7.39,0.925152
-0.896998,7.57,0.898011
-0.896998,7.75,0.590986
-0.896998,7.93,0.383409
-0.896998,8.11,0.270402
-0.896998,8.29,0.206009
-0.896998,8.47,0.16632
-0.896998,8.65,0.140074
-0.896998,8.83,0.121695
-0.896998,9.01,0.108221
-0.896998,9.19,0.0979704
-0.896998,9.37,0.0899358
-0.896998,9.55,0.0834825
-0.896998,9.73,0.0781939
-0.896998,9.91,0.073787
-0.88971,1.09,-0.130931
-0.88971,1.27,-0.0203706
-0.88971,1.45,-0.0118893
-0.88971,1.63,-0.016465
-0.88971,1.81,-0.103506
-0.88971,1.99,0.0716718
-0.88971,2.17,-0.0370265
-0.88971,2.35,0.0349626
-0.88971,2.53,-0.364682
-0.88971,2.71,-0.258367
-0.88971,2.89,0.0289912
-0.88971,3.07,0.447267
-0.88971,3.25,1.65751
-0.88971,3.43,0.118485
-0.88971,3.61,-0.603794
-0.88971,3.79,-0.732225
-0.88971,3.97,-0.799253
-0.88971,4.15,-0.794167
-0.88971,4.33,-0.588749
-0.88971,4.51,-0.194955
-0.88971,4.69,0.111621
-0.88971,4.87,0.24204
-0.88971,5.05,0.276606
-0.88971,5.23,0.275965
-0.88971,5.41,0.265556
-0.88971,5.59,0.254967
-0.88971,5.77,0.247882
-0.88971,5.95,0.246511
-0.88971,6.13,0.253066
-0.88971,6.31,0.271196
-0.88971,6.49,0.308055
-0.88971,6.67,0.379425
-0.88971,6.85,0.52311
-0.88971,7.03,0.836811
-0.88971,7.21,1.51015
-0.88971,7.39,2.0269
-0.88971,7.57,1.25488
-0.88971,7.75,0.64065
-0.88971,7.93,0.374116
-0.88971,8.11,0.250931
-0.88971,8.29,0.186416
-0.88971,8.47,0.14883
-0.88971,8.65,0.125029
-0.88971,8.83,0.108943
-0.88971,9.01,0.0974978
-0.88971,9.19,0.0890086
-0.88971,9.37,0.0824919
-0.88971,9.55,0.0773486
-0.88971,9.73,0.0731951
-0.88971,9.91,0.0697768
-0.882422,1.09,-0.114545
-0.882422,1.27,-0.0088716
-0.882422,1.45,0.00541315
-0.882422,1.63,0.00630862
-0.882422,1.81,-0.105446
-0.882422,1.99,0.14903
-0.882422,2.17,-0.0606329
-0.882422,2.35,0.034011
-0.882422,2.53,-0.68543
-0.882422,2.71,-0.199126
-0.882422,2.89,0.14115
-0.882422,3.07,0.747138
-0.882422,3.25,2.38052
-0.882422,3.43,-0.562317
-0.882422,3.61,-0.861476
-0.882422,3.79,-0.866842
-0.882422,3.97,-0.841427
-0.882422,4.15,-0.713004
-0.882422,4.33,-0.35907
-0.882422,4.51,0.128088
-0.882422,4.69,0.442037
-0.882422,4.87,0.539875
-0.882422,5.05,0.537999
-0.882422,5.23,0.508774
-0.882422,5.41,0.478958
-0.882422,5.59,0.45713
-0.882422,5.77,0.445972
-0.882422,5.95,0.447718
-0.882422,6.13,0.465743
-0.882422,6.31,0.506885
-0.882422,6.49,0.585802
-0.882422,6.67,0.736984
-0.882422,6.85,1.05212
-0.882422,7.03,1.80888
-0.882422,7.21,3.45975
-0.882422,7.39,2.71094
-0.882422,7.57,0.914878
-0.882422,7.75,0.358277
-0.882422,7.93,0.176979
-0.882422,8.11,0.105011
-0.882422,8.29,0.0721637
-0.882422,8.47,0.0556227
-0.882422,8.65,0.0466868
-0.882422,8.83,0.0416044
-0.882422,9.01,0.0386031
-0.882422,9.19,0.0367795
-0.882422,9.37,0.0356461
-0.882422,9.55,0.0349309
-0.882422,9.73,0.0344756
-0.882422,9.91,0.0341856
-0.875134,1.09,-0.112515
-0.875134,1.27,0.0409392
-0.875134,1.45,0.0734496
-0.875134,1.63,0.0373194
-0.875134,1.81,-0.0892223
-0.875134,1.99,0.282631
-0.875134,2.17,-0.0762119
-0.875134,2.35,0.0345352
-0.875134,2.53,-0.780484
-0.875134,2.71,-0.100565
-0.875134,2.89,0.272659
-0.875134,3.07,1.09303
-0.875134,3.25,2.19783
-0.875134,3.43,-1.00702
-0.875134,3.61,-0.952934
-0.875134,3.79,-0.855093
-0.875134,3.97,-0.733608
-0.875134,4.15,-0.476112
-0.875134,4.33,0.0222693
-0.875134,4.51,0.585375
-0.875134,4.69,0.873465
-0.875134,4.87,0.904693
-0.875134,5.05,0.842639
-0.875134,5.23,0.770579
-0.875134,5.41,0.713294
-0.875134,5.59,0.675962
-0.875134,5.77,0.65887
-0.875134,5.95,0.663651
-0.875134,6.13,0.694767
-0.875134,6.31,0.762947
-0.875134,6.49,0.893104
-0.875134,6.67,1.14864
-0.875134,6.85,1.72448
-0.875134,7.03,3.36813
-0.875134,7.21,5.24616
-0.875134,7.39,0.817487
-0.875134,7.57,-0.0331454
-0.875134,7.75,-0.145033
-0.875134,7.93,-0.147149
-0.875134,8.11,-0.130265
-0.875134,8.29,-0.111642
-0.875134,8.47,-0.0950512
-0.875134,8.65,-0.0810397
-0.875134,8.83,-0.0693678
-0.875134,9.01,-0.0596556
-0.875134,9.19,-0.0515323
-0.875134,9.37,-0.0446869
-0.875134,9.55,-0.0388767
-0.875134,9.73,-0.0339094
-0.875134,9.91,-0.0296334
-0.867846,1.09,-0.0823308
-0.867846,1.27,0.106838
-0.867846,1.45,0.18719
-0.867846,1.63,0.0802107
-0.867846,1.81,-0.0503504
-0.867846,1.99,0.528702
-0.867846,2.17,-0.0637049
-0.867846,2.35,0.0750564
-0.867846,2.53,-0.551561
-0.867846,2.71,-0.0162661
-0.867846,2.89,0.348273
-0.867846,3.07,1.33438
-0.867846,3.25,0.367982
-0.867846,3.43,-1.0365
-0.867846,3.61,-0.832806
-0.867846,3.79,-0.680994
-0.867846,3.97,-0.491275
-0.867846,4.15,-0.137765
-0.867846,4.33,0.462087
-0.867846,4.51,1.05445
-0.867846,4.69,1.26977
-0.867846,4.87,1.20282
-0.867846,5.05,1.06624
-0.867846,5.23,0.946093
-0.867846,5.41,0.859189
-0.867846,5.59,0.804152
-0.867846,5.77,0.777051
-0.867846,5.95,0.777185
-0.867846,6.13,0.807507
-0.867846,6.31,0.877344
-0.867846,6.49,1.00906
-0.867846,6.67,1.25512
-0.867846,6.85,1.73541
-0.867846,7.03,1.87258
-0.867846,7.21,-2.02207
-0.867846,7.39,-1.34301
-0.867846,7.57,-0.855346
-0.867846,7.75,-0.6035
-0.867846,7.93,-0.45638
-0.867846,8.11,-0.361869
-0.867846,8.29,-0.296771
-0.867846,8.47,-0.249641
-0.867846,8.65,-0.214214
-0.867846,8.83,-0.18679
-0.867846,9.01,-0.165081
-0.867846,9.19,-0.147557
-0.867846,9.37,-0.133166
-0.867846,9.55,-0.121186
-0.867846,9.73,-0.111097
-0.867846,9.91,-0.102515
-0.860558,1.09,-0.0370124
-0.860558,1.27,0.184985
-0.860558,1.45,0.392009
-0.860558,1.63,0.143153
-0.860558,1.81,-0.00824263
-0.860558,1.99,0.881673
-0.860558,2.17,-0.0395516
-0.860558,2.35,0.151715
-0.860558,2.53,-0.313186
-0.860558,2.71,0.0525059
-0.860558,2.89,0.416015
-0.860558,3.07,1.62035
-0.860558,3.25,-0.984618
-0.860558,3.43,-0.918432
-0.860558,3.61,-0.66658
-0.860558,3.79,-0.472791
-0.860558,3.97,-0.210456
-0.860558,4.15,0.261864
-0.860558,4.33,1.01176
-0.860558,4.51,1.65034
-0.860558,4.69,1.72876
-0.860558,4.87,1.49238
-0.860558,5.05,1.23721
-0.860558,5.23,1.04285
-0.860558,5.41,0.907285
-0.860558,5.59,0.81596
-0.860558,5.77,0.75589
-0.860558,5.95,0.718178
-0.860558,6.13,0.693716
-0.860558,6.31,0.665808
-0.860558,6.49,0.58317
-0.860558,6.67,0.217495
-0.860558,6.85,-1.68347
-0.860558,7.03,-6.13915
-0.860558,7.21,-3.74849
-0.860558,7.39,-1.97566
-0.860558,7.57,-1.22918
-0.860558,7.75,-0.858181
-0.860558,7.93,-0.64556
-0.860558,8.11,-0.51104
-0.860558,8.29,-0.419736
-0.860558,8.47,-0.354478
-0.860558,8.65,-0.305963
-0.860558,8.83,-0.268765
-0.860558,9.01,-0.239567
-0.860558,9.19,-0.216178
-0.860558,9.37,-0.197099
-0.860558,9.55,-0.181314
-0.860558,9.73,-0.168096
-0.860558,9.91,-0.156914
-0.85327,1.09,0.0188621
-0.85327,1.27,0.240553
-0.85327,1.45,0.400361
-0.85327,1.63,0.254815
-0.85327,1.81,0.0305438
-0.85327,1.99,0.32234
-0.85327,2.17,-0.00896088
-0.85327,2.35,0.299613
-0.85327,2.53,-0.127844
-0.85327,2.71,0.105789
-0.85327,2.89,0.470537
-0.85327,3.07,1.92807
-0.85327,3.25,-1.22006
-0.85327,3.43,-0.734943
-0.85327,3.61,-0.471013
-0.85327,3.79,-0.23323
-0.85327,3.97,0.121064
-0.85327,4.15,0.769076
-0.85327,4.33,1.77962
-0.85327,4.51,2.46656
-0.85327,4.69,2.22038
-0.85327,4.87,1.66932
-0.85327,5.05,1.22935
-0.85327,5.23,0.927647
-0.85327,5.41,0.717183
-0.85327,5.59,0.557923
-0.85327,5.77,0.419095
-0.85327,5.95,0.271531
-0.85327,6.13,0.0714033
-0.85327,6.31,-0.273113
-0.85327,6.49,-0.992572
-0.85327,6.67,-2.64587
-0.85327,6.85,-5.25693
-0.85327,7.03,-5.09711
-0.85327,7.21,-3.14403
-0.85327,7.39,-1.91888
-0.85327,7.57,-1.27322
-0.85327,7.75,-0.911506
-0.85327,7.93,-0.691836
-0.85327,8.11,-0.548945
-0.85327,8.29,-0.450864
-0.85327,8.47,-0.380582
-0.85327,8.65,-0.328449
-0.85327,8.83,-0.288678
-0.85327,9.01,-0.25767
-0.85327,9.19,-0.233025
-0.85327,9.37,-0.213091
-0.85327,9.55,-0.196743
-0.85327,9.73,-0.183179
-0.85327,9.91,-0.171812
-0.845982,1.09,0.0488824
-0.845982,1.27,0.205586
-0.845982,1.45,-0.297615
-0.845982,1.63,0.475549
-0.845982,1.81,0.0581913
-0.845982,1.99,-0.318929
-0.845982,2.17,0.0177196
-0.845982,2.35,0.530195
-0.845982,2.53,-0.00709448
-0.845982,2.71,0.145371
-0.845982,2.89,0.497772
-0.845982,3.07,2.01583
-0.845982,3.25,-0.960615
-0.845982,3.43,-0.492283
-0.845982,3.61,-0.232549
-0.845982,3.79,0.0502419
-0.845982,3.97,0.515708
-0.845982,4.15,1.4237
-0.845982,4.33,2.89858
-0.845982,4.51,3.43864
-0.845982,4.69,2.32601
-0.845982,4.87,1.29336
-0.845982,5.05,0.677411
-0.845982,5.23,0.297797
-0.845982,5.41,0.026974
-0.845982,5.59,-0.205708
-0.845982,5.77,-0.44846
-0.845982,5.95,-0.749211
-0.845982,6.13,-1.17422
-0.845982,6.31,-1.82421
-0.845982,6.49,-2.80211
-0.845982,6.67,-3.92141
-0.845982,6.85,-4.23156
-0.845982,7.03,-3.32405
-0.845982,7.21,-2.21778
-0.845982,7.39,-1.45183
-0.845982,7.57,-0.985032
-0.845982,7.75,-0.70002
-0.845982,7.93,-0.519648
-0.845982,8.11,-0.400639
-0.845982,8.29,-0.319188
-0.845982,8.47,-0.261592
-0.845982,8.65,-0.219711
-0.845982,8.83,-0.188528
-0.845982,9.01,-0.164855
-0.845982,9.19,-0.14658
-0.845982,9.37,-0.132256
-0.845982,9.55,-0.12089
-0.845982,9.73,-0.111777
-0.845982,9.91,-0.104407
-0.838694,1.09,0.019132
-0.838694,1.27,0.119219
-0.838694,1.45,-0.120447
-0.838694,1.63,0.696182
-0.838694,1.81,0.0450474
-0.838694,1.99,-0.126208
-0.838694,2.17,-0.00174519
-0.838694,2.35,0.573589
-0.838694,2.53,0.0381349
-0.838694,2.71,0.144426
-0.838694,2.89,0.440705
-0.838694,3.07,1.52531
-0.838694,3.25,-0.480175
-0.838694,3.43,-0.19837
-0.838694,3.61,0.00978201
-0.838694,3.79,0.286828
-0.838694,3.97,0.805647
-0.838694,4.15,2.0385
-0.838694,4.33,4.60802
-0.838694,4.51,2.9539
-0.838694,4.69,0.407597
-0.838694,4.87,-0.391427
-0.838694,5.05,-0.700094
-0.838694,5.23,-0.876586
-0.838694,5.41,-1.02063
-0.838694,5.59,-1.16951
-0.838694,5.77,-1.34212
-0.838694,5.95,-1.55143
-0.838694,6.13,-1.80112
-0.838694,6.31,-2.0701
-0.838694,6.49,-2.27989
-0.838694,6.67,-2.27695
-0.838694,6.85,-1.94599
-0.838694,7.03,-1.39765
-0.838694,7.21,-0.868441
-0.838694,7.39,-0.481118
-0.838694,7.57,-0.232654
-0.838694,7.75,-0.0815546
-0.838694,7.93,0.00859724
-0.838694,8.11,0.0620064
-0.838694,8.29,0.0931151
-0.838694,8.47,0.110636
-0.838694,8.65,0.11979
-0.838694,8.83,0.123742
-0.838694,9.01,0.124477
-0.838694,9.19,0.123207
-0.838694,9.37,0.120683
-0.838694,9.55,0.11741
-0.838694,9.73,0.113716
-0.838694,9.91,0.109815
-0.831406,1.09,-0.00124248
-0.831406,1.27,-0.0345525
-0.831406,1.45,-0.00149786
-0.831406,1.63,-0.0918371
-0.831406,1.81,0.033994
-0.831406,1.99,-0.084468
-0.831406,2.17,-0.0295851
-0.831406,2.35,0.448729
-0.831406,2.53,0.0203728
-0.831406,2.71,0.116199
-0.831406,2.89,0.404826
-0.831406,3.07,0.427271
-0.831406,3.25,-0.301564
-0.831406,3.43,-0.119536
-0.831406,3.61,0.0412148
-0.831406,3.79,0.278487
-0.831406,3.97,0.768989
-0.831406,4.15,2.19211
-0.831406,4.33,4.83699
-0.831406,4.51,0.166452
-0.831406,4.69,-0.773535
-0.831406,4.87,-0.924525
-0.831406,5.05,-0.975859
-0.831406,5.23,-1.01995
-0.831406,5.41,-1.07537
-0.831406,5.59,-1.1473
-0.831406,5.77,-1.23638
-0.831406,5.95,-1.34
-0.831406,6.13,-1.4464
-0.831406,6.31,-1.52524
-0.831406,6.49,-1.51818
-0.831406,6.67,-1.35211
-0.831406,6.85,-1.00969
-0.831406,7.03,-0.587998
-0.831406,7.21,-0.220401
-0.831406,7.39,0.0328312
-0.831406,7.57,0.182875
-0.831406,7.75,0.26267
-0.831406,7.93,0.300149
-0.831406,8.11,0.313679
-0.831406,8.29,0.313901
-0.831406,8.47,0.307023
-0.831406,8.65,0.296568
-0.831406,8.83,0.284527
-0.831406,9.01,0.272062
-0.831406,9.19,0.259774
-0.831406,9.37,0.247953
-0.831406,9.55,0.236763
-0.831406,9.73,0.226278
-0.831406,9.91,0.21651
-0.824117,1.09,-0.0562953
-0.824117,1.27,-0.00735283
-0.824117,1.45,0.00702569
-0.824117,1.63,-0.323706
-0.824117,1.81,0.0403774
-0.824117,1.99,-0.0823632
-0.824117,2.17,-0.0281477
-0.824117,2.35,0.268365
-0.824117,2.53,0.0261148
-0.824117,2.71,0.117066
-0.824117,2.89,0.423419
-0.824117,3.07,-0.457991
-0.824117,3.25,-0.251202
-0.824117,3.43,-0.093292
-0.824117,3.61,0.0543693
-0.824117,3.79,0.28501
-0.824117,3.97,0.795394
-0.824117,4.15,2.43284
-0.824117,4.33,3.21282
-0.824117,4.51,-0.398908
-0.824117,4.69,-0.80781
-0.824117,4.87,-0.867971
-0.824117,5.05,-0.893415
-0.824117,5.23,-0.925208
-0.824117,5.41,-0.970823
-0.824117,5.59,-1.03174
-0.824117,5.77,-1.10646
-0.824117,5.95,-1.18999
-0.824117,6.13,-1.26752
-0.824117,6.31,-1.30582
-0.824117,6.49,-1.24885
-0.824117,6.67,-1.04213
-0.824117,6.85,-0.701155
-0.824117,7.03,-0.332812
-0.824117,7.21,-0.0404769
-0.824117,7.39,0.14689
-0.824117,7.57,0.250482
-0.824117,7.75,0.300479
-0.824117,7.93,0.319513
-0.824117,8.11,0.321722
-0.824117,8.29,0.315009
-0.824117,8.47,0.30389
-0.824117,8.65,0.290868
-0.824117,8.83,0.277311
-0.824117,9.01,0.263992
-0.824117,9.19,0.251276
-0.824117,9.37,0.239308
-0.824117,9.55,0.228156
-0.824117,9.73,0.217826
-0.824117,9.91,0.20829
-0.816829,1.09,-0.332485
-0.816829,1.27,0.000737044
-0.816829,1.45,0.0114941
-0.816829,1.63,-0.185396
-0.816829,1.81,0.0474806
-0.816829,1.99,-0.072178
-0.816829,2.17,-0.0275076
-0.816829,2.35,0.0329755
-0.816829,2.53,0.0287269
-0.816829,2.71,0.114173
-0.816829,2.89,0.436127
-0.816829,3.07,-0.525412
-0.816829,3.25,-0.204527
-0.816829,3.43,-0.0706352
-0.816829,3.61,0.0633506
-0.816829,3.79,0.285171
-0.816829,3.97,0.814651
-0.816829,4.15,2.67988
-0.816829,4.33,1.24027
-0.816829,4.51,-0.631114
-0.816829,4.69,-0.772681
-0.816829,4.87,-0.78584
-0.816829,5.05,-0.796704
-0.816829,5.23,-0.819952
-0.816829,5.41,-0.857027
-0.816829,5.59,-0.907134
-0.816829,5.77,-0.967221
-0.816829,5.95,-1.03031
-0.816829,6.13,-1.0793
-0.816829,6.31,-1.07998
-0.816829,6.49,-0.982401
-0.816829,6.67,-0.753452
-0.816829,6.85,-0.434265
-0.816829,7.03,-0.127501
-0.816829,7.21,0.0950006
-0.816829,7.39,0.226859
-0.816829,7.57,0.293249
-0.816829,7.75,0.320141
-0.816829,7.93,0.325262
-0.816829,8.11,0.319192
-0.816829,8.29,0.307622
-0.816829,8.47,0.29372
-0.816829,8.65,0.279182
-0.816829,8.83,0.264891
-0.816829,9.01,0.251314
-0.816829,9.19,0.238635
-0.816829,9.37,0.226893
-0.816829,9.55,0.216081
-0.816829,9.73,0.206156
-0.816829,9.91,0.19706
-0.809541,1.09,-0.375771
-0.809541,1.27,0.000831531
-0.809541,1.45,0.0127165
-0.809541,1.63,-0.114348
-0.809541,1.81,0.0577528
-0.809541,1.99,-0.060903
-0.809541,2.17,-0.0278214
-0.809541,2.35,-0.00779043
-0.809541,2.53,0.0283464
-0.809541,2.71,0.107168
-0.809541,2.89,0.430512
-0.809541,3.07,-0.425811
-0.809541,3.25,-0.162773
-0.809541,3.43,-0.0519366
-0.809541,3.61,0.0670652
-0.809541,3.79,0.27605
-0.809541,3.97,0.818592
-0.809541,4.15,2.76931
-0.809541,4.33,-0.00696729
-0.809541,4.51,-0.675735
-0.809541,4.69,-0.694365
-0.809541,4.87,-0.68535
-0.809541,5.05,-0.688293
-0.809541,5.23,-0.705131
-0.809541,5.41,-0.734241
-0.809541,5.59,-0.773466
-0.809541,5.77,-0.818634
-0.809541,5.95,-0.861295
-0.809541,6.13,-0.883119
-0.809541,6.31,-0.851121
-0.809541,6.49,-0.724849
-0.809541,6.67,-0.4927
-0.809541,6.85,-0.211586
-0.809541,7.03,0.0305677
-0.809541,7.21,0.19069
-0.809541,7.39,0.276848
-0.809541,7.57,0.314062
-0.809541,7.75,0.323493
-0.809541,7.93,0.318501
-0.809541,8.11,0.306721
-0.809541,8.29,0.292064
-0.809541,8.47,0.276636
-0.809541,8.65,0.261502
-0.809541,8.83,0.24717
-0.809541,9.01,0.233871
-0.809541,9.19,0.221656
-0.809541,9.37,0.210482
-0.809541,9.55,0.20029
-0.809541,9.73,0.191005
-0.809541,9.91,0.182548
-0.802253,1.09,-0.0876347
-0.802253,1.27,-0.00147883
-0.802253,1.45,0.0109659
-0.802253,1.63,-0.0707267
-0.802253,1.81,0.0717909
-0.802253,1.99,-0.0495918
-0.802253,2.17,-0.0263393
-0.802253,2.35,-0.00753287
-0.802253,2.53,0.0273136
-0.802253,2.71,0.0986001
-0.802253,2.89,0.358043
-0.802253,3.07,-0.322788
-0.802253,3.25,-0.126733
-0.802253,3.43,-0.0351935
-0.802253,3.61,0.0705088
-0.802253,3.79,0.268127
-0.802253,3.97,0.831086
-0.802253,4.15,2.35868
-0.802253,4.33,-0.429932
-0.802253,4.51,-0.612668
-0.802253,4.69,-0.592656
-0.802253,4.87,-0.57882
-0.802253,5.05,-0.579756
-0.802253,5.23,-0.593181
-0.802253,5.41,-0.616555
-0.802253,5.59,-0.647189
-0.802253,5.77,-0.68031
-0.802253,5.95,-0.706576
-0.802253,6.13,-0.707242
-0.802253,6.31,-0.651873
-0.802253,6.49,-0.510676
-0.802253,6.67,-0.290788
-0.802253,6.85,-0.0557485
-0.802253,7.03,0.126286
-0.802253,7.21,0.235436
-0.802253,7.39,0.287439
-0.802253,7.57,0.30453
-0.802253,7.75,0.303011
-0.802253,7.93,0.292508
-0.802253,8.11,0.278304
-0.802253,8.29,0.262959
-0.802253,8.47,0.247799
-0.802253,8.65,0.233443
-0.802253,8.83,0.220143
-0.802253,9.01,0.207978
-0.802253,9.19,0.19692
-0.802253,9.37,0.186885
-0.802253,9.55,0.177788
-0.802253,9.73,0.169542
-0.802253,9.91,0.162061
-0.794965,1.09,-0.027854
-0.794965,1.27,-0.00492892
-0.794965,1.45,0.00711113
-0.794965,1.63,-0.0443481
-0.794965,1.81,0.0925096
-0.794965,1.99,-0.0390659
-0.794965,2.17,-0.0246836
-0.794965,2.35,-0.00487735
-0.794965,2.53,0.0245454
-0.794965,2.71,0.0862205
-0.794965,2.89,0.00954519
-0.794965,3.07,-0.234543
-0.794965,3.25,-0.0951947
-0.794965,3.43,-0.0216299
-0.794965,3.61,0.0696417
-0.794965,3.79,0.251693
-0.794965,3.97,0.823964
-0.794965,4.15,1.11507
-0.794965,4.33,-0.507626
-0.794965,4.51,-0.513345
-0.794965,4.69,-0.483176
-0.794965,4.87,-0.46964
-0.794965,5.05,-0.469828
-0.794965,5.23,-0.480169
-0.794965,5.41,-0.497927
-0.794965,5.59,-0.520191
-0.794965,5.77,-0.541895
-0.794965,5.95,-0.553385
-0.794965,6.13,-0.536664
-0.794965,6.31,-0.465817
-0.794965,6.49,-0.32302
-0.794965,6.67,-0.129751
-0.794965,6.85,0.053554
-0.794965,7.03,0.180842
-0.794965,7.21,0.248802
-0.794965,7.39,0.275423
-0.794965,7.57,0.278702
-0.794965,7.75,0.270446
-0.794965,7.93,0.257213
-0.794965,8.11,0.242446
-0.794965,8.29,0.227694
-0.794965,8.47,0.213707
-0.794965,8.65,0.200788
-0.794965,8.83,0.189015
-0.794965,9.01,0.178366
-0.794965,9.19,0.168764
-0.794965,9.37,0.160107
-0.794965,9.55,0.152301
-0.794965,9.73,0.145254
-0.794965,9.91,0.138884
-0.787677,1.09,-0.00961433
-0.787677,1.27,-0.00815503
-0.787677,1.45,0.00205298
-0.787677,1.63,-0.0274397
-0.787677,1.81,0.124456
-0.787677,1.99,-0.0294318
-0.787677,2.17,-0.0230805
-0.787677,2.35,-0.00318417
-0.787677,2.53,0.0202392
-0.787677,2.71,0.0695713
-0.787677,2.89,-0.716161
-0.787677,3.07,-0.162761
-0.787677,3.25,-0.0680765
-0.787677,3.43,-0.0116361
-0.787677,3.61,0.063337
-0.787677,3.79,0.222956
-0.787677,3.97,0.768568
-0.787677,4.15,0.0152644
-0.787677,4.33,-0.442755
-0.787677,4.51,-0.39911
-0.787677,4.69,-0.371098
-0.787677,4.87,-0.35996
-0.787677,5.05,-0.359785
-0.787677,5.23,-0.367089
-0.787677,5.41,-0.379319
-0.787677,5.59,-0.393597
-0.787677,5.77,-0.404937
-0.787677,5.95,-0.404106
-0.787677,6.13,-0.375186
-0.787677,6.31,-0.298491
-0.787677,6.49,-0.167786
-0.787677,6.67,-0.0122992
-0.787677,6.85,0.1185
-0.787677,7.03,0.198989
-0.787677,7.21,0.235523
-0.787677,7.39,0.244561
-0.787677,7.57,0.239365
-0.787677,7.75,0.227858
-0.787677,7.93,0.214168
-0.787677,8.11,0.20035
-0.787677,8.29,0.187225
-0.787677,8.47,0.175142
-0.787677,8.65,0.164191
-0.787677,8.83,0.154342
-0.787677,9.01,0.145513
-0.787677,9.19,0.137607
-0.787677,9.37,0.130519
-0.787677,9.55,0.124157
-0.787677,9.73,0.118436
-0.787677,9.91,0.113281
-0.780389,1.09,-0.00207532
-0.780389,1.27,-0.00983465
-0.780389,1.45,-0.00315668
-0.780389,1.63,-0.0159263
-0.780389,1.81,0.0759669
-0.780389,1.99,-0.0206558
-0.780389,2.17,-0.021145
-0.780389,2.35,-0.00206468
-0.780389,2.53,0.015162
-0.780389,2.71,0.0493393
-0.780389,2.89,-0.612119
-0.780389,3.07,-0.10576
-0.780389,3.25,-0.0451175
-0.780389,3.43,-0.00451367
-0.780389,3.61,0.0530955
-0.780389,3.79,0.183981
-0.780389,3.97,0.627744
-0.780389,4.15,-0.303856
-0.780389,4.33,-0.327349
-0.780389,4.51,-0.284128
-0.780389,4.69,-0.263393
-0.780389,4.87,-0.255505
-0.780389,5.05,-0.255256
-0.780389,5.23,-0.259899
-0.780389,5.41,-0.26732
-0.780389,5.59,-0.274936
-0.780389,5.77,-0.278265
-0.780389,5.95,-0.269268
-0.780389,6.13,-0.235235
-0.780389,6.31,-0.163413
-0.780389,6.49,-0.0566304
-0.780389,6.67,0.0554763
-0.780389,6.85,0.138615
-0.780389,7.03,0.182806
-0.780389,7.21,0.197954
-0.780389,7.39,0.196767
-0.780389,7.57,0.18798
-0.780389,7.75,0.17638
-0.780389,7.93,0.164294
-0.780389,8.11,0.152801
-0.780389,8.29,0.142246
-0.780389,8.47,0.132731
-0.780389,8.65,0.124229
-0.780389,8.83,0.116658
-0.780389,9.01,0.10992
-0.780389,9.19,0.103919
-0.780389,9.37,0.0985637
-0.780389,9.55,0.0937749
-0.780389,9.73,0.0894825
-0.780389,9.91,0.0856261
-0.773101,1.09,0.00085006
-0.773101,1.27,-0.00966071
-0.773101,1.45,-0.00720553
-0.773101,1.63,-0.00762489
-0.773101,1.81,-0.0371342
-0.773101,1.99,-0.0121528
-0.773101,2.17,-0.0173425
-0.773101,2.35,-0.00101294
-0.773101,2.53,0.00984612
-0.773101,2.71,0.0262063
-0.773101,2.89,-0.275384
-0.773101,3.07,-0.0596436
-0.773101,3.25,-0.025359
-0.773101,3.43,0.000385011
-0.773101,3.61,0.0394842
-0.773101,3.79,0.134521
-0.773101,3.97,0.352477
-0.773101,4.15,-0.244622
-0.773101,4.33,-0.200741
-0.773101,4.51,-0.173473
-0.773101,4.69,-0.161333
-0.773101,4.87,-0.156834
-0.773101,5.05,-0.156729
-0.773101,5.23,-0.159275
-0.773101,5.41,-0.162991
-0.773101,5.59,-0.165903
-0.773101,5.77,-0.164571
-0.773101,5.95,-0.153038
-0.773101,6.13,-0.122793
-0.773101,6.31,-0.0677216
-0.773101,6.49,0.00472558
-0.773101,6.67,0.071736
-0.773101,6.85,0.115032
-0.773101,7.03,0.13397
-0.773101,7.21,0.137116
-0.773101,7.39,0.132305
-0.773101,7.57,0.12428
-0.773101,7.75,0.115441
-0.773101,7.93,0.106864
-0.773101,8.11,0.0990001
-0.773101,8.29,0.0919349
-0.773101,8.47,0.0856557
-0.773101,8.65,0.0800992
-0.773101,8.83,0.0751859
-0.773101,9.01,0.0708341
-0.773101,9.19,0.0669722
-0.773101,9.37,0.0635377
-0.773101,9.55,0.0604748
-0.773101,9.73,0.0577357
-0.773101,9.91,0.0552801
-0.765813,1.09,0.00110092
-0.765813,1.27,-0.00634302
-0.765813,1.45,-0.00715402
-0.765813,1.63,-0.00231933
-0.765813,1.81,-0.0162895
-0.765813,1.99,-0.00460128
-0.765813,2.17,-0.0084956
-0.765813,2.35,-0.000366574
-0.765813,2.53,0.00410959
-0.765813,2.71,0.00429474
-0.765813,2.89,-0.0827187
-0.765813,3.07,-0.0223058
-0.765813,3.25,-0.0093055
-0.765813,3.43,0.00155947
-0.765813,3.61,0.0191487
-0.765813,3.79,0.0642544
-0.765813,3.97,0.0288982
-0.765813,4.15,-0.104201
-0.765813,4.33,-0.0802508
-0.765813,4.51,-0.069658
-0.765813,4.69,-0.0650484
-0.765813,4.87,-0.0633435
-0.765813,5.05,-0.0632619
-0.765813,5.23,-0.0640723
-0.765813,5.41,-0.0650776
-0.765813,5.59,-0.0652821
-0.765813,5.77,-0.0629575
-0.765813,5.95,-0.0552474
-0.765813,6.13,-0.0385899
-0.765813,6.31,-0.011769
-0.765813,6.49,0.0194535
-0.765813,6.67,0.0446675
-0.765813,6.85,0.0584625
-0.765813,7.03,0.0627372
-0.765813,7.21,0.0616161
-0.765813,7.39,0.0581167
-0.765813,7.57,0.053873
-0.765813,7.75,0.0496411
-0.765813,7.93,0.0457238
-0.765813,8.11,0.0422268
-0.765813,8.29,0.039137
-0.765813,8.47,0.0364216
-0.765813,8.65,0.0340376
-0.765813,8.83,0.0319418
-0.765813,9.01,0.030093
-0.765813,9.19,0.0284574
-0.765813,9.37,0.0270071
-0.765813,9.55,0.0257167
-0.765813,9.73,0.0245654
-0.765813,9.91,0.0235352
-0.758525,1.09,0
-0.758525,1.27,0
-0.758525,1.45,0
-0.758525,1.63,0
-0.758525,1.81,0
-0.758525,1.99,0
-0.758525,2.17,0
-0.758525,2.35,0
-0.758525,2.53,0
-0.758525,2.71,0
-0.758525,2.89,0
-0.758525,3.07,0
-0.758525,3.25,0
-0.758525,3.43,0
-0.758525,3.61,0
-0.758525,3.79,0
-0.758525,3.97,0
-0.758525,4.15,0
-0.758525,4.33,0
-0.758525,4.51,0
-0.758525,4.69,0
-0.758525,4.87,0
-0.758525,5.05,0
-0.758525,5.23,0
-0.758525,5.41,0
-0.758525,5.59,0
-0.758525,5.77,0
-0.758525,5.95,0
-0.758525,6.13,0
-0.758525,6.31,0
-0.758525,6.49,0
-0.758525,6.67,0
-0.758525,6.85,0
-0.758525,7.03,0
-0.758525,7.21,0
-0.758525,7.39,0
-0.758525,7.57,0
-0.758525,7.75,0
-0.758525,7.93,0
-0.758525,8.11,0
-0.758525,8.29,0
-0.758525,8.47,0
-0.758525,8.65,0
-0.758525,8.83,0
-0.758525,9.01,0
-0.758525,9.19,0
-0.758525,9.37,0
-0.758525,9.55,0
-0.758525,9.73,0
-0.758525,9.91,0
-0.751237,1.09,0
-0.751237,1.27,0
-0.751237,1.45,0
-0.751237,1.63,0
-0.751237,1.81,0
-0.751237,1.99,0
-0.751237,2.17,0
-0.751237,2.35,0
-0.751237,2.53,0
-0.751237,2.71,0
-0.751237,2.89,0
-0.751237,3.07,0
-0.751237,3.25,0
-0.751237,3.43,0
-0.751237,3.61,0
-0.751237,3.79,0
-0.751237,3.97,0
-0.751237,4.15,0
-0.751237,4.33,0
-0.751237,4.51,0
-0.751237,4.69,0
-0.751237,4.87,0
-0.751237,5.05,0
-0.751237,5.23,0
-0.751237,5.41,0
-0.751237,5.59,0
-0.751237,5.77,0
-0.751237,5.95,0
-0.751237,6.13,0
-0.751237,6.31,0
-0.751237,6.49,0
-0.751237,6.67,0
-0.751237,6.85,0
-0.751237,7.03,0
-0.751237,7.21,0
-0.751237,7.39,0
-0.751237,7.57,0
-0.751237,7.75,0
-0.751237,7.93,0
-0.751237,8.11,0
-0.751237,8.29,0
-0.751237,8.47,0
-0.751237,8.65,0
-0.751237,8.83,0
-0.751237,9.01,0
-0.751237,9.19,0
-0.751237,9.37,0
-0.751237,9.55,0
-0.751237,9.73,0
-0.751237,9.91,0
-0.743949,1.09,0
-0.743949,1.27,0
-0.743949,1.45,0
-0.743949,1.63,0
-0.743949,1.81,0
-0.743949,1.99,0
-0.743949,2.17,0
-0.743949,2.35,0
-0.743949,2.53,0
-0.743949,2.71,0
-0.743949,2.89,0
-0.743949,3.07,0
-0.743949,3.25,0
-0.743949,3.43,0
-0.743949,3.61,0
-0.743949,3.79,0
-0.743949,3.97,0
-0.743949,4.15,0
-0.743949,4.33,0
-0.743949,4.51,0
-0.743949,4.69,0
-0.743949,4.87,0
-0.743949,5.05,0
-0.743949,5.23,0
-0.743949,5.41,0
-0.743949,5.59,0
-0.743949,5.77,0
-0.743949,5.95,0
-0.743949,6.13,0
-0.743949,6.31,0
-0.743949,6.49,0
-0.743949,6.67,0
-0.743949,6.85,0
-0.743949,7.03,0
-0.743949,7.21,0
-0.743949,7.39,0
-0.743949,7.57,0
-0.743949,7.75,0
-0.743949,7.93,0
-0.743949,8.11,0
-0.743949,8.29,0
-0.743949,8.47,0
-0.743949,8.65,0
-0.743949,8.83,0
-0.743949,9.01,0
-0.743949,9.19,0
-0.743949,9.37,0
-0.743949,9.55,0
-0.743949,9.73,0
-0.743949,9.91,0
-0.736661,1.09,0
-0.736661,1.27,0
-0.736661,1.45,0
-0.736661,1.63,0
-0.736661,1.81,0
-0.736661,1.99,0
-0.736661,2.17,0
-0.736661,2.35,0
-0.736661,2.53,0
-0.736661,2.71,0
-0.736661,2.89,0
-0.736661,3.07,0
-0.736661,3.25,0
-0.736661,3.43,0
-0.736661,3.61,0
-0.736661,3.79,0
-0.736661,3.97,0
-0.736661,4.15,0
-0.736661,4.33,0
-0.736661,4.51,0
-0.736661,4.69,0
-0.736661,4.87,0
-0.736661,5.05,0
-0.736661,5.23,0
-0.736661,5.41,0
-0.736661,5.59,0
-0.736661,5.77,0
-0.736661,5.95,0
-0.736661,6.13,0
-0.736661,6.31,0
-0.736661,6.49,0
-0.736661,6.67,0
-0.736661,6.85,0
-0.736661,7.03,0
-0.736661,7.21,0
-0.736661,7.39,0
-0.736661,7.57,0
-0.736661,7.75,0
-0.736661,7.93,0
-0.736661,8.11,0
-0.736661,8.29,0
-0.736661,8.47,0
-0.736661,8.65,0
-0.736661,8.83,0
-0.736661,9.01,0
-0.736661,9.19,0
-0.736661,9.37,0
-0.736661,9.55,0
-0.736661,9.73,0
-0.736661,9.91,0
-0.729373,1.09,0
-0.729373,1.27,0
-0.729373,1.45,0
-0.729373,1.63,0
-0.729373,1.81,0
-0.729373,1.99,0
-0.729373,2.17,0
-0.729373,2.35,0
-0.729373,2.53,0
-0.729373,2.71,0
-0.729373,2.89,0
-0.729373,3.07,0
-0.729373,3.25,0
-0.729373,3.43,0
-0.729373,3.61,0
-0.729373,3.79,0
-0.729373,3.97,0
-0.729373,4.15,0
-0.729373,4.33,0
-0.729373,4.51,0
-0.729373,4.69,0
-0.729373,4.87,0
-0.729373,5.05,0
-0.729373,5.23,0
-0.729373,5.41,0
-0.729373,5.59,0
-0.729373,5.77,0
-0.729373,5.95,0
-0.729373,6.13,0
-0.729373,6.31,0
-0.729373,6.49,0
-0.729373,6.67,0
-0.729373,6.85,0
-0.729373,7.03,0
-0.729373,7.21,0
-0.729373,7.39,0
-0.729373,7.57,0
-0.729373,7.75,0
-0.729373,7.93,0
-0.729373,8.11,0
-0.729373,8.29,0
-0.729373,8.47,0
-0.729373,8.65,0
-0.729373,8.83,0
-0.729373,9.01,0
-0.729373,9.19,0
-0.729373,9.37,0
-0.729373,9.55,0
-0.729373,9.73,0
-0.729373,9.91,0
-0.722085,1.09,0
-0.722085,1.27,0
-0.722085,1.45,0
-0.722085,1.63,0
-0.722085,1.81,0
-0.722085,1.99,0
-0.722085,2.17,0
-0.722085,2.35,0
-0.722085,2.53,0
-0.722085,2.71,0
-0.722085,2.89,0
-0.722085,3.07,0
-0.722085,3.25,0
-0.722085,3.43,0
-0.722085,3.61,0
-0.722085,3.79,0
-0.722085,3.97,0
-0.722085,4.15,0
-0.722085,4.33,0
-0.722085,4.51,0
-0.722085,4.69,0
-0.722085,4.87,0
-0.722085,5.05,0
-0.722085,5.23,0
-0.722085,5.41,0
-0.722085,5.59,0
-0.722085,5.77,0
-0.722085,5.95,0
-0.722085,6.13,0
-0.722085,6.31,0
-0.722085,6.49,0
-0.722085,6.67,0
-0.722085,6.85,0
-0.722085,7.03,0
-0.722085,7.21,0
-0.722085,7.39,0
-0.722085,7.57,0
-0.722085,7.75,0
-0.722085,7.93,0
-0.722085,8.11,0
-0.722085,8.29,0
-0.722085,8.47,0
-0.722085,8.65,0
-0.722085,8.83,0
-0.722085,9.01,0
-0.722085,9.19,0
-0.722085,9.37,0
-0.722085,9.55,0
-0.722085,9.73,0
-0.722085,9.91,0
-0.714797,1.09,0
-0.714797,1.27,0
-0.714797,1.45,0
-0.714797,1.63,0
-0.714797,1.81,0
-0.714797,1.99,0
-0.714797,2.17,0
-0.714797,2.35,0
-0.714797,2.53,0
-0.714797,2.71,0
-0.714797,2.89,0
-0.714797,3.07,0
-0.714797,3.25,0
-0.714797,3.43,0
-0.714797,3.61,0
-0.714797,3.79,0
-0.714797,3.97,0
-0.714797,4.15,0
-0.714797,4.33,0
-0.714797,4.51,0
-0.714797,4.69,0
-0.714797,4.87,0
-0.714797,5.05,0
-0.714797,5.23,0
-0.714797,5.41,0
-0.714797,5.59,0
-0.714797,5.77,0
-0.714797,5.95,0
-0.714797,6.13,0
-0.714797,6.31,0
-0.714797,6.49,0
-0.714797,6.67,0
-0.714797,6.85,0
-0.714797,7.03,0
-0.714797,7.21,0
-0.714797,7.39,0
-0.714797,7.57,0
-0.714797,7.75,0
-0.714797,7.93,0
-0.714797,8.11,0
-0.714797,8.29,0
-0.714797,8.47,0
-0.714797,8.65,0
-0.714797,8.83,0
-0.714797,9.01,0
-0.714797,9.19,0
-0.714797,9.37,0
-0.714797,9.55,0
-0.714797,9.73,0
-0.714797,9.91,0
-0.707509,1.09,0
-0.707509,1.27,0
-0.707509,1.45,0
-0.707509,1.63,0
-0.707509,1.81,0
-0.707509,1.99,0
-0.707509,2.17,0
-0.707509,2.35,0
-0.707509,2.53,0
-0.707509,2.71,0
-0.707509,2.89,0
-0.707509,3.07,0
-0.707509,3.25,0
-0.707509,3.43,0
-0.707509,3.61,0
-0.707509,3.79,0
-0.707509,3.97,0
-0.707509,4.15,0
-0.707509,4.33,0
-0.707509,4.51,0
-0.707509,4.69,0
-0.707509,4.87,0
-0.707509,5.05,0
-0.707509,5.23,0
-0.707509,5.41,0
-0.707509,5.59,0
-0.707509,5.77,0
-0.707509,5.95,0
-0.707509,6.13,0
-0.707509,6.31,0
-0.707509,6.49,0
-0.707509,6.67,0
-0.707509,6.85,0
-0.707509,7.03,0
-0.707509,7.21,0
-0.707509,7.39,0
-0.707509,7.57,0
-0.707509,7.75,0
-0.707509,7.93,0
-0.707509,8.11,0
-0.707509,8.29,0
-0.707509,8.47,0
-0.707509,8.65,0
-0.707509,8.83,0
-0.707509,9.01,0
-0.707509,9.19,0
-0.707509,9.37,0
-0.707509,9.55,0
-0.707509,9.73,0
-0.707509,9.91,0
-0.700221,1.09,0
-0.700221,1.27,0
-0.700221,1.45,0
-0.700221,1.63,0
-0.700221,1.81,0
-0.700221,1.99,0
-0.700221,2.17,0
-0.700221,2.35,0
-0.700221,2.53,0
-0.700221,2.71,0
-0.700221,2.89,0
-0.700221,3.07,0
-0.700221,3.25,0
-0.700221,3.43,0
-0.700221,3.61,0
-0.700221,3.79,0
-0.700221,3.97,0
-0.700221,4.15,0
-0.700221,4.33,0
-0.700221,4.51,0
-0.700221,4.69,0
-0.700221,4.87,0
-0.700221,5.05,0
-0.700221,5.23,0
-0.700221,5.41,0
-0.700221,5.59,0
-0.700221,5.77,0
-0.700221,5.95,0
-0.700221,6.13,0
-0.700221,6.31,0
-0.700221,6.49,0
-0.700221,6.67,0
-0.700221,6.85,0
-0.700221,7.03,0
-0.700221,7.21,0
-0.700221,7.39,0
-0.700221,7.57,0
-0.700221,7.75,0
-0.700221,7.93,0
-0.700221,8.11,0
-0.700221,8.29,0
-0.700221,8.47,0
-0.700221,8.65,0
-0.700221,8.83,0
-0.700221,9.01,0
-0.700221,9.19,0
-0.700221,9.37,0
-0.700221,9.55,0
-0.700221,9.73,0
-0.700221,9.91,0
-0.692933,1.09,0
-0.692933,1.27,0
-0.692933,1.45,0
-0.692933,1.63,0
-0.692933,1.81,0
-0.692933,1.99,0
-0.692933,2.17,0
-0.692933,2.35,0
-0.692933,2.53,0
-0.692933,2.71,0
-0.692933,2.89,0
-0.692933,3.07,0
-0.692933,3.25,0
-0.692933,3.43,0
-0.692933,3.61,0
-0.692933,3.79,0
-0.692933,3.97,0
-0.692933,4.15,0
-0.692933,4.33,0
-0.692933,4.51,0
-0.692933,4.69,0
-0.692933,4.87,0
-0.692933,5.05,0
-0.692933,5.23,0
-0.692933,5.41,0
-0.692933,5.59,0
-0.692933,5.77,0
-0.692933,5.95,0
-0.692933,6.13,0
-0.692933,6.31,0
-0.692933,6.49,0
-0.692933,6.67,0
-0.692933,6.85,0
-0.692933,7.03,0
-0.692933,7.21,0
-0.692933,7.39,0
-0.692933,7.57,0
-0.692933,7.75,0
-0.692933,7.93,0
-0.692933,8.11,0
-0.692933,8.29,0
-0.692933,8.47,0
-0.692933,8.65,0
-0.692933,8.83,0
-0.692933,9.01,0
-0.692933,9.19,0
-0.692933,9.37,0
-0.692933,9.55,0
-0.692933,9.73,0
-0.692933,9.91,0
-0.685645,1.09,0
-0.685645,1.27,0
-0.685645,1.45,0
-0.685645,1.63,0
-0.685645,1.81,0
-0.685645,1.99,0
-0.685645,2.17,0
-0.685645,2.35,0
-0.685645,2.53,0
-0.685645,2.71,0
-0.685645,2.89,0
-0.685645,3.07,0
-0.685645,3.25,0
-0.685645,3.43,0
-0.685645,3.61,0
-0.685645,3.79,0
-0.685645,3.97,0
-0.685645,4.15,0
-0.685645,4.33,0
-0.685645,4.51,0
-0.685645,4.69,0
-0.685645,4.87,0
-0.685645,5.05,0
-0.685645,5.23,0
-0.685645,5.41,0
-0.685645,5.59,0
-0.685645,5.77,0
-0.685645,5.95,0
-0.685645,6.13,0
-0.685645,6.31,0
-0.685645,6.49,0
-0.685645,6.67,0
-0.685645,6.85,0
-0.685645,7.03,0
-0.685645,7.21,0
-0.685645,7.39,0
-0.685645,7.57,0
-0.685645,7.75,0
-0.685645,7.93,0
-0.685645,8.11,0
-0.685645,8.29,0
-0.685645,8.47,0
-0.685645,8.65,0
-0.685645,8.83,0
-0.685645,9.01,0
-0.685645,9.19,0
-0.685645,9.37,0
-0.685645,9.55,0
-0.685645,9.73,0
-0.685645,9.91,0
-0.678356,1.09,0
-0.678356,1.27,0
-0.678356,1.45,0
-0.678356,1.63,0
-0.678356,1.81,0
-0.678356,1.99,0
-0.678356,2.17,0
-0.678356,2.35,0
-0.678356,2.53,0
-0.678356,2.71,0
-0.678356,2.89,0
-0.678356,3.07,0
-0.678356,3.25,0
-0.678356,3.43,0
-0.678356,3.61,0
-0.678356,3.79,0
-0.678356,3.97,0
-0.678356,4.15,0
-0.678356,4.33,0
-0.678356,4.51,0
-0.678356,4.69,0
-0.678356,4.87,0
-0.678356,5.05,0
-0.678356,5.23,0
-0.678356,5.41,0
-0.678356,5.59,0
-0.678356,5.77,0
-0.678356,5.95,0
-0.678356,6.13,0
-0.678356,6.31,0
-0.678356,6.49,0
-0.678356,6.67,0
-0.678356,6.85,0
-0.678356,7.03,0
-0.678356,7.21,0
-0.678356,7.39,0
-0.678356,7.57,0
-0.678356,7.75,0
-0.678356,7.93,0
-0.678356,8.11,0
-0.678356,8.29,0
-0.678356,8.47,0
-0.678356,8.65,0
-0.678356,8.83,0
-0.678356,9.01,0
-0.678356,9.19,0
-0.678356,9.37,0
-0.678356,9.55,0
-0.678356,9.73,0
-0.678356,9.91,0
-0.671068,1.09,0
-0.671068,1.27,0
-0.671068,1.45,0
-0.671068,1.63,0
-0.671068,1.81,0
-0.671068,1.99,0
-0.671068,2.17,0
-0.671068,2.35,0
-0.671068,2.53,0
-0.671068,2.71,0
-0.671068,2.89,0
-0.671068,3.07,0
-0.671068,3.25,0
-0.671068,3.43,0
-0.671068,3.61,0
-0.671068,3.79,0
-0.671068,3.97,0
-0.671068,4.15,0
-0.671068,4.33,0
-0.671068,4.51,0
-0.671068,4.69,0
-0.671068,4.87,0
-0.671068,5.05,0
-0.671068,5.23,0
-0.671068,5.41,0
-0.671068,5.59,0
-0.671068,5.77,0
-0.671068,5.95,0
-0.671068,6.13,0
-0.671068,6.31,0
-0.671068,6.49,0
-0.671068,6.67,0
-0.671068,6.85,0
-0.671068,7.03,0
-0.671068,7.21,0
-0.671068,7.39,0
-0.671068,7.57,0
-0.671068,7.75,0
-0.671068,7.93,0
-0.671068,8.11,0
-0.671068,8.29,0
-0.671068,8.47,0
-0.671068,8.65,0
-0.671068,8.83,0
-0.671068,9.01,0
-0.671068,9.19,0
-0.671068,9.37,0
-0.671068,9.55,0
-0.671068,9.73,0
-0.671068,9.91,0
-0.66378,1.09,0
-0.66378,1.27,0
-0.66378,1.45,0
-0.66378,1.63,0
-0.66378,1.81,0
-0.66378,1.99,0
-0.66378,2.17,0
-0.66378,2.35,0
-0.66378,2.53,0
-0.66378,2.71,0
-0.66378,2.89,0
-0.66378,3.07,0
-0.66378,3.25,0
-0.66378,3.43,0
-0.66378,3.61,0
-0.66378,3.79,0
-0.66378,3.97,0
-0.66378,4.15,0
-0.66378,4.33,0
-0.66378,4.51,0
-0.66378,4.69,0
-0.66378,4.87,0
-0.66378,5.05,0
-0.66378,5.23,0
-0.66378,5.41,0
-0.66378,5.59,0
-0.66378,5.77,0
-0.66378,5.95,0
-0.66378,6.13,0
-0.66378,6.31,0
-0.66378,6.49,0
-0.66378,6.67,0
-0.66378,6.85,0
-0.66378,7.03,0
-0.66378,7.21,0
-0.66378,7.39,0
-0.66378,7.57,0
-0.66378,7.75,0
-0.66378,7.93,0
-0.66378,8.11,0
-0.66378,8.29,0
-0.66378,8.47,0
-0.66378,8.65,0
-0.66378,8.83,0
-0.66378,9.01,0
-0.66378,9.19,0
-0.66378,9.37,0
-0.66378,9.55,0
-0.66378,9.73,0
-0.66378,9.91,0
-0.656492,1.09,0
-0.656492,1.27,0
-0.656492,1.45,0
-0.656492,1.63,0
-0.656492,1.81,0
-0.656492,1.99,0
-0.656492,2.17,0
-0.656492,2.35,0
-0.656492,2.53,0
-0.656492,2.71,0
-0.656492,2.89,0
-0.656492,3.07,0
-0.656492,3.25,0
-0.656492,3.43,0
-0.656492,3.61,0
-0.656492,3.79,0
-0.656492,3.97,0
-0.656492,4.15,0
-0.656492,4.33,0
-0.656492,4.51,0
-0.656492,4.69,0
-0.656492,4.87,0
-0.656492,5.05,0
-0.656492,5.23,0
-0.656492,5.41,0
-0.656492,5.59,0
-0.656492,5.77,0
-0.656492,5.95,0
-0.656492,6.13,0
-0.656492,6.31,0
-0.656492,6.49,0
-0.656492,6.67,0
-0.656492,6.85,0
-0.656492,7.03,0
-0.656492,7.21,0
-0.656492,7.39,0
-0.656492,7.57,0
-0.656492,7.75,0
-0.656492,7.93,0
-0.656492,8.11,0
-0.656492,8.29,0
-0.656492,8.47,0
-0.656492,8.65,0
-0.656492,8.83,0
-0.656492,9.01,0
-0.656492,9.19,0
-0.656492,9.37,0
-0.656492,9.55,0
-0.656492,9.73,0
-0.656492,9.91,0
-0.649204,1.09,0
-0.649204,1.27,0
-0.649204,1.45,0
-0.649204,1.63,0
-0.649204,1.81,0
-0.649204,1.99,0
-0.649204,2.17,0
-0.649204,2.35,0
-0.649204,2.53,0
-0.649204,2.71,0
-0.649204,2.89,0
-0.649204,3.07,0
-0.649204,3.25,0
-0.649204,3.43,0
-0.649204,3.61,0
-0.649204,3.79,0
-0.649204,3.97,0
-0.649204,4.15,0
-0.649204,4.33,0
-0.649204,4.51,0
-0.649204,4.69,0
-0.649204,4.87,0
-0.649204,5.05,0
-0.649204,5.23,0
-0.649204,5.41,0
-0.649204,5.59,0
-0.649204,5.77,0
-0.649204,5.95,0
-0.649204,6.13,0
-0.649204,6.31,0
-0.649204,6.49,0
-0.649204,6.67,0
-0.649204,6.85,0
-0.649204,7.03,0
-0.649204,7.21,0
-0.649204,7.39,0
-0.649204,7.57,0
-0.649204,7.75,0
-0.649204,7.93,0
-0.649204,8.11,0
-0.649204,8.29,0
-0.649204,8.47,0
-0.649204,8.65,0
-0.649204,8.83,0
-0.649204,9.01,0
-0.649204,9.19,0
-0.649204,9.37,0
-0.649204,9.55,0
-0.649204,9.73,0
-0.649204,9.91,0
-0.641916,1.09,0
-0.641916,1.27,0
-0.641916,1.45,0
-0.641916,1.63,0
-0.641916,1.81,0
-0.641916,1.99,0
-0.641916,2.17,0
-0.641916,2.35,0
-0.641916,2.53,0
-0.641916,2.71,0
-0.641916,2.89,0
-0.641916,3.07,0
-0.641916,3.25,0
-0.641916,3.43,0
-0.641916,3.61,0
-0.641916,3.79,0
-0.641916,3.97,0
-0.641916,4.15,0
-0.641916,4.33,0
-0.641916,4.51,0
-0.641916,4.69,0
-0.641916,4.87,0
-0.641916,5.05,0
-0.641916,5.23,0
-0.641916,5.41,0
-0.641916,5.59,0
-0.641916,5.77,0
-0.641916,5.95,0
-0.641916,6.13,0
-0.641916,6.31,0
-0.641916,6.49,0
-0.641916,6.67,0
-0.641916,6.85,0
-0.641916,7.03,0
-0.641916,7.21,0
-0.641916,7.39,0
-0.641916,7.57,0
-0.641916,7.75,0
-0.641916,7.93,0
-0.641916,8.11,0
-0.641916,8.29,0
-0.641916,8.47,0
-0.641916,8.65,0
-0.641916,8.83,0
-0.641916,9.01,0
-0.641916,9.19,0
-0.641916,9.37,0
-0.641916,9.55,0
-0.641916,9.73,0
-0.641916,9.91,0
-0.634628,1.09,0
-0.634628,1.27,0
-0.634628,1.45,0
-0.634628,1.63,0
-0.634628,1.81,0
-0.634628,1.99,0
-0.634628,2.17,0
-0.634628,2.35,0
-0.634628,2.53,0
-0.634628,2.71,0
-0.634628,2.89,0
-0.634628,3.07,0
-0.634628,3.25,0
-0.634628,3.43,0
-0.634628,3.61,0
-0.634628,3.79,0
-0.634628,3.97,0
-0.634628,4.15,0
-0.634628,4.33,0
-0.634628,4.51,0
-0.634628,4.69,0
-0.634628,4.87,0
-0.634628,5.05,0
-0.634628,5.23,0
-0.634628,5.41,0
-0.634628,5.59,0
-0.634628,5.77,0
-0.634628,5.95,0
-0.634628,6.13,0
-0.634628,6.31,0
-0.634628,6.49,0
-0.634628,6.67,0
-0.634628,6.85,0
-0.634628,7.03,0
-0.634628,7.21,0
-0.634628,7.39,0
-0.634628,7.57,0
-0.634628,7.75,0
-0.634628,7.93,0
-0.634628,8.11,0
-0.634628,8.29,0
-0.634628,8.47,0
-0.634628,8.65,0
-0.634628,8.83,0
-0.634628,9.01,0
-0.634628,9.19,0
-0.634628,9.37,0
-0.634628,9.55,0
-0.634628,9.73,0
-0.634628,9.91,0
-0.62734,1.09,0
-0.62734,1.27,0
-0.62734,1.45,0
-0.62734,1.63,0
-0.62734,1.81,0
-0.62734,1.99,0
-0.62734,2.17,0
-0.62734,2.35,0
-0.62734,2.53,0
-0.62734,2.71,0
-0.62734,2.89,0
-0.62734,3.07,0
-0.62734,3.25,0
-0.62734,3.43,0
-0.62734,3.61,0
-0.62734,3.79,0
-0.62734,3.97,0
-0.62734,4.15,0
-0.62734,4.33,0
-0.62734,4.51,0
-0.62734,4.69,0
-0.62734,4.87,0
-0.62734,5.05,0
-0.62734,5.23,0
-0.62734,5.41,0
-0.62734,5.59,0
-0.62734,5.77,0
-0.62734,5.95,0
-0.62734,6.13,0
-0.62734,6.31,0
-0.62734,6.49,0
-0.62734,6.67,0
-0.62734,6.85,0
-0.62734,7.03,0
-0.62734,7.21,0
-0.62734,7.39,0
-0.62734,7.57,0
-0.62734,7.75,0
-0.62734,7.93,0
-0.62734,8.11,0
-0.62734,8.29,0
-0.62734,8.47,0
-0.62734,8.65,0
-0.62734,8.83,0
-0.62734,9.01,0
-0.62734,9.19,0
-0.62734,9.37,0
-0.62734,9.55,0
-0.62734,9.73,0
-0.62734,9.91,0
