-0.984455,1.09,0
-0.984455,1.27,0
-0.984455,1.45,0
-0.984455,1.63,0
-0.984455,1.81,0
-0.984455,1.99,0
-0.984455,2.17,0
-0.984455,2.35,0
-0.984455,2.53,0
-0.984455,2.71,0
-0.984455,2.89,0
-0.984455,3.07,0
-0.984455,3.25,0
-0.984455,3.43,0
-0.984455,3.61,0
-0.984455,3.79,0
-0.984455,3.97,0
-0.984455,4.15,0
-0.984455,4.33,0
-0.984455,4.51,0
-0.984455,4.69,0
-0.984455,4.87,0
-0.984455,5.05,0
-0.984455,5.23,0
-0.984455,5.41,0
-0.984455,5.59,0
-0.984455,5.77,0
-0.984455,5.95,0
-0.984455,6.13,0
-0.984455,6.31,0
-0.984455,6.49,0
-0.984455,6.67,0
-0.984455,6.85,0
-0.984455,7.03,0
-0.984455,7.21,0
-0.984455,7.39,0
-0.984455,7.57,0
-0.984455,7.75,0
-0.984455,7.93,0
-0.984455,8.11,0
-0.984455,8.29,0
-0.984455,8.47,0
-0.984455,8.65,0
-0.984455,8.83,0
-0.984455,9.01,0
-0.984455,9.19,0
-0.984455,9.37,0
-0.984455,9.55,0
-0.984455,9.73,0
-0.984455,9.91,0
-0.977166,1.09,0
-0.977166,1.27,0
-0.977166,1.45,0
-0.977166,1.63,0
-0.977166,1.81,0
-0.977166,1.99,0
-0.977166,2.17,0
-0.977166,2.35,0
-0.977166,2.53,0
-0.977166,2.71,0
-0.977166,2.89,0
-0.977166,3.07,0
-0.977166,3.25,0
-0.977166,3.43,0
-0.977166,3.61,0
-0.977166,3.79,0
-0.977166,3.97,0
-0.977166,4.15,0
-0.977166,4.33,0
-0.977166,4.51,0
-0.977166,4.69,0
-0.977166,4.87,0
-0.977166,5.05,0
-0.977166,5.23,0
-0.977166,5.41,0
-0.977166,5.59,0
-0.977166,5.77,0
-0.977166,5.95,0
-0.977166,6.13,0
-0.977166,6.31,0
-0.977166,6.49,0
-0.977166,6.67,0
-0.977166,6.85,0
-0.977166,7.03,0
-0.977166,7.21,0
-0.977166,7.39,0
-0.977166,7.57,0
-0.977166,7.75,0
-0.977166,7.93,0
-0.977166,8.11,0
-0.977166,8.29,0
-0.977166,8.47,0
-0.977166,8.65,0
-0.977166,8.83,0
-0.977166,9.01,0
-0.977166,9.19,0
-0.977166,9.37,0
-0.977166,9.55,0
-0.977166,9.73,0
-0.977166,9.91,0
-0.969878,1.09,0
-0.969878,1.27,0
-0.969878,1.45,0
-0.969878,1.63,0
-0.969878,1.81,0
-0.969878,1.99,0
-0.969878,2.17,0
-0.969878,2.35,0
-0.969878,2.53,0
-0.969878,2.71,0
-0.969878,2.89,0
-0.969878,3.07,0
-0.969878,3.25,0
-0.969878,3.43,0
-0.969878,3.61,0
-0.969878,3.79,0
-0.969878,3.97,0
-0.969878,4.15,0
-0.969878,4.33,0
-0.969878,4.51,0
-0.969878,4.69,0
-0.969878,4.87,0
-0.969878,5.05,0
-0.969878,5.23,0
-0.969878,5.41,0
-0.969878,5.59,0
-0.969878,5.77,0
-0.969878,5.95,0
-0.969878,6.13,0
-0.969878,6.31,0
-0.969878,6.49,0
-0.969878,6.67,0
-0.969878,6.85,0
-0.969878,7.03,0
-0.969878,7.21,0
-0.969878,7.39,0
-0.969878,7.57,0
-0.969878,7.75,0
-0.969878,7.93,0
-0.969878,8.11,0
-0.969878,8.29,0
-0.969878,8.47,0
-0.969878,8.65,0
-0.969878,8.83,0
-0.969878,9.01,0
-0.969878,9.19,0
-0.969878,9.37,0
-0.969878,9.55,0
-0.969878,9.73,0
-0.969878,9.91,0
-0.96259,1.09,0
-0.96259,1.27,0
-0.96259,1.45,0
-0.96259,1.63,0
-0.96259,1.81,0
-0.96259,1.99,0
-0.96259,2.17,0
-0.96259,2.35,0
-0.96259,2.53,0
-0.96259,2.71,0
-0.96259,2.89,0
-0.96259,3.07,0
-0.96259,3.25,0
-0.96259,3.43,0
-0.96259,3.61,0
-0.96259,3.79,0
-0.96259,3.97,0
-0.96259,4.15,0
-0.96259,4.33,0
-0.96259,4.51,0
-0.96259,4.69,0
-0.96259,4.87,0
-0.96259,5.05,0
-0.96259,5.23,0
-0.96259,5.41,0
-0.96259,5.59,0
-0.96259,5.77,0
-0.96259,5.95,0
-0.96259,6.13,0
-0.96259,6.31,0
-0.96259,6.49,0
-0.96259,6.67,0
-0.96259,6.85,0
-0.96259,7.03,0
-0.96259,7.21,0
-0.96259,7.39,0
-0.96259,7.57,0
-0.96259,7.75,0
-0.96259,7.93,0
-0.96259,8.11,0
-0.96259,8.29,0
-0.96259,8.47,0
-0.96259,8.65,0
-0.96259,8.83,0
-0.96259,9.01,0
-0.96259,9.19,0
-0.96259,9.37,0
-0.96259,9.55,0
-0.96259,9.73,0
-0.96259,9.91,0
-0.955302,1.09,0.00296902
-0.955302,1.27,-0.000593015
-0.955302,1.45,0.0315151
-0.955302,1.63,0.0120917
-0.955302,1.81,-0.018283
-0.955302,1.99,-0.00190761
-0.955302,2.17,0.0105379
-0.955302,2.35,-0.0246444
-0.955302,2.53,-0.0201009
-0.955302,2.71,-0.00831721
-0.955302,2.89,-0.0134337
-0.955302,3.07,-0.0202574
-0.955302,3.25,-0.0229427
-0.955302,3.43,-0.0302445
-0.955302,3.61,-0.0476589
-0.955302,3.79,-0.0708797
-0.955302,3.97,-0.0880524
-0.955302,4.15,-0.0854973
-0.955302,4.33,-0.0554987
-0.955302,4.51,-0.00370409
-0.955302,4.69,0.0524227
-0.955302,4.87,0.0956501
-0.955302,5.05,0.11864
-0.955302,5.23,0.12314
-0.955302,5.41,0.114068
-0.955302,5.59,0.0965993
-0.955302,5.77,0.0746175
-0.955302,5.95,0.0507681
-0.955302,6.13,0.026708
-0.955302,6.31,0.00346734
-0.955302,6.49,-0.0182844
-0.955302,6.67,-0.0381186
-0.955302,6.85,-0.0557597
-0.955302,7.03,-0.07102
-0.955302,7.21,-0.0838147
-0.955302,7.39,-0.0940567
-0.955302,7.57,-0.101705
-0.955302,7.75,-0.106785
-0.955302,7.93,-0.109374
-0.955302,8.11,-0.109949
-0.955302,8.29,-0.108376
-0.955302,8.47,-0.104842
-0.955302,8.65,-0.0995993
-0.955302,8.83,-0.0929281
-0.955302,9.01,-0.0850196
-0.955302,9.19,-0.076219
-0.955302,9.37,-0.0669151
-0.955302,9.55,-0.0573747
-0.955302,9.73,-0.0478322
-0.955302,9.91,-0.0384845
-0.948014,1.09,-0.0601521
-0.948014,1.27,0.0419291
-0.948014,1.45,0.0426155
-0.948014,1.63,-0.0289333
-0.948014,1.81,-0.0564805
-0.948014,1.99,-0.0244895
-0.948014,2.17,0.0585441
-0.948014,2.35,-0.0517493
-0.948014,2.53,-0.060061
-0.948014,2.71,-0.0637384
-0.948014,2.89,-0.0918388
-0.948014,3.07,-0.0981878
-0.948014,3.25,-0.0888491
-0.948014,3.43,-0.0990659
-0.948014,3.61,-0.145498
-0.948014,3.79,-0.214903
-0.948014,3.97,-0.274625
-0.948014,4.15,-0.288099
-0.948014,4.33,-0.229323
-0.948014,4.51,-0.0987599
-0.948014,4.69,0.0696698
-0.948014,4.87,0.225788
-0.948014,5.05,0.333084
-0.948014,5.23,0.382497
-0.948014,5.41,0.382324
-0.948014,5.59,0.347654
-0.948014,5.77,0.292051
-0.948014,5.95,0.225667
-0.948014,6.13,0.155131
-0.948014,6.31,0.0846008
-0.948014,6.49,0.0166528
-0.948014,6.67,-0.0470225
-0.948014,6.85,-0.10543
-0.948014,7.03,-0.157928
-0.948014,7.21,-0.204202
-0.948014,7.39,-0.243956
-0.948014,7.57,-0.276995
-0.948014,7.75,-0.303263
-0.948014,7.93,-0.322812
-0.948014,8.11,-0.336766
-0.948014,8.29,-0.344573
-0.948014,8.47,-0.346491
-0.948014,8.65,-0.342954
-0.948014,8.83,-0.334487
-0.948014,9.01,-0.321327
-0.948014,9.19,-0.304228
-0.948014,9.37,-0.284201
-0.948014,9.55,-0.261938
-0.948014,9.73,-0.2381
-0.948014,9.91,-0.213303
-0.940726,1.09,-0.0637975
-0.940726,1.27,0.00896274
-0.940726,1.45,-0.0492094
-0.940726,1.63,-0.0997621
-0.940726,1.81,-0.0524752
-0.940726,1.99,-0.0345542
-0.940726,2.17,0.0927025
-0.940726,2.35,-0.0457979
-0.940726,2.53,-0.0747506
-0.940726,2.71,-0.140957
-0.940726,2.89,-0.190723
-0.940726,3.07,-0.178128
-0.940726,3.25,-0.146934
-0.940726,3.43,-0.150038
-0.940726,3.61,-0.206409
-0.940726,3.79,-0.298929
-0.940726,3.97,-0.389578
-0.940726,4.15,-0.43605
-0.940726,4.33,-0.402246
-0.940726,4.51,-0.271998
-0.940726,4.69,-0.0640332
-0.940726,4.87,0.169303
-0.940726,5.05,0.368392
-0.940726,5.23,0.498049
-0.940726,5.41,0.552175
-0.940726,5.59,0.544443
-0.940726,5.77,0.493549
-0.940726,5.95,0.416489
-0.940726,6.13,0.325529
-0.940726,6.31,0.228863
-0.940726,6.49,0.131714
-0.940726,6.67,0.0376211
-0.940726,6.85,-0.0513005
-0.940726,7.03,-0.133696
-0.940726,7.21,-0.20882
-0.940726,7.39,-0.276087
-0.940726,7.57,-0.335076
-0.940726,7.75,-0.385569
-0.940726,7.93,-0.427481
-0.940726,8.11,-0.462002
-0.940726,8.29,-0.488376
-0.940726,8.47,-0.506741
-0.940726,8.65,-0.517435
-0.940726,8.83,-0.520903
-0.940726,9.01,-0.517208
-0.940726,9.19,-0.507065
-0.940726,9.37,-0.491595
-0.940726,9.55,-0.47155
-0.940726,9.73,-0.447697
-0.940726,9.91,-0.420797
-0.933438,1.09,-0.057895
-0.933438,1.27,-0.0512824
-0.933438,1.45,-0.0997929
-0.933438,1.63,-0.150709
-0.933438,1.81,-0.0607549
-0.933438,1.99,-0.0335932
-0.933438,2.17,0.0775554
-0.933438,2.35,-0.0659368
-0.933438,2.53,-0.0812607
-0.933438,2.71,-0.160056
-0.933438,2.89,-0.193324
-0.933438,3.07,-0.160973
-0.933438,3.25,-0.124703
-0.933438,3.43,-0.126459
-0.933438,3.61,-0.175709
-0.933438,3.79,-0.260206
-0.933438,3.97,-0.354428
-0.933438,4.15,-0.427231
-0.933438,4.33,-0.446112
-0.933438,4.51,-0.385312
-0.933438,4.69,-0.239037
-0.933438,4.87,-0.0318334
-0.933438,5.05,0.186841
-0.933438,5.23,0.368758
-0.933438,5.41,0.486337
-0.933438,5.59,0.536777
-0.933438,5.77,0.531566
-0.933438,5.95,0.487093
-0.933438,6.13,0.417675
-0.933438,6.31,0.334067
-0.933438,6.49,0.243691
-0.933438,6.67,0.15179
-0.933438,6.85,0.0616941
-0.933438,7.03,-0.0244113
-0.933438,7.21,-0.105182
-0.933438,7.39,-0.179701
-0.933438,7.57,-0.247313
-0.933438,7.75,-0.307618
-0.933438,7.93,-0.360385
-0.933438,8.11,-0.406411
-0.933438,8.29,-0.445059
-0.933438,8.47,-0.476343
-0.933438,8.65,-0.500436
-0.933438,8.83,-0.517595
-0.933438,9.01,-0.527755
-0.933438,9.19,-0.53137
-0.933438,9.37,-0.529256
-0.933438,9.55,-0.521948
-0.933438,9.73,-0.510013
-0.933438,9.91,-0.494038
-0.92615,1.09,-0.0142206
-0.92615,1.27,-0.116878
-0.92615,1.45,-0.128768
-0.92615,1.63,-0.186578
-0.92615,1.81,-0.0785219
-0.92615,1.99,-0.0212341
-0.92615,2.17,0.0545659
-0.92615,2.35,-0.0770032
-0.92615,2.53,-0.0935139
-0.92615,2.71,-0.174424
-0.92615,2.89,-0.184494
-0.92615,3.07,-0.14088
-0.92615,3.25,-0.109185
-0.92615,3.43,-0.110264
-0.92615,3.61,-0.14569
-0.92615,3.79,-0.214871
-0.92615,3.97,-0.307221
-0.92615,4.15,-0.400652
-0.92615,4.33,-0.465191
-0.92615,4.51,-0.470246
-0.92615,4.69,-0.394747
-0.92615,4.87,-0.238941
-0.92615,5.05,-0.0318888
-0.92615,5.23,0.180313
-0.92615,5.41,0.355347
-0.92615,5.59,0.470446
-0.92615,5.77,0.523079
-0.92615,5.95,0.523923
-0.92615,6.13,0.487026
-0.92615,6.31,0.42518
-0.92615,6.49,0.34834
-0.92615,6.67,0.263913
-0.92615,6.85,0.176942
-0.92615,7.03,0.0908405
-0.92615,7.21,0.00786055
-0.92615,7.39,-0.0705856
-0.92615,7.57,-0.143506
-0.92615,7.75,-0.210265
-0.92615,7.93,-0.270477
-0.92615,8.11,-0.324573
-0.92615,8.29,-0.372073
-0.92615,8.47,-0.412936
-0.92615,8.65,-0.447252
-0.92615,8.83,-0.475184
-0.92615,9.01,-0.496653
-0.92615,9.19,-0.511954
-0.92615,9.37,-0.521671
-0.92615,9.55,-0.526181
-0.92615,9.73,-0.525894
-0.92615,9.91,-0.521241
-0.918862,1.09,0.030595
-0.918862,1.27,-0.164745
-0.918862,1.45,-0.132481
-0.918862,1.63,-0.192578
-0.918862,1.81,-0.100625
-0.918862,1.99,-0.00257512
-0.918862,2.17,0.0292646
-0.918862,2.35,-0.0821852
-0.918862,2.53,-0.110154
-0.918862,2.71,-0.178506
-0.918862,2.89,-0.165653
-0.918862,3.07,-0.122376
-0.918862,3.25,-0.102242
-0.918862,3.43,-0.0991021
-0.918862,3.61,-0.113002
-0.918862,3.79,-0.161526
-0.918862,3.97,-0.248993
-0.918862,4.15,-0.358684
-0.918862,4.33,-0.460738
-0.918862,4.51,-0.522059
-0.918862,4.69,-0.514329
-0.918862,4.87,-0.422399
-0.918862,5.05,-0.254836
-0.918862,5.23,-0.043795
-0.918862,5.41,0.167234
-0.918862,5.59,0.34059
-0.918862,5.77,0.456344
-0.918862,5.95,0.513339
-0.918862,6.13,0.520865
-0.918862,6.31,0.491533
-0.918862,6.49,0.43722
-0.918862,6.67,0.367526
-0.918862,6.85,0.289554
-0.918862,7.03,0.208319
-0.918862,7.21,0.127324
-0.918862,7.39,0.0486877
-0.918862,7.57,-0.0261068
-0.918862,7.75,-0.0960768
-0.918862,7.93,-0.160617
-0.918862,8.11,-0.219769
-0.918862,8.29,-0.27318
-0.918862,8.47,-0.32076
-0.918862,8.65,-0.362541
-0.918862,8.83,-0.398624
-0.918862,9.01,-0.428958
-0.918862,9.19,-0.453743
-0.918862,9.37,-0.473387
-0.918862,9.55,-0.488163
-0.918862,9.73,-0.498368
-0.918862,9.91,-0.504313
-0.911574,1.09,0.0502204
-0.911574,1.27,-0.174719
-0.911574,1.45,-0.118622
-0.911574,1.63,-0.167276
-0.911574,1.81,-0.113698
-0.911574,1.99,0.014384
-0.911574,2.17,0.0079287
-0.911574,2.35,-0.0860898
-0.911574,2.53,-0.127083
-0.911574,2.71,-0.170049
-0.911574,2.89,-0.141075
-0.911574,3.07,-0.109612
-0.911574,3.25,-0.102493
-0.911574,3.43,-0.0879261
-0.911574,3.61,-0.0739459
-0.911574,3.79,-0.0996167
-0.911574,3.97,-0.181403
-0.911574,4.15,-0.303763
-0.911574,4.33,-0.434629
-0.911574,4.51,-0.539572
-0.911574,4.69,-0.588632
-0.911574,4.87,-0.560218
-0.911574,5.05,-0.448874
-0.911574,5.23,-0.269617
-0.911574,5.41,-0.0549094
-0.911574,5.59,0.154795
-0.911574,5.77,0.326305
-0.911574,5.95,0.443325
-0.911574,6.13,0.505017
-0.911574,6.31,0.519645
-0.911574,6.49,0.498791
-0.911574,6.67,0.453314
-0.911574,6.85,0.392246
-0.911574,7.03,0.322387
-0.911574,7.21,0.248796
-0.911574,7.39,0.174534
-0.911574,7.57,0.101775
-0.911574,7.75,0.0320174
-0.911574,7.93,-0.0337859
-0.911574,8.11,-0.0952135
-0.911574,8.29,-0.151954
-0.911574,8.47,-0.203823
-0.911574,8.65,-0.250764
-0.911574,8.83,-0.292806
-0.911574,9.01,-0.329918
-0.911574,9.19,-0.362219
-0.911574,9.37,-0.389974
-0.911574,9.55,-0.413379
-0.911574,9.73,-0.432644
-0.911574,9.91,-0.447993
-0.904286,1.09,0.0545463
-0.904286,1.27,-0.143035
-0.904286,1.45,-0.0993986
-0.904286,1.63,-0.122126
-0.904286,1.81,-0.102311
-0.904286,1.99,0.0213959
-0.904286,2.17,-0.00367679
-0.904286,2.35,-0.0929308
-0.904286,2.53,-0.139717
-0.904286,2.71,-0.150489
-0.904286,2.89,-0.116366
-0.904286,3.07,-0.104241
-0.904286,3.25,-0.104577
-0.904286,3.43,-0.0703084
-0.904286,3.61,-0.0260035
-0.904286,3.79,-0.0302437
-0.904286,3.97,-0.106921
-0.904286,4.15,-0.238198
-0.904286,4.33,-0.388746
-0.904286,4.51,-0.523973
-0.904286,4.69,-0.615738
-0.904286,4.87,-0.64222
-0.904286,5.05,-0.591397
-0.904286,5.23,-0.464811
-0.904286,5.41,-0.279142
-0.904286,5.59,-0.0658287
-0.904286,5.77,0.139316
-0.904286,5.95,0.308079
-0.904286,6.13,0.426676
-0.904286,6.31,0.494252
-0.904286,6.49,0.51817
-0.904286,6.67,0.508164
-0.904286,6.85,0.474086
-0.904286,7.03,0.424187
-0.904286,7.21,0.365165
-0.904286,7.39,0.301195
-0.904286,7.57,0.235357
-0.904286,7.75,0.169873
-0.904286,7.93,0.10623
-0.904286,8.11,0.0454341
-0.904286,8.29,-0.012101
-0.904286,8.47,-0.0659999
-0.904286,8.65,-0.11605
-0.904286,8.83,-0.162158
-0.904286,9.01,-0.204256
-0.904286,9.19,-0.242371
-0.904286,9.37,-0.276631
-0.904286,9.55,-0.30715
-0.904286,9.73,-0.334064
-0.904286,9.91,-0.35752
-0.896998,1.09,0.0724976
-0.896998,1.27,-0.0885632
-0.896998,1.45,-0.0853165
-0.896998,1.63,-0.0746622
-0.896998,1.81,-0.0582469
-0.896998,1.99,0.0139029
-0.896998,2.17,-0.00181184
-0.896998,2.35,-0.105513
-0.896998,2.53,-0.144931
-0.896998,2.71,-0.123845
-0.896998,2.89,-0.0962884
-0.896998,3.07,-0.103659
-0.896998,3.25,-0.100208
-0.896998,3.43,-0.0408547
-0.896998,3.61,0.0305634
-0.896998,3.79,0.0432674
-0.896998,3.97,-0.0287684
-0.896998,4.15,-0.163885
-0.896998,4.33,-0.324469
-0.896998,4.51,-0.477424
-0.896998,4.69,-0.598295
-0.896998,4.87,-0.668114
-0.896998,5.05,-0.673465
-0.896998,5.23,-0.608139
-0.896998,5.41,-0.475214
-0.896998,5.59,-0.291722
-0.896998,5.77,-0.0853322
-0.896998,5.95,0.112891
-0.896998,6.13,0.279169
-0.896998,6.31,0.401288
-0.896998,6.49,0.478175
-0.896998,6.67,0.51476
-0.896998,6.85,0.519219
-0.896998,7.03,0.49995
-0.896998,7.21,0.464791
-0.896998,7.39,0.418953
-0.896998,7.57,0.366518
-0.896998,7.75,0.310631
-0.896998,7.93,0.253515
-0.896998,8.11,0.196925
-0.896998,8.29,0.141574
-0.896998,8.47,0.0881663
-0.896998,8.65,0.0371825
-0.896998,8.83,-0.0110734
-0.896998,9.01,-0.056408
-0.896998,9.19,-0.0987111
-0.896998,9.37,-0.137957
-0.896998,9.55,-0.174159
-0.896998,9.73,-0.20736
-0.896998,9.91,-0.237623
-0.88971,1.09,0.118165
-0.88971,1.27,-0.0443193
-0.88971,1.45,-0.0822722
-0.88971,1.63,-0.0391786
-0.88971,1.81,0.0133995
-0.88971,1.99,-0.0046904
-0.88971,2.17,0.0133477
-0.88971,2.35,-0.124839
-0.88971,2.53,-0.141563
-0.88971,2.71,-0.0948421
-0.88971,2.89,-0.0825928
-0.88971,3.07,-0.100954
-0.88971,3.25,-0.081197
-0.88971,3.43,0.00214121
-0.88971,3.61,0.0916381
-0.88971,3.79,0.115409
-0.88971,3.97,0.0495898
-0.88971,4.15,-0.0818638
-0.88971,4.33,-0.24225
-0.88971,4.51,-0.401894
-0.88971,4.69,-0.540598
-0.88971,4.87,-0.642911
-0.88971,5.05,-0.696359
-0.88971,5.23,-0.691444
-0.88971,5.41,-0.622607
-0.88971,5.59,-0.493754
-0.88971,5.77,-0.319233
-0.88971,5.95,-0.123549
-0.88971,6.13,0.0674978
-0.88971,6.31,0.233362
-0.88971,6.49,0.362931
-0.88971,6.67,0.452983
-0.88971,6.85,0.506501
-0.88971,7.03,0.529463
-0.88971,7.21,0.529344
-0.88971,7.39,0.511697
-0.88971,7.57,0.481349
-0.88971,7.75,0.442368
-0.88971,7.93,0.397854
-0.88971,8.11,0.350444
-0.88971,8.29,0.301385
-0.88971,8.47,0.251883
-0.88971,8.65,0.202832
-0.88971,8.83,0.15487
-0.88971,9.01,0.108443
-0.88971,9.19,0.0638705
-0.88971,9.37,0.0213694
-0.88971,9.55,-0.0189227
-0.88971,9.73,-0.0569229
-0.88971,9.91,-0.0925886
-0.882422,1.09,0.186072
-0.882422,1.27,-0.0326485
-0.882422,1.45,-0.0896889
-0.882422,1.63,-0.020126
-0.882422,1.81,0.0949901
-0.882422,1.99,-0.0217663
-0.882422,2.17,0.035665
-0.882422,2.35,-0.149728
-0.882422,2.53,-0.129703
-0.882422,2.71,-0.0671489
-0.882422,2.89,-0.0729055
-0.882422,3.07,-0.0872704
-0.882422,3.25,-0.043116
-0.882422,3.43,0.0550387
-0.882422,3.61,0.149378
-0.882422,3.79,0.179463
-0.882422,3.97,0.12534
-0.882422,4.15,0.00806846
-0.882422,4.33,-0.141409
-0.882422,4.51,-0.298444
-0.882422,4.69,-0.446527
-0.882422,4.87,-0.572829
-0.882422,5.05,-0.666059
-0.882422,5.23,-0.715731
-0.882422,5.41,-0.712046
-0.882422,5.59,-0.650202
-0.882422,5.77,-0.532281
-0.882422,5.95,-0.371661
-0.882422,6.13,-0.188119
-0.882422,6.31,-0.00326324
-0.882422,6.49,0.16497
-0.882422,6.67,0.305002
-0.882422,6.85,0.411925
-0.882422,7.03,0.486154
-0.882422,7.21,0.532144
-0.882422,7.39,0.554167
-0.882422,7.57,0.556801
-0.882422,7.75,0.544533
-0.882422,7.93,0.521168
-0.882422,8.11,0.49019
-0.882422,8.29,0.453559
-0.882422,8.47,0.41314
-0.882422,8.65,0.370393
-0.882422,8.83,0.326435
-0.882422,9.01,0.282125
-0.882422,9.19,0.238094
-0.882422,9.37,0.194808
-0.882422,9.55,0.152629
-0.882422,9.73,0.111824
-0.882422,9.91,0.0725877
-0.875134,1.09,0.25997
-0.875134,1.27,-0.0402243
-0.875134,1.45,-0.0967767
-0.875134,1.63,-0.0139312
-0.875134,1.81,0.164373
-0.875134,1.99,-0.0212285
-0.875134,2.17,0.0521994
-0.875134,2.35,-0.175998
-0.875134,2.53,-0.109927
-0.875134,2.71,-0.0426917
-0.875134,2.89,-0.0616418
-0.875134,3.07,-0.0557001
-0.875134,3.25,0.0123506
-0.875134,3.43,0.109279
-0.875134,3.61,0.194146
-0.875134,3.79,0.229425
-0.875134,3.97,0.197224
-0.875134,4.15,0.10743
-0.875134,4.33,-0.0202192
-0.875134,4.51,-0.166941
-0.875134,4.69,-0.318459
-0.875134,4.87,-0.462808
-0.875134,5.05,-0.588907
-0.875134,5.23,-0.685833
-0.875134,5.41,-0.742176
-0.875134,5.59,-0.74874
-0.875134,5.77,-0.699583
-0.875134,5.95,-0.597985
-0.875134,6.13,-0.454188
-0.875134,6.31,-0.284056
-0.875134,6.49,-0.105818
-0.875134,6.67,0.0649997
-0.875134,6.85,0.216435
-0.875134,7.03,0.341752
-0.875134,7.21,0.439638
-0.875134,7.39,0.510793
-0.875134,7.57,0.557627
-0.875134,7.75,0.583665
-0.875134,7.93,0.592583
-0.875134,8.11,0.588182
-0.875134,8.29,0.573052
-0.875134,8.47,0.5497
-0.875134,8.65,0.520217
-0.875134,8.83,0.486303
-0.875134,9.01,0.449396
-0.875134,9.19,0.410545
-0.875134,9.37,0.37054
-0.875134,9.55,0.33006
-0.875134,9.73,0.28964
-0.875134,9.91,0.249697
-0.867846,1.09,0.303119
-0.867846,1.27,-0.0318971
-0.867846,1.45,-0.0819803
-0.867846,1.63,-0.0166476
-0.867846,1.81,0.207611
-0.867846,1.99,0.00464879
-0.867846,2.17,0.0466837
-0.867846,2.35,-0.195628
-0.867846,2.53,-0.0838005
-0.867846,2.71,-0.0226075
-0.867846,2.89,-0.0426511
-0.867846,3.07,-0.00428569
-0.867846,3.25,0.0779886
-0.867846,3.43,0.154473
-0.867846,3.61,0.217989
-0.867846,3.79,0.261793
-0.867846,3.97,0.265311
-0.867846,4.15,0.217982
-0.867846,4.33,0.123186
-0.867846,4.51,-0.00648545
-0.867846,4.69,-0.157109
-0.867846,4.87,-0.315447
-0.867846,5.05,-0.469044
-0.867846,5.23,-0.606043
-0.867846,5.41,-0.714473
-0.867846,5.59,-0.783618
-0.867846,5.77,-0.80388
-0.867846,5.95,-0.77234
-0.867846,6.13,-0.691171
-0.867846,6.31,-0.568123
-0.867846,6.49,-0.416421
-0.867846,6.67,-0.249029
-0.867846,6.85,-0.0799915
-0.867846,7.03,0.0791259
-0.867846,7.21,0.220793
-0.867846,7.39,0.340811
-0.867846,7.57,0.437413
-0.867846,7.75,0.511071
-0.867846,7.93,0.563607
-0.867846,8.11,0.597785
-0.867846,8.29,0.616089
-0.867846,8.47,0.621168
-0.867846,8.65,0.615478
-0.867846,8.83,0.601193
-0.867846,9.01,0.580359
-0.867846,9.19,0.554488
-0.867846,9.37,0.524729
-0.867846,9.55,0.492163
-0.867846,9.73,0.45768
-0.867846,9.91,0.422001
-0.860558,1.09,0.26398
-0.860558,1.27,0.00049762
-0.860558,1.45,-0.0285548
-0.860558,1.63,-0.0253988
-0.860558,1.81,0.225741
-0.860558,1.99,0.0454729
-0.860558,2.17,0.0119036
-0.860558,2.35,-0.197397
-0.860558,2.53,-0.0567282
-0.860558,2.71,-0.00954704
-0.860558,2.89,-0.0118943
-0.860558,3.07,0.0638101
-0.860558,3.25,0.144506
-0.860558,3.43,0.182912
-0.860558,3.61,0.217349
-0.860558,3.79,0.274712
-0.860558,3.97,0.327745
-0.860558,4.15,0.338295
-0.860558,4.33,0.288356
-0.860558,4.51,0.183291
-0.860558,4.69,0.0381984
-0.860558,4.87,-0.13026
-0.860558,5.05,-0.306424
-0.860558,5.23,-0.476501
-0.860558,5.41,-0.628033
-0.860558,5.59,-0.750245
-0.860558,5.77,-0.832927
-0.860558,5.95,-0.870828
-0.860558,6.13,-0.861761
-0.860558,6.31,-0.807258
-0.860558,6.49,-0.714479
-0.860558,6.67,-0.589927
-0.860558,6.85,-0.444102
-0.860558,7.03,-0.288007
-0.860558,7.21,-0.132039
-0.860558,7.39,0.0165535
-0.860558,7.57,0.151967
-0.860558,7.75,0.270425
-0.860558,7.93,0.370146
-0.860558,8.11,0.450965
-0.860558,8.29,0.513681
-0.860558,8.47,0.5598
-0.860558,8.65,0.59118
-0.860558,8.83,0.609798
-0.860558,9.01,0.617891
-0.860558,9.19,0.617193
-0.860558,9.37,0.609062
-0.860558,9.55,0.594925
-0.860558,9.73,0.576017
-0.860558,9.91,0.553398
-0.85327,1.09,0.17753
-0.85327,1.27,0.027684
-0.85327,1.45,0.0436487
-0.85327,1.63,-0.0310163
-0.85327,1.81,0.222347
-0.85327,1.99,0.077272
-0.85327,2.17,-0.0321547
-0.85327,2.35,-0.171566
-0.85327,2.53,-0.0436794
-0.85327,2.71,-0.00944851
-0.85327,2.89,0.03171
-0.85327,3.07,0.142268
-0.85327,3.25,0.203824
-0.85327,3.43,0.191075
-0.85327,3.61,0.190042
-0.85327,3.79,0.260186
-0.85327,3.97,0.370601
-0.85327,4.15,0.454291
-0.85327,4.33,0.465831
-0.85327,4.51,0.398889
-0.85327,4.69,0.269228
-0.85327,4.87,0.098445
-0.85327,5.05,-0.0927723
-0.85327,5.23,-0.287467
-0.85327,5.41,-0.472218
-0.85327,5.59,-0.636587
-0.85327,5.77,-0.771269
-0.85327,5.95,-0.871024
-0.85327,6.13,-0.932482
-0.85327,6.31,-0.954236
-0.85327,6.49,-0.939431
-0.85327,6.67,-0.888695
-0.85327,6.85,-0.806864
-0.85327,7.03,-0.700299
-0.85327,7.21,-0.577591
-0.85327,7.39,-0.444582
-0.85327,7.57,-0.307562
-0.85327,7.75,-0.172561
-0.85327,7.93,-0.0444145
-0.85327,8.11,0.0733113
-0.85327,8.29,0.178379
-0.85327,8.47,0.26963
-0.85327,8.65,0.346791
-0.85327,8.83,0.41025
-0.85327,9.01,0.461158
-0.85327,9.19,0.500631
-0.85327,9.37,0.529625
-0.85327,9.55,0.549385
-0.85327,9.73,0.561133
-0.85327,9.91,0.566023
-0.845982,1.09,0.1959
-0.845982,1.27,0.00891437
-0.845982,1.45,0.078746
-0.845982,1.63,-0.0226861
-0.845982,1.81,0.182754
-0.845982,1.99,0.0847168
-0.845982,2.17,-0.0372654
-0.845982,2.35,-0.120148
-0.845982,2.53,-0.0735112
-0.845982,2.71,-0.0274155
-0.845982,2.89,0.0871453
-0.845982,3.07,0.220201
-0.845982,3.25,0.244423
-0.845982,3.43,0.17006
-0.845982,3.61,0.11908
-0.845982,3.79,0.18058
-0.845982,3.97,0.338498
-0.845982,4.15,0.509897
-0.845982,4.33,0.615404
-0.845982,4.51,0.622712
-0.845982,4.69,0.539784
-0.845982,4.87,0.391138
-0.845982,5.05,0.20371
-0.845982,5.23,-0.000612162
-0.845982,5.41,-0.205942
-0.845982,5.59,-0.401218
-0.845982,5.77,-0.577952
-0.845982,5.95,-0.731181
-0.845982,6.13,-0.857608
-0.845982,6.31,-0.95503
-0.845982,6.49,-1.02453
-0.845982,6.67,-1.06392
-0.845982,6.85,-1.07393
-0.845982,7.03,-1.05622
-0.845982,7.21,-1.01553
-0.845982,7.39,-0.953604
-0.845982,7.57,-0.873387
-0.845982,7.75,-0.779029
-0.845982,7.93,-0.6748
-0.845982,8.11,-0.564807
-0.845982,8.29,-0.45286
-0.845982,8.47,-0.342251
-0.845982,8.65,-0.23567
-0.845982,8.83,-0.135176
-0.845982,9.01,-0.0422485
-0.845982,9.19,0.0423812
-0.845982,9.37,0.118296
-0.845982,9.55,0.185368
-0.845982,9.73,0.243756
-0.845982,9.91,0.293826
-0.838694,1.09,0.227061
-0.838694,1.27,-0.105118
-0.838694,1.45,-0.00569172
-0.838694,1.63,0.0380093
-0.838694,1.81,0.0629579
-0.838694,1.99,0.0018858
-0.838694,2.17,0.0257091
-0.838694,2.35,-0.0024678
-0.838694,2.53,-0.119581
-0.838694,2.71,-0.0349719
-0.838694,2.89,0.13576
-0.838694,3.07,0.237214
-0.838694,3.25,0.189525
-0.838694,3.43,0.0266345
-0.838694,3.61,-0.131655
-0.838694,3.79,-0.168444
-0.838694,3.97,-0.0281178
-0.838694,4.15,0.257829
-0.838694,4.33,0.588942
-0.838694,4.51,0.853224
-0.838694,4.69,0.987939
-0.838694,4.87,0.986469
-0.838694,5.05,0.877322
-0.838694,5.23,0.696753
-0.838694,5.41,0.475288
-0.838694,5.59,0.235214
-0.838694,5.77,-0.0084028
-0.838694,5.95,-0.245251
-0.838694,6.13,-0.469065
-0.838694,6.31,-0.675761
-0.838694,6.49,-0.864066
-0.838694,6.67,-1.03112
-0.838694,6.85,-1.17559
-0.838694,7.03,-1.29663
-0.838694,7.21,-1.39611
-0.838694,7.39,-1.47291
-0.838694,7.57,-1.52651
-0.838694,7.75,-1.5576
-0.838694,7.93,-1.56724
-0.838694,8.11,-1.55696
-0.838694,8.29,-1.52838
-0.838694,8.47,-1.48352
-0.838694,8.65,-1.42456
-0.838694,8.83,-1.35381
-0.838694,9.01,-1.27427
-0.838694,9.19,-1.18797
-0.838694,9.37,-1.09641
-0.838694,9.55,-1.00155
-0.838694,9.73,-0.905165
-0.838694,9.91,-0.808799
-0.831406,1.09,0.175456
-0.831406,1.27,-0.192977
-0.831406,1.45,-0.181802
-0.831406,1.63,0.0213258
-0.831406,1.81,0.0388569
-0.831406,1.99,-0.126166
-0.831406,2.17,0.0100905
-0.831406,2.35,-0.00978952
-0.831406,2.53,-0.129632
-0.831406,2.71,0.00512696
-0.831406,2.89,0.140699
-0.831406,3.07,0.168872
-0.831406,3.25,0.0808526
-0.831406,3.43,-0.109844
-0.831406,3.61,-0.331409
-0.831406,3.79,-0.476056
-0.831406,3.97,-0.446544
-0.831406,4.15,-0.205311
-0.831406,4.33,0.201008
-0.831406,4.51,0.648471
-0.831406,4.69,1.00984
-0.831406,4.87,1.21349
-0.831406,5.05,1.25517
-0.831406,5.23,1.16793
-0.831406,5.41,0.992533
-0.831406,5.59,0.764261
-0.831406,5.77,0.508472
-0.831406,5.95,0.243854
-0.831406,6.13,-0.0180053
-0.831406,6.31,-0.26975
-0.831406,6.49,-0.507416
-0.831406,6.67,-0.727748
-0.831406,6.85,-0.928693
-0.831406,7.03,-1.10894
-0.831406,7.21,-1.26955
-0.831406,7.39,-1.40943
-0.831406,7.57,-1.52782
-0.831406,7.75,-1.62489
-0.831406,7.93,-1.70105
-0.831406,8.11,-1.75719
-0.831406,8.29,-1.79395
-0.831406,8.47,-1.81241
-0.831406,8.65,-1.81382
-0.831406,8.83,-1.7996
-0.831406,9.01,-1.77199
-0.831406,9.19,-1.73243
-0.831406,9.37,-1.68196
-0.831406,9.55,-1.62218
-0.831406,9.73,-1.55469
-0.831406,9.91,-1.48101
-0.824117,1.09,0.160358
-0.824117,1.27,-0.290742
-0.824117,1.45,-0.229416
-0.824117,1.63,-0.0526402
-0.824117,1.81,0.068887
-0.824117,1.99,-0.156034
-0.824117,2.17,0.0278472
-0.824117,2.35,-0.052331
-0.824117,2.53,-0.133201
-0.824117,2.71,0.033703
-0.824117,2.89,0.146418
-0.824117,3.07,0.144326
-0.824117,3.25,0.0493684
-0.824117,3.43,-0.128514
-0.824117,3.61,-0.33275
-0.824117,3.79,-0.466238
-0.824117,3.97,-0.436946
-0.824117,4.15,-0.208383
-0.824117,4.33,0.176287
-0.824117,4.51,0.601653
-0.824117,4.69,0.949057
-0.824117,4.87,1.14996
-0.824117,5.05,1.19838
-0.824117,5.23,1.12383
-0.824117,5.41,0.964032
-0.824117,5.59,0.752262
-0.824117,5.77,0.512848
-0.824117,5.95,0.263767
-0.824117,6.13,0.0163464
-0.824117,6.31,-0.222174
-0.824117,6.49,-0.44775
-0.824117,6.67,-0.657257
-0.824117,6.85,-0.84871
-0.824117,7.03,-1.02087
-0.824117,7.21,-1.17463
-0.824117,7.39,-1.30906
-0.824117,7.57,-1.42351
-0.824117,7.75,-1.51817
-0.824117,7.93,-1.59345
-0.824117,8.11,-1.65036
-0.824117,8.29,-1.68936
-0.824117,8.47,-1.71139
-0.824117,8.65,-1.71759
-0.824117,8.83,-1.70924
-0.824117,9.01,-1.68822
-0.824117,9.19,-1.65584
-0.824117,9.37,-1.61312
-0.824117,9.55,-1.56152
-0.824117,9.73,-1.50245
-0.824117,9.91,-1.43729
-0.816829,1.09,0.084314
-0.816829,1.27,-0.341214
-0.816829,1.45,-0.245116
-0.816829,1.63,-0.12267
-0.816829,1.81,0.0861263
-0.816829,1.99,-0.17329
-0.816829,2.17,0.0360101
-0.816829,2.35,-0.0932822
-0.816829,2.53,-0.124925
-0.816829,2.71,0.06011
-0.816829,2.89,0.144028
-0.816829,3.07,0.118153
-0.816829,3.25,0.0225264
-0.816829,3.43,-0.142581
-0.816829,3.61,-0.333447
-0.816829,3.79,-0.460191
-0.816829,3.97,-0.434259
-0.816829,4.15,-0.21963
-0.816829,4.33,0.144147
-0.816829,4.51,0.549631
-0.816829,4.69,0.885622
-0.816829,4.87,1.08584
-0.816829,5.05,1.14228
-0.816829,5.23,1.08113
-0.816829,5.41,0.937293
-0.816829,5.59,0.742282
-0.816829,5.77,0.519501
-0.816829,5.95,0.286274
-0.816829,6.13,0.0536687
-0.816829,6.31,-0.171201
-0.816829,6.49,-0.384243
-0.816829,6.67,-0.582477
-0.816829,6.85,-0.764
-0.816829,7.03,-0.927652
-0.816829,7.21,-1.07419
-0.816829,7.39,-1.20283
-0.816829,7.57,-1.31305
-0.816829,7.75,-1.40504
-0.816829,7.93,-1.47921
-0.816829,8.11,-1.53667
-0.816829,8.29,-1.5777
-0.816829,8.47,-1.60314
-0.816829,8.65,-1.61401
-0.816829,8.83,-1.61143
-0.816829,9.01,-1.59695
-0.816829,9.19,-1.57176
-0.816829,9.37,-1.53685
-0.816829,9.55,-1.4935
-0.816829,9.73,-1.44299
-0.816829,9.91,-1.38653
-0.809541,1.09,-0.0310683
-0.809541,1.27,-0.331421
-0.809541,1.45,-0.230715
-0.809541,1.63,-0.175431
-0.809541,1.81,0.0866966
-0.809541,1.99,-0.177544
-0.809541,2.17,0.0341994
-0.809541,2.35,-0.12698
-0.809541,2.53,-0.106862
-0.809541,2.71,0.0807037
-0.809541,2.89,0.133446
-0.809541,3.07,0.0918434
-0.809541,3.25,0.00111852
-0.809541,3.43,-0.151673
-0.809541,3.61,-0.332686
-0.809541,3.79,-0.456651
-0.809541,3.97,-0.437581
-0.809541,4.15,-0.239482
-0.809541,4.33,0.102316
-0.809541,4.51,0.488494
-0.809541,4.69,0.814687
-0.809541,4.87,1.01615
-0.809541,5.05,1.08245
-0.809541,5.23,1.03634
-0.809541,5.41,0.909976
-0.809541,5.59,0.733174
-0.809541,5.77,0.52846
-0.809541,5.95,0.31251
-0.809541,6.13,0.0961166
-0.809541,6.31,-0.11376
-0.809541,6.49,-0.313014
-0.809541,6.67,-0.498818
-0.809541,6.85,-0.66937
-0.809541,7.03,-0.823597
-0.809541,7.21,-0.962122
-0.809541,7.39,-1.0843
-0.809541,7.57,-1.18973
-0.809541,7.75,-1.27861
-0.809541,7.93,-1.35133
-0.809541,8.11,-1.40908
-0.809541,8.29,-1.45196
-0.809541,8.47,-1.48071
-0.809541,8.65,-1.49623
-0.809541,8.83,-1.49949
-0.809541,9.01,-1.49171
-0.809541,9.19,-1.47395
-0.809541,9.37,-1.44715
-0.809541,9.55,-1.41245
-0.809541,9.73,-1.37092
-0.809541,9.91,-1.32366
-0.802253,1.09,-0.150316
-0.802253,1.27,-0.279945
-0.802253,1.45,-0.187012
-0.802253,1.63,-0.209806
-0.802253,1.81,0.0753839
-0.802253,1.99,-0.16787
-0.802253,2.17,0.021745
-0.802253,2.35,-0.152743
-0.802253,2.53,-0.0828539
-0.802253,2.71,0.0971893
-0.802253,2.89,0.122646
-0.802253,3.07,0.0714913
-0.802253,3.25,-0.0154368
-0.802253,3.43,-0.160157
-0.802253,3.61,-0.33194
-0.802253,3.79,-0.447703
-0.802253,3.97,-0.425609
-0.802253,4.15,-0.233697
-0.802253,4.33,0.0922333
-0.802253,4.51,0.458295
-0.802253,4.69,0.76775
-0.802253,4.87,0.960358
-0.802253,5.05,1.02617
-0.802253,5.23,0.986139
-0.802253,5.41,0.870145
-0.802253,5.59,0.706177
-0.802253,5.77,0.515571
-0.802253,5.95,0.31402
-0.802253,6.13,0.111775
-0.802253,6.31,-0.084544
-0.802253,6.49,-0.270983
-0.802253,6.67,-0.444909
-0.802253,6.85,-0.604662
-0.802253,7.03,-0.749278
-0.802253,7.21,-0.87931
-0.802253,7.39,-0.994239
-0.802253,7.57,-1.09375
-0.802253,7.75,-1.17808
-0.802253,7.93,-1.2476
-0.802253,8.11,-1.30357
-0.802253,8.29,-1.34598
-0.802253,8.47,-1.37549
-0.802253,8.65,-1.39292
-0.802253,8.83,-1.39912
-0.802253,9.01,-1.39507
-0.802253,9.19,-1.38173
-0.802253,9.37,-1.36005
-0.802253,9.55,-1.33101
-0.802253,9.73,-1.2956
-0.802253,9.91,-1.25476
-0.794965,1.09,-0.241297
-0.794965,1.27,-0.199503
-0.794965,1.45,-0.127881
-0.794965,1.63,-0.220556
-0.794965,1.81,0.0534369
-0.794965,1.99,-0.149843
-0.794965,2.17,0.000211908
-0.794965,2.35,-0.167868
-0.794965,2.53,-0.055702
-0.794965,2.71,0.107011
-0.794965,2.89,0.109297
-0.794965,3.07,0.0545448
-0.794965,3.25,-0.0278855
-0.794965,3.43,-0.166802
-0.794965,3.61,-0.331317
-0.794965,3.79,-0.439701
-0.794965,3.97,-0.414834
-0.794965,4.15,-0.229236
-0.794965,4.33,0.0809008
-0.794965,4.51,0.427165
-0.794965,4.69,0.720188
-0.794965,4.87,0.904044
-0.794965,5.05,0.969299
-0.794965,5.23,0.935224
-0.794965,5.41,0.829559
-0.794965,5.59,0.678513
-0.794965,5.77,0.502217
-0.794965,5.95,0.31536
-0.794965,6.13,0.12761
-0.794965,6.31,-0.0547881
-0.794965,6.49,-0.228068
-0.794965,6.67,-0.3898
-0.794965,6.85,-0.538472
-0.794965,7.03,-0.673232
-0.794965,7.21,-0.794566
-0.794965,7.39,-0.902067
-0.794965,7.57,-0.995508
-0.794965,7.75,-1.07513
-0.794965,7.93,-1.14131
-0.794965,8.11,-1.19533
-0.794965,8.29,-1.23709
-0.794965,8.47,-1.26718
-0.794965,8.65,-1.2863
-0.794965,8.83,-1.29523
-0.794965,9.01,-1.29471
-0.794965,9.19,-1.28562
-0.794965,9.37,-1.26886
-0.794965,9.55,-1.24531
-0.794965,9.73,-1.21583
-0.794965,9.91,-1.18125
-0.787677,1.09,-0.28296
-0.787677,1.27,-0.110689
-0.787677,1.45,-0.0687652
-0.787677,1.63,-0.206883
-0.787677,1.81,0.0253073
-0.787677,1.99,-0.127896
-0.787677,2.17,-0.0266632
-0.787677,2.35,-0.170911
-0.787677,2.53,-0.0286184
-0.787677,2.71,0.109419
-0.787677,2.89,0.0943391
-0.787677,3.07,0.0409008
-0.787677,3.25,-0.0372737
-0.787677,3.43,-0.172455
-0.787677,3.61,-0.33115
-0.787677,3.79,-0.433053
-0.787677,3.97,-0.40651
-0.787677,4.15,-0.228534
-0.787677,4.33,0.0650263
-0.787677,4.51,0.391679
-0.787677,4.69,0.669145
-0.787677,4.87,0.845369
-0.787677,5.05,0.911128
-0.787677,5.23,0.883954
-0.787677,5.41,0.789481
-0.787677,5.59,0.652167
-0.787677,5.77,0.490949
-0.787677,5.95,0.31951
-0.787677,6.13,0.146921
-0.787677,6.31,-0.020961
-0.787677,6.49,-0.180577
-0.787677,6.67,-0.329699
-0.787677,6.85,-0.466962
-0.787677,7.03,-0.59162
-0.787677,7.21,-0.704088
-0.787677,7.39,-0.804057
-0.787677,7.57,-0.891376
-0.787677,7.75,-0.966289
-0.787677,7.93,-1.02915
-0.787677,8.11,-1.08125
-0.787677,8.29,-1.12239
-0.787677,8.47,-1.15308
-0.787677,8.65,-1.17394
-0.787677,8.83,-1.18565
-0.787677,9.01,-1.18874
-0.787677,9.19,-1.18397
-0.787677,9.37,-1.17222
-0.787677,9.55,-1.15426
-0.787677,9.73,-1.13082
-0.787677,9.91,-1.10263
-0.780389,1.09,-0.278098
-0.780389,1.27,-0.0347967
-0.780389,1.45,-0.0200554
-0.780389,1.63,-0.174592
-0.780389,1.81,-0.00298092
-0.780389,1.99,-0.104904
-0.780389,2.17,-0.0537567
-0.780389,2.35,-0.163829
-0.780389,2.53,-0.00515008
-0.780389,2.71,0.105959
-0.780389,2.89,0.0806386
-0.780389,3.07,0.0313069
-0.780389,3.25,-0.0441474
-0.780389,3.43,-0.176719
-0.780389,3.61,-0.328724
-0.780389,3.79,-0.422432
-0.780389,3.97,-0.393085
-0.780389,4.15,-0.222769
-0.780389,4.33,0.0531208
-0.780389,4.51,0.358335
-0.780389,4.69,0.618028
-0.780389,4.87,0.784479
-0.780389,5.05,0.849051
-0.780389,5.23,0.827694
-0.780389,5.41,0.743911
-0.780389,5.59,0.620278
-0.780389,5.77,0.474391
-0.780389,5.95,0.318809
-0.780389,6.13,0.161914
-0.780389,6.31,0.00911116
-0.780389,6.49,-0.136293
-0.780389,6.67,-0.272281
-0.780389,6.85,-0.397637
-0.780389,7.03,-0.511715
-0.780389,7.21,-0.614864
-0.780389,7.39,-0.706857
-0.780389,7.57,-0.787603
-0.780389,7.75,-0.857335
-0.780389,7.93,-0.916387
-0.780389,8.11,-0.96601
-0.780389,8.29,-1.00595
-0.780389,8.47,-1.03664
-0.780389,8.65,-1.05862
-0.780389,8.83,-1.07246
-0.780389,9.01,-1.07851
-0.780389,9.19,-1.07744
-0.780389,9.37,-1.07009
-0.780389,9.55,-1.05711
-0.780389,9.73,-1.03913
-0.780389,9.91,-1.01678
-0.773101,1.09,-0.231766
-0.773101,1.27,0.0136372
-0.773101,1.45,0.0132882
-0.773101,1.63,-0.136374
-0.773101,1.81,-0.0233059
-0.773101,1.99,-0.085096
-0.773101,2.17,-0.0804798
-0.773101,2.35,-0.151591
-0.773101,2.53,0.0141743
-0.773101,2.71,0.10145
-0.773101,2.89,0.0716398
-0.773101,3.07,0.0254974
-0.773101,3.25,-0.0507231
-0.773101,3.43,-0.18157
-0.773101,3.61,-0.324285
-0.773101,3.79,-0.405194
-0.773101,3.97,-0.368096
-0.773101,4.15,-0.201564
-0.773101,4.33,0.0581759
-0.773101,4.51,0.340494
-0.773101,4.69,0.578468
-0.773101,4.87,0.729956
-0.773101,5.05,0.78816
-0.773101,5.23,0.768144
-0.773101,5.41,0.69147
-0.773101,5.59,0.578744
-0.773101,5.77,0.44604
-0.773101,5.95,0.304642
-0.773101,6.13,0.162117
-0.773101,6.31,0.0233396
-0.773101,6.49,-0.108704
-0.773101,6.67,-0.232218
-0.773101,6.85,-0.346145
-0.773101,7.03,-0.44994
-0.773101,7.21,-0.54391
-0.773101,7.39,-0.627892
-0.773101,7.57,-0.701838
-0.773101,7.75,-0.765977
-0.773101,7.93,-0.820615
-0.773101,8.11,-0.866978
-0.773101,8.29,-0.904758
-0.773101,8.47,-0.934326
-0.773101,8.65,-0.95615
-0.773101,8.83,-0.970729
-0.773101,9.01,-0.978274
-0.773101,9.19,-0.97937
-0.773101,9.37,-0.974831
-0.773101,9.55,-0.965213
-0.773101,9.73,-0.951067
-0.773101,9.91,-0.932937
-0.765813,1.09,-0.160794
-0.765813,1.27,0.0328764
-0.765813,1.45,0.0267102
-0.765813,1.63,-0.0952793
-0.765813,1.81,-0.034616
-0.765813,1.99,-0.0710728
-0.765813,2.17,-0.101999
-0.765813,2.35,-0.133555
-0.765813,2.53,0.0282492
-0.765813,2.71,0.0943978
-0.765813,2.89,0.0645479
-0.765813,3.07,0.0210513
-0.765813,3.25,-0.0572103
-0.765813,3.43,-0.185556
-0.765813,3.61,-0.317217
-0.765813,3.79,-0.384473
-0.765813,3.97,-0.340394
-0.765813,4.15,-0.179465
-0.765813,4.33,0.0622988
-0.765813,4.51,0.32052
-0.765813,4.69,0.536205
-0.765813,4.87,0.672611
-0.765813,5.05,0.724597
-0.765813,5.23,0.706224
-0.765813,5.41,0.637047
-0.765813,5.59,0.535647
-0.765813,5.77,0.416527
-0.765813,5.95,0.289679
-0.765813,6.13,0.161843
-0.765813,6.31,0.037356
-0.765813,6.49,-0.0811227
-0.765813,6.67,-0.192011
-0.765813,6.85,-0.2944
-0.765813,7.03,-0.387833
-0.765813,7.21,-0.472568
-0.765813,7.39,-0.548495
-0.765813,7.57,-0.615598
-0.765813,7.75,-0.674087
-0.765813,7.93,-0.72424
-0.765813,8.11,-0.767227
-0.765813,8.29,-0.802702
-0.765813,8.47,-0.830976
-0.765813,8.65,-0.852451
-0.765813,8.83,-0.867551
-0.765813,9.01,-0.876364
-0.765813,9.19,-0.879399
-0.765813,9.37,-0.877426
-0.765813,9.55,-0.870921
-0.765813,9.73,-0.860355
-0.765813,9.91,-0.846192
-0.758525,1.09,-0.0893713
-0.758525,1.27,0.0299015
-0.758525,1.45,0.0225752
-0.758525,1.63,-0.0572643
-0.758525,1.81,-0.0359714
-0.758525,1.99,-0.0637646
-0.758525,2.17,-0.114879
-0.758525,2.35,-0.111632
-0.758525,2.53,0.03648
-0.758525,2.71,0.08544
-0.758525,2.89,0.0585921
-0.758525,3.07,0.016582
-0.758525,3.25,-0.06405
-0.758525,3.43,-0.187935
-0.758525,3.61,-0.306449
-0.758525,3.79,-0.359822
-0.758525,3.97,-0.310613
-0.758525,4.15,-0.158135
-0.758525,4.33,0.0631872
-0.758525,4.51,0.295969
-0.758525,4.69,0.48907
-0.758525,4.87,0.61082
-0.758525,5.05,0.657365
-0.758525,5.23,0.641535
-0.758525,5.41,0.580756
-0.758525,5.59,0.491518
-0.758525,5.77,0.386709
-0.758525,5.95,0.275038
-0.758525,6.13,0.162417
-0.758525,6.31,0.0526475
-0.758525,6.49,-0.0519304
-0.758525,6.67,-0.149934
-0.758525,6.85,-0.240588
-0.758525,7.03,-0.323509
-0.758525,7.21,-0.3989
-0.758525,7.39,-0.466689
-0.758525,7.57,-0.526878
-0.758525,7.75,-0.579654
-0.758525,7.93,-0.625255
-0.758525,8.11,-0.664768
-0.758525,8.29,-0.697826
-0.758525,8.47,-0.724681
-0.758525,8.65,-0.745667
-0.758525,8.83,-0.761137
-0.758525,9.01,-0.771075
-0.758525,9.19,-0.775913
-0.758525,9.37,-0.776365
-0.758525,9.55,-0.772828
-0.758525,9.73,-0.765696
-0.758525,9.91,-0.755356
-0.751237,1.09,-0.0364671
-0.751237,1.27,0.0153483
-0.751237,1.45,0.00983705
-0.751237,1.63,-0.0279543
-0.751237,1.81,-0.0285612
-0.751237,1.99,-0.0612185
-0.751237,2.17,-0.117561
-0.751237,2.35,-0.0891235
-0.751237,2.53,0.0390824
-0.751237,2.71,0.0757978
-0.751237,2.89,0.0532909
-0.751237,3.07,0.0113341
-0.751237,3.25,-0.0707033
-0.751237,3.43,-0.186884
-0.751237,3.61,-0.289683
-0.751237,3.79,-0.328995
-0.751237,3.97,-0.276625
-0.751237,4.15,-0.135509
-0.751237,4.33,0.062677
-0.751237,4.51,0.26812
-0.751237,4.69,0.437531
-0.751237,4.87,0.544181
-0.751237,5.05,0.585303
-0.751237,5.23,0.572311
-0.751237,5.41,0.520374
-0.751237,5.59,0.443791
-0.751237,5.77,0.353766
-0.751237,5.95,0.257706
-0.751237,6.13,0.160685
-0.751237,6.31,0.0659707
-0.751237,6.49,-0.0244207
-0.751237,6.67,-0.109293
-0.751237,6.85,-0.18799
-0.751237,7.03,-0.260189
-0.751237,7.21,-0.326038
-0.751237,7.39,-0.385486
-0.751237,7.57,-0.438545
-0.751237,7.75,-0.48537
-0.751237,7.93,-0.526157
-0.751237,8.11,-0.561885
-0.751237,8.29,-0.592184
-0.751237,8.47,-0.617251
-0.751237,8.65,-0.637355
-0.751237,8.83,-0.652781
-0.751237,9.01,-0.663433
-0.751237,9.19,-0.669669
-0.751237,9.37,-0.672136
-0.751237,9.55,-0.671156
-0.751237,9.73,-0.667052
-0.751237,9.91,-0.660141
-0.743949,1.09,-0.00374202
-0.743949,1.27,0.0044832
-0.743949,1.45,-0.00764076
-0.743949,1.63,-0.00867268
-0.743949,1.81,-0.0147445
-0.743949,1.99,-0.0624316
-0.743949,2.17,-0.113854
-0.743949,2.35,-0.0694637
-0.743949,2.53,0.0393167
-0.743949,2.71,0.0683019
-0.743949,2.89,0.0486273
-0.743949,3.07,0.00485308
-0.743949,3.25,-0.0764486
-0.743949,3.43,-0.180642
-0.743949,3.61,-0.264338
-0.743949,3.79,-0.288025
-0.743949,3.97,-0.232262
-0.743949,4.15,-0.103141
-0.743949,4.33,0.070485
-0.743949,4.51,0.246295
-0.743949,4.69,0.388889
-0.743949,4.87,0.477115
-0.743949,5.05,0.509773
-0.743949,5.23,0.497068
-0.743949,5.41,0.451931
-0.743949,5.59,0.386383
-0.743949,5.77,0.309811
-0.743949,5.95,0.228297
-0.743949,6.13,0.146029
-0.743949,6.31,0.0657106
-0.743949,6.49,-0.0109966
-0.743949,6.67,-0.0831059
-0.743949,6.85,-0.150077
-0.743949,7.03,-0.211647
-0.743949,7.21,-0.26795
-0.743949,7.39,-0.318944
-0.743949,7.57,-0.364632
-0.743949,7.75,-0.405138
-0.743949,7.93,-0.440621
-0.743949,8.11,-0.471906
-0.743949,8.29,-0.498668
-0.743949,8.47,-0.521062
-0.743949,8.65,-0.539304
-0.743949,8.83,-0.553624
-0.743949,9.01,-0.563883
-0.743949,9.19,-0.570377
-0.743949,9.37,-0.57368
-0.743949,9.55,-0.574056
-0.743949,9.73,-0.571768
-0.743949,9.91,-0.567077
-0.736661,1.09,0.00810193
-0.736661,1.27,0.00387427
-0.736661,1.45,-0.0246532
-0.736661,1.63,0.00334675
-0.736661,1.81,-0.000650913
-0.736661,1.99,-0.0635714
-0.736661,2.17,-0.100516
-0.736661,2.35,-0.0506879
-0.736661,2.53,0.0363546
-0.736661,2.71,0.0594148
-0.736661,2.89,0.0415862
-0.736661,3.07,-0.00320611
-0.736661,3.25,-0.0796102
-0.736661,3.43,-0.167641
-0.736661,3.61,-0.230972
-0.736661,3.79,-0.240929
-0.736661,3.97,-0.185531
-0.736661,4.15,-0.0724621
-0.736661,4.33,0.073452
-0.736661,4.51,0.217876
-0.736661,4.69,0.33311
-0.736661,4.87,0.403185
-0.736661,5.05,0.428042
-0.736661,5.23,0.416387
-0.736661,5.41,0.378783
-0.736661,5.59,0.324915
-0.736661,5.77,0.262336
-0.736661,5.95,0.195831
-0.736661,6.13,0.128723
-0.736661,6.31,0.0631635
-0.736661,6.49,0.000472494
-0.736661,6.67,-0.0585635
-0.736661,6.85,-0.113512
-0.736661,7.03,-0.164158
-0.736661,7.21,-0.210622
-0.736661,7.39,-0.252862
-0.736661,7.57,-0.29087
-0.736661,7.75,-0.324738
-0.736661,7.93,-0.354586
-0.736661,8.11,-0.381074
-0.736661,8.29,-0.40393
-0.736661,8.47,-0.423271
-0.736661,8.65,-0.439264
-0.736661,8.83,-0.452085
-0.736661,9.01,-0.461573
-0.736661,9.19,-0.467961
-0.736661,9.37,-0.471742
-0.736661,9.55,-0.473123
-0.736661,9.73,-0.47231
-0.736661,9.91,-0.469508
-0.729373,1.09,0.00271364
-0.729373,1.27,0.0138474
-0.729373,1.45,-0.035322
-0.729373,1.63,0.00988414
-0.729373,1.81,0.00798405
-0.729373,1.99,-0.0602529
-0.729373,2.17,-0.0778633
-0.729373,2.35,-0.0331824
-0.729373,2.53,0.0303712
-0.729373,2.71,0.0478679
-0.729373,2.89,0.0312825
-0.729373,3.07,-0.011679
-0.729373,3.25,-0.0775686
-0.729373,3.43,-0.145387
-0.729373,3.61,-0.188169
-0.729373,3.79,-0.1875
-0.729373,3.97,-0.137213
-0.729373,4.15,-0.0449808
-0.729373,4.33,0.0695422
-0.729373,4.51,0.180476
-0.729373,4.69,0.267644
-0.729373,4.87,0.319824
-0.729373,5.05,0.33762
-0.729373,5.23,0.327923
-0.729373,5.41,0.298773
-0.729373,5.59,0.257458
-0.729373,5.77,0.209657
-0.729373,5.95,0.158889
-0.729373,6.13,0.107623
-0.729373,6.31,0.0574668
-0.729373,6.49,0.00940919
-0.729373,6.67,-0.0359569
-0.729373,6.85,-0.0783007
-0.729373,7.03,-0.117454
-0.729373,7.21,-0.153509
-0.729373,7.39,-0.186428
-0.729373,7.57,-0.216191
-0.729373,7.75,-0.24286
-0.729373,7.93,-0.266516
-0.729373,8.11,-0.287651
-0.729373,8.29,-0.306053
-0.729373,8.47,-0.321802
-0.729373,8.65,-0.335015
-0.729373,8.83,-0.34582
-0.729373,9.01,-0.354053
-0.729373,9.19,-0.359889
-0.729373,9.37,-0.363721
-0.729373,9.55,-0.365702
-0.729373,9.73,-0.365983
-0.729373,9.91,-0.364715
-0.722085,1.09,-0.00849946
-0.722085,1.27,0.0229892
-0.722085,1.45,-0.0312874
-0.722085,1.63,0.0103374
-0.722085,1.81,0.00702845
-0.722085,1.99,-0.0474255
-0.722085,2.17,-0.0468787
-0.722085,2.35,-0.0176584
-0.722085,2.53,0.0205789
-0.722085,2.71,0.0320749
-0.722085,2.89,0.017817
-0.722085,3.07,-0.0175814
-0.722085,3.25,-0.0657362
-0.722085,3.43,-0.109637
-0.722085,3.61,-0.133167
-0.722085,3.79,-0.126882
-0.722085,3.97,-0.0885016
-0.722085,4.15,-0.0238876
-0.722085,4.33,0.0538763
-0.722085,4.51,0.128054
-0.722085,4.69,0.185874
-0.722085,4.87,0.220379
-0.722085,5.05,0.232221
-0.722085,5.23,0.226017
-0.722085,5.41,0.207029
-0.722085,5.59,0.180005
-0.722085,5.77,0.148672
-0.722085,5.95,0.115281
-0.722085,6.13,0.0814414
-0.722085,6.31,0.0482111
-0.722085,6.49,0.016246
-0.722085,6.67,-0.0140539
-0.722085,6.85,-0.0424598
-0.722085,7.03,-0.0688496
-0.722085,7.21,-0.0932752
-0.722085,7.39,-0.115704
-0.722085,7.57,-0.136113
-0.722085,7.75,-0.154531
-0.722085,7.93,-0.171004
-0.722085,8.11,-0.185843
-0.722085,8.29,-0.198903
-0.722085,8.47,-0.210232
-0.722085,8.65,-0.219897
-0.722085,8.83,-0.227977
-0.722085,9.01,-0.234336
-0.722085,9.19,-0.239083
-0.722085,9.37,-0.24249
-0.722085,9.55,-0.244653
-0.722085,9.73,-0.245666
-0.722085,9.91,-0.245627
-0.714797,1.09,-0.00916436
-0.714797,1.27,0.0134497
-0.714797,1.45,-0.0133212
-0.714797,1.63,0.00483307
-0.714797,1.81,-0.000131996
-0.714797,1.99,-0.0209129
-0.714797,2.17,-0.0146659
-0.714797,2.35,-0.0050965
-0.714797,2.53,0.00792857
-0.714797,2.71,0.0120639
-0.714797,2.89,0.00442875
-0.714797,3.07,-0.0126909
-0.714797,3.25,-0.033231
-0.714797,3.43,-0.0494949
-0.714797,3.61,-0.0560279
-0.714797,3.79,-0.0502406
-0.714797,3.97,-0.0320343
-0.714797,4.15,-0.00423067
-0.714797,4.33,0.0277444
-0.714797,4.51,0.0573447
-0.714797,4.69,0.0798451
-0.714797,4.87,0.0928362
-0.714797,5.05,0.096832
-0.714797,5.23,0.0937747
-0.714797,5.41,0.0857594
-0.714797,5.59,0.0746439
-0.714797,5.77,0.0618847
-0.714797,5.95,0.0483334
-0.714797,6.13,0.0346089
-0.714797,6.31,0.0211222
-0.714797,6.49,0.00812865
-0.714797,6.67,-0.00421384
-0.714797,6.85,-0.0158134
-0.714797,7.03,-0.0266193
-0.714797,7.21,-0.0366532
-0.714797,7.39,-0.0458995
-0.714797,7.57,-0.0543448
-0.714797,7.75,-0.0619982
-0.714797,7.93,-0.0688746
-0.714797,8.11,-0.0750982
-0.714797,8.29,-0.0806082
-0.714797,8.47,-0.0854204
-0.714797,8.65,-0.0895612
-0.714797,8.83,-0.0930594
-0.714797,9.01,-0.0958496
-0.714797,9.19,-0.097975
-0.714797,9.37,-0.0995524
-0.714797,9.55,-0.100619
-0.714797,9.73,-0.101214
-0.714797,9.91,-0.101374
-0.707509,1.09,0
-0.707509,1.27,0
-0.707509,1.45,0
-0.707509,1.63,0
-0.707509,1.81,0
-0.707509,1.99,0
-0.707509,2.17,0
-0.707509,2.35,0
-0.707509,2.53,0
-0.707509,2.71,0
-0.707509,2.89,0
-0.707509,3.07,0
-0.707509,3.25,0
-0.707509,3.43,0
-0.707509,3.61,0
-0.707509,3.79,0
-0.707509,3.97,0
-0.707509,4.15,0
-0.707509,4.33,0
-0.707509,4.51,0
-0.707509,4.69,0
-0.707509,4.87,0
-0.707509,5.05,0
-0.707509,5.23,0
-0.707509,5.41,0
-0.707509,5.59,0
-0.707509,5.77,0
-0.707509,5.95,0
-0.707509,6.13,0
-0.707509,6.31,0
-0.707509,6.49,0
-0.707509,6.67,0
-0.707509,6.85,0
-0.707509,7.03,0
-0.707509,7.21,0
-0.707509,7.39,0
-0.707509,7.57,0
-0.707509,7.75,0
-0.707509,7.93,0
-0.707509,8.11,0
-0.707509,8.29,0
-0.707509,8.47,0
-0.707509,8.65,0
-0.707509,8.83,0
-0.707509,9.01,0
-0.707509,9.19,0
-0.707509,9.37,0
-0.707509,9.55,0
-0.707509,9.73,0
-0.707509,9.91,0
-0.700221,1.09,0
-0.700221,1.27,0
-0.700221,1.45,0
-0.700221,1.63,0
-0.700221,1.81,0
-0.700221,1.99,0
-0.700221,2.17,0
-0.700221,2.35,0
-0.700221,2.53,0
-0.700221,2.71,0
-0.700221,2.89,0
-0.700221,3.07,0
-0.700221,3.25,0
-0.700221,3.43,0
-0.700221,3.61,0
-0.700221,3.79,0
-0.700221,3.97,0
-0.700221,4.15,0
-0.700221,4.33,0
-0.700221,4.51,0
-0.700221,4.69,0
-0.700221,4.87,0
-0.700221,5.05,0
-0.700221,5.23,0
-0.700221,5.41,0
-0.700221,5.59,0
-0.700221,5.77,0
-0.700221,5.95,0
-0.700221,6.13,0
-0.700221,6.31,0
-0.700221,6.49,0
-0.700221,6.67,0
-0.700221,6.85,0
-0.700221,7.03,0
-0.700221,7.21,0
-0.700221,7.39,0
-0.700221,7.57,0
-0.700221,7.75,0
-0.700221,7.93,0
-0.700221,8.11,0
-0.700221,8.29,0
-0.700221,8.47,0
-0.700221,8.65,0
-0.700221,8.83,0
-0.700221,9.01,0
-0.700221,9.19,0
-0.700221,9.37,0
-0.700221,9.55,0
-0.700221,9.73,0
-0.700221,9.91,0
-0.692933,1.09,0
-0.692933,1.27,0
-0.692933,1.45,0
-0.692933,1.63,0
-0.692933,1.81,0
-0.692933,1.99,0
-0.692933,2.17,0
-0.692933,2.35,0
-0.692933,2.53,0
-0.692933,2.71,0
-0.692933,2.89,0
-0.692933,3.07,0
-0.692933,3.25,0
-0.692933,3.43,0
-0.692933,3.61,0
-0.692933,3.79,0
-0.692933,3.97,0
-0.692933,4.15,0
-0.692933,4.33,0
-0.692933,4.51,0
-0.692933,4.69,0
-0.692933,4.87,0
-0.692933,5.05,0
-0.692933,5.23,0
-0.692933,5.41,0
-0.692933,5.59,0
-0.692933,5.77,0
-0.692933,5.95,0
-0.692933,6.13,0
-0.692933,6.31,0
-0.692933,6.49,0
-0.692933,6.67,0
-0.692933,6.85,0
-0.692933,7.03,0
-0.692933,7.21,0
-0.692933,7.39,0
-0.692933,7.57,0
-0.692933,7.75,0
-0.692933,7.93,0
-0.692933,8.11,0
-0.692933,8.29,0
-0.692933,8.47,0
-0.692933,8.65,0
-0.692933,8.83,0
-0.692933,9.01,0
-0.692933,9.19,0
-0.692933,9.37,0
-0.692933,9.55,0
-0.692933,9.73,0
-0.692933,9.91,0
-0.685645,1.09,0
-0.685645,1.27,0
-0.685645,1.45,0
-0.685645,1.63,0
-0.685645,1.81,0
-0.685645,1.99,0
-0.685645,2.17,0
-0.685645,2.35,0
-0.685645,2.53,0
-0.685645,2.71,0
-0.685645,2.89,0
-0.685645,3.07,0
-0.685645,3.25,0
-0.685645,3.43,0
-0.685645,3.61,0
-0.685645,3.79,0
-0.685645,3.97,0
-0.685645,4.15,0
-0.685645,4.33,0
-0.685645,4.51,0
-0.685645,4.69,0
-0.685645,4.87,0
-0.685645,5.05,0
-0.685645,5.23,0
-0.685645,5.41,0
-0.685645,5.59,0
-0.685645,5.77,0
-0.685645,5.95,0
-0.685645,6.13,0
-0.685645,6.31,0
-0.685645,6.49,0
-0.685645,6.67,0
-0.685645,6.85,0
-0.685645,7.03,0
-0.685645,7.21,0
-0.685645,7.39,0
-0.685645,7.57,0
-0.685645,7.75,0
-0.685645,7.93,0
-0.685645,8.11,0
-0.685645,8.29,0
-0.685645,8.47,0
-0.685645,8.65,0
-0.685645,8.83,0
-0.685645,9.01,0
-0.685645,9.19,0
-0.685645,9.37,0
-0.685645,9.55,0
-0.685645,9.73,0
-0.685645,9.91,0
-0.678356,1.09,0
-0.678356,1.27,0
-0.678356,1.45,0
-0.678356,1.63,0
-0.678356,1.81,0
-0.678356,1.99,0
-0.678356,2.17,0
-0.678356,2.35,0
-0.678356,2.53,0
-0.678356,2.71,0
-0.678356,2.89,0
-0.678356,3.07,0
-0.678356,3.25,0
-0.678356,3.43,0
-0.678356,3.61,0
-0.678356,3.79,0
-0.678356,3.97,0
-0.678356,4.15,0
-0.678356,4.33,0
-0.678356,4.51,0
-0.678356,4.69,0
-0.678356,4.87,0
-0.678356,5.05,0
-0.678356,5.23,0
-0.678356,5.41,0
-0.678356,5.59,0
-0.678356,5.77,0
-0.678356,5.95,0
-0.678356,6.13,0
-0.678356,6.31,0
-0.678356,6.49,0
-0.678356,6.67,0
-0.678356,6.85,0
-0.678356,7.03,0
-0.678356,7.21,0
-0.678356,7.39,0
-0.678356,7.57,0
-0.678356,7.75,0
-0.678356,7.93,0
-0.678356,8.11,0
-0.678356,8.29,0
-0.678356,8.47,0
-0.678356,8.65,0
-0.678356,8.83,0
-0.678356,9.01,0
-0.678356,9.19,0
-0.678356,9.37,0
-0.678356,9.55,0
-0.678356,9.73,0
-0.678356,9.91,0
-0.671068,1.09,0
-0.671068,1.27,0
-0.671068,1.45,0
-0.671068,1.63,0
-0.671068,1.81,0
-0.671068,1.99,0
-0.671068,2.17,0
-0.671068,2.35,0
-0.671068,2.53,0
-0.671068,2.71,0
-0.671068,2.89,0
-0.671068,3.07,0
-0.671068,3.25,0
-0.671068,3.43,0
-0.671068,3.61,0
-0.671068,3.79,0
-0.671068,3.97,0
-0.671068,4.15,0
-0.671068,4.33,0
-0.671068,4.51,0
-0.671068,4.69,0
-0.671068,4.87,0
-0.671068,5.05,0
-0.671068,5.23,0
-0.671068,5.41,0
-0.671068,5.59,0
-0.671068,5.77,0
-0.671068,5.95,0
-0.671068,6.13,0
-0.671068,6.31,0
-0.671068,6.49,0
-0.671068,6.67,0
-0.671068,6.85,0
-0.671068,7.03,0
-0.671068,7.21,0
-0.671068,7.39,0
-0.671068,7.57,0
-0.671068,7.75,0
-0.671068,7.93,0
-0.671068,8.11,0
-0.671068,8.29,0
-0.671068,8.47,0
-0.671068,8.65,0
-0.671068,8.83,0
-0.671068,9.01,0
-0.671068,9.19,0
-0.671068,9.37,0
-0.671068,9.55,0
-0.671068,9.73,0
-0.671068,9.91,0
-0.66378,1.09,0
-0.66378,1.27,0
-0.66378,1.45,0
-0.66378,1.63,0
-0.66378,1.81,0
-0.66378,1.99,0
-0.66378,2.17,0
-0.66378,2.35,0
-0.66378,2.53,0
-0.66378,2.71,0
-0.66378,2.89,0
-0.66378,3.07,0
-0.66378,3.25,0
-0.66378,3.43,0
-0.66378,3.61,0
-0.66378,3.79,0
-0.66378,3.97,0
-0.66378,4.15,0
-0.66378,4.33,0
-0.66378,4.51,0
-0.66378,4.69,0
-0.66378,4.87,0
-0.66378,5.05,0
-0.66378,5.23,0
-0.66378,5.41,0
-0.66378,5.59,0
-0.66378,5.77,0
-0.66378,5.95,0
-0.66378,6.13,0
-0.66378,6.31,0
-0.66378,6.49,0
-0.66378,6.67,0
-0.66378,6.85,0
-0.66378,7.03,0
-0.66378,7.21,0
-0.66378,7.39,0
-0.66378,7.57,0
-0.66378,7.75,0
-0.66378,7.93,0
-0.66378,8.11,0
-0.66378,8.29,0
-0.66378,8.47,0
-0.66378,8.65,0
-0.66378,8.83,0
-0.66378,9.01,0
-0.66378,9.19,0
-0.66378,9.37,0
-0.66378,9.55,0
-0.66378,9.73,0
-0.66378,9.91,0
-0.656492,1.09,0
-0.656492,1.27,0
-0.656492,1.45,0
-0.656492,1.63,0
-0.656492,1.81,0
-0.656492,1.99,0
-0.656492,2.17,0
-0.656492,2.35,0
-0.656492,2.53,0
-0.656492,2.71,0
-0.656492,2.89,0
-0.656492,3.07,0
-0.656492,3.25,0
-0.656492,3.43,0
-0.656492,3.61,0
-0.656492,3.79,0
-0.656492,3.97,0
-0.656492,4.15,0
-0.656492,4.33,0
-0.656492,4.51,0
-0.656492,4.69,0
-0.656492,4.87,0
-0.656492,5.05,0
-0.656492,5.23,0
-0.656492,5.41,0
-0.656492,5.59,0
-0.656492,5.77,0
-0.656492,5.95,0
-0.656492,6.13,0
-0.656492,6.31,0
-0.656492,6.49,0
-0.656492,6.67,0
-0.656492,6.85,0
-0.656492,7.03,0
-0.656492,7.21,0
-0.656492,7.39,0
-0.656492,7.57,0
-0.656492,7.75,0
-0.656492,7.93,0
-0.656492,8.11,0
-0.656492,8.29,0
-0.656492,8.47,0
-0.656492,8.65,0
-0.656492,8.83,0
-0.656492,9.01,0
-0.656492,9.19,0
-0.656492,9.37,0
-0.656492,9.55,0
-0.656492,9.73,0
-0.656492,9.91,0
-0.649204,1.09,0
-0.649204,1.27,0
-0.649204,1.45,0
-0.649204,1.63,0
-0.649204,1.81,0
-0.649204,1.99,0
-0.649204,2.17,0
-0.649204,2.35,0
-0.649204,2.53,0
-0.649204,2.71,0
-0.649204,2.89,0
-0.649204,3.07,0
-0.649204,3.25,0
-0.649204,3.43,0
-0.649204,3.61,0
-0.649204,3.79,0
-0.649204,3.97,0
-0.649204,4.15,0
-0.649204,4.33,0
-0.649204,4.51,0
-0.649204,4.69,0
-0.649204,4.87,0
-0.649204,5.05,0
-0.649204,5.23,0
-0.649204,5.41,0
-0.649204,5.59,0
-0.649204,5.77,0
-0.649204,5.95,0
-0.649204,6.13,0
-0.649204,6.31,0
-0.649204,6.49,0
-0.649204,6.67,0
-0.649204,6.85,0
-0.649204,7.03,0
-0.649204,7.21,0
-0.649204,7.39,0
-0.649204,7.57,0
-0.649204,7.75,0
-0.649204,7.93,0
-0.649204,8.11,0
-0.649204,8.29,0
-0.649204,8.47,0
-0.649204,8.65,0
-0.649204,8.83,0
-0.649204,9.01,0
-0.649204,9.19,0
-0.649204,9.37,0
-0.649204,9.55,0
-0.649204,9.73,0
-0.649204,9.91,0
-0.641916,1.09,0
-0.641916,1.27,0
-0.641916,1.45,0
-0.641916,1.63,0
-0.641916,1.81,0
-0.641916,1.99,0
-0.641916,2.17,0
-0.641916,2.35,0
-0.641916,2.53,0
-0.641916,2.71,0
-0.641916,2.89,0
-0.641916,3.07,0
-0.641916,3.25,0
-0.641916,3.43,0
-0.641916,3.61,0
-0.641916,3.79,0
-0.641916,3.97,0
-0.641916,4.15,0
-0.641916,4.33,0
-0.641916,4.51,0
-0.641916,4.69,0
-0.641916,4.87,0
-0.641916,5.05,0
-0.641916,5.23,0
-0.641916,5.41,0
-0.641916,5.59,0
-0.641916,5.77,0
-0.641916,5.95,0
-0.641916,6.13,0
-0.641916,6.31,0
-0.641916,6.49,0
-0.641916,6.67,0
-0.641916,6.85,0
-0.641916,7.03,0
-0.641916,7.21,0
-0.641916,7.39,0
-0.641916,7.57,0
-0.641916,7.75,0
-0.641916,7.93,0
-0.641916,8.11,0
-0.641916,8.29,0
-0.641916,8.47,0
-0.641916,8.65,0
-0.641916,8.83,0
-0.641916,9.01,0
-0.641916,9.19,0
-0.641916,9.37,0
-0.641916,9.55,0
-0.641916,9.73,0
-0.641916,9.91,0
-0.634628,1.09,0
-0.634628,1.27,0
-0.634628,1.45,0
-0.634628,1.63,0
-0.634628,1.81,0
-0.634628,1.99,0
-0.634628,2.17,0
-0.634628,2.35,0
-0.634628,2.53,0
-0.634628,2.71,0
-0.634628,2.89,0
-0.634628,3.07,0
-0.634628,3.25,0
-0.634628,3.43,0
-0.634628,3.61,0
-0.634628,3.79,0
-0.634628,3.97,0
-0.634628,4.15,0
-0.634628,4.33,0
-0.634628,4.51,0
-0.634628,4.69,0
-0.634628,4.87,0
-0.634628,5.05,0
-0.634628,5.23,0
-0.634628,5.41,0
-0.634628,5.59,0
-0.634628,5.77,0
-0.634628,5.95,0
-0.634628,6.13,0
-0.634628,6.31,0
-0.634628,6.49,0
-0.634628,6.67,0
-0.634628,6.85,0
-0.634628,7.03,0
-0.634628,7.21,0
-0.634628,7.39,0
-0.634628,7.57,0
-0.634628,7.75,0
-0.634628,7.93,0
-0.634628,8.11,0
-0.634628,8.29,0
-0.634628,8.47,0
-0.634628,8.65,0
-0.634628,8.83,0
-0.634628,9.01,0
-0.634628,9.19,0
-0.634628,9.37,0
-0.634628,9.55,0
-0.634628,9.73,0
-0.634628,9.91,0
-0.62734,1.09,0
-0.62734,1.27,0
-0.62734,1.45,0
-0.62734,1.63,0
-0.62734,1.81,0
-0.62734,1.99,0
-0.62734,2.17,0
-0.62734,2.35,0
-0.62734,2.53,0
-0.62734,2.71,0
-0.62734,2.89,0
-0.62734,3.07,0
-0.62734,3.25,0
-0.62734,3.43,0
-0.62734,3.61,0
-0.62734,3.79,0
-0.62734,3.97,0
-0.62734,4.15,0
-0.62734,4.33,0
-0.62734,4.51,0
-0.62734,4.69,0
-0.62734,4.87,0
-0.62734,5.05,0
-0.62734,5.23,0
-0.62734,5.41,0
-0.62734,5.59,0
-0.62734,5.77,0
-0.62734,5.95,0
-0.62734,6.13,0
-0.62734,6.31,0
-0.62734,6.49,0
-0.62734,6.67,0
-0.62734,6.85,0
-0.62734,7.03,0
-0.62734,7.21,0
-0.62734,7.39,0
-0.62734,7.57,0
-0.62734,7.75,0
-0.62734,7.93,0
-0.62734,8.11,0
-0.62734,8.29,0
-0.62734,8.47,0
-0.62734,8.65,0
-0.62734,8.83,0
-0.62734,9.01,0
-0.62734,9.19,0
-0.62734,9.37,0
-0.62734,9.55,0
-0.62734,9.73,0
-0.62734,9.91,0
