-0.983527,2.1,0.00263306
-0.983527,2.3,0.00303664
-0.983527,2.5,0.000508362
-0.983527,2.7,-0.004483
-0.983527,2.9,-0.00367097
-0.983527,3.1,0.00817172
-0.983527,3.3,0.0235696
-0.983527,3.5,0.0307336
-0.983527,3.7,0.0266329
-0.983527,3.9,0.0166896
-0.983527,4.1,0.00620185
-0.983527,4.3,-0.0030477
-0.983527,4.5,-0.0111916
-0.983527,4.7,-0.0182354
-0.983527,4.9,-0.0229318
-0.983527,5.1,-0.0240742
-0.983527,5.3,-0.0227076
-0.983527,5.5,-0.0207606
-0.983527,5.7,-0.0192099
-0.983527,5.9,-0.0182406
-0.983527,6.1,-0.0177801
-0.983527,6.3,-0.0177278
-0.983527,6.5,-0.0180075
-0.983527,6.7,-0.0185626
-0.983527,6.9,-0.0193319
-0.983527,7.1,-0.0202039
-0.983527,7.3,-0.0209336
-0.983527,7.5,-0.0210122
-0.983527,7.7,-0.0195898
-0.983527,7.9,-0.0158401
-0.983527,8.1,-0.0100449
-0.983527,8.3,-0.00402747
-0.983527,8.5,0.000467498
-0.983527,8.7,0.00307443
-0.983527,8.9,0.00428884
-0.983527,9.1,0.00468614
-0.983527,9.3,0.00465863
-0.983527,9.5,0.00442973
-0.983527,9.7,0.0041174
-0.983527,9.9,0.00378142
-0.974405,2.1,0.00342879
-0.974405,2.3,0.00354648
-0.974405,2.5,4.16324e-05
-0.974405,2.7,-0.00533867
-0.974405,2.9,-0.00231038
-0.974405,3.1,0.0134085
-0.974405,3.3,0.0310384
-0.974405,3.5,0.037002
-0.974405,3.7,0.0290783
-0.974405,3.9,0.014711
-0.974405,4.1,0.000546072
-0.974405,4.3,-0.0112165
-0.974405,4.5,-0.0204749
-0.974405,4.7,-0.0268249
-0.974405,4.9,-0.0292776
-0.974405,5.1,-0.0283292
-0.974405,5.3,-0.0262239
-0.974405,5.5,-0.0245706
-0.974405,5.7,-0.0237519
-0.974405,5.9,-0.0236531
-0.974405,6.1,-0.0241041
-0.974405,6.3,-0.0249857
-0.974405,6.5,-0.0262223
-0.974405,6.7,-0.0277468
-0.974405,6.9,-0.0294458
-0.974405,7.1,-0.031064
-0.974405,7.3,-0.0320402
-0.974405,7.5,-0.0313129
-0.974405,7.7,-0.0274198
-0.974405,7.9,-0.0195983
-0.974405,8.1,-0.00946744
-0.974405,8.3,-0.000335098
-0.974405,8.5,0.00578073
-0.974405,8.7,0.00899729
-0.974405,8.9,0.010278
-0.974405,9.1,0.0104778
-0.974405,9.3,0.0101367
-0.974405,9.5,0.00955354
-0.974405,9.7,0.00888403
-0.974405,9.9,0.00820585
-0.965284,2.1,0.00422024
-0.965284,2.3,0.00398333
-0.965284,2.5,-0.00035889
-0.965284,2.7,-0.00563689
-0.965284,2.9,-0.000186909
-0.965284,3.1,0.0185366
-0.965284,3.3,0.0367373
-0.965284,3.5,0.0399166
-0.965284,3.7,0.0273752
-0.965284,3.9,0.00872117
-0.965284,4.1,-0.00824085
-0.965284,4.3,-0.0209014
-0.965284,4.5,-0.0287797
-0.965284,4.7,-0.0314978
-0.965284,4.9,-0.0298354
-0.965284,5.1,-0.0267179
-0.965284,5.3,-0.0246459
-0.965284,5.5,-0.0241251
-0.965284,5.7,-0.0247483
-0.965284,5.9,-0.0260994
-0.965284,6.1,-0.0279372
-0.965284,6.3,-0.0301457
-0.965284,6.5,-0.0326598
-0.965284,6.7,-0.0353936
-0.965284,6.9,-0.0381443
-0.965284,7.1,-0.0404286
-0.965284,7.3,-0.041235
-0.965284,7.5,-0.0388485
-0.965284,7.7,-0.0314158
-0.965284,7.9,-0.0189707
-0.965284,8.1,-0.00495082
-0.965284,8.3,0.00635566
-0.965284,8.5,0.0133009
-0.965284,8.7,0.0166419
-0.965284,8.9,0.0177265
-0.965284,9.1,0.017592
-0.965284,9.3,0.0168651
-0.965284,9.5,0.0158871
-0.965284,9.7,0.0148347
-0.965284,9.9,0.0137955
-0.956163,2.1,0.00499596
-0.956163,2.3,0.00437463
-0.956163,2.5,-0.00063902
-0.956163,2.7,-0.00542925
-0.956163,2.9,0.00243223
-0.956163,3.1,0.0232531
-0.956163,3.3,0.0405871
-0.956163,3.5,0.0397727
-0.956163,3.7,0.0222947
-0.956163,3.9,-1.49479e-06
-0.956163,4.1,-0.018386
-0.956163,4.3,-0.029913
-0.956163,4.5,-0.0339191
-0.956163,4.7,-0.0310982
-0.956163,4.9,-0.0251654
-0.956163,5.1,-0.0208354
-0.956163,5.3,-0.0197015
-0.956163,5.5,-0.0209041
-0.956163,5.7,-0.0233567
-0.956163,5.9,-0.0264355
-0.956163,6.1,-0.0298733
-0.956163,6.3,-0.0335739
-0.956163,6.5,-0.0374821
-0.956163,6.7,-0.041474
-0.956163,6.9,-0.0452096
-0.956163,7.1,-0.0478936
-0.956163,7.3,-0.0479683
-0.956163,7.5,-0.0431129
-0.956163,7.7,-0.0315483
-0.956163,7.9,-0.0147732
-0.956163,8.1,0.00206692
-0.956163,8.3,0.0144897
-0.956163,8.5,0.0216067
-0.956163,8.7,0.0247528
-0.956163,8.9,0.0255172
-0.956163,9.1,0.0250226
-0.956163,9.3,0.0239288
-0.956163,9.5,0.0225935
-0.956163,9.7,0.0212012
-0.956163,9.9,0.0198433
-0.947041,2.1,0.00574309
-0.947041,2.3,0.00473807
-0.947041,2.5,-0.000775897
-0.947041,2.7,-0.00480529
-0.947041,2.9,0.00530488
-0.947041,3.1,0.0273711
-0.947041,3.3,0.0427124
-0.947041,3.5,0.0372126
-0.947041,3.7,0.0150844
-0.947041,3.9,-0.0097006
-0.947041,4.1,-0.027827
-0.947041,4.3,-0.0362515
-0.947041,4.5,-0.0347322
-0.947041,4.7,-0.0261911
-0.947041,4.9,-0.0173446
-0.947041,5.1,-0.01324
-0.947041,5.3,-0.0138395
-0.947041,5.5,-0.0171011
-0.947041,5.7,-0.0215129
-0.947041,5.9,-0.0263697
-0.947041,6.1,-0.0314257
-0.947041,6.3,-0.0366164
-0.947041,6.5,-0.0418877
-0.947041,6.7,-0.047048
-0.947041,6.9,-0.0515621
-0.947041,7.1,-0.0542366
-0.947041,7.3,-0.0529168
-0.947041,7.5,-0.0448664
-0.947041,7.7,-0.0289664
-0.947041,7.9,-0.00857346
-0.947041,8.1,0.00999124
-0.947041,8.3,0.0227316
-0.947041,8.5,0.0296264
-0.947041,8.7,0.0324371
-0.947041,8.9,0.0328666
-0.947041,9.1,0.0320541
-0.947041,9.3,0.030659
-0.947041,9.5,0.0290382
-0.947041,9.7,0.027377
-0.947041,9.9,0.0257671
-0.93792,2.1,0.00644797
-0.93792,2.3,0.00508229
-0.93792,2.5,-0.000770486
-0.93792,2.7,-0.00387189
-0.93792,2.9,0.00822524
-0.93792,3.1,0.0307926
-0.93792,3.3,0.0433777
-0.93792,3.5,0.033084
-0.93792,3.7,0.00719089
-0.93792,3.9,-0.0185614
-0.93792,4.1,-0.0347345
-0.93792,4.3,-0.0386229
-0.93792,4.5,-0.0312455
-0.93792,4.7,-0.0184306
-0.93792,4.9,-0.00887237
-0.93792,5.1,-0.00648759
-0.93792,5.3,-0.00945839
-0.93792,5.5,-0.0149611
-0.93792,5.7,-0.0213361
-0.93792,5.9,-0.0279196
-0.93792,6.1,-0.0345302
-0.93792,6.3,-0.0411413
-0.93792,6.5,-0.0476823
-0.93792,6.7,-0.0538491
-0.93792,6.9,-0.0588325
-0.93792,7.1,-0.0609412
-0.93792,7.3,-0.0574121
-0.93792,7.5,-0.0454104
-0.93792,7.7,-0.0250896
-0.93792,7.9,-0.00175403
-0.93792,8.1,0.0177706
-0.93792,8.3,0.0304006
-0.93792,8.5,0.0369224
-0.93792,8.7,0.0393809
-0.93792,8.9,0.0395139
-0.93792,9.1,0.0384422
-0.93792,9.3,0.03681
-0.93792,9.5,0.0349674
-0.93792,9.7,0.0330973
-0.93792,9.9,0.0312911
-0.928799,2.1,0.00709702
-0.928799,2.3,0.00540853
-0.928799,2.5,-0.000640028
-0.928799,2.7,-0.00273818
-0.928799,2.9,0.0110275
-0.928799,3.1,0.0334855
-0.928799,3.3,0.0429243
-0.928799,3.5,0.0282831
-0.928799,3.7,-2.87609e-05
-0.928799,3.9,-0.0250887
-0.928799,4.1,-0.0378841
-0.928799,4.3,-0.0366218
-0.928799,4.5,-0.0243757
-0.928799,4.7,-0.0097995
-0.928799,4.9,-0.00196359
-0.928799,5.1,-0.00265163
-0.928799,5.3,-0.00851862
-0.928799,5.5,-0.0164014
-0.928799,5.7,-0.0247373
-0.928799,5.9,-0.0330066
-0.928799,6.1,-0.0411272
-0.928799,6.3,-0.0491083
-0.928799,6.5,-0.0568299
-0.928799,6.7,-0.0638054
-0.928799,6.9,-0.0688341
-0.928799,7.1,-0.0696018
-0.928799,7.3,-0.0627773
-0.928799,7.5,-0.0458852
-0.928799,7.7,-0.0209433
-0.928799,7.9,0.00494588
-0.928799,8.1,0.0250789
-0.928799,8.3,0.0374839
-0.928799,8.5,0.0436433
-0.928799,8.7,0.045793
-0.928799,8.9,0.0456739
-0.928799,9.1,0.0443824
-0.928799,9.3,0.0425473
-0.928799,9.5,0.0405124
-0.928799,9.7,0.0384594
-0.928799,9.9,0.0364799
-0.919677,2.1,0.00767756
-0.919677,2.3,0.00571272
-0.919677,2.5,-0.000411326
-0.919677,2.7,-0.00150547
-0.919677,2.9,0.0135853
-0.919677,3.1,0.0354638
-0.919677,3.3,0.0417122
-0.919677,3.5,0.0236135
-0.919677,3.7,-0.00552677
-0.919677,3.9,-0.0283333
-0.919677,4.1,-0.0367846
-0.919677,4.3,-0.0306125
-0.919677,4.5,-0.0154718
-0.919677,4.7,-0.00208023
-0.919677,4.9,0.00175492
-0.919677,5.1,-0.00315626
-0.919677,5.3,-0.0123841
-0.919677,5.5,-0.0228179
-0.919677,5.7,-0.0331827
-0.919677,5.9,-0.0431809
-0.919677,6.1,-0.0528501
-0.919677,6.3,-0.0622189
-0.919677,6.5,-0.0710608
-0.919677,6.7,-0.0785938
-0.919677,6.9,-0.0830574
-0.919677,7.1,-0.0813724
-0.919677,7.3,-0.0697893
-0.919677,7.5,-0.0468324
-0.919677,7.7,-0.0169066
-0.919677,7.9,0.0114337
-0.919677,8.1,0.0321319
-0.919677,8.3,0.0443873
-0.919677,8.5,0.0502745
-0.919677,8.7,0.0521754
-0.919677,8.9,0.0518348
-0.919677,9.1,0.0503342
-0.919677,9.3,0.0482954
-0.919677,9.5,0.0460614
-0.919677,9.7,0.0438152
-0.919677,9.9,0.0416508
-0.910556,2.1,0.00817856
-0.910556,2.3,0.00598757
-0.910556,2.5,-0.000115266
-0.910556,2.7,-0.000261282
-0.910556,2.9,0.0158082
-0.910556,3.1,0.0367716
-0.910556,3.3,0.0400736
-0.910556,3.5,0.019688
-0.910556,3.7,-0.00867434
-0.910556,3.9,-0.0279419
-0.910556,4.1,-0.0315992
-0.910556,4.3,-0.02146
-0.910556,4.5,-0.00592681
-0.910556,4.7,0.00340003
-0.910556,4.9,0.00131531
-0.910556,5.1,-0.00875265
-0.910556,5.3,-0.0217718
-0.910556,5.5,-0.0349906
-0.910556,5.7,-0.0475551
-0.910556,5.9,-0.0594377
-0.910556,6.1,-0.0707978
-0.910556,6.3,-0.0816427
-0.910556,6.5,-0.091545
-0.910556,6.7,-0.0992598
-0.910556,6.9,-0.102247
-0.910556,7.1,-0.0965604
-0.910556,7.3,-0.0783963
-0.910556,7.5,-0.0481074
-0.910556,7.7,-0.0128252
-0.910556,7.9,0.0179885
-0.910556,8.1,0.0393463
-0.910556,8.3,0.0515993
-0.910556,8.5,0.0573284
-0.910556,8.7,0.0590422
-0.910556,8.9,0.0585008
-0.910556,9.1,0.0567867
-0.910556,9.3,0.0545252
-0.910556,9.5,0.0520649
-0.910556,9.7,0.0495946
-0.910556,9.9,0.0472128
-0.901435,2.1,0.00859127
-0.901435,2.3,0.00622453
-0.901435,2.5,0.000217285
-0.901435,2.7,0.000923557
-0.901435,2.9,0.0176383
-0.901435,3.1,0.0374702
-0.901435,3.3,0.0382804
-0.901435,3.5,0.0168847
-0.901435,3.7,-0.00926246
-0.901435,3.9,-0.0240715
-0.901435,4.1,-0.0229574
-0.901435,4.3,-0.0102561
-0.901435,4.5,0.00306277
-0.901435,4.7,0.00584158
-0.901435,4.9,-0.00362261
-0.901435,5.1,-0.0195524
-0.901435,5.3,-0.0367543
-0.901435,5.5,-0.0530487
-0.901435,5.7,-0.0680789
-0.901435,5.9,-0.082103
-0.901435,6.1,-0.0953772
-0.901435,6.3,-0.107815
-0.901435,6.5,-0.118643
-0.901435,6.7,-0.12593
-0.901435,6.9,-0.126124
-0.901435,7.1,-0.114457
-0.901435,7.3,-0.0877518
-0.901435,7.5,-0.0490935
-0.901435,7.7,-0.00831865
-0.901435,7.9,0.0249237
-0.901435,8.1,0.0470275
-0.901435,8.3,0.0594187
-0.901435,8.5,0.0651009
-0.901435,8.7,0.0666925
-0.901435,8.9,0.0659788
-0.901435,9.1,0.0640546
-0.901435,9.3,0.0615578
-0.901435,9.5,0.0588489
-0.901435,9.7,0.0561265
-0.901435,9.9,0.0534956
-0.892313,2.1,0.00890959
-0.892313,2.3,0.00641521
-0.892313,2.5,0.000558294
-0.892313,2.7,0.00199565
-0.892313,2.9,0.0190451
-0.892313,3.1,0.0376295
-0.892313,3.3,0.0365279
-0.892313,3.5,0.0153524
-0.892313,3.7,-0.00742785
-0.892313,3.9,-0.0172399
-0.892313,4.1,-0.0117512
-0.892313,4.3,0.00188881
-0.892313,4.5,0.0106081
-0.892313,4.7,0.00495014
-0.892313,4.9,-0.0128438
-0.892313,5.1,-0.0350916
-0.892313,5.3,-0.0568004
-0.892313,5.5,-0.0764843
-0.892313,5.7,-0.094304
-0.892313,5.9,-0.110784
-0.892313,6.1,-0.126219
-0.892313,6.3,-0.140315
-0.892313,6.5,-0.151759
-0.892313,6.7,-0.15767
-0.892313,6.9,-0.153324
-0.892313,7.1,-0.133464
-0.892313,7.3,-0.0965319
-0.892313,7.5,-0.0490621
-0.892313,7.7,-0.00308712
-0.892313,7.9,0.0323517
-0.892313,8.1,0.0551993
-0.892313,8.3,0.0678236
-0.892313,8.5,0.0735577
-0.892313,8.7,0.0751023
-0.892313,8.9,0.0742665
-0.892313,9.1,0.0721626
-0.892313,9.3,0.0694459
-0.892313,9.5,0.0664925
-0.892313,9.7,0.0635137
-0.892313,9.9,0.0606239
-0.883192,2.1,0.00913029
-0.883192,2.3,0.00655258
-0.883192,2.5,0.000884268
-0.883192,2.7,0.00291832
-0.883192,2.9,0.0200216
-0.883192,3.1,0.0373213
-0.883192,3.3,0.0349339
-0.883192,3.5,0.0150502
-0.883192,3.7,-0.00354599
-0.883192,3.9,-0.00817003
-0.883192,4.1,0.00103271
-0.883192,4.3,0.0139747
-0.883192,4.5,0.0161561
-0.883192,4.7,0.000870967
-0.883192,4.9,-0.0256741
-0.883192,5.1,-0.0544255
-0.883192,5.3,-0.0808583
-0.883192,5.5,-0.104219
-0.883192,5.7,-0.125152
-0.883192,5.9,-0.144392
-0.883192,6.1,-0.162179
-0.883192,6.3,-0.177854
-0.883192,6.5,-0.189329
-0.883192,6.7,-0.192532
-0.883192,6.9,-0.181597
-0.883192,7.1,-0.151486
-0.883192,7.3,-0.103385
-0.883192,7.5,-0.0474908
-0.883192,7.7,0.00291646
-0.883192,7.9,0.0401097
-0.883192,8.1,0.0635892
-0.883192,8.3,0.0764845
-0.883192,8.5,0.082352
-0.883192,8.7,0.0839349
-0.883192,8.9,0.0830535
-0.883192,9.1,0.0808343
-0.883192,9.3,0.0779499
-0.883192,9.5,0.0747932
-0.883192,9.7,0.0715895
-0.883192,9.9,0.0684642
-0.874071,2.1,0.00925298
-0.874071,2.3,0.00663162
-0.874071,2.5,0.00117706
-0.874071,2.7,0.00367003
-0.874071,2.9,0.0205798
-0.874071,3.1,0.0366152
-0.874071,3.3,0.0335476
-0.874071,3.5,0.0158037
-0.874071,3.7,0.0018755
-0.874071,3.9,0.00233808
-0.874071,4.1,0.0144302
-0.874071,4.3,0.0251794
-0.874071,4.5,0.0194703
-0.874071,4.7,-0.00590037
-0.874071,4.9,-0.0410984
-0.874071,5.1,-0.0762549
-0.874071,5.3,-0.107483
-0.874071,5.5,-0.134724
-0.874071,5.7,-0.15903
-0.874071,5.9,-0.181249
-0.874071,6.1,-0.20144
-0.874071,6.3,-0.218385
-0.874071,6.5,-0.22898
-0.874071,6.7,-0.227825
-0.874071,6.9,-0.208248
-0.874071,7.1,-0.166465
-0.874071,7.3,-0.107319
-0.874071,7.5,-0.0442207
-0.874071,7.7,0.00947066
-0.874071,7.9,0.0478143
-0.874071,8.1,0.0717195
-0.874071,8.3,0.0848678
-0.874071,8.5,0.0909274
-0.874071,8.7,0.092636
-0.874071,8.9,0.0918041
-0.874071,9.1,0.0895622
-0.874071,9.3,0.0865956
-0.874071,9.5,0.083312
-0.874071,9.7,0.0799506
-0.874071,9.9,0.0766479
-0.864949,2.1,0.00927997
-0.864949,2.3,0.00664971
-0.864949,2.5,0.00142404
-0.864949,2.7,0.00424224
-0.864949,2.9,0.0207467
-0.864949,3.1,0.0355767
-0.864949,3.3,0.0323659
-0.864949,3.5,0.017361
-0.864949,3.7,0.00828428
-0.864949,3.9,0.0134985
-0.864949,4.1,0.0275723
-0.864949,4.3,0.0348866
-0.864949,4.5,0.0205873
-0.864949,4.7,-0.0146231
-0.864949,4.9,-0.0578985
-0.864949,5.1,-0.0990816
-0.864949,5.3,-0.135001
-0.864949,5.5,-0.166195
-0.864949,5.7,-0.194006
-0.864949,5.9,-0.21927
-0.864949,6.1,-0.241707
-0.864949,6.3,-0.259334
-0.864949,6.5,-0.267843
-0.864949,6.7,-0.260561
-0.864949,6.9,-0.230686
-0.864949,7.1,-0.176839
-0.864949,7.3,-0.107897
-0.864949,7.5,-0.0394431
-0.864949,7.7,0.0161724
-0.864949,7.9,0.0549767
-0.864949,8.1,0.0790354
-0.864949,8.3,0.0923693
-0.864949,8.5,0.0986507
-0.864949,8.7,0.100562
-0.864949,8.9,0.0998785
-0.864949,9.1,0.0977202
-0.864949,9.3,0.0947769
-0.864949,9.5,0.091467
-0.864949,9.7,0.088041
-0.864949,9.9,0.0846464
-0.855828,2.1,0.00921599
-0.855828,2.3,0.00660664
-0.855828,2.5,0.00161772
-0.855828,2.7,0.00463708
-0.855828,2.9,0.0205605
-0.855828,3.1,0.0342661
-0.855828,3.3,0.0313503
-0.855828,3.5,0.0194415
-0.855828,3.7,0.0151458
-0.855828,3.9,0.0245975
-0.855828,4.1,0.0397269
-0.855828,4.3,0.0426907
-0.855828,4.5,0.0197576
-0.855828,4.7,-0.0244259
-0.855828,4.9,-0.0748011
-0.855828,5.1,-0.121378
-0.855828,5.3,-0.161694
-0.855828,5.5,-0.196746
-0.855828,5.7,-0.228017
-0.855828,5.9,-0.25619
-0.855828,6.1,-0.280471
-0.855828,6.3,-0.297929
-0.855828,6.5,-0.302965
-0.855828,6.7,-0.287953
-0.855828,6.9,-0.246907
-0.855828,7.1,-0.181797
-0.855828,7.3,-0.105219
-0.855828,7.5,-0.0335851
-0.855828,7.7,0.0225555
-0.855828,7.9,0.0611176
-0.855828,8.1,0.085022
-0.855828,8.3,0.0984327
-0.855828,8.5,0.104932
-0.855828,8.7,0.107101
-0.855828,8.9,0.106653
-0.855828,9.1,0.104681
-0.855828,9.3,0.10187
-0.855828,9.5,0.0986426
-0.855828,9.7,0.0952573
-0.855828,9.9,0.0918701
-0.846707,2.1,0.00906783
-0.846707,2.3,0.0065045
-0.846707,2.5,0.00175517
-0.846707,2.7,0.00486495
-0.846707,2.9,0.0200668
-0.846707,3.1,0.0327379
-0.846707,3.3,0.0304443
-0.846707,3.5,0.0217715
-0.846707,3.7,0.0219828
-0.846707,3.9,0.0350266
-0.846707,4.1,0.0503212
-0.846707,4.3,0.0483869
-0.846707,4.5,0.0173784
-0.846707,4.7,-0.0344211
-0.846707,4.9,-0.0906189
-0.846707,5.1,-0.141748
-0.846707,5.3,-0.185983
-0.846707,5.5,-0.224612
-0.846707,5.7,-0.2591
-0.846707,5.9,-0.289821
-0.846707,6.1,-0.315306
-0.846707,6.3,-0.331547
-0.846707,6.5,-0.331732
-0.846707,6.7,-0.307863
-0.846707,6.9,-0.255784
-0.846707,7.1,-0.181293
-0.846707,7.3,-0.0997778
-0.846707,7.5,-0.0271698
-0.846707,7.7,0.0281911
-0.846707,7.9,0.0658509
-0.846707,8.1,0.0892839
-0.846707,8.3,0.102632
-0.846707,8.5,0.109312
-0.846707,8.7,0.111762
-0.846707,8.9,0.111612
-0.846707,9.1,0.109912
-0.846707,9.3,0.107331
-0.846707,9.5,0.104288
-0.846707,9.7,0.101046
-0.846707,9.9,0.0977655
-0.837585,2.1,0.0088439
-0.837585,2.3,0.00634738
-0.837585,2.5,0.00183721
-0.837585,2.7,0.00494226
-0.837585,2.9,0.0193158
-0.837585,3.1,0.0310418
-0.837585,3.3,0.029586
-0.837585,3.5,0.0241076
-0.837585,3.7,0.0283965
-0.837585,3.9,0.0442995
-0.837585,4.1,0.0589515
-0.837585,4.3,0.0519507
-0.837585,4.5,0.0139226
-0.837585,4.7,-0.0438063
-0.837585,4.9,-0.104367
-0.837585,5.1,-0.159055
-0.837585,5.3,-0.206571
-0.837585,5.5,-0.248313
-0.837585,5.7,-0.285576
-0.837585,5.9,-0.318276
-0.837585,6.1,-0.344135
-0.837585,6.3,-0.35803
-0.837585,6.5,-0.352208
-0.837585,6.7,-0.319056
-0.837585,6.9,-0.257114
-0.837585,7.1,-0.175882
-0.837585,7.3,-0.0922704
-0.837585,7.5,-0.0207038
-0.837585,7.7,0.0327522
-0.837585,7.9,0.0689286
-0.837585,8.1,0.0915854
-0.837585,8.3,0.104713
-0.837585,8.5,0.111505
-0.837585,8.7,0.114229
-0.837585,8.9,0.114409
-0.837585,9.1,0.11304
-0.837585,9.3,0.110763
-0.837585,9.5,0.107988
-0.837585,9.7,0.104976
-0.837585,9.9,0.101891
-0.828464,2.1,0.00855375
-0.828464,2.3,0.00614093
-0.828464,2.5,0.00186753
-0.828464,2.7,0.00488935
-0.828464,2.9,0.0183592
-0.828464,3.1,0.0292225
-0.828464,3.3,0.0287182
-0.828464,3.5,0.0262498
-0.828464,3.7,0.0340758
-0.828464,3.9,0.0520592
-0.828464,4.1,0.065384
-0.828464,4.3,0.0535085
-0.828464,4.5,0.00987356
-0.828464,4.7,-0.0519394
-0.828464,4.9,-0.115337
-0.828464,5.1,-0.17251
-0.828464,5.3,-0.22254
-0.828464,5.5,-0.266776
-0.828464,5.7,-0.306197
-0.828464,5.9,-0.340134
-0.828464,6.1,-0.365423
-0.828464,6.3,-0.375904
-0.828464,6.5,-0.363319
-0.828464,6.7,-0.321258
-0.828464,6.9,-0.251467
-0.828464,7.1,-0.166489
-0.828464,7.3,-0.0834405
-0.828464,7.5,-0.0146057
-0.828464,7.7,0.0360404
-0.828464,7.9,0.0702529
-0.828464,8.1,0.0918584
-0.828464,8.3,0.104602
-0.828464,8.5,0.111415
-0.828464,8.7,0.114375
-0.828464,8.9,0.114886
-0.828464,9.1,0.113876
-0.828464,9.3,0.11195
-0.828464,9.5,0.109502
-0.828464,9.7,0.106785
-0.828464,9.9,0.103964
-0.819343,2.1,0.00820769
-0.819343,2.3,0.00589194
-0.819343,2.5,0.00185188
-0.819343,2.7,0.00472861
-0.819343,2.9,0.0172477
-0.819343,3.1,0.0273203
-0.819343,3.3,0.0277942
-0.819343,3.5,0.0280465
-0.819343,3.7,0.0387979
-0.819343,3.9,0.0580773
-0.819343,4.1,0.0695476
-0.819343,4.3,0.0533003
-0.819343,4.5,0.0056701
-0.819343,4.7,-0.0583816
-0.819343,4.9,-0.123128
-0.819343,5.1,-0.181691
-0.819343,5.3,-0.233389
-0.819343,5.5,-0.279381
-0.819343,5.7,-0.320208
-0.819343,5.9,-0.35453
-0.819343,6.1,-0.378283
-0.819343,6.3,-0.384467
-0.819343,6.5,-0.364882
-0.819343,6.7,-0.315033
-0.819343,6.9,-0.239943
-0.819343,7.1,-0.154187
-0.819343,7.3,-0.07397
-0.819343,7.5,-0.00917582
-0.819343,7.7,0.037986
-0.819343,7.9,0.0698646
-0.819343,8.1,0.0901856
-0.819343,8.3,0.102388
-0.819343,8.5,0.109119
-0.819343,8.7,0.112254
-0.819343,8.9,0.11307
-0.819343,9.1,0.112418
-0.819343,9.3,0.110861
-0.819343,9.5,0.10877
-0.819343,9.7,0.106388
-0.819343,9.9,0.103876
-0.810221,2.1,0.00781632
-0.810221,2.3,0.00560793
-0.810221,2.5,0.00179728
-0.810221,2.7,0.00448297
-0.810221,2.9,0.016029
-0.810221,3.1,0.0253713
-0.810221,3.3,0.026781
-0.810221,3.5,0.0293943
-0.810221,3.7,0.0424244
-0.810221,3.9,0.062249
-0.810221,4.1,0.0715163
-0.810221,4.3,0.0516392
-0.810221,4.5,0.00166921
-0.810221,4.7,-0.0629056
-0.810221,4.9,-0.127633
-0.810221,5.1,-0.186526
-0.810221,5.3,-0.239014
-0.810221,5.5,-0.285951
-0.810221,5.7,-0.327355
-0.810221,5.9,-0.361165
-0.810221,6.1,-0.382481
-0.810221,6.3,-0.383772
-0.810221,6.5,-0.357489
-0.810221,6.7,-0.301552
-0.810221,6.9,-0.223911
-0.810221,7.1,-0.140035
-0.810221,7.3,-0.0644225
-0.810221,7.5,-0.00459329
-0.810221,7.7,0.0386313
-0.810221,7.9,0.0679171
-0.810221,8.1,0.0867712
-0.810221,8.3,0.0982918
-0.810221,8.5,0.104835
-0.810221,8.7,0.108071
-0.810221,8.9,0.109144
-0.810221,9.1,0.108825
-0.810221,9.3,0.107629
-0.810221,9.5,0.105902
-0.810221,9.7,0.103871
-0.810221,9.9,0.10169
-0.8011,2.1,0.00739017
-0.8011,2.3,0.00529671
-0.8011,2.5,0.00171135
-0.8011,2.7,0.00417465
-0.8011,2.9,0.0147466
-0.8011,3.1,0.0234075
-0.8011,3.3,0.0256596
-0.8011,3.5,0.0302341
-0.8011,3.7,0.0448937
-0.8011,3.9,0.0645829
-0.8011,4.1,0.0714843
-0.8011,4.3,0.0488701
-0.8011,4.5,-0.00187264
-0.8011,4.7,-0.0654754
-0.8011,4.9,-0.12899
-0.8011,5.1,-0.187237
-0.8011,5.3,-0.239648
-0.8011,5.5,-0.286695
-0.8011,5.7,-0.32782
-0.8011,5.9,-0.360245
-0.8011,6.1,-0.378368
-0.8011,6.3,-0.374506
-0.8011,6.5,-0.342319
-0.8011,6.7,-0.282346
-0.8011,6.9,-0.204795
-0.8011,7.1,-0.124975
-0.8011,7.3,-0.0552242
-0.8011,7.5,-0.000930023
-0.8011,7.7,0.0381043
-0.8011,7.9,0.0646447
-0.8011,8.1,0.0819048
-0.8011,8.3,0.0926285
-0.8011,8.5,0.0988844
-0.8011,8.7,0.102141
-0.8011,8.9,0.103411
-0.8011,9.1,0.103382
-0.8011,9.3,0.102521
-0.8011,9.5,0.101141
-0.8011,9.7,0.0994558
-0.8011,9.9,0.0976074
-0.791979,2.1,0.00693938
-0.791979,2.3,0.00496603
-0.791979,2.5,0.00160178
-0.791979,2.7,0.00382422
-0.791979,2.9,0.0134388
-0.791979,3.1,0.0214572
-0.791979,3.3,0.024424
-0.791979,3.5,0.0305461
-0.791979,3.7,0.0462123
-0.791979,3.9,0.0651855
-0.791979,4.1,0.0697339
-0.791979,4.3,0.0453349
-0.791979,4.5,-0.0048009
-0.791979,4.7,-0.0662073
-0.791979,4.9,-0.127519
-0.791979,5.1,-0.184259
-0.791979,5.3,-0.23578
-0.791979,5.5,-0.282122
-0.791979,5.7,-0.32214
-0.791979,5.9,-0.352385
-0.791979,6.1,-0.366755
-0.791979,6.3,-0.357829
-0.791979,6.5,-0.32091
-0.791979,6.7,-0.259069
-0.791979,6.9,-0.183925
-0.791979,7.1,-0.109783
-0.791979,7.3,-0.0466686
-0.791979,7.5,0.00182698
-0.791979,7.7,0.0365907
-0.791979,7.9,0.0603305
-0.791979,8.1,0.0759244
-0.791979,8.3,0.0857666
-0.791979,8.5,0.0916498
-0.791979,8.7,0.0948493
-0.791979,8.9,0.09625
-0.791979,9.1,0.0964591
-0.791979,9.3,0.0958911
-0.791979,9.5,0.0948292
-0.791979,9.7,0.0934664
-0.791979,9.9,0.0919353
-0.782857,2.1,0.00647346
-0.782857,2.3,0.00462332
-0.782857,2.5,0.00147586
-0.782857,2.7,0.00344998
-0.782857,2.9,0.0121379
-0.782857,3.1,0.0195449
-0.782857,3.3,0.0230798
-0.782857,3.5,0.0303427
-0.782857,3.7,0.0464434
-0.782857,3.9,0.0642415
-0.782857,4.1,0.0665998
-0.782857,4.3,0.0413442
-0.782857,4.5,-0.00705135
-0.782857,4.7,-0.0653237
-0.782857,4.9,-0.123657
-0.782857,5.1,-0.178162
-0.782857,5.3,-0.22806
-0.782857,5.5,-0.272945
-0.782857,5.7,-0.311096
-0.782857,5.9,-0.338493
-0.782857,6.1,-0.348778
-0.782857,6.3,-0.335197
-0.782857,6.5,-0.294962
-0.782857,6.7,-0.233325
-0.782857,6.9,-0.162451
-0.782857,7.1,-0.0950542
-0.782857,7.3,-0.0389338
-0.782857,7.5,0.00375141
-0.782857,7.7,0.0343072
-0.782857,7.9,0.0552752
-0.782857,8.1,0.0691836
-0.782857,8.3,0.0780921
-0.782857,8.5,0.0835355
-0.782857,8.7,0.0866085
-0.782857,8.9,0.0880756
-0.782857,9.1,0.0884653
-0.782857,9.3,0.0881421
-0.782857,9.5,0.0873573
-0.782857,9.7,0.0862843
-0.782857,9.9,0.0850434
-0.773736,2.1,0.00600107
-0.773736,2.3,0.00427541
-0.773736,2.5,0.00134022
-0.773736,2.7,0.00306754
-0.773736,2.9,0.0108705
-0.773736,3.1,0.0176915
-0.773736,3.3,0.0216413
-0.773736,3.5,0.0296624
-0.773736,3.7,0.0456957
-0.773736,3.9,0.061991
-0.773736,4.1,0.0624346
-0.773736,4.3,0.0371608
-0.773736,4.5,-0.00863106
-0.773736,4.7,-0.0631068
-0.773736,4.9,-0.11789
-0.773736,5.1,-0.169577
-0.773736,5.3,-0.217224
-0.773736,5.5,-0.259986
-0.773736,5.7,-0.295618
-0.773736,5.9,-0.319654
-0.773736,6.1,-0.325761
-0.773736,6.3,-0.308196
-0.773736,6.5,-0.266157
-0.773736,6.7,-0.206546
-0.773736,6.9,-0.141296
-0.773736,7.1,-0.0812154
-0.773736,7.3,-0.032105
-0.773736,7.5,0.00495484
-0.773736,7.7,0.0314777
-0.773736,7.9,0.0497729
-0.773736,8.1,0.0620231
-0.773736,8.3,0.0699774
-0.773736,8.5,0.0749349
-0.773736,8.7,0.0778246
-0.773736,8.9,0.0792993
-0.773736,9.1,0.079814
-0.773736,9.3,0.079685
-0.773736,9.5,0.0791324
-0.773736,9.7,0.0783099
-0.773736,9.9,0.0773249
-0.764615,2.1,0.00552989
-0.764615,2.3,0.00392841
-0.764615,2.5,0.00120062
-0.764615,2.7,0.00268972
-0.764615,2.9,0.0096571
-0.764615,3.1,0.0159142
-0.764615,3.3,0.0201292
-0.764615,3.5,0.0285626
-0.764615,3.7,0.0441099
-0.764615,3.9,0.0587053
-0.764615,4.1,0.0575794
-0.764615,4.3,0.032991
-0.764615,4.5,-0.00959685
-0.764615,4.7,-0.0598601
-0.764615,4.9,-0.11071
-0.764615,5.1,-0.159138
-0.764615,5.3,-0.20402
-0.764615,5.5,-0.244105
-0.764615,5.7,-0.276691
-0.764615,5.9,-0.297032
-0.764615,6.1,-0.299094
-0.764615,6.3,-0.278406
-0.764615,6.5,-0.236041
-0.764615,6.7,-0.17993
-0.764615,6.9,-0.121158
-0.764615,7.1,-0.0685426
-0.764615,7.3,-0.0261965
-0.764615,7.5,0.00556723
-0.764615,7.7,0.0283152
-0.764615,7.9,0.0440911
-0.764615,8.1,0.0547498
-0.764615,8.3,0.0617586
-0.764615,8.5,0.066205
-0.764615,8.7,0.068869
-0.764615,8.9,0.070302
-0.764615,9.1,0.0708911
-0.764615,9.3,0.0709076
-0.764615,9.5,0.0705421
-0.764615,9.7,0.0699288
-0.764615,9.9,0.0691624
-0.755494,2.1,0.00506655
-0.755494,2.3,0.00358759
-0.755494,2.5,0.00106186
-0.755494,2.7,0.00232654
-0.755494,2.9,0.00851319
-0.755494,3.1,0.0142268
-0.755494,3.3,0.0185683
-0.755494,3.5,0.0271134
-0.755494,3.7,0.041847
-0.755494,3.9,0.0546638
-0.755494,4.1,0.052341
-0.755494,4.3,0.0289858
-0.755494,4.5,-0.0100352
-0.755494,4.7,-0.0558786
-0.755494,4.9,-0.102578
-0.755494,5.1,-0.147438
-0.755494,5.3,-0.189163
-0.755494,5.5,-0.226136
-0.755494,5.7,-0.255292
-0.755494,5.9,-0.271785
-0.755494,6.1,-0.270136
-0.755494,6.3,-0.247297
-0.755494,6.5,-0.205941
-0.755494,6.7,-0.154408
-0.755494,6.9,-0.102519
-0.755494,7.1,-0.057188
-0.755494,7.3,-0.021173
-0.755494,7.5,0.00572156
-0.755494,7.7,0.0250093
-0.755494,7.9,0.0384583
-0.755494,8.1,0.0476228
-0.755494,8.3,0.0537197
-0.755494,8.5,0.0576493
-0.755494,8.7,0.0600602
-0.755494,8.9,0.0614129
-0.755494,9.1,0.0620333
-0.755494,9.3,0.0621517
-0.755494,9.5,0.0619309
-0.755494,9.7,0.0614868
-0.755494,9.9,0.0609017
-0.746372,2.1,0.00461661
-0.746372,2.3,0.00325733
-0.746372,2.5,0.000927727
-0.746372,2.7,0.00198542
-0.746372,2.9,0.00744928
-0.746372,3.1,0.0126399
-0.746372,3.3,0.0169852
-0.746372,3.5,0.025392
-0.746372,3.7,0.0390751
-0.746372,3.9,0.0501337
-0.746372,4.1,0.0469783
-0.746372,4.3,0.0252453
-0.746372,4.5,-0.0100454
-0.746372,4.7,-0.0514298
-0.746372,4.9,-0.0938972
-0.746372,5.1,-0.135005
-0.746372,5.3,-0.173297
-0.746372,5.5,-0.206849
-0.746372,5.7,-0.232339
-0.746372,5.9,-0.245007
-0.746372,6.1,-0.240147
-0.746372,6.3,-0.216154
-0.746372,6.5,-0.176924
-0.746372,6.7,-0.130653
-0.746372,6.9,-0.0856739
-0.746372,7.1,-0.0472055
-0.746372,7.3,-0.016967
-0.746372,7.5,0.00554282
-0.746372,7.7,0.0217174
-0.746372,7.9,0.0330569
-0.746372,8.1,0.0408467
-0.746372,8.3,0.0460846
-0.746372,8.5,0.0495088
-0.746372,8.7,0.0516529
-0.746372,8.9,0.0528979
-0.746372,9.1,0.0535154
-0.746372,9.3,0.0536984
-0.746372,9.5,0.0535848
-0.746372,9.7,0.0532733
-0.746372,9.9,0.0528347
-0.737251,2.1,0.00418456
-0.737251,2.3,0.00294117
-0.737251,2.5,0.000801086
-0.737251,2.7,0.00167141
-0.737251,2.9,0.00647175
-0.737251,3.1,0.0111611
-0.737251,3.3,0.0154067
-0.737251,3.5,0.023477
-0.737251,3.7,0.0359588
-0.737251,3.9,0.045355
-0.737251,4.1,0.0416961
-0.737251,4.3,0.021828
-0.737251,4.5,-0.00972744
-0.737251,4.7,-0.0467429
-0.737251,4.9,-0.0850092
-0.737251,5.1,-0.122287
-0.737251,5.3,-0.156983
-0.737251,5.5,-0.186925
-0.737251,5.7,-0.20866
-0.737251,5.9,-0.217688
-0.737251,6.1,-0.210232
-0.737251,6.3,-0.186037
-0.737251,6.5,-0.149787
-0.737251,6.7,-0.109097
-0.737251,6.9,-0.0707648
-0.737251,7.1,-0.0385757
-0.737251,7.3,-0.0134927
-0.737251,7.5,0.00514095
-0.737251,7.7,0.018562
-0.737251,7.9,0.0280216
-0.737251,8.1,0.0345696
-0.737251,8.3,0.0390157
-0.737251,8.5,0.0419593
-0.737251,8.7,0.0438352
-0.737251,8.9,0.0449557
-0.737251,9.1,0.0455446
-0.737251,9.3,0.0457623
-0.737251,9.5,0.0457243
-0.737251,9.7,0.0455135
-0.737251,9.9,0.0451903
-0.72813,2.1,0.00377387
-0.72813,2.3,0.00264175
-0.72813,2.5,0.000683918
-0.72813,2.7,0.00138751
-0.72813,2.9,0.00558349
-0.72813,3.1,0.00979483
-0.72813,3.3,0.0138579
-0.72813,3.5,0.0214444
-0.72813,3.7,0.0326506
-0.72813,3.9,0.0405304
-0.72813,4.1,0.0366455
-0.72813,4.3,0.0187597
-0.72813,4.5,-0.00917398
-0.72813,4.7,-0.0420045
-0.72813,4.9,-0.0761875
-0.72813,5.1,-0.10965
-0.72813,5.3,-0.140685
-0.72813,5.5,-0.166949
-0.72813,5.7,-0.184973
-0.72813,5.9,-0.190684
-0.72813,6.1,-0.181312
-0.72813,6.3,-0.157759
-0.72813,6.5,-0.125064
-0.72813,6.7,-0.0899682
-0.72813,6.9,-0.057811
-0.72813,7.1,-0.0312272
-0.72813,7.3,-0.0106567
-0.72813,7.5,0.00460721
-0.72813,7.7,0.0156308
-0.72813,7.9,0.0234415
-0.72813,8.1,0.0288866
-0.72813,8.3,0.0326171
-0.72813,8.5,0.035115
-0.72813,8.7,0.0367311
-0.72813,8.9,0.0377193
-0.72813,9.1,0.0382621
-0.72813,9.3,0.0384918
-0.72813,9.5,0.0385036
-0.72813,9.7,0.038367
-0.72813,9.9,0.0381326
-0.719008,2.1,0.00338707
-0.719008,2.3,0.00236097
-0.719008,2.5,0.000577446
-0.719008,2.7,0.00113506
-0.719008,2.9,0.00478454
-0.719008,3.1,0.00854332
-0.719008,3.3,0.0123615
-0.719008,3.5,0.0193638
-0.719008,3.7,0.0292837
-0.719008,3.9,0.0358212
-0.719008,4.1,0.0319293
-0.719008,4.3,0.0160424
-0.719008,4.5,-0.00846551
-0.719008,4.7,-0.0373596
-0.719008,4.9,-0.0676421
-0.719008,5.1,-0.0973772
-0.719008,5.3,-0.124778
-0.719008,5.5,-0.147401
-0.719008,5.7,-0.161882
-0.719008,5.9,-0.164705
-0.719008,6.1,-0.15411
-0.719008,6.3,-0.13189
-0.719008,6.5,-0.103058
-0.719008,6.7,-0.0733267
-0.719008,6.9,-0.0467421
-0.719008,7.1,-0.025055
-0.719008,7.3,-0.008366
-0.719008,7.5,0.00401316
-0.719008,7.7,0.0129797
-0.719008,7.9,0.0193651
-0.719008,8.1,0.0238464
-0.719008,8.3,0.0269416
-0.719008,8.5,0.0290349
-0.719008,8.7,0.0304073
-0.719008,8.9,0.0312627
-0.719008,9.1,0.0317492
-0.719008,9.3,0.0319743
-0.719008,9.5,0.0320163
-0.719008,9.7,0.0319325
-0.719008,9.9,0.0317649
-0.709887,2.1,0.00302585
-0.709887,2.3,0.00210003
-0.709887,2.5,0.000482253
-0.709887,2.7,0.000914026
-0.709887,2.9,0.00407272
-0.709887,3.1,0.00740638
-0.709887,3.3,0.0109364
-0.709887,3.5,0.017296
-0.709887,3.7,0.0259685
-0.709887,3.9,0.0313468
-0.709887,4.1,0.0276088
-0.709887,4.3,0.0136621
-0.709887,4.5,-0.00766866
-0.709887,4.7,-0.0329148
-0.709887,4.9,-0.0595259
-0.709887,5.1,-0.0856831
-0.709887,5.3,-0.109552
-0.709887,5.5,-0.128666
-0.709887,5.7,-0.139876
-0.709887,5.9,-0.140312
-0.709887,6.1,-0.129147
-0.709887,6.3,-0.108773
-0.709887,6.5,-0.0838751
-0.709887,6.7,-0.0591066
-0.709887,6.9,-0.0374261
-0.709887,7.1,-0.0199357
-0.709887,7.3,-0.00653272
-0.709887,7.5,0.00341165
-0.709887,7.7,0.0106369
-0.709887,7.9,0.0158076
-0.709887,8.1,0.0194589
-0.709887,8.3,0.0219994
-0.709887,8.5,0.0237329
-0.709887,8.7,0.0248823
-0.709887,8.9,0.0256103
-0.709887,9.1,0.0260358
-0.709887,9.3,0.0262456
-0.709887,9.5,0.0263032
-0.709887,9.7,0.0262555
-0.709887,9.9,0.0261371
-0.700766,2.1,0.00269115
-0.700766,2.3,0.0018595
-0.700766,2.5,0.000398405
-0.700766,2.7,0.000723339
-0.700766,2.9,0.00344415
-0.700766,3.1,0.00638187
-0.700766,3.3,0.00959812
-0.700766,3.5,0.0152915
-0.700766,3.7,0.0227909
-0.700766,3.9,0.0271884
-0.700766,4.1,0.0237127
-0.700766,4.3,0.0115952
-0.700766,4.5,-0.00683609
-0.700766,4.7,-0.028744
-0.700766,4.9,-0.0519429
-0.700766,5.1,-0.0747177
-0.700766,5.3,-0.0952222
-0.700766,5.5,-0.111038
-0.700766,5.7,-0.11933
-0.700766,5.9,-0.117909
-0.700766,6.1,-0.10675
-0.700766,6.3,-0.0885512
-0.700766,6.5,-0.0674683
-0.700766,6.7,-0.0471523
-0.700766,6.9,-0.0296937
-0.700766,7.1,-0.0157383
-0.700766,7.3,-0.0050773
-0.700766,7.5,0.00283895
-0.700766,7.7,0.00860901
-0.700766,7.9,0.0127577
-0.700766,8.1,0.0157042
-0.700766,8.3,0.0177679
-0.700766,8.5,0.0191871
-0.700766,8.7,0.0201372
-0.700766,8.9,0.0207472
-0.700766,9.1,0.0211114
-0.700766,9.3,0.0212994
-0.700766,9.5,0.0213625
-0.700766,9.7,0.0213385
-0.700766,9.9,0.0212557
-0.691644,2.1,0.00238324
-0.691644,2.3,0.00163946
-0.691644,2.5,0.000325573
-0.691644,2.7,0.000561198
-0.691644,2.9,0.00289378
-0.691644,3.1,0.00546602
-0.691644,3.3,0.00835764
-0.691644,3.5,0.0133895
-0.691644,3.7,0.0198132
-0.691644,3.9,0.0233941
-0.691644,4.1,0.020245
-0.691644,4.3,0.00981255
-0.691644,4.5,-0.00600754
-0.691644,4.7,-0.0248932
-0.691644,4.9,-0.0449567
-0.691644,5.1,-0.0645788
-0.691644,5.3,-0.0819368
-0.691644,5.5,-0.0947304
-0.691644,5.7,-0.10051
-0.691644,5.9,-0.0977594
-0.691644,6.1,-0.0870759
-0.691644,6.3,-0.0712075
-0.691644,6.5,-0.053677
-0.691644,6.7,-0.0372515
-0.691644,6.9,-0.0233569
-0.691644,7.1,-0.0123333
-0.691644,7.3,-0.00392992
-0.691644,7.5,0.00231759
-0.691644,7.7,0.00688606
-0.691644,7.9,0.0101855
-0.691644,8.1,0.0125411
-0.691644,8.3,0.0142009
-0.691644,8.5,0.0153501
-0.691644,8.7,0.0161259
-0.691644,8.9,0.0166294
-0.691644,9.1,0.0169352
-0.691644,9.3,0.0170986
-0.691644,9.5,0.0171605
-0.691644,9.7,0.0171512
-0.691644,9.9,0.0170935
-0.682523,2.1,0.00210191
-0.682523,2.3,0.00143956
-0.682523,2.5,0.000263138
-0.682523,2.7,0.000425303
-0.682523,2.9,0.00241578
-0.682523,3.1,0.00465371
-0.682523,3.3,0.00722213
-0.682523,3.5,0.0116185
-0.682523,3.7,0.0170756
-0.682523,3.9,0.0199855
-0.682523,4.1,0.0171921
-0.682523,4.3,0.00828331
-0.682523,4.5,-0.00521155
-0.682523,4.7,-0.021387
-0.682523,4.9,-0.0385991
-0.682523,5.1,-0.0553215
-0.682523,5.3,-0.0697905
-0.682523,5.5,-0.0798853
-0.682523,5.7,-0.0835859
-0.682523,5.9,-0.079992
-0.682523,6.1,-0.0701297
-0.682523,6.3,-0.0565996
-0.682523,6.5,-0.0422672
-0.682523,6.7,-0.029163
-0.682523,6.9,-0.0182247
-0.682523,7.1,-0.0095983
-0.682523,7.3,-0.00303082
-0.682523,7.5,0.00185931
-0.682523,7.7,0.00544673
-0.682523,7.9,0.0080485
-0.682523,8.1,0.00991499
-0.682523,8.3,0.0112371
-0.682523,8.5,0.012158
-0.682523,8.7,0.012784
-0.682523,8.9,0.0131939
-0.682523,9.1,0.0134463
-0.682523,9.3,0.0135847
-0.682523,9.5,0.0136413
-0.682523,9.7,0.0136404
-0.682523,9.9,0.0136004
-0.673402,2.1,0.00184645
-0.673402,2.3,0.00125912
-0.673402,2.5,0.00021029
-0.673402,2.7,0.000313067
-0.673402,2.9,0.00200385
-0.673402,3.1,0.00393877
-0.673402,3.3,0.00619495
-0.673402,3.5,0.00999664
-0.673402,3.7,0.0146
-0.673402,3.9,0.0169633
-0.673402,4.1,0.0145292
-0.673402,4.3,0.00697689
-0.673402,4.5,-0.00446727
-0.673402,4.7,-0.0182328
-0.673402,4.9,-0.032877
-0.673402,5.1,-0.046967
-0.673402,5.3,-0.0588323
-0.673402,5.5,-0.0665801
-0.673402,5.7,-0.0686346
-0.673402,5.9,-0.0646194
-0.673402,6.1,-0.0558012
-0.673402,6.3,-0.0445008
-0.673402,6.5,-0.0329645
-0.673402,6.7,-0.0226376
-0.673402,6.9,-0.014113
-0.673402,7.1,-0.00742134
-0.673402,7.3,-0.00232993
-0.673402,7.5,0.0014679
-0.673402,7.7,0.00426284
-0.673402,7.9,0.00629781
-0.673402,8.1,0.00776406
-0.673402,8.3,0.00880757
-0.673402,8.5,0.00953809
-0.673402,8.7,0.0100376
-0.673402,8.9,0.010367
-0.673402,9.1,0.010572
-0.673402,9.3,0.0106864
-0.673402,9.5,0.0107358
-0.673402,9.7,0.0107393
-0.673402,9.9,0.0107113
-0.66428,2.1,0.00161587
-0.66428,2.3,0.00109722
-0.66428,2.5,0.000166101
-0.66428,2.7,0.000221784
-0.66428,2.9,0.00165155
-0.66428,3.1,0.00331428
-0.66428,3.3,0.00527615
-0.66428,3.5,0.0085334
-0.66428,3.7,0.0123932
-0.66428,3.9,0.0143138
-0.66428,4.1,0.0122244
-0.66428,4.3,0.0058644
-0.66428,4.5,-0.00378638
-0.66428,4.7,-0.0154256
-0.66428,4.9,-0.027779
-0.66428,5.1,-0.0395105
-0.66428,5.3,-0.0490733
-0.66428,5.5,-0.0548372
-0.66428,5.7,-0.0556546
-0.66428,5.9,-0.0515585
-0.66428,6.1,-0.0438945
-0.66428,6.3,-0.0346342
-0.66428,6.5,-0.0254806
-0.66428,6.7,-0.0174337
-0.66428,6.9,-0.0108518
-0.66428,7.1,-0.00570317
-0.66428,7.3,-0.00178598
-0.66428,7.5,0.0011417
-0.66428,7.7,0.00330287
-0.66428,7.9,0.00488212
-0.66428,8.1,0.00602448
-0.66428,8.3,0.00684081
-0.66428,8.5,0.00741475
-0.66428,8.7,0.00780903
-0.66428,8.9,0.00807058
-0.66428,9.1,0.00823458
-0.66428,9.3,0.00832739
-0.66428,9.5,0.00836888
-0.66428,9.7,0.00837401
-0.66428,9.9,0.00835417
-0.655159,2.1,0.00140889
-0.655159,2.3,0.000952765
-0.655159,2.5,0.000129597
-0.655159,2.7,0.000148753
-0.655159,2.9,0.00135247
-0.655159,3.1,0.00277286
-0.655159,3.3,0.00446299
-0.655159,3.5,0.00723076
-0.655159,3.7,0.0104503
-0.655159,3.9,0.0120136
-0.655159,4.1,0.010243
-0.655159,4.3,0.00491938
-0.655159,4.5,-0.00317479
-0.655159,4.7,-0.0129517
-0.655159,4.9,-0.0232804
-0.655159,5.1,-0.0329271
-0.655159,5.3,-0.040494
-0.655159,5.5,-0.0446309
-0.655159,5.7,-0.044577
-0.655159,5.9,-0.0406527
-0.655159,6.1,-0.0341593
-0.655159,6.3,-0.0267018
-0.655159,6.5,-0.0195335
-0.655159,6.7,-0.0133276
-0.655159,6.9,-0.00828911
-0.655159,7.1,-0.00435771
-0.655159,7.3,-0.00136543
-0.655159,7.5,0.00087559
-0.655159,7.7,0.00253472
-0.655159,7.9,0.00375115
-0.655159,8.1,0.00463413
-0.655159,8.3,0.00526732
-0.655159,8.5,0.0057141
-0.655159,8.7,0.00602218
-0.655159,8.9,0.00622742
-0.655159,9.1,0.00635683
-0.655159,9.3,0.00643073
-0.655159,9.5,0.0064645
-0.655159,9.7,0.00646978
-0.655159,9.9,0.00645547
-0.646038,2.1,0.00122407
-0.646038,2.3,0.000824535
-0.646038,2.5,9.98024e-05
-0.646038,2.7,9.13788e-05
-0.646038,2.9,0.00110041
-0.646038,3.1,0.00230685
-0.646038,3.3,0.00375051
-0.646038,3.5,0.00608497
-0.646038,3.7,0.00875843
-0.646038,3.9,0.0100334
-0.646038,4.1,0.00854949
-0.646038,4.3,0.00411816
-0.646038,4.5,-0.00263406
-0.646038,4.7,-0.0107915
-0.646038,4.9,-0.0193476
-0.646038,5.1,-0.0271771
-0.646038,5.3,-0.0330499
-0.646038,5.5,-0.0358955
-0.646038,5.7,-0.0352794
-0.646038,5.9,-0.0316955
-0.646038,6.1,-0.0263183
-0.646038,6.3,-0.0204074
-0.646038,6.5,-0.0148602
-0.646038,6.7,-0.0101191
-0.646038,6.9,-0.00629248
-0.646038,7.1,-0.00331177
-0.646038,7.3,-0.00104136
-0.646038,7.5,0.000662594
-0.646038,7.7,0.0019276
-0.646038,7.9,0.00285786
-0.646038,8.1,0.00353517
-0.646038,8.3,0.00402233
-0.646038,8.5,0.00436706
-0.646038,8.7,0.00460544
-0.646038,8.9,0.00476473
-0.646038,9.1,0.00486551
-0.646038,9.3,0.00492337
-0.646038,9.5,0.00495012
-0.646038,9.7,0.00495477
-0.646038,9.9,0.00494417
-0.636916,2.1,0.00105985
-0.636916,2.3,0.00071126
-0.636916,2.5,7.57776e-05
-0.636916,2.7,4.72332e-05
-0.636916,2.9,0.000889483
-0.636916,3.1,0.0019086
-0.636916,3.3,0.00313211
-0.636916,3.5,0.00508799
-0.636916,3.7,0.0072993
-0.636916,3.9,0.00834104
-0.636916,4.1,0.00710929
-0.636916,4.3,0.00343989
-0.636916,4.5,-0.0021627
-0.636916,4.7,-0.00892158
-0.636916,4.9,-0.015941
-0.636916,5.1,-0.0222099
-0.636916,5.3,-0.0266763
-0.636916,5.5,-0.0285332
-0.636916,5.7,-0.0276016
-0.636916,5.9,-0.0244525
-0.636916,6.1,-0.0200902
-0.636916,6.3,-0.015472
-0.636916,6.5,-0.0112255
-0.636916,6.7,-0.00763436
-0.636916,6.9,-0.00474922
-0.636916,7.1,-0.00250416
-0.636916,7.3,-0.000792364
-0.636916,7.5,0.000495033
-0.636916,7.7,0.00145324
-0.636916,7.9,0.00215979
-0.636916,8.1,0.00267556
-0.636916,8.3,0.00304744
-0.636916,8.5,0.00331118
-0.636916,8.7,0.00349392
-0.636916,8.9,0.00361625
-0.636916,9.1,0.00369378
-0.636916,9.3,0.00373838
-0.636916,9.5,0.00375906
-0.636916,9.7,0.00376273
-0.636916,9.9,0.00375466
-0.627795,2.1,0.000914623
-0.627795,2.3,0.000611649
-0.627795,2.5,5.66453e-05
-0.627795,2.7,1.4098e-05
-0.627795,2.9,0.00071423
-0.627795,3.1,0.00157062
-0.627795,3.3,0.00260012
-0.627795,3.5,0.00422895
-0.627795,3.7,0.00605155
-0.627795,3.9,0.00690413
-0.627795,4.1,0.00589003
-0.627795,4.3,0.00286647
-0.627795,4.5,-0.00175711
-0.627795,4.7,-0.0073168
-0.627795,4.9,-0.0130178
-0.627795,5.1,-0.0179673
-0.627795,5.3,-0.0212931
-0.627795,5.5,-0.0224222
-0.627795,5.7,-0.0213595
-0.627795,5.9,-0.0186802
-0.627795,6.1,-0.015206
-0.627795,6.3,-0.0116441
-0.627795,6.5,-0.00842494
-0.627795,6.7,-0.00572591
-0.627795,6.9,-0.00356511
-0.627795,7.1,-0.00188449
-0.627795,7.3,-0.00060154
-0.627795,7.5,0.000365291
-0.627795,7.7,0.00108659
-0.627795,7.9,0.00161971
-0.627795,8.1,0.00200975
-0.627795,8.3,0.00229151
-0.627795,8.5,0.00249166
-0.627795,8.7,0.0026305
-0.627795,8.9,0.00272351
-0.627795,9.1,0.00278246
-0.627795,9.3,0.00281632
-0.627795,9.5,0.00283194
-0.627795,9.7,0.00283459
-0.627795,9.9,0.00282827
