-0.983527,2.1,0.00249946
-0.983527,2.3,0.00266243
-0.983527,2.5,-0.000319285
-0.983527,2.7,-0.00536631
-0.983527,2.9,-0.0033812
-0.983527,3.1,0.0104041
-0.983527,3.3,0.0268537
-0.983527,3.5,0.0332616
-0.983527,3.7,0.0272779
-0.983527,3.9,0.0154633
-0.983527,4.1,0.00362139
-0.983527,4.3,-0.00647884
-0.983527,4.5,-0.0150548
-0.983527,4.7,-0.0220646
-0.983527,4.9,-0.0261916
-0.983527,5.1,-0.0264645
-0.983527,5.3,-0.0243486
-0.983527,5.5,-0.0219354
-0.983527,5.7,-0.020137
-0.983527,5.9,-0.0190434
-0.983527,6.1,-0.0185197
-0.983527,6.3,-0.0184307
-0.983527,6.5,-0.0186801
-0.983527,6.7,-0.0191966
-0.983527,6.9,-0.0199033
-0.983527,7.1,-0.0206679
-0.983527,7.3,-0.0212145
-0.983527,7.5,-0.0209956
-0.983527,7.7,-0.0191363
-0.983527,7.9,-0.014857
-0.983527,8.1,-0.0085996
-0.983527,8.3,-0.00235128
-0.983527,8.5,0.00213235
-0.983527,8.7,0.00458927
-0.983527,8.9,0.00561115
-0.983527,9.1,0.00582283
-0.983527,9.3,0.00563367
-0.983527,9.5,0.00526942
-0.983527,9.7,0.0048452
-0.983527,9.9,0.00441683
-0.974405,2.1,0.00324666
-0.974405,2.3,0.00302108
-0.974405,2.5,-0.00111286
-0.974405,2.7,-0.00651035
-0.974405,2.9,-0.00175242
-0.974405,3.1,0.0167334
-0.974405,3.3,0.0358591
-0.974405,3.5,0.0407178
-0.974405,3.7,0.0299293
-0.974405,3.9,0.0125601
-0.974405,4.1,-0.00392055
-0.974405,4.3,-0.0172356
-0.974405,4.5,-0.0273049
-0.974405,4.7,-0.0335475
-0.974405,4.9,-0.0349121
-0.974405,5.1,-0.032455
-0.974405,5.3,-0.0291247
-0.974405,5.5,-0.026725
-0.974405,5.7,-0.0255115
-0.974405,5.9,-0.0252178
-0.974405,6.1,-0.0255748
-0.974405,6.3,-0.0264057
-0.974405,6.5,-0.0275983
-0.974405,6.7,-0.0290543
-0.974405,6.9,-0.030624
-0.974405,7.1,-0.0319994
-0.974405,7.3,-0.0325444
-0.974405,7.5,-0.0311121
-0.974405,7.7,-0.0262151
-0.974405,7.9,-0.0172598
-0.974405,8.1,-0.00623611
-0.974405,8.3,0.00328073
-0.974405,8.5,0.00933062
-0.974405,8.7,0.0122446
-0.974405,8.9,0.0131536
-0.974405,9.1,0.0129951
-0.974405,9.3,0.0123382
-0.974405,9.5,0.0114864
-0.974405,9.7,0.0105911
-0.974405,9.9,0.00972334
-0.965284,2.1,0.00399257
-0.965284,2.3,0.00331418
-0.965284,2.5,-0.001822
-0.965284,2.7,-0.00706822
-0.965284,2.9,0.000643996
-0.965284,3.1,0.0229176
-0.965284,3.3,0.0430732
-0.965284,3.5,0.0448557
-0.965284,3.7,0.028483
-0.965284,3.9,0.00562199
-0.965284,4.1,-0.0147608
-0.965284,4.3,-0.0298247
-0.965284,4.5,-0.0389585
-0.965284,4.7,-0.0414348
-0.965284,4.9,-0.0380866
-0.965284,5.1,-0.0328204
-0.965284,5.3,-0.0290715
-0.965284,5.5,-0.0275326
-0.965284,5.7,-0.0276115
-0.965284,5.9,-0.028693
-0.965284,6.1,-0.0304042
-0.965284,6.3,-0.0325479
-0.965284,6.5,-0.0350017
-0.965284,6.7,-0.0376257
-0.965284,6.9,-0.0401472
-0.965284,7.1,-0.0419816
-0.965284,7.3,-0.0419771
-0.965284,7.5,-0.0382819
-0.965284,7.7,-0.0290672
-0.965284,7.9,-0.0147574
-0.965284,8.1,0.000592719
-0.965284,8.3,0.0123962
-0.965284,8.5,0.0191887
-0.965284,8.7,0.0220565
-0.965284,8.9,0.0225774
-0.965284,9.1,0.0218995
-0.965284,9.3,0.0206888
-0.965284,9.5,0.019294
-0.965284,9.7,0.0178867
-0.965284,9.9,0.0165457
-0.956163,2.1,0.0047269
-0.956163,2.3,0.00357512
-0.956163,2.5,-0.00238096
-0.956163,2.7,-0.00708871
-0.956163,2.9,0.00351181
-0.956163,3.1,0.028592
-0.956163,3.3,0.0483438
-0.956163,3.5,0.0459354
-0.956163,3.7,0.0237722
-0.956163,3.9,-0.00389051
-0.956163,4.1,-0.0268442
-0.956163,4.3,-0.0417079
-0.956163,4.5,-0.0474601
-0.956163,4.7,-0.0442718
-0.956163,4.9,-0.0361278
-0.956163,5.1,-0.0291278
-0.956163,5.3,-0.0259428
-0.956163,5.5,-0.0258827
-0.956163,5.7,-0.027642
-0.956163,5.9,-0.0303682
-0.956163,6.1,-0.0336374
-0.956163,6.3,-0.0372497
-0.956163,6.5,-0.0410692
-0.956163,6.7,-0.044887
-0.956163,6.9,-0.0482484
-0.956163,7.1,-0.0501899
-0.956163,7.3,-0.0489346
-0.956163,7.5,-0.0419929
-0.956163,7.7,-0.0277404
-0.956163,7.9,-0.00836827
-0.956163,8.1,0.0101601
-0.956163,8.3,0.0231297
-0.956163,8.5,0.0299888
-0.956163,8.7,0.0324982
-0.956163,8.9,0.0325219
-0.956163,9.1,0.0313126
-0.956163,9.3,0.0295777
-0.956163,9.5,0.0276843
-0.956163,9.7,0.0258119
-0.956163,9.9,0.0240418
-0.947041,2.1,0.0054372
-0.947041,2.3,0.00382524
-0.947041,2.5,-0.00276002
-0.947041,2.7,-0.00666132
-0.947041,2.9,0.00658906
-0.947041,3.1,0.0335277
-0.947041,3.3,0.0517416
-0.947041,3.5,0.0445721
-0.947041,3.7,0.0171001
-0.947041,3.9,-0.0140557
-0.947041,4.1,-0.0378475
-0.947041,4.3,-0.0505736
-0.947041,4.5,-0.051362
-0.947041,4.7,-0.0424588
-0.947041,4.9,-0.0310885
-0.947041,5.1,-0.0239827
-0.947041,5.3,-0.0222589
-0.947041,5.5,-0.0240481
-0.947041,5.7,-0.0276182
-0.947041,5.9,-0.0320263
-0.947041,6.1,-0.0368537
-0.947041,6.3,-0.0419121
-0.947041,6.5,-0.0470401
-0.947041,6.7,-0.0519228
-0.947041,6.9,-0.0558519
-0.947041,7.1,-0.0573847
-0.947041,7.3,-0.0540685
-0.947041,7.5,-0.0430145
-0.947041,7.7,-0.0234875
-0.947041,7.9,0.000134946
-0.947041,8.1,0.0206203
-0.947041,8.3,0.0338932
-0.947041,8.5,0.0404175
-0.947041,8.7,0.042448
-0.947041,8.9,0.0419878
-0.947041,9.1,0.0403166
-0.947041,9.3,0.0381463
-0.947041,9.5,0.0358455
-0.947041,9.7,0.0335943
-0.947041,9.9,0.031474
-0.93792,2.1,0.00610967
-0.93792,2.3,0.00407481
-0.93792,2.5,-0.002957
-0.93792,2.7,-0.00589433
-0.93792,2.9,0.00965881
-0.93792,3.1,0.0376032
-0.93792,3.3,0.0534954
-0.93792,3.5,0.0415927
-0.93792,3.7,0.00994895
-0.93792,3.9,-0.022944
-0.93792,4.1,-0.0457592
-0.93792,4.3,-0.0549256
-0.93792,4.5,-0.050547
-0.93792,4.7,-0.0376237
-0.93792,4.9,-0.0255253
-0.93792,5.1,-0.0200244
-0.93792,5.3,-0.0205092
-0.93792,5.5,-0.0243696
-0.93792,5.7,-0.0297575
-0.93792,5.9,-0.0357813
-0.93792,6.1,-0.0420797
-0.93792,6.3,-0.048484
-0.93792,6.5,-0.0547857
-0.93792,6.7,-0.0605101
-0.93792,6.9,-0.0646029
-0.93792,7.1,-0.0650319
-0.93792,7.3,-0.0586763
-0.93792,7.5,-0.042647
-0.93792,7.7,-0.0178047
-0.93792,7.9,0.00923481
-0.93792,8.1,0.0307789
-0.93792,8.3,0.0438713
-0.93792,8.5,0.0499075
-0.93792,8.7,0.0514632
-0.93792,8.9,0.0505851
-0.93792,9.1,0.0485383
-0.93792,9.3,0.0460217
-0.93792,9.5,0.0433982
-0.93792,9.7,0.0408462
-0.93792,9.9,0.0384464
-0.928799,2.1,0.00673022
-0.928799,2.3,0.00432527
-0.928799,2.5,-0.00298876
-0.928799,2.7,-0.00489882
-0.928799,2.9,0.0125514
-0.928799,3.1,0.0407776
-0.928799,3.3,0.053928
-0.928799,3.5,0.0378772
-0.928799,3.7,0.00368443
-0.928799,3.9,-0.0290131
-0.928799,4.1,-0.0492768
-0.928799,4.3,-0.0542874
-0.928799,4.5,-0.0459211
-0.928799,4.7,-0.0318098
-0.928799,4.9,-0.0217376
-0.928799,5.1,-0.0194086
-0.928799,5.3,-0.022738
-0.928799,5.5,-0.0288549
-0.928799,5.7,-0.0360683
-0.928799,5.9,-0.0436564
-0.928799,6.1,-0.0513572
-0.928799,6.3,-0.0590192
-0.928799,6.5,-0.0663489
-0.928799,6.7,-0.072629
-0.928799,6.9,-0.0763274
-0.928799,7.1,-0.0746949
-0.928799,7.3,-0.0640282
-0.928799,7.5,-0.0420062
-0.928799,7.7,-0.011746
-0.928799,7.9,0.0181491
-0.928799,8.1,0.0402842
-0.928799,8.3,0.0530391
-0.928799,8.5,0.0585955
-0.928799,8.7,0.0597338
-0.928799,8.9,0.0585017
-0.928799,9.1,0.0561381
-0.928799,9.3,0.0533272
-0.928799,9.5,0.0504265
-0.928799,9.7,0.0476133
-0.928799,9.9,0.0449687
-0.919677,2.1,0.00728547
-0.919677,2.3,0.0045717
-0.919677,2.5,-0.00288357
-0.919677,2.7,-0.00377812
-0.919677,2.9,0.015142
-0.919677,3.1,0.043068
-0.919677,3.3,0.0533955
-0.919677,3.5,0.0342164
-0.919677,3.7,-0.00066495
-0.919677,3.9,-0.0313333
-0.919677,4.1,-0.0479285
-0.919677,4.3,-0.0490606
-0.919677,4.5,-0.0389061
-0.919677,4.7,-0.0268865
-0.919677,4.9,-0.021421
-0.919677,5.1,-0.0236131
-0.919677,5.3,-0.0303643
-0.919677,5.5,-0.0389656
-0.919677,5.7,-0.0480949
-0.919677,5.9,-0.0572894
-0.919677,6.1,-0.0664111
-0.919677,6.3,-0.0753072
-0.919677,6.5,-0.0835318
-0.919677,6.7,-0.0899972
-0.919677,6.9,-0.0925096
-0.919677,7.1,-0.0874725
-0.919677,7.3,-0.0708294
-0.919677,7.5,-0.0415949
-0.919677,7.7,-0.00568194
-0.919677,7.9,0.0268113
-0.919677,8.1,0.0494096
-0.919677,8.3,0.0618745
-0.919677,8.5,0.0670387
-0.919677,8.7,0.0678263
-0.919677,8.9,0.0662795
-0.919677,9.1,0.0636195
-0.919677,9.3,0.0605223
-0.919677,9.5,0.0573449
-0.919677,9.7,0.0542668
-0.919677,9.9,0.0513713
-0.910556,2.1,0.00776371
-0.910556,2.3,0.00480536
-0.910556,2.5,-0.00267493
-0.910556,2.7,-0.00262159
-0.910556,2.9,0.017346
-0.910556,3.1,0.0445302
-0.910556,3.3,0.0522373
-0.910556,3.5,0.0312121
-0.910556,3.7,-0.0025122
-0.910556,3.9,-0.0296215
-0.910556,4.1,-0.0419667
-0.910556,4.3,-0.0402133
-0.910556,4.5,-0.0309971
-0.910556,4.7,-0.0242506
-0.910556,4.9,-0.0255708
-0.910556,5.1,-0.0333967
-0.910556,5.3,-0.0441155
-0.910556,5.5,-0.0555058
-0.910556,5.7,-0.06676
-0.910556,5.9,-0.0777292
-0.910556,6.1,-0.0884017
-0.910556,6.3,-0.0985765
-0.910556,6.5,-0.107547
-0.910556,6.7,-0.113667
-0.910556,6.9,-0.113852
-0.910556,7.1,-0.10359
-0.910556,7.3,-0.0789523
-0.910556,7.5,-0.0412386
-0.910556,7.7,0.000558348
-0.910556,7.9,0.0355505
-0.910556,8.1,0.0586566
-0.910556,8.3,0.0709677
-0.910556,8.5,0.0758542
-0.910556,8.7,0.0763549
-0.910556,8.9,0.0745172
-0.910556,9.1,0.0715583
-0.910556,9.3,0.0681572
-0.910556,9.5,0.0646771
-0.910556,9.7,0.0613036
-0.910556,9.9,0.0581247
-0.901435,2.1,0.00815554
-0.901435,2.3,0.00501589
-0.901435,2.5,-0.00239692
-0.901435,2.7,-0.00150158
-0.901435,2.9,0.0191133
-0.901435,3.1,0.0452434
-0.901435,3.3,0.0507405
-0.901435,3.5,0.0292327
-0.901435,3.7,-0.00170437
-0.901435,3.9,-0.0241354
-0.901435,4.1,-0.0321474
-0.901435,4.3,-0.0289646
-0.901435,4.5,-0.0234827
-0.901435,4.7,-0.0247292
-0.901435,4.9,-0.0345003
-0.901435,5.1,-0.0488225
-0.901435,5.3,-0.0640182
-0.901435,5.5,-0.0785734
-0.901435,5.7,-0.0922745
-0.901435,5.9,-0.105304
-0.901435,6.1,-0.117747
-0.901435,6.3,-0.12927
-0.901435,6.5,-0.138744
-0.901435,6.7,-0.143719
-0.901435,6.9,-0.139987
-0.901435,7.1,-0.122237
-0.901435,7.3,-0.0874954
-0.901435,7.5,-0.0403264
-0.901435,7.7,0.00734662
-0.901435,7.9,0.0447103
-0.901435,8.1,0.0683936
-0.901435,8.3,0.0806972
-0.901435,8.5,0.0854251
-0.901435,8.7,0.0857092
-0.901435,8.9,0.0836114
-0.901435,9.1,0.0803577
-0.901435,9.3,0.0766396
-0.901435,9.5,0.0728329
-0.901435,9.7,0.0691336
-0.901435,9.9,0.0656371
-0.892313,2.1,0.00845438
-0.892313,2.3,0.00519307
-0.892313,2.5,-0.00208101
-0.892313,2.7,-0.000472779
-0.892313,2.9,0.0204227
-0.892313,3.1,0.0452981
-0.892313,3.3,0.0491204
-0.892313,3.5,0.028418
-0.892313,3.7,0.00156004
-0.892313,3.9,-0.0155044
-0.892313,4.1,-0.0194995
-0.892313,4.3,-0.0165468
-0.892313,4.5,-0.0173113
-0.892313,4.7,-0.0285933
-0.892313,4.9,-0.0479115
-0.892313,5.1,-0.06932
-0.892313,5.3,-0.0894353
-0.892313,5.5,-0.107567
-0.892313,5.7,-0.124111
-0.892313,5.9,-0.139556
-0.892313,6.1,-0.154021
-0.892313,6.3,-0.166908
-0.892313,6.5,-0.176447
-0.892313,6.7,-0.179105
-0.892313,6.9,-0.169415
-0.892313,7.1,-0.141713
-0.892313,7.3,-0.0951242
-0.892313,7.5,-0.0381865
-0.892313,7.7,0.0149324
-0.892313,7.9,0.0543882
-0.892313,8.1,0.0786564
-0.892313,8.3,0.0910698
-0.892313,8.5,0.095756
-0.892313,8.7,0.0959115
-0.892313,8.9,0.0936122
-0.892313,9.1,0.0900991
-0.892313,9.3,0.086082
-0.892313,9.5,0.0819537
-0.892313,9.7,0.077924
-0.892313,9.9,0.0740986
-0.883192,2.1,0.00865668
-0.883192,2.3,0.00532808
-0.883192,2.5,-0.00175411
-0.883192,2.7,0.00042702
-0.883192,2.9,0.0212765
-0.883192,3.1,0.0447879
-0.883192,3.3,0.0475162
-0.883192,3.5,0.0287195
-0.883192,3.7,0.00684499
-0.883192,3.9,-0.00456055
-0.883192,4.1,-0.00513812
-0.883192,4.3,-0.00405924
-0.883192,4.5,-0.0130556
-0.883192,4.7,-0.0356256
-0.883192,4.9,-0.0649966
-0.883192,5.1,-0.0937842
-0.883192,5.3,-0.119151
-0.883192,5.5,-0.141252
-0.883192,5.7,-0.161048
-0.883192,5.9,-0.179266
-0.883192,6.1,-0.19595
-0.883192,6.3,-0.210062
-0.883192,6.5,-0.218932
-0.883192,6.7,-0.2177
-0.883192,6.9,-0.199727
-0.883192,7.1,-0.159852
-0.883192,7.3,-0.100532
-0.883192,7.5,-0.0344006
-0.883192,7.7,0.0232725
-0.883192,7.9,0.0643592
-0.883192,8.1,0.0891292
-0.883192,8.3,0.101725
-0.883192,8.5,0.106481
-0.883192,8.7,0.106616
-0.883192,8.9,0.104209
-0.883192,9.1,0.100514
-0.883192,9.3,0.0962596
-0.883192,9.5,0.0918576
-0.883192,9.7,0.0875339
-0.883192,9.9,0.0834063
-0.874071,2.1,0.00876193
-0.874071,2.3,0.00541427
-0.874071,2.5,-0.0014376
-0.874071,2.7,0.00117524
-0.874071,2.9,0.0216956
-0.874071,3.1,0.0438037
-0.874071,3.3,0.0459985
-0.874071,3.5,0.0299556
-0.874071,3.7,0.013588
-0.874071,3.9,0.00779849
-0.874071,4.1,0.00986196
-0.874071,4.3,0.00760566
-0.874071,4.5,-0.0109334
-0.874071,4.7,-0.0452204
-0.874071,4.9,-0.0845694
-0.874071,5.1,-0.120715
-0.874071,5.3,-0.151511
-0.874071,5.5,-0.177891
-0.874071,5.7,-0.201287
-0.874071,5.9,-0.222554
-0.874071,6.1,-0.241512
-0.874071,6.3,-0.25647
-0.874071,6.5,-0.2636
-0.874071,6.7,-0.25659
-0.874071,6.9,-0.228068
-0.874071,7.1,-0.174564
-0.874071,7.3,-0.102824
-0.874071,7.5,-0.0289416
-0.874071,7.7,0.0320312
-0.874071,7.9,0.0741444
-0.874071,8.1,0.0992487
-0.874071,8.3,0.112053
-0.874071,8.5,0.116974
-0.874071,8.7,0.117207
-0.874071,8.9,0.114814
-0.874071,9.1,0.111052
-0.874071,9.3,0.106664
-0.874071,9.5,0.102079
-0.874071,9.7,0.0975402
-0.874071,9.9,0.093178
-0.864949,2.1,0.00877251
-0.864949,2.3,0.00544757
-0.864949,2.5,-0.00114715
-0.864949,2.7,0.00176228
-0.864949,2.9,0.0217149
-0.864949,3.1,0.0424304
-0.864949,3.3,0.0445836
-0.864949,3.5,0.0318692
-0.864949,3.7,0.0211903
-0.864949,3.9,0.0207042
-0.864949,4.1,0.0245433
-0.864949,4.3,0.0177906
-0.864949,4.5,-0.0108605
-0.864949,4.7,-0.0565044
-0.864949,4.9,-0.105222
-0.864949,5.1,-0.148392
-0.864949,5.3,-0.1846
-0.864949,5.5,-0.215433
-0.864949,5.7,-0.242644
-0.864949,5.9,-0.267077
-0.864949,6.1,-0.288149
-0.864949,6.3,-0.303287
-0.864949,6.5,-0.307303
-0.864949,6.7,-0.292545
-0.864949,6.9,-0.251714
-0.864949,7.1,-0.18431
-0.864949,7.3,-0.101684
-0.864949,7.5,-0.0221374
-0.864949,7.7,0.0406871
-0.864949,7.9,0.0831459
-0.864949,8.1,0.108353
-0.864949,8.3,0.121343
-0.864949,8.5,0.126501
-0.864949,8.7,0.126948
-0.864949,8.9,0.1247
-0.864949,9.1,0.121005
-0.864949,9.3,0.116614
-0.864949,9.5,0.111968
-0.864949,9.7,0.107326
-0.864949,9.9,0.10283
-0.855828,2.1,0.00869334
-0.855828,2.3,0.00542657
-0.855828,2.5,-0.000892976
-0.855828,2.7,0.00218916
-0.855828,2.9,0.0213791
-0.855828,3.1,0.0407453
-0.855828,3.3,0.0432504
-0.855828,3.5,0.0341762
-0.855828,3.7,0.02908
-0.855828,3.9,0.0333767
-0.855828,4.1,0.0381078
-0.855828,4.3,0.0260738
-0.855828,4.5,-0.0125217
-0.855828,4.7,-0.06847
-0.855828,4.9,-0.125494
-0.855828,5.1,-0.175066
-0.855828,5.3,-0.216458
-0.855828,5.5,-0.25173
-0.855828,5.7,-0.282787
-0.855828,5.9,-0.310287
-0.855828,6.1,-0.333054
-0.855828,6.3,-0.34743
-0.855828,6.5,-0.346799
-0.855828,6.7,-0.322563
-0.855828,6.9,-0.268584
-0.855828,7.1,-0.188348
-0.855828,7.3,-0.0973438
-0.855828,7.5,-0.0145355
-0.855828,7.7,0.048669
-0.855828,7.9,0.0907811
-0.855828,8.1,0.115821
-0.855828,8.3,0.128928
-0.855828,8.5,0.13436
-0.855828,8.7,0.135113
-0.855828,8.9,0.133134
-0.855828,9.1,0.129642
-0.855828,9.3,0.125386
-0.855828,9.5,0.120815
-0.855828,9.7,0.116198
-0.855828,9.9,0.111688
-0.846707,2.1,0.00853147
-0.846707,2.3,0.00535232
-0.846707,2.5,-0.000680551
-0.846707,2.7,0.00246502
-0.846707,2.9,0.0207395
-0.846707,3.1,0.0388177
-0.846707,3.3,0.041957
-0.846707,3.5,0.0366013
-0.846707,3.7,0.036752
-0.846707,3.9,0.0451574
-0.846707,4.1,0.0499378
-0.846707,4.3,0.0322529
-0.846707,4.5,-0.0154526
-0.846707,4.7,-0.0801084
-0.846707,4.9,-0.144035
-0.846707,5.1,-0.199142
-0.846707,5.3,-0.245278
-0.846707,5.5,-0.284765
-0.846707,5.7,-0.319476
-0.846707,5.9,-0.349706
-0.846707,6.1,-0.373498
-0.846707,6.3,-0.385975
-0.846707,6.5,-0.379207
-0.846707,6.7,-0.344338
-0.846707,6.9,-0.277534
-0.846707,7.1,-0.186726
-0.846707,7.3,-0.0904105
-0.846707,7.5,-0.00675139
-0.846707,7.7,0.0554683
-0.846707,7.9,0.0965799
-0.846707,8.1,0.121162
-0.846707,8.3,0.134282
-0.846707,8.5,0.139986
-0.846707,8.7,0.141105
-0.846707,8.9,0.139491
-0.846707,9.1,0.136322
-0.846707,9.3,0.132329
-0.846707,9.5,0.127963
-0.846707,9.7,0.123498
-0.846707,9.9,0.119098
-0.837585,2.1,0.00829566
-0.837585,2.3,0.00522802
-0.837585,2.5,-0.00051137
-0.837585,2.7,0.00260488
-0.837585,2.9,0.0198501
-0.837585,3.1,0.0367088
-0.837585,3.3,0.0406541
-0.837585,3.5,0.0389019
-0.837585,3.7,0.0437886
-0.837585,3.9,0.0555255
-0.837585,4.1,0.0596034
-0.837585,4.3,0.0363176
-0.837585,4.5,-0.0191224
-0.837585,4.7,-0.0905267
-0.837585,4.9,-0.159739
-0.837585,5.1,-0.219332
-0.837585,5.3,-0.269574
-0.837585,5.5,-0.312844
-0.837585,5.7,-0.350792
-0.837585,5.9,-0.38318
-0.837585,6.1,-0.407124
-0.837585,6.3,-0.416496
-0.837585,6.5,-0.402381
-0.837585,6.7,-0.356543
-0.837585,6.9,-0.2784
-0.837585,7.1,-0.180101
-0.837585,7.3,-0.0816694
-0.837585,7.5,0.000650154
-0.837585,7.7,0.0607081
-0.837585,7.9,0.100238
-0.837585,8.1,0.124076
-0.837585,8.3,0.137074
-0.837585,8.5,0.143009
-0.837585,8.7,0.144515
-0.837585,8.9,0.143331
-0.837585,9.1,0.140572
-0.837585,9.3,0.136945
-0.837585,9.5,0.132895
-0.837585,9.7,0.128697
-0.837585,9.9,0.124518
-0.828464,2.1,0.00799583
-0.828464,2.3,0.00505856
-0.828464,2.5,-0.000383871
-0.828464,2.7,0.00262749
-0.828464,2.9,0.0187655
-0.828464,3.1,0.0344728
-0.828464,3.3,0.0392954
-0.828464,3.5,0.0408809
-0.828464,3.7,0.0498681
-0.828464,3.9,0.0641035
-0.828464,4.1,0.0668615
-0.828464,4.3,0.0384127
-0.828464,4.5,-0.0230101
-0.828464,4.7,-0.0990331
-0.828464,4.9,-0.171828
-0.828464,5.1,-0.234744
-0.828464,5.3,-0.288297
-0.828464,5.5,-0.334726
-0.828464,5.7,-0.37529
-0.828464,5.9,-0.409071
-0.828464,6.1,-0.432172
-0.828464,6.3,-0.437313
-0.828464,6.5,-0.415116
-0.828464,6.7,-0.358888
-0.828464,6.9,-0.271833
-0.828464,7.1,-0.169494
-0.828464,7.3,-0.0719203
-0.828464,7.5,0.00722523
-0.828464,7.7,0.0641716
-0.828464,7.9,0.101634
-0.828464,8.1,0.124458
-0.828464,8.3,0.137182
-0.828464,8.5,0.143276
-0.828464,8.7,0.145154
-0.828464,8.9,0.144423
-0.828464,9.1,0.142127
-0.828464,9.3,0.13894
-0.828464,9.5,0.135288
-0.828464,9.7,0.131444
-0.828464,9.9,0.127577
-0.819343,2.1,0.00764262
-0.819343,2.3,0.00485009
-0.819343,2.5,-0.000294289
-0.819343,2.7,0.00255356
-0.819343,2.9,0.0175381
-0.819343,3.1,0.0321571
-0.819343,3.3,0.0378434
-0.819343,3.5,0.0423922
-0.819343,3.7,0.0547653
-0.819343,3.9,0.0706563
-0.819343,4.1,0.0716448
-0.819343,4.3,0.0387957
-0.819343,4.5,-0.0266644
-0.819343,4.7,-0.105183
-0.819343,4.9,-0.179885
-0.819343,5.1,-0.244917
-0.819343,5.3,-0.300874
-0.819343,5.5,-0.349686
-0.819343,5.7,-0.392082
-0.819343,5.9,-0.426359
-0.819343,6.1,-0.447596
-0.819343,6.3,-0.447602
-0.819343,6.5,-0.417181
-0.819343,6.7,-0.351988
-0.819343,6.9,-0.259032
-0.819343,7.1,-0.156054
-0.819343,7.3,-0.0618708
-0.819343,7.5,0.0126784
-0.819343,7.7,0.0658
-0.819343,7.9,0.100811
-0.819343,8.1,0.122385
-0.819343,8.3,0.134683
-0.819343,8.5,0.14084
-0.819343,8.7,0.143041
-0.819343,8.9,0.142753
-0.819343,9.1,0.140938
-0.819343,9.3,0.138227
-0.819343,9.5,0.135024
-0.819343,9.7,0.131593
-0.819343,9.9,0.128103
-0.810221,2.1,0.00724691
-0.810221,2.3,0.00460951
-0.810221,2.5,-0.000237463
-0.810221,2.7,0.00240423
-0.810221,2.9,0.0162168
-0.810221,3.1,0.0298035
-0.810221,3.3,0.0362733
-0.810221,3.5,0.0433401
-0.810221,3.7,0.0583466
-0.810221,3.9,0.0750849
-0.810221,4.1,0.0740421
-0.810221,4.3,0.0377913
-0.810221,4.5,-0.029742
-0.810221,4.7,-0.108784
-0.810221,4.9,-0.183836
-0.810221,5.1,-0.249795
-0.810221,5.3,-0.307187
-0.810221,5.5,-0.357506
-0.810221,5.7,-0.400843
-0.810221,5.9,-0.43466
-0.810221,6.1,-0.453083
-0.810221,6.3,-0.447374
-0.810221,6.5,-0.409204
-0.810221,6.7,-0.337118
-0.810221,6.9,-0.241476
-0.810221,7.1,-0.140896
-0.810221,7.3,-0.0520832
-0.810221,7.5,0.0168604
-0.810221,7.7,0.0656715
-0.810221,7.9,0.0979555
-0.810221,8.1,0.118086
-0.810221,8.3,0.129811
-0.810221,8.5,0.135925
-0.810221,8.7,0.13838
-0.810221,8.9,0.138495
-0.810221,9.1,0.137148
-0.810221,9.3,0.134917
-0.810221,9.5,0.132184
-0.810221,9.7,0.129196
-0.810221,9.9,0.126117
-0.8011,2.1,0.00681947
-0.8011,2.3,0.00434409
-0.8011,2.5,-0.000207509
-0.8011,2.7,0.00219988
-0.8011,2.9,0.0148452
-0.8011,3.1,0.027448
-0.8011,3.3,0.0345739
-0.8011,3.5,0.0436756
-0.8011,3.7,0.060562
-0.8011,3.9,0.0774145
-0.8011,4.1,0.07427
-0.8011,4.3,0.0357487
-0.8011,4.5,-0.0320236
-0.8011,4.7,-0.109868
-0.8011,4.9,-0.183895
-0.8011,5.1,-0.249661
-0.8011,5.3,-0.307511
-0.8011,5.5,-0.358411
-0.8011,5.7,-0.401753
-0.8011,5.9,-0.434163
-0.8011,6.1,-0.448978
-0.8011,6.3,-0.437352
-0.8011,6.5,-0.392461
-0.8011,6.7,-0.315941
-0.8011,6.9,-0.220692
-0.8011,7.1,-0.124994
-0.8011,7.3,-0.0429613
-0.8011,7.5,0.0197478
-0.8011,7.7,0.0639697
-0.8011,7.9,0.093356
-0.8011,8.1,0.111901
-0.8011,8.3,0.122925
-0.8011,8.5,0.128888
-0.8011,8.7,0.131514
-0.8011,8.9,0.131973
-0.8011,9.1,0.131055
-0.8011,9.3,0.129284
-0.8011,9.5,0.127012
-0.8011,9.7,0.124471
-0.8011,9.9,0.121815
-0.791979,2.1,0.00637056
-0.791979,2.3,0.00406106
-0.791979,2.5,-0.000198381
-0.791979,2.7,0.0019592
-0.791979,2.9,0.0134613
-0.791979,3.1,0.0251221
-0.791979,3.3,0.0327463
-0.791979,3.5,0.0433909
-0.791979,3.7,0.0614358
-0.791979,3.9,0.0777778
-0.791979,4.1,0.0726373
-0.791979,4.3,0.0330054
-0.791979,4.5,-0.0334085
-0.791979,4.7,-0.108641
-0.791979,4.9,-0.180485
-0.791979,5.1,-0.245049
-0.791979,5.3,-0.302417
-0.791979,5.5,-0.352974
-0.791979,5.7,-0.395396
-0.791979,5.9,-0.425527
-0.791979,6.1,-0.436153
-0.791979,6.3,-0.4188
-0.791979,6.5,-0.368638
-0.791979,6.7,-0.290257
-0.791979,6.9,-0.198099
-0.791979,7.1,-0.109139
-0.791979,7.3,-0.0347607
-0.791979,7.5,0.0214157
-0.791979,7.7,0.06095
-0.791979,7.9,0.0873654
-0.791979,8.1,0.104233
-0.791979,8.3,0.114455
-0.791979,8.5,0.120169
-0.791979,8.7,0.122878
-0.791979,8.9,0.123611
-0.791979,9.1,0.123067
-0.791979,9.3,0.121716
-0.791979,9.5,0.119877
-0.791979,9.7,0.117763
-0.791979,9.9,0.115519
-0.782857,2.1,0.00590975
-0.782857,2.3,0.00376732
-0.782857,2.5,-0.000204292
-0.782857,2.7,0.00169868
-0.782857,2.9,0.0120968
-0.782857,3.1,0.0228522
-0.782857,3.3,0.0308029
-0.782857,3.5,0.0425122
-0.782857,3.7,0.0610543
-0.782857,3.9,0.0763929
-0.782857,4.1,0.0695073
-0.782857,4.3,0.029861
-0.782857,4.5,-0.0338969
-0.782857,4.7,-0.105427
-0.782857,4.9,-0.174159
-0.782857,5.1,-0.236648
-0.782857,5.3,-0.292667
-0.782857,5.5,-0.342007
-0.782857,5.7,-0.382646
-0.782857,5.9,-0.409756
-0.782857,6.1,-0.41586
-0.782857,6.3,-0.393325
-0.782857,6.5,-0.339607
-0.782857,6.7,-0.261817
-0.782857,6.9,-0.174917
-0.782857,7.1,-0.0939234
-0.782857,7.3,-0.0276116
-0.782857,7.5,0.0220071
-0.782857,7.7,0.0569067
-0.782857,7.9,0.0803644
-0.782857,8.1,0.0955161
-0.782857,8.3,0.104864
-0.782857,8.5,0.110245
-0.782857,8.7,0.112955
-0.782857,8.9,0.113887
-0.782857,9.1,0.113652
-0.782857,9.3,0.112668
-0.782857,9.5,0.111219
-0.782857,9.7,0.109499
-0.782857,9.9,0.10764
-0.773736,2.1,0.00544564
-0.773736,2.3,0.00346923
-0.773736,2.5,-0.000220012
-0.773736,2.7,0.0014322
-0.773736,2.9,0.0107775
-0.773736,3.1,0.0206609
-0.773736,3.3,0.0287644
-0.773736,3.5,0.0410931
-0.773736,3.7,0.0595531
-0.773736,3.9,0.0735378
-0.773736,4.1,0.0652604
-0.773736,4.3,0.0265622
-0.773736,4.5,-0.033563
-0.773736,4.7,-0.100612
-0.773736,4.9,-0.165529
-0.773736,5.1,-0.22522
-0.773736,5.3,-0.279127
-0.773736,5.5,-0.32646
-0.773736,5.7,-0.364553
-0.773736,5.9,-0.388065
-0.773736,6.1,-0.389575
-0.773736,6.3,-0.362695
-0.773736,6.5,-0.307236
-0.773736,6.7,-0.232188
-0.773736,6.9,-0.152126
-0.773736,7.1,-0.0797613
-0.773736,7.3,-0.021546
-0.773736,7.5,0.0217053
-0.773736,7.7,0.0521438
-0.773736,7.9,0.0727309
-0.773736,8.1,0.0861757
-0.773736,8.3,0.0946092
-0.773736,8.5,0.0995925
-0.773736,8.7,0.10223
-0.773736,8.9,0.103288
-0.773736,9.1,0.103297
-0.773736,9.3,0.102621
-0.773736,9.5,0.101512
-0.773736,9.7,0.100141
-0.773736,9.9,0.0986293
-0.764615,2.1,0.00498578
-0.764615,2.3,0.00317242
-0.764615,2.5,-0.000241051
-0.764615,2.7,0.00117096
-0.764615,2.9,0.00952289
-0.764615,3.1,0.0185663
-0.764615,3.3,0.0266579
-0.764615,3.5,0.039207
-0.764615,3.7,0.0571031
-0.764615,3.9,0.069524
-0.764615,4.1,0.0602629
-0.764615,4.3,0.0232967
-0.764615,4.5,-0.0325287
-0.764615,4.7,-0.0945976
-0.764615,4.9,-0.155205
-0.764615,5.1,-0.211528
-0.764615,5.3,-0.262679
-0.764615,5.5,-0.307327
-0.764615,5.7,-0.342248
-0.764615,5.9,-0.361772
-0.764615,6.1,-0.358868
-0.764615,6.3,-0.328689
-0.764615,6.5,-0.273252
-0.764615,6.7,-0.202684
-0.764615,6.9,-0.130461
-0.764615,7.1,-0.0669077
-0.764615,7.3,-0.0165249
-0.764615,7.5,0.0207098
-0.764615,7.7,0.0469522
-0.764615,7.9,0.0648145
-0.764615,8.1,0.0766032
-0.764615,8.3,0.0841118
-0.764615,8.5,0.0886526
-0.764615,8.7,0.0911572
-0.764615,8.9,0.0922775
-0.764615,9.1,0.0924666
-0.764615,9.3,0.0920396
-0.764615,9.5,0.0912151
-0.764615,9.7,0.0901456
-0.764615,9.9,0.0889376
-0.755494,2.1,0.00453662
-0.755494,2.3,0.0028817
-0.755494,2.5,-0.00026375
-0.755494,2.7,0.000923516
-0.755494,2.9,0.00834732
-0.755494,3.1,0.0165829
-0.755494,3.3,0.024514
-0.755494,3.5,0.0369407
-0.755494,3.7,0.053896
-0.755494,3.9,0.0646701
-0.755494,4.1,0.0548434
-0.755494,4.3,0.0201963
-0.755494,4.5,-0.0309389
-0.755494,4.7,-0.087767
-0.755494,4.9,-0.143755
-0.755494,5.1,-0.19629
-0.755494,5.3,-0.244171
-0.755494,5.5,-0.285583
-0.755494,5.7,-0.316855
-0.755494,5.9,-0.332206
-0.755494,6.1,-0.325293
-0.755494,6.3,-0.292978
-0.755494,6.5,-0.23915
-0.755494,6.7,-0.174334
-0.755494,6.9,-0.110427
-0.755494,7.1,-0.0554895
-0.755494,7.3,-0.0124619
-0.755494,7.5,0.0192174
-0.755494,7.7,0.0415921
-0.755494,7.9,0.0569196
-0.755494,8.1,0.0671368
-0.755494,8.3,0.0737365
-0.755494,8.5,0.0778107
-0.755494,8.7,0.0801376
-0.755494,8.9,0.0812651
-0.755494,9.1,0.0815771
-0.755494,9.3,0.0813427
-0.755494,9.5,0.0807503
-0.755494,9.7,0.0799327
-0.755494,9.9,0.0789834
-0.746372,2.1,0.00410343
-0.746372,2.3,0.00260104
-0.746372,2.5,-0.000285291
-0.746372,2.7,0.00069598
-0.746372,2.9,0.0072602
-0.746372,3.1,0.0147216
-0.746372,3.3,0.0223649
-0.746372,3.5,0.0343874
-0.746372,3.7,0.0501308
-0.746372,3.9,0.0592802
-0.746372,4.1,0.0492783
-0.746372,4.3,0.0173436
-0.746372,4.5,-0.0289426
-0.746372,4.7,-0.0804624
-0.746372,4.9,-0.131681
-0.746372,5.1,-0.180144
-0.746372,5.3,-0.224371
-0.746372,5.5,-0.262136
-0.746372,5.7,-0.289447
-0.746372,5.9,-0.300635
-0.746372,6.1,-0.290302
-0.746372,6.3,-0.257038
-0.746372,6.5,-0.206143
-0.746372,6.7,-0.147886
-0.746372,6.9,-0.0923339
-0.746372,7.1,-0.0455348
-0.746372,7.3,-0.00924424
-0.746372,7.5,0.0174082
-0.746372,7.7,0.0362827
-0.746372,7.9,0.0492948
-0.746372,8.1,0.0580508
-0.746372,8.3,0.06378
-0.746372,8.5,0.067382
-0.746372,8.7,0.0695007
-0.746372,8.9,0.0705921
-0.746372,9.1,0.0709782
-0.746372,9.3,0.0708863
-0.746372,9.5,0.0704771
-0.746372,9.7,0.0698647
-0.746372,9.9,0.0691303
-0.737251,2.1,0.0036904
-0.737251,2.3,0.00233355
-0.737251,2.5,-0.000303654
-0.737251,2.7,0.000492297
-0.737251,2.9,0.00626684
-0.737251,3.1,0.0129899
-0.737251,3.3,0.0202421
-0.737251,3.5,0.0316415
-0.737251,3.7,0.0460012
-0.737251,3.9,0.0536262
-0.737251,4.1,0.0437858
-0.737251,4.3,0.0147818
-0.737251,4.5,-0.0266798
-0.737251,4.7,-0.0729739
-0.737251,4.9,-0.119403
-0.737251,5.1,-0.163636
-0.737251,5.3,-0.203953
-0.737251,5.5,-0.237796
-0.737251,5.7,-0.260998
-0.737251,5.9,-0.268218
-0.737251,6.1,-0.255186
-0.737251,6.3,-0.222101
-0.737251,6.5,-0.175148
-0.737251,6.7,-0.123826
-0.737251,6.9,-0.0763249
-0.737251,7.1,-0.0369989
-0.737251,7.3,-0.00674763
-0.737251,7.5,0.0154376
-0.737251,7.7,0.0311969
-0.737251,7.9,0.0421293
-0.737251,8.1,0.0495514
-0.737251,8.3,0.0544655
-0.737251,8.5,0.0576056
-0.737251,8.7,0.0594994
-0.737251,8.9,0.060523
-0.737251,9.1,0.0609438
-0.737251,9.3,0.0609518
-0.737251,9.5,0.0606826
-0.737251,9.7,0.0602331
-0.737251,9.9,0.0596731
-0.72813,2.1,0.00330066
-0.72813,2.3,0.00208155
-0.72813,2.5,-0.000317536
-0.72813,2.7,0.000314562
-0.72813,2.9,0.00536909
-0.72813,3.1,0.0113922
-0.72813,3.3,0.0181751
-0.72813,3.5,0.0287931
-0.72813,3.7,0.0416854
-0.72813,3.9,0.0479378
-0.72813,4.1,0.0385269
-0.72813,4.3,0.0125246
-0.72813,4.5,-0.024273
-0.72813,4.7,-0.0655352
-0.72813,4.9,-0.107259
-0.72813,5.1,-0.147214
-0.72813,5.3,-0.183483
-0.72813,5.5,-0.213264
-0.72813,5.7,-0.232368
-0.72813,5.9,-0.235976
-0.72813,6.1,-0.22104
-0.72813,6.3,-0.189128
-0.72813,6.5,-0.146793
-0.72813,6.7,-0.102416
-0.72813,6.9,-0.0624159
-0.72813,7.1,-0.0297879
-0.72813,7.3,-0.00484842
-0.72813,7.5,0.0134315
-0.72813,7.7,0.0264603
-0.72813,7.9,0.0355539
-0.72813,8.1,0.0417792
-0.72813,8.3,0.0459455
-0.72813,8.5,0.0486464
-0.72813,8.7,0.0503106
-0.72813,8.9,0.0512453
-0.72813,9.1,0.0516704
-0.72813,9.3,0.0517435
-0.72813,9.5,0.0515777
-0.72813,9.7,0.0512546
-0.72813,9.9,0.0508333
-0.719008,2.1,0.00293637
-0.719008,2.3,0.00184661
-0.719008,2.5,-0.000326242
-0.719008,2.7,0.000163363
-0.719008,2.9,0.00456602
-0.719008,3.1,0.00993018
-0.719008,3.3,0.0161901
-0.719008,3.5,0.0259244
-0.719008,3.7,0.0373388
-0.719008,3.9,0.042397
-0.719008,4.1,0.033611
-0.719008,4.3,0.0105653
-0.719008,4.5,-0.021824
-0.719008,4.7,-0.058326
-0.719008,4.9,-0.0955106
-0.719008,5.1,-0.131231
-0.719008,5.3,-0.163418
-0.719008,5.5,-0.189127
-0.719008,5.7,-0.204289
-0.719008,5.9,-0.204766
-0.719008,6.1,-0.188734
-0.719008,6.3,-0.158809
-0.719008,6.5,-0.121447
-0.719008,6.7,-0.0837369
-0.719008,6.9,-0.0505281
-0.719008,7.1,-0.0237776
-0.719008,7.3,-0.00343112
-0.719008,7.5,0.0114854
-0.719008,7.7,0.0221552
-0.719008,7.9,0.0296464
-0.719008,8.1,0.0348147
-0.719008,8.3,0.0383077
-0.719008,8.5,0.0406013
-0.719008,8.7,0.0420406
-0.719008,8.9,0.0428746
-0.719008,9.1,0.0432824
-0.719008,9.3,0.0433935
-0.719008,9.5,0.0433013
-0.719008,9.7,0.0430738
-0.719008,9.9,0.0427607
-0.709887,2.1,0.00259885
-0.709887,2.3,0.00162967
-0.709887,2.5,-0.000329572
-0.709887,2.7,3.81137e-05
-0.709887,2.9,0.00385455
-0.709887,3.1,0.00860311
-0.709887,3.3,0.014309
-0.709887,3.5,0.0231068
-0.709887,3.7,0.0330895
-0.709887,3.9,0.0371385
-0.709887,4.1,0.0291035
-0.709887,4.3,0.00888444
-0.709887,4.5,-0.0194129
-0.709887,4.7,-0.0514766
-0.709887,4.9,-0.0843469
-0.709887,5.1,-0.115952
-0.709887,5.3,-0.144122
-0.709887,5.5,-0.165861
-0.709887,5.7,-0.177364
-0.709887,5.9,-0.17528
-0.709887,6.1,-0.158915
-0.709887,6.3,-0.131572
-0.709887,6.5,-0.099255
-0.709887,6.7,-0.067726
-0.709887,6.9,-0.0405181
-0.709887,7.1,-0.0188294
-0.709887,7.3,-0.00239309
-0.709887,7.5,0.00966678
-0.709887,7.7,0.0183254
-0.709887,7.9,0.0244392
-0.709887,8.1,0.0286878
-0.709887,8.3,0.0315849
-0.709887,8.5,0.0335089
-0.709887,8.7,0.0347353
-0.709887,8.9,0.0354642
-0.709887,9.1,0.0358405
-0.709887,9.3,0.0359693
-0.709887,9.5,0.0359273
-0.709887,9.7,0.0357706
-0.709887,9.9,0.0355403
-0.700766,2.1,0.00228867
-0.700766,2.3,0.00143107
-0.700766,2.5,-0.000327704
-0.700766,2.7,-6.2641e-05
-0.700766,2.9,0.00322999
-0.700766,3.1,0.00740807
-0.700766,3.3,0.0125491
-0.700766,3.5,0.0203987
-0.700766,3.7,0.0290366
-0.700766,3.9,0.0322536
-0.700766,4.1,0.0250353
-0.700766,4.3,0.00745521
-0.700766,4.5,-0.0170993
-0.700766,4.7,-0.0450753
-0.700766,4.9,-0.0738985
-0.700766,5.1,-0.101569
-0.700766,5.3,-0.125868
-0.700766,5.5,-0.143841
-0.700766,5.7,-0.152067
-0.700766,5.9,-0.148032
-0.700766,6.1,-0.132006
-0.700766,6.3,-0.107622
-0.700766,6.5,-0.0801891
-0.700766,6.7,-0.0542221
-0.700766,6.9,-0.0322032
-0.700766,7.1,-0.014801
-0.700766,7.3,-0.00164667
-0.700766,7.5,0.00801793
-0.700766,7.7,0.0149832
-0.700766,7.9,0.0199281
-0.700766,8.1,0.0233877
-0.700766,8.3,0.0257657
-0.700766,8.5,0.0273608
-0.700766,8.7,0.0283914
-0.700766,8.9,0.0290168
-0.700766,9.1,0.0293532
-0.700766,9.3,0.0294855
-0.700766,9.5,0.0294758
-0.700766,9.7,0.0293701
-0.700766,9.9,0.0292022
-0.691644,2.1,0.00200577
-0.691644,2.3,0.00125074
-0.691644,2.5,-0.00032109
-0.691644,2.7,-0.000140949
-0.691644,2.9,0.00268656
-0.691644,3.1,0.00634034
-0.691644,3.3,0.0109225
-0.691644,3.5,0.0178454
-0.691644,3.7,0.025251
-0.691644,3.9,0.0277959
-0.691644,4.1,0.0214111
-0.691644,4.3,0.00624805
-0.691644,4.5,-0.014925
-0.691644,4.7,-0.0391753
-0.691644,4.9,-0.0642459
-0.691644,5.1,-0.0882102
-0.691644,5.3,-0.10885
-0.691644,5.5,-0.123346
-0.691644,5.7,-0.12875
-0.691644,5.9,-0.123373
-0.691644,6.1,-0.108228
-0.691644,6.3,-0.0869707
-0.691644,6.5,-0.0640884
-0.691644,6.7,-0.0429993
-0.691644,6.9,-0.0253822
-0.691644,7.1,-0.0115548
-0.691644,7.3,-0.00111952
-0.691644,7.5,0.00656067
-0.691644,7.7,0.012117
-0.691644,7.9,0.016082
-0.691644,8.1,0.0188731
-0.691644,8.3,0.0208057
-0.691644,8.5,0.0221134
-0.691644,8.7,0.0229681
-0.691644,8.9,0.0234957
-0.691644,9.1,0.0237887
-0.691644,9.3,0.023915
-0.691644,9.5,0.0239247
-0.691644,9.7,0.0238549
-0.691644,9.9,0.0237333
-0.682523,2.1,0.0017496
-0.682523,2.3,0.0010882
-0.682523,2.5,-0.000310357
-0.682523,2.7,-0.000199223
-0.682523,2.9,0.00221774
-0.682523,3.1,0.00539374
-0.682523,3.3,0.00943687
-0.682523,3.5,0.0154788
-0.682523,3.7,0.0217781
-0.682523,3.9,0.0237889
-0.682523,4.1,0.0182174
-0.682523,4.3,0.00523328
-0.682523,4.5,-0.0129163
-0.682523,4.7,-0.0338023
-0.682523,4.9,-0.05543
-0.682523,5.1,-0.0759519
-0.682523,5.3,-0.093201
-0.682523,5.5,-0.104572
-0.682523,5.7,-0.107646
-0.682523,5.9,-0.101492
-0.682523,6.1,-0.0876267
-0.682523,6.3,-0.0694821
-0.682523,6.5,-0.0507047
-0.682523,6.7,-0.0337974
-0.682523,6.9,-0.0198506
-0.682523,7.1,-0.00896336
-0.682523,7.3,-0.00075373
-0.682523,7.5,0.0053008
-0.682523,7.7,0.00969756
-0.682523,7.9,0.0128504
-0.682523,8.1,0.0150825
-0.682523,8.3,0.016638
-0.682523,8.5,0.0176987
-0.682523,8.7,0.0183987
-0.682523,8.9,0.0188369
-0.682523,9.1,0.0190864
-0.682523,9.3,0.0192011
-0.682523,9.5,0.019221
-0.682523,9.7,0.0191759
-0.682523,9.9,0.0190882
-0.673402,2.1,0.00151917
-0.673402,2.3,0.000942697
-0.673402,2.5,-0.000296233
-0.673402,2.7,-0.000240047
-0.673402,2.9,0.00181668
-0.673402,3.1,0.00456097
-0.673402,3.3,0.00809506
-0.673402,3.5,0.0133186
-0.673402,3.7,0.0186413
-0.673402,3.9,0.0202329
-0.673402,4.1,0.0154284
-0.673402,4.3,0.00438285
-0.673402,4.5,-0.0110875
-0.673402,4.7,-0.0289607
-0.673402,4.9,-0.0474609
-0.673402,5.1,-0.0648287
-0.673402,5.3,-0.078996
-0.673402,5.5,-0.0876359
-0.673402,5.7,-0.088881
-0.673402,5.9,-0.0824405
-0.673402,6.1,-0.0701032
-0.673402,6.3,-0.0549174
-0.673402,6.5,-0.0397393
-0.673402,6.7,-0.0263453
-0.673402,6.9,-0.0154119
-0.673402,7.1,-0.00691238
-0.673402,7.3,-0.000504191
-0.673402,7.5,0.0042325
-0.673402,7.7,0.00768498
-0.673402,7.9,0.010172
-0.673402,8.1,0.0119418
-0.673402,8.3,0.0131823
-0.673402,8.5,0.0140338
-0.673402,8.7,0.0146003
-0.673402,8.9,0.0149592
-0.673402,9.1,0.0151674
-0.673402,9.3,0.0152677
-0.673402,9.5,0.0152917
-0.673402,9.7,0.0152631
-0.673402,9.9,0.0151999
-0.66428,2.1,0.00131322
-0.66428,2.3,0.000813284
-0.66428,2.5,-0.000279476
-0.66428,2.7,-0.00026603
-0.66428,2.9,0.00147639
-0.66428,3.1,0.00383387
-0.66428,3.3,0.00689611
-0.66428,3.5,0.0113739
-0.66428,3.7,0.0158461
-0.66428,3.9,0.0171114
-0.66428,4.1,0.0130114
-0.66428,4.3,0.00367133
-0.66428,4.5,-0.00944362
-0.66428,4.7,-0.0246392
-0.66428,4.9,-0.0403256
-0.66428,5.1,-0.0548429
-0.66428,5.3,-0.0662651
-0.66428,5.5,-0.07259
-0.66428,5.7,-0.0724831
-0.66428,5.9,-0.0661512
-0.66428,6.1,-0.0554536
-0.66428,6.3,-0.0429731
-0.66428,6.5,-0.0308736
-0.66428,6.7,-0.0203785
-0.66428,6.9,-0.0118848
-0.66428,7.1,-0.00530181
-0.66428,7.3,-0.000336689
-0.66428,7.5,0.00334221
-0.66428,7.7,0.00603326
-0.66428,7.9,0.00797998
-0.66428,8.1,0.00937176
-0.66428,8.3,0.0103523
-0.66428,8.5,0.0110291
-0.66428,8.7,0.0114826
-0.66428,8.9,0.0117724
-0.66428,9.1,0.0119432
-0.66428,9.3,0.0120282
-0.66428,9.5,0.0120524
-0.66428,9.7,0.0120345
-0.66428,9.9,0.0119888
-0.655159,2.1,0.00113024
-0.655159,2.3,0.000698864
-0.655159,2.5,-0.00026083
-0.655159,2.7,-0.000279697
-0.655159,2.9,0.00119004
-0.655159,3.1,0.00320376
-0.655159,3.3,0.00583566
-0.655159,3.5,0.00964515
-0.655159,3.7,0.0133848
-0.655159,3.9,0.0143971
-0.655159,4.1,0.0109305
-0.655159,4.3,0.00307633
-0.655159,4.5,-0.00798233
-0.655159,4.7,-0.0208155
-0.655159,4.9,-0.0339946
-0.655159,5.1,-0.0459717
-0.655159,5.3,-0.0549996
-0.655159,5.5,-0.0594253
-0.655159,5.7,-0.0583956
-0.655159,5.9,-0.0524624
-0.655159,6.1,-0.0434025
-0.655159,6.3,-0.0333156
-0.655159,6.5,-0.023792
-0.655159,6.7,-0.0156506
-0.655159,6.9,-0.00910707
-0.655159,7.1,-0.00404615
-0.655159,7.3,-0.000225895
-0.655159,7.5,0.00261177
-0.655159,7.7,0.00469455
-0.655159,7.9,0.00620711
-0.655159,8.1,0.00729301
-0.655159,8.3,0.00806138
-0.655159,8.5,0.00859436
-0.655159,8.7,0.00895343
-0.655159,8.9,0.00918461
-0.655159,9.1,0.00932238
-0.655159,9.3,0.00939263
-0.655159,9.5,0.00941483
-0.655159,9.7,0.00940373
-0.655159,9.9,0.0093705
-0.646038,2.1,0.000968613
-0.646038,2.3,0.000598263
-0.646038,2.5,-0.000240989
-0.646038,2.7,-0.000283407
-0.646038,2.9,0.000951045
-0.646038,3.1,0.0026617
-0.646038,3.3,0.00490676
-0.646038,3.5,0.00812553
-0.646038,3.7,0.0112401
-0.646038,3.9,0.012056
-0.646038,4.1,0.00914875
-0.646038,4.3,0.00257855
-0.646038,4.5,-0.00669648
-0.646038,4.7,-0.01746
-0.646038,4.9,-0.0284266
-0.646038,5.1,-0.0381733
-0.646038,5.3,-0.0451588
-0.646038,5.5,-0.0480812
-0.646038,5.7,-0.0464929
-0.646038,5.9,-0.041147
-0.646038,6.1,-0.0336366
-0.646038,6.3,-0.0256078
-0.646038,6.5,-0.018198
-0.646038,6.7,-0.0119401
-0.646038,6.9,-0.00693759
-0.646038,7.1,-0.0030736
-0.646038,7.3,-0.000153504
-0.646038,7.5,0.00202097
-0.646038,7.7,0.00362211
-0.646038,7.9,0.00478901
-0.646038,8.1,0.00562984
-0.646038,8.3,0.00622706
-0.646038,8.5,0.00664296
-0.646038,8.7,0.00692439
-0.646038,8.9,0.0071066
-0.646038,9.1,0.00721608
-0.646038,9.3,0.00727282
-0.646038,9.5,0.00729196
-0.646038,9.7,0.00728496
-0.646038,9.9,0.00726056
-0.636916,2.1,0.000826622
-0.636916,2.3,0.000510273
-0.636916,2.5,-0.00022057
-0.636916,2.7,-0.000279301
-0.636916,2.9,0.000753213
-0.636916,3.1,0.00219875
-0.636916,3.3,0.00410049
-0.636916,3.5,0.00680344
-0.636916,3.7,0.0093884
-0.636916,3.9,0.0100511
-0.636916,4.1,0.0076306
-0.636916,4.3,0.00216161
-0.636916,4.5,-0.00557556
-0.636916,4.7,-0.0145387
-0.636916,4.9,-0.0235727
-0.636916,5.1,-0.0313911
-0.636916,5.3,-0.036675
-0.636916,5.5,-0.0384544
-0.636916,5.7,-0.0365975
-0.636916,5.9,-0.0319375
-0.636916,6.1,-0.0258312
-0.636916,6.3,-0.0195286
-0.636916,6.5,-0.0138236
-0.636916,6.7,-0.00905337
-0.636916,6.9,-0.00525605
-0.636916,7.1,-0.00232483
-0.636916,7.3,-0.000106594
-0.636916,7.5,0.00154932
-0.636916,7.7,0.00277228
-0.636916,7.9,0.0036664
-0.636916,8.1,0.00431273
-0.636916,8.3,0.00477327
-0.636916,8.5,0.005095
-0.636916,8.7,0.00531345
-0.636916,8.9,0.00545543
-0.636916,9.1,0.00554121
-0.636916,9.3,0.00558614
-0.636916,9.5,0.00560186
-0.636916,9.7,0.00559726
-0.636916,9.9,0.00557912
-0.627795,2.1,0.000702536
-0.627795,2.3,0.000433691
-0.627795,2.5,-0.000200108
-0.627795,2.7,-0.00026928
-0.627795,2.9,0.00059082
-0.627795,3.1,0.00180613
-0.627795,3.3,0.00340666
-0.627795,3.5,0.00566383
-0.627795,3.7,0.00780259
-0.627795,3.9,0.0083448
-0.627795,4.1,0.00634252
-0.627795,4.3,0.00181181
-0.627795,4.5,-0.00460701
-0.627795,4.7,-0.0120152
-0.627795,4.9,-0.0193793
-0.627795,5.1,-0.0255579
-0.627795,5.3,-0.0294591
-0.627795,5.5,-0.0304083
-0.627795,5.7,-0.028498
-0.627795,5.9,-0.02455
-0.627795,6.1,-0.0196713
-0.627795,6.3,-0.0147853
-0.627795,6.5,-0.0104343
-0.627795,6.7,-0.00682561
-0.627795,6.9,-0.00396183
-0.627795,7.1,-0.00175152
-0.627795,7.3,-7.62577e-05
-0.627795,7.5,0.00117731
-0.627795,7.7,0.00210567
-0.627795,7.9,0.00278631
-0.627795,8.1,0.00327968
-0.627795,8.3,0.00363213
-0.627795,8.5,0.00387896
-0.627795,8.7,0.00404694
-0.627795,8.9,0.00415639
-0.627795,9.1,0.00422271
-0.627795,9.3,0.00425763
-0.627795,9.5,0.00427005
-0.627795,9.7,0.0042668
-0.627795,9.9,0.0042531
