-0.978966,2.2,-0.0054838
-0.978966,2.6,-0.0121239
-0.978966,3,-0.00688114
-0.978966,3.4,-0.00240299
-0.978966,3.8,-0.0049956
-0.978966,4.2,-0.0165125
-0.978966,4.6,-0.0270811
-0.978966,5,-0.0255733
-0.978966,5.4,-0.0152917
-0.978966,5.8,-0.00352469
-0.978966,6.2,0.00570701
-0.978966,6.6,0.0110165
-0.978966,7,0.0123736
-0.978966,7.4,0.0105071
-0.978966,7.8,0.00656254
-0.978966,8.2,0.0017687
-0.978966,8.6,-0.00286005
-0.978966,9,-0.0066827
-0.978966,9.4,-0.00943192
-0.978966,9.8,-0.0111161
-0.960723,2.2,-0.00926346
-0.960723,2.6,-0.0208135
-0.960723,3,-0.010404
-0.960723,3.4,-0.0017703
-0.960723,3.8,-0.00664739
-0.960723,4.2,-0.0303138
-0.960723,4.6,-0.0576684
-0.960723,5,-0.0632204
-0.960723,5.4,-0.0449667
-0.960723,5.8,-0.0173848
-0.960723,6.2,0.00731378
-0.960723,6.6,0.0234384
-0.960723,7,0.0298324
-0.960723,7.4,0.0277714
-0.960723,7.8,0.0196179
-0.960723,8.2,0.00797892
-0.960723,8.6,-0.004815
-0.960723,9,-0.0169827
-0.960723,9.4,-0.0273749
-0.960723,9.8,-0.0354259
-0.942481,2.2,-0.0127281
-0.942481,2.6,-0.0281421
-0.942481,3,-0.0115949
-0.942481,3.4,0.00140389
-0.942481,3.8,-0.00477459
-0.942481,4.2,-0.0368828
-0.942481,4.6,-0.0792226
-0.942481,5,-0.0983504
-0.942481,5.4,-0.0820702
-0.942481,5.8,-0.0448266
-0.942481,6.2,-0.00604271
-0.942481,6.6,0.0224112
-0.942481,7,0.0366986
-0.942481,7.4,0.0378232
-0.942481,7.8,0.0288793
-0.942481,8.2,0.0134336
-0.942481,8.6,-0.00526506
-0.942481,9,-0.0246054
-0.942481,9.4,-0.0426968
-0.942481,9.8,-0.0583363
-0.924238,2.2,-0.015485
-0.924238,2.6,-0.0330667
-0.924238,3,-0.0101358
-0.924238,3.4,0.00640108
-0.924238,3.8,-8.55737e-06
-0.924238,4.2,-0.033391
-0.924238,4.6,-0.0810388
-0.924238,5,-0.112342
-0.924238,5.4,-0.109001
-0.924238,5.8,-0.0781331
-0.924238,6.2,-0.0384622
-0.924238,6.6,-0.00511746
-0.924238,7,0.0150158
-0.924238,7.4,0.0212962
-0.924238,7.8,0.0161742
-0.924238,8.2,0.00304495
-0.924238,8.6,-0.0148204
-0.924238,9,-0.0346923
-0.924238,9.4,-0.054492
-0.924238,9.8,-0.0727718
-0.905995,2.2,-0.0173543
-0.905995,2.6,-0.0352896
-0.905995,3,-0.00652454
-0.905995,3.4,0.0118041
-0.905995,3.8,0.00565324
-0.905995,4.2,-0.0216853
-0.905995,4.6,-0.0627423
-0.905995,5,-0.0984541
-0.905995,5.4,-0.112284
-0.905995,5.8,-0.102969
-0.905995,6.2,-0.08079
-0.905995,6.6,-0.0574806
-0.905995,7,-0.0403822
-0.905995,7.4,-0.0320177
-0.905995,7.8,-0.03189
-0.905995,8.2,-0.0381875
-0.905995,8.6,-0.0487997
-0.905995,9,-0.0617918
-0.905995,9.4,-0.075585
-0.905995,9.8,-0.0889988
-0.887753,2.2,-0.0183209
-0.887753,2.6,-0.0350499
-0.887753,3,-0.00170554
-0.887753,3.4,0.0161777
-0.887753,3.8,0.0100544
-0.887753,4.2,-0.00585999
-0.887753,4.6,-0.0305468
-0.887753,5,-0.0616223
-0.887753,5.4,-0.0900788
-0.887753,5.8,-0.108835
-0.887753,6.2,-0.117117
-0.887753,6.6,-0.118304
-0.887753,7,-0.116372
-0.887753,7.4,-0.114071
-0.887753,7.8,-0.112746
-0.887753,8.2,-0.112777
-0.887753,8.6,-0.114029
-0.887753,9,-0.116143
-0.887753,9.4,-0.118704
-0.887753,9.8,-0.121335
-0.86951,2.2,-0.0184748
-0.86951,2.6,-0.0328864
-0.86951,3,0.00329953
-0.86951,3.4,0.0185691
-0.86951,3.8,0.0117555
-0.86951,4.2,0.00983546
-0.86951,4.6,0.00723063
-0.86951,5,-0.012405
-0.86951,5.4,-0.0499087
-0.86951,5.8,-0.0946146
-0.86951,6.2,-0.135855
-0.86951,6.6,-0.167943
-0.86951,7,-0.189593
-0.86951,7.4,-0.201849
-0.86951,7.8,-0.206561
-0.86951,8.2,-0.205633
-0.86951,8.6,-0.200734
-0.86951,9,-0.193222
-0.86951,9.4,-0.184144
-0.86951,9.8,-0.174279
-0.851267,2.2,-0.0179606
-0.851267,2.6,-0.0294435
-0.851267,3,0.00765878
-0.851267,3.4,0.0187041
-0.851267,3.8,0.0103854
-0.851267,4.2,0.0222137
-0.851267,4.6,0.0429773
-0.851267,5,0.0381492
-0.851267,5.4,-0.00275499
-0.851267,5.8,-0.0664611
-0.851267,6.2,-0.134706
-0.851267,6.6,-0.194751
-0.851267,7,-0.240645
-0.851267,7.4,-0.271095
-0.851267,7.8,-0.287286
-0.851267,8.2,-0.291478
-0.851267,8.6,-0.286255
-0.851267,9,-0.274126
-0.851267,9.4,-0.25732
-0.851267,9.8,-0.237704
-0.833025,2.2,-0.0169412
-0.833025,2.6,-0.0253357
-0.833025,3,0.0108624
-0.833025,3.4,0.0169042
-0.833025,3.8,0.00652793
-0.833025,4.2,0.0296325
-0.833025,4.6,0.0711874
-0.833025,5,0.0813066
-0.833025,5.4,0.0414672
-0.833025,5.8,-0.0329077
-0.833025,6.2,-0.118314
-0.833025,6.6,-0.197618
-0.833025,7,-0.261918
-0.833025,7.4,-0.308119
-0.833025,7.8,-0.33643
-0.833025,8.2,-0.348744
-0.833025,8.6,-0.347715
-0.833025,9,-0.336233
-0.833025,9.4,-0.317099
-0.833025,9.8,-0.29284
-0.814782,2.2,-0.0155753
-0.814782,2.6,-0.0210693
-0.814782,3,0.0127333
-0.814782,3.4,0.0138406
-0.814782,3.8,0.00132426
-0.814782,4.2,0.0319437
-0.814782,4.6,0.0889805
-0.814782,5,0.111767
-0.814782,5.4,0.0760326
-0.814782,5.8,-0.00129909
-0.814782,6.2,-0.0937434
-0.814782,6.6,-0.1821
-0.814782,7,-0.256172
-0.814782,7.4,-0.311936
-0.814782,7.8,-0.348896
-0.814782,8.2,-0.36843
-0.814782,8.6,-0.372871
-0.814782,9,-0.364978
-0.814782,9.4,-0.347589
-0.814782,9.8,-0.323408
-0.796539,2.2,-0.0140042
-0.796539,2.6,-0.01701
-0.796539,3,0.0133574
-0.796539,3.4,0.0102628
-0.796539,3.8,-0.00399095
-0.796539,4.2,0.0300897
-0.796539,4.6,0.0959876
-0.796539,5,0.127729
-0.796539,5.4,0.0978231
-0.796539,5.8,0.0236867
-0.796539,6.2,-0.0673376
-0.796539,6.6,-0.155772
-0.796539,7,-0.23131
-0.796539,7.4,-0.289724
-0.796539,7.8,-0.330198
-0.796539,8.2,-0.353736
-0.796539,8.6,-0.362305
-0.796539,9,-0.358341
-0.796539,9.4,-0.344439
-0.796539,9.8,-0.323149
-0.778297,2.2,-0.0123456
-0.778297,2.6,-0.0133838
-0.778297,3,0.0129803
-0.778297,3.4,0.00679764
-0.778297,3.8,-0.00844473
-0.778297,4.2,0.0255497
-0.778297,4.6,0.0937629
-0.778297,5,0.130275
-0.778297,5.4,0.106799
-0.778297,5.8,0.040107
-0.778297,6.2,-0.0434452
-0.778297,6.6,-0.125382
-0.778297,7,-0.196036
-0.778297,7.4,-0.251427
-0.778297,7.8,-0.290709
-0.778297,8.2,-0.314688
-0.778297,8.6,-0.32504
-0.778297,9,-0.323868
-0.778297,9.4,-0.313433
-0.778297,9.8,-0.29598
-0.760054,2.2,-0.0106917
-0.760054,2.6,-0.0102986
-0.760054,3,0.0119092
-0.760054,3.4,0.00385351
-0.760054,3.8,-0.0114919
-0.760054,4.2,0.0198281
-0.760054,4.6,0.0849382
-0.760054,5,0.122349
-0.760054,5.4,0.105035
-0.760054,5.8,0.0481529
-0.760054,6.2,-0.0243251
-0.760054,6.6,-0.0957685
-0.760054,7,-0.157578
-0.760054,7.4,-0.206259
-0.760054,7.8,-0.241093
-0.760054,8.2,-0.262805
-0.760054,8.6,-0.272854
-0.760054,9,-0.273045
-0.760054,9.4,-0.265302
-0.760054,9.8,-0.251525
-0.741812,2.2,-0.00911048
-0.741812,2.6,-0.00777441
-0.741812,3,0.0104404
-0.741812,3.4,0.00161506
-0.741812,3.8,-0.0130068
-0.741812,4.2,0.0141177
-0.741812,4.6,0.0723843
-0.741812,5,0.107652
-0.741812,5.4,0.0956578
-0.741812,5.8,0.0493375
-0.741812,6.2,-0.0105835
-0.741812,6.6,-0.0697917
-0.741812,7,-0.12096
-0.741812,7.4,-0.161178
-0.741812,7.8,-0.18992
-0.741812,8.2,-0.207874
-0.741812,8.6,-0.216324
-0.741812,9,-0.216811
-0.741812,9.4,-0.210938
-0.741812,9.8,-0.200265
-0.723569,2.2,-0.0076479
-0.723569,2.6,-0.00577462
-0.723569,3,0.00881793
-0.723569,3.4,9.22094e-05
-0.723569,3.8,-0.0131705
-0.723569,4.2,0.00916743
-0.723569,4.6,0.0585951
-0.723569,5,0.0897305
-0.723569,5.4,0.0819398
-0.723569,5.8,0.0457341
-0.723569,6.2,-0.00175542
-0.723569,6.6,-0.0486956
-0.723569,7,-0.0890812
-0.723569,7.4,-0.120599
-0.723569,7.8,-0.142916
-0.723569,8.2,-0.156693
-0.723569,8.6,-0.163049
-0.723569,9,-0.163277
-0.723569,9.4,-0.158687
-0.723569,9.8,-0.15052
-0.705326,2.2,-0.00633142
-0.705326,2.6,-0.00423187
-0.705326,3,0.0072182
-0.705326,3.4,-0.000813085
-0.705326,3.8,-0.0123266
-0.705326,4.2,0.00531061
-0.705326,4.6,0.0453753
-0.705326,5,0.0714069
-0.705326,5.4,0.0666821
-0.705326,5.8,0.0393981
-0.705326,6.2,0.00316182
-0.705326,6.6,-0.0326014
-0.705326,7,-0.0631479
-0.705326,7.4,-0.0867182
-0.705326,7.8,-0.103147
-0.705326,8.2,-0.113052
-0.705326,8.6,-0.117387
-0.705326,9,-0.11721
-0.705326,9.4,-0.113562
-0.705326,9.8,-0.1074
-0.687084,2.2,-0.00517367
-0.687084,2.6,-0.00306763
-0.687084,3,0.00575264
-0.687084,3.4,-0.00124619
-0.687084,3.8,-0.0108576
-0.687084,4.2,0.00257511
-0.687084,4.6,0.0337948
-0.687084,5,0.0545695
-0.687084,5.4,0.0519174
-0.687084,5.8,0.0320193
-0.687084,6.2,0.00530697
-0.687084,6.6,-0.020969
-0.687084,7,-0.0431939
-0.687084,7.4,-0.0600879
-0.687084,7.8,-0.0716131
-0.687084,8.2,-0.0783231
-0.687084,8.6,-0.0810081
-0.687084,9,-0.0805089
-0.687084,9.4,-0.0776238
-0.687084,9.8,-0.0730659
-0.668841,2.2,-0.00417598
-0.668841,2.6,-0.00220476
-0.668841,3,0.00447912
-0.668841,3.4,-0.00135636
-0.668841,3.8,-0.00910334
-0.668841,4.2,0.00081078
-0.668841,4.6,0.0243087
-0.668841,5,0.0402279
-0.668841,5.4,0.0388745
-0.668841,5.8,0.0247849
-0.668841,6.2,0.00570646
-0.668841,6.6,-0.0129623
-0.668841,7,-0.0285622
-0.668841,7.4,-0.040205
-0.668841,7.8,-0.0479372
-0.668841,8.2,-0.0522351
-0.668841,8.6,-0.0537301
-0.668841,9,-0.053067
-0.668841,9.4,-0.0508375
-0.668841,9.8,-0.0475531
-0.650598,2.2,-0.00333165
-0.650598,2.6,-0.0015745
-0.650598,3,0.00341656
-0.650598,3.4,-0.00127175
-0.650598,3.8,-0.00732155
-0.650598,4.2,-0.000205152
-0.650598,4.6,0.0169423
-0.650598,5,0.0287087
-0.650598,5.4,0.0281062
-0.650598,5.8,0.0183921
-0.650598,6.2,0.0051588
-0.650598,6.6,-0.00769686
-0.650598,7,-0.0182854
-0.650598,7.4,-0.0260204
-0.650598,7.8,-0.0309948
-0.650598,8.2,-0.0336011
-0.650598,8.6,-0.0343254
-0.650598,9,-0.0336444
-0.650598,9.4,-0.0319805
-0.650598,9.8,-0.0296865
-0.632356,2.2,-0.00262873
-0.632356,2.6,-0.00111935
-0.632356,3,0.00255852
-0.632356,3.4,-0.0010895
-0.632356,3.8,-0.00568015
-0.632356,4.2,-0.000698129
-0.632356,4.6,0.0114709
-0.632356,5,0.0198902
-0.632356,5.4,0.0196826
-0.632356,5.8,0.0131462
-0.632356,6.2,0.00421382
-0.632356,6.6,-0.00438287
-0.632356,7,-0.0113466
-0.632356,7.4,-0.0163107
-0.632356,7.8,-0.0193859
-0.632356,8.2,-0.0208817
-0.632356,8.6,-0.0211584
-0.632356,9,-0.0205556
-0.632356,9.4,-0.0193634
-0.632356,9.8,-0.0178157
