-0.978966,2.2,0.00312485
-0.978966,2.6,-0.00337169
-0.978966,3,0.00507835
-0.978966,3.4,0.037777
-0.978966,3.8,0.0228906
-0.978966,4.2,-0.00586973
-0.978966,4.6,-0.0258204
-0.978966,5,-0.0325914
-0.978966,5.4,-0.0274292
-0.978966,5.8,-0.0239112
-0.978966,6.2,-0.023401
-0.978966,6.6,-0.0246462
-0.978966,7,-0.0267818
-0.978966,7.4,-0.0276662
-0.978966,7.8,-0.0206797
-0.978966,8.2,-0.00361204
-0.978966,8.6,0.00738701
-0.978966,9,0.00958262
-0.978966,9.4,0.00876147
-0.978966,9.8,0.00740974
-0.960723,2.2,0.00443276
-0.960723,2.6,-0.00445996
-0.960723,3,0.0149614
-0.960723,3.4,0.0506386
-0.960723,3.8,0.0150642
-0.960723,4.2,-0.0289643
-0.960723,4.6,-0.046535
-0.960723,5,-0.0385381
-0.960723,5.4,-0.0313813
-0.960723,5.8,-0.0324046
-0.960723,6.2,-0.0369065
-0.960723,6.6,-0.0428838
-0.960723,7,-0.0483326
-0.960723,7.4,-0.0458684
-0.960723,7.8,-0.0208917
-0.960723,8.2,0.0137906
-0.960723,8.6,0.0283216
-0.960723,9,0.0289106
-0.960723,9.4,0.0257077
-0.960723,9.8,0.0221611
-0.942481,2.2,0.00567182
-0.942481,2.6,-0.00380989
-0.942481,3,0.0247624
-0.942481,3.4,0.0534121
-0.942481,3.8,-0.000890447
-0.942481,4.2,-0.0474443
-0.942481,4.6,-0.0497208
-0.942481,5,-0.0330917
-0.942481,5.4,-0.0320831
-0.942481,5.8,-0.0401346
-0.942481,6.2,-0.0505645
-0.942481,6.6,-0.0613794
-0.942481,7,-0.0680828
-0.942481,7.4,-0.0550372
-0.942481,7.8,-0.00703332
-0.942481,8.2,0.0375616
-0.942481,8.6,0.0510933
-0.942481,9,0.0493946
-0.942481,9.4,0.0440698
-0.942481,9.8,0.0386979
-0.924238,2.2,0.00680056
-0.924238,2.6,-0.00188863
-0.924238,3,0.0326573
-0.924238,3.4,0.0498401
-0.924238,3.8,-0.0119773
-0.924238,4.2,-0.0475358
-0.924238,4.6,-0.0403903
-0.924238,5,-0.0360564
-0.924238,5.4,-0.0482874
-0.924238,5.8,-0.0642064
-0.924238,6.2,-0.0803096
-0.924238,6.6,-0.0947585
-0.924238,7,-0.0977187
-0.924238,7.4,-0.0629292
-0.924238,7.8,0.0109322
-0.924238,8.2,0.0604774
-0.924238,8.6,0.0720377
-0.924238,9,0.06832
-0.924238,9.4,0.0612283
-0.924238,9.8,0.0543214
-0.905995,2.2,0.00772398
-0.905995,2.6,0.000603611
-0.905995,3,0.0378566
-0.905995,3.4,0.0445033
-0.905995,3.8,-0.010497
-0.905995,4.2,-0.0287749
-0.905995,4.6,-0.0318165
-0.905995,5,-0.0596065
-0.905995,5.4,-0.0910461
-0.905995,5.8,-0.117031
-0.905995,6.2,-0.139977
-0.905995,6.6,-0.15661
-0.905995,7,-0.14597
-0.905995,7.4,-0.0723301
-0.905995,7.8,0.0308042
-0.905995,8.2,0.0845547
-0.905995,8.6,0.0948218
-0.905995,9,0.0893032
-0.905995,9.4,0.080329
-0.905995,9.8,0.0716466
-0.887753,2.2,0.00834664
-0.887753,2.6,0.00303638
-0.887753,3,0.0402519
-0.887753,3.4,0.0404623
-0.887753,3.8,0.00323683
-0.887753,4.2,0.00056419
-0.887753,4.6,-0.0326246
-0.887753,5,-0.104121
-0.887753,5.4,-0.159591
-0.887753,5.8,-0.199528
-0.887753,6.2,-0.231724
-0.887753,6.6,-0.246906
-0.887753,7,-0.20562
-0.887753,7.4,-0.0767844
-0.887753,7.8,0.0536882
-0.887753,8.2,0.111259
-0.887753,8.6,0.121321
-0.887753,9,0.114586
-0.887753,9.4,0.103889
-0.887753,9.8,0.093357
-0.86951,2.2,0.00860977
-0.86951,2.6,0.00498116
-0.86951,3,0.0401441
-0.86951,3.4,0.0386065
-0.86951,3.8,0.0241233
-0.86951,4.2,0.0308496
-0.86951,4.6,-0.0438498
-0.86951,5,-0.160371
-0.86951,5.4,-0.24222
-0.86951,5.8,-0.299811
-0.86951,6.2,-0.342341
-0.86951,6.6,-0.347337
-0.86951,7,-0.255818
-0.86951,7.4,-0.0703957
-0.86951,7.8,0.0770143
-0.86951,8.2,0.136677
-0.86951,8.6,0.147594
-0.86951,9,0.140866
-0.86951,9.4,0.129414
-0.86951,9.8,0.117721
-0.851267,2.2,0.00850584
-0.851267,2.6,0.00623184
-0.851267,3,0.0380513
-0.851267,3.4,0.0383188
-0.851267,3.8,0.0461432
-0.851267,4.2,0.0549145
-0.851267,4.6,-0.0609349
-0.851267,5,-0.214387
-0.851267,5.4,-0.321144
-0.851267,5.8,-0.397381
-0.851267,6.2,-0.447317
-0.851267,6.6,-0.429133
-0.851267,7,-0.278093
-0.851267,7.4,-0.0545585
-0.851267,7.8,0.0955107
-0.851267,8.2,0.154581
-0.851267,8.6,0.166928
-0.851267,9,0.161555
-0.851267,9.4,0.150764
-0.851267,9.8,0.139164
-0.833025,2.2,0.00807469
-0.833025,2.6,0.00676656
-0.833025,3,0.0345715
-0.833025,3.4,0.0384608
-0.833025,3.8,0.0644935
-0.833025,4.2,0.0691045
-0.833025,4.6,-0.0773043
-0.833025,5,-0.25354
-0.833025,5.4,-0.379695
-0.833025,5.8,-0.471404
-0.833025,6.2,-0.521468
-0.833025,6.6,-0.469071
-0.833025,7,-0.268437
-0.833025,7.4,-0.0351356
-0.833025,7.8,0.105073
-0.833025,8.2,0.160669
-0.833025,8.6,0.174267
-0.833025,9,0.171077
-0.833025,9.4,0.162125
-0.833025,9.8,0.151835
-0.814782,2.2,0.00738922
-0.814782,2.6,0.00668732
-0.814782,3,0.0302846
-0.814782,3.4,0.0380511
-0.814782,3.8,0.0762863
-0.814782,4.2,0.0730846
-0.814782,4.6,-0.0877525
-0.814782,5,-0.271076
-0.814782,5.4,-0.408217
-0.814782,5.8,-0.508486
-0.814782,6.2,-0.54952
-0.814782,6.6,-0.460559
-0.814782,7,-0.235214
-0.814782,7.4,-0.0175337
-0.814782,7.8,0.104597
-0.814782,8.2,0.154264
-0.814782,8.6,0.168316
-0.814782,9,0.1674
-0.814782,9.4,0.160837
-0.814782,9.8,0.1526
-0.796539,2.2,0.00653752
-0.796539,2.6,0.00615889
-0.796539,3,0.025688
-0.796539,3.4,0.0365378
-0.796539,3.8,0.0805582
-0.796539,4.2,0.0689386
-0.796539,4.6,-0.090195
-0.796539,5,-0.26706
-0.796539,5.4,-0.405763
-0.796539,5.8,-0.505814
-0.796539,6.2,-0.530218
-0.796539,6.6,-0.412674
-0.796539,7,-0.190671
-0.796539,7.4,-0.0046047
-0.796539,7.8,0.0956488
-0.796539,8.2,0.137776
-0.796539,8.6,0.151255
-0.796539,9,0.152141
-0.796539,9.4,0.147904
-0.796539,9.8,0.141892
-0.778297,2.2,0.005607
-0.778297,2.6,0.00535902
-0.778297,3,0.0211648
-0.778297,3.4,0.0338043
-0.778297,3.8,0.0779622
-0.778297,4.2,0.0598435
-0.778297,4.6,-0.0854213
-0.778297,5,-0.246281
-0.778297,5.4,-0.377923
-0.778297,5.8,-0.469315
-0.778297,6.2,-0.473449
-0.778297,6.6,-0.341997
-0.778297,7,-0.144997
-0.778297,7.4,0.00315788
-0.778297,7.8,0.0812557
-0.778297,8.2,0.115227
-0.778297,8.6,0.127247
-0.778297,9,0.129225
-0.778297,9.4,0.126865
-0.778297,9.8,0.122831
-0.760054,2.2,0.00467295
-0.760054,2.6,0.00444493
-0.760054,3,0.0169782
-0.760054,3.4,0.0300552
-0.760054,3.8,0.0702455
-0.760054,4.2,0.0488243
-0.760054,4.6,-0.075751
-0.760054,5,-0.215246
-0.760054,5.4,-0.33321
-0.760054,5.8,-0.40953
-0.760054,6.2,-0.394369
-0.760054,6.6,-0.264875
-0.760054,7,-0.104464
-0.760054,7.4,0.00666092
-0.760054,7.8,0.0646783
-0.760054,8.2,0.0907806
-0.760054,8.6,0.100799
-0.760054,9,0.103195
-0.760054,9.4,0.102133
-0.760054,9.8,0.0996304
-0.741812,2.2,0.00379241
-0.741812,2.6,0.00353602
-0.741812,3,0.0132831
-0.741812,3.4,0.0256741
-0.741812,3.8,0.0596039
-0.741812,4.2,0.0380359
-0.741812,4.6,-0.0637229
-0.741812,5,-0.179946
-0.741812,5.4,-0.280101
-0.741812,5.8,-0.337861
-0.741812,6.2,-0.30818
-0.741812,6.6,-0.193258
-0.741812,7,-0.0718203
-0.741812,7.4,0.00731076
-0.741812,7.8,0.0485702
-0.741812,8.2,0.0677302
-0.741812,8.6,0.0755824
-0.741812,9,0.077906
-0.741812,9.4,0.0776162
-0.741812,9.8,0.0761742
-0.723569,2.2,0.00300268
-0.723569,2.6,0.00270991
-0.723569,3,0.0101475
-0.723569,3.4,0.0210938
-0.723569,3.8,0.0480804
-0.723569,4.2,0.0286405
-0.723569,4.6,-0.0513521
-0.723569,5,-0.14483
-0.723569,5.4,-0.22546
-0.723569,5.8,-0.264252
-0.723569,6.2,-0.226893
-0.723569,6.6,-0.133708
-0.723569,7,-0.0473912
-0.723569,7.4,0.006426
-0.723569,7.8,0.0346091
-0.723569,8.2,0.0480823
-0.723569,8.6,0.0539037
-0.723569,9,0.0558776
-0.723569,9.4,0.05597
-0.723569,9.8,0.0551957
-0.705326,2.2,0.0023231
-0.705326,2.6,0.0020071
-0.705326,3,0.0075762
-0.705326,3.4,0.0166993
-0.705326,3.8,0.0371808
-0.705326,4.2,0.0210361
-0.705326,4.6,-0.0399239
-0.705326,5,-0.112676
-0.705326,5.4,-0.174102
-0.705326,5.8,-0.196154
-0.705326,6.2,-0.157988
-0.705326,6.6,-0.0882355
-0.705326,7,-0.0301621
-0.705326,7.4,0.00497017
-0.705326,7.8,0.0235183
-0.705326,8.2,0.0326202
-0.705326,8.6,0.0367232
-0.705326,9,0.0382489
-0.705326,9.4,0.0384778
-0.705326,9.8,0.0380889
-0.687084,2.2,0.00175864
-0.687084,2.6,0.00143985
-0.687084,3,0.00553174
-0.687084,3.4,0.0127694
-0.687084,3.8,0.0277654
-0.687084,4.2,0.01517
-0.687084,4.6,-0.0300851
-0.687084,5,-0.0848989
-0.687084,5.4,-0.128977
-0.687084,5.8,-0.138254
-0.687084,6.2,-0.104482
-0.687084,6.6,-0.0558458
-0.687084,7,-0.0185978
-0.687084,7.4,0.00351392
-0.687084,7.8,0.01531
-0.687084,8.2,0.0212333
-0.687084,8.6,0.0239949
-0.687084,9,0.0250895
-0.687084,9.4,0.0253252
-0.687084,9.8,0.0251413
-0.668841,2.2,0.00130409
-0.668841,2.6,0.00100182
-0.668841,3,0.0039522
-0.668841,3.4,0.00945782
-0.668841,3.8,0.0201468
-0.668841,4.2,0.0107875
-0.668841,4.6,-0.0220339
-0.668841,5,-0.0619633
-0.668841,5.4,-0.0915497
-0.668841,5.8,-0.0926119
-0.668841,6.2,-0.0659507
-0.668841,6.6,-0.0340795
-0.668841,7,-0.0111545
-0.668841,7.4,0.00231691
-0.668841,7.8,0.00958643
-0.668841,8.2,0.0133098
-0.668841,8.6,0.0150917
-0.668841,9,0.0158297
-0.668841,9.4,0.0160195
-0.668841,9.8,0.0159361
-0.650598,2.2,0.000948014
-0.650598,2.6,0.000676425
-0.650598,3,0.0027646
-0.650598,3.4,0.00680568
-0.650598,3.8,0.014275
-0.650598,4.2,0.007583
-0.650598,4.6,-0.0157006
-0.650598,5,-0.0437515
-0.650598,5.4,-0.0621686
-0.650598,5.8,-0.0590924
-0.650598,6.2,-0.0399547
-0.650598,6.6,-0.0201516
-0.650598,7,-0.0065312
-0.650598,7.4,0.00144228
-0.650598,7.8,0.00579493
-0.650598,8.2,0.00806142
-0.650598,8.6,0.00916749
-0.650598,9,0.00963915
-0.650598,9.4,0.00977235
-0.650598,9.8,0.00973467
-0.632356,2.2,0.000675973
-0.632356,2.6,0.000443068
-0.632356,3,0.0018946
-0.632356,3.4,0.00477216
-0.632356,3.8,0.00991366
-0.632356,4.2,0.00527404
-0.632356,4.6,-0.0108816
-0.632356,5,-0.0298236
-0.632356,5.4,-0.0403543
-0.632356,5.8,-0.0360526
-0.632356,6.2,-0.0233673
-0.632356,6.6,-0.0115986
-0.632356,7,-0.00374531
-0.632356,7.4,0.000854628
-0.632356,7.8,0.00339302
-0.632356,8.2,0.00473232
-0.632356,8.6,0.00539493
-0.632356,9,0.00568238
-0.632356,9.4,0.0057673
-0.632356,9.8,0.00574905
