-0.978966,2.2,0.00319007
-0.978966,2.6,-0.00302081
-0.978966,3,0.0033087
-0.978966,3.4,0.0337418
-0.978966,3.8,0.0219414
-0.978966,4.2,-0.00348333
-0.978966,4.6,-0.021394
-0.978966,5,-0.0280913
-0.978966,5.4,-0.0243137
-0.978966,5.8,-0.0216213
-0.978966,6.2,-0.021446
-0.978966,6.6,-0.0228436
-0.978966,7,-0.0251514
-0.978966,7.4,-0.0265371
-0.978966,7.8,-0.0208632
-0.978966,8.2,-0.00532911
-0.978966,8.6,0.00535101
-0.978966,9,0.00789449
-0.978966,9.4,0.00745608
-0.978966,9.8,0.00639679
-0.960723,2.2,0.00448719
-0.960723,2.6,-0.00449646
-0.960723,3,0.0113475
-0.960723,3.4,0.0440447
-0.960723,3.8,0.0134499
-0.960723,4.2,-0.0242398
-0.960723,4.6,-0.0367545
-0.960723,5,-0.0279696
-0.960723,5.4,-0.0231246
-0.960723,5.8,-0.0257104
-0.960723,6.2,-0.0309176
-0.960723,6.6,-0.037266
-0.960723,7,-0.0433642
-0.960723,7.4,-0.0430457
-0.960723,7.8,-0.0228315
-0.960723,8.2,0.00789774
-0.960723,8.6,0.0220438
-0.960723,9,0.023616
-0.960723,9.4,0.0214249
-0.960723,9.8,0.018671
-0.942481,2.2,0.00565314
-0.942481,2.6,-0.00472026
-0.942481,3,0.0193926
-0.942481,3.4,0.0450308
-0.942481,3.8,-0.00412406
-0.942481,4.2,-0.0423673
-0.942481,4.6,-0.0349852
-0.942481,5,-0.0144161
-0.942481,5.4,-0.0153426
-0.942481,5.8,-0.0254083
-0.942481,6.2,-0.0369404
-0.942481,6.6,-0.0485296
-0.942481,7,-0.057059
-0.942481,7.4,-0.0497627
-0.942481,7.8,-0.0119624
-0.942481,8.2,0.0263742
-0.942481,8.6,0.0396968
-0.942481,9,0.0396621
-0.942481,9.4,0.036011
-0.942481,9.8,0.0319768
-0.924238,2.2,0.00666727
-0.924238,2.6,-0.0039835
-0.924238,3,0.0258683
-0.924238,3.4,0.0405886
-0.924238,3.8,-0.0180728
-0.924238,4.2,-0.0448105
-0.924238,4.6,-0.0210665
-0.924238,5,-0.00647315
-0.924238,5.4,-0.0186391
-0.924238,5.8,-0.0363925
-0.924238,6.2,-0.053814
-0.924238,6.6,-0.0697487
-0.924238,7,-0.0772741
-0.924238,7.4,-0.0552141
-0.924238,7.8,0.0013348
-0.924238,8.2,0.0428835
-0.924238,8.6,0.0546946
-0.924238,9,0.0534416
-0.924238,9.4,0.048784
-0.924238,9.8,0.0438522
-0.905995,2.2,0.00746736
-0.905995,2.6,-0.00275601
-0.905995,3,0.0300963
-0.905995,3.4,0.0351381
-0.905995,3.8,-0.0203395
-0.905995,4.2,-0.0301206
-0.905995,4.6,-0.00732668
-0.905995,5,-0.016129
-0.905995,5.4,-0.0438663
-0.905995,5.8,-0.0704425
-0.905995,6.2,-0.0944134
-0.905995,6.6,-0.113804
-0.905995,7,-0.11345
-0.905995,7.4,-0.0639306
-0.905995,7.8,0.0143263
-0.905995,8.2,0.0590222
-0.905995,8.6,0.0701463
-0.905995,9,0.0679806
-0.905995,9.4,0.0623166
-0.905995,9.8,0.0563777
-0.887753,2.2,0.00798867
-0.887753,2.6,-0.00145698
-0.887753,3,0.0319889
-0.887753,3.4,0.0314544
-0.887753,3.8,-0.0105314
-0.887753,4.2,-0.0050387
-0.887753,4.6,-0.00205185
-0.887753,5,-0.0449296
-0.887753,5.4,-0.0916407
-0.887753,5.8,-0.129574
-0.887753,6.2,-0.16184
-0.887753,6.6,-0.182247
-0.887753,7,-0.161256
-0.887753,7.4,-0.0707609
-0.887753,7.8,0.028957
-0.887753,8.2,0.076971
-0.887753,8.6,0.0882945
-0.887753,9,0.0855986
-0.887753,9.4,0.0789901
-0.887753,9.8,0.0719505
-0.86951,2.2,0.00819279
-0.86951,2.6,-0.000363542
-0.86951,3,0.0318113
-0.86951,3.4,0.0301761
-0.86951,3.8,0.00693453
-0.86951,4.2,0.0219873
-0.86951,4.6,-0.00695401
-0.86951,5,-0.0860423
-0.86951,5.4,-0.153211
-0.86951,5.8,-0.204985
-0.86951,6.2,-0.246304
-0.86951,6.6,-0.26111
-0.86951,7,-0.203683
-0.86951,7.4,-0.069279
-0.86951,7.8,0.0446298
-0.86951,8.2,0.0945737
-0.86951,8.6,0.106699
-0.86951,9,0.104209
-0.86951,9.4,0.0972471
-0.86951,9.8,0.0895307
-0.851267,2.2,0.00807963
-0.851267,2.6,0.000395978
-0.851267,3,0.0300117
-0.851267,3.4,0.030538
-0.851267,3.8,0.0265201
-0.851267,4.2,0.044362
-0.851267,4.6,-0.0187906
-0.851267,5,-0.128294
-0.851267,5.4,-0.214443
-0.851267,5.8,-0.280489
-0.851267,6.2,-0.328394
-0.851267,6.6,-0.327119
-0.851267,7,-0.224484
-0.851267,7.4,-0.0590554
-0.851267,7.8,0.0578819
-0.851267,8.2,0.107322
-0.851267,8.6,0.120396
-0.851267,9,0.118917
-0.851267,9.4,0.112514
-0.851267,9.8,0.10496
-0.833025,2.2,0.00768524
-0.833025,2.6,0.000808814
-0.833025,3,0.0271006
-0.833025,3.4,0.0313449
-0.833025,3.8,0.043672
-0.833025,4.2,0.0584435
-0.833025,4.6,-0.0322397
-0.833025,5,-0.161144
-0.833025,5.4,-0.261704
-0.833025,5.8,-0.339256
-0.833025,6.2,-0.387728
-0.833025,6.6,-0.36089
-0.833025,7,-0.219105
-0.833025,7.4,-0.0442497
-0.833025,7.8,0.0654908
-0.833025,8.2,0.111835
-0.833025,8.6,0.125472
-0.833025,9,0.125445
-0.833025,9.4,0.120356
-0.833025,9.8,0.113782
-0.814782,2.2,0.0070711
-0.814782,2.6,0.000933171
-0.814782,3,0.023566
-0.814782,3.4,0.0316089
-0.814782,3.8,0.0555434
-0.814782,4.2,0.0635187
-0.814782,4.6,-0.042695
-0.814782,5,-0.17849
-0.814782,5.4,-0.286744
-0.814782,5.8,-0.370199
-0.814782,6.2,-0.411656
-0.814782,6.6,-0.356342
-0.814782,7,-0.193684
-0.814782,7.4,-0.0294004
-0.814782,7.8,0.0662909
-0.814782,8.2,0.107416
-0.814782,8.6,0.120852
-0.814782,9,0.122216
-0.814782,9.4,0.118751
-0.814782,9.8,0.113631
-0.796539,2.2,0.00631062
-0.796539,2.6,0.000857679
-0.796539,3,0.0198199
-0.796539,3.4,0.0307872
-0.796539,3.8,0.0610331
-0.796539,4.2,0.0611206
-0.796539,4.6,-0.047852
-0.796539,5,-0.179641
-0.796539,5.4,-0.288224
-0.796539,5.8,-0.370639
-0.796539,6.2,-0.398731
-0.796539,6.6,-0.320239
-0.796539,7,-0.15812
-0.796539,7.4,-0.0172795
-0.796539,7.8,0.0611484
-0.796539,8.2,0.095739
-0.796539,8.6,0.108135
-0.796539,9,0.110467
-0.796539,9.4,0.108511
-0.796539,9.8,0.104915
-0.778297,2.2,0.00547675
-0.778297,2.6,0.000671739
-0.778297,3,0.0161736
-0.778297,3.4,0.0287663
-0.778297,3.8,0.0605172
-0.778297,4.2,0.0539154
-0.778297,4.6,-0.0477177
-0.778297,5,-0.167795
-0.778297,5.4,-0.270103
-0.778297,5.8,-0.344919
-0.778297,6.2,-0.356494
-0.778297,6.6,-0.265653
-0.778297,7,-0.120938
-0.778297,7.4,-0.00878158
-0.778297,7.8,0.0520983
-0.778297,8.2,0.0797311
-0.778297,8.6,0.090438
-0.778297,9,0.0931952
-0.778297,9.4,0.0923846
-0.778297,9.8,0.0900946
-0.760054,2.2,0.00463301
-0.760054,2.6,0.000448227
-0.760054,3,0.0128353
-0.760054,3.4,0.0257415
-0.760054,3.8,0.0553891
-0.760054,4.2,0.0445853
-0.760054,4.6,-0.0436687
-0.760054,5,-0.147708
-0.760054,5.4,-0.238791
-0.760054,5.8,-0.301134
-0.760054,6.2,-0.296766
-0.760054,6.6,-0.20564
-0.760054,7,-0.0875407
-0.760054,7.4,-0.00358511
-0.760054,7.8,0.0414126
-0.760054,8.2,0.0624307
-0.760054,8.6,0.0711187
-0.760054,9,0.0738297
-0.760054,9.4,0.0737406
-0.760054,9.8,0.0724179
-0.741812,2.2,0.0038285
-0.741812,2.6,0.000236837
-0.741812,3,0.00992214
-0.741812,3.4,0.0220753
-0.741812,3.8,0.0474891
-0.741812,4.2,0.0351331
-0.741812,4.6,-0.0374376
-0.741812,5,-0.123898
-0.741812,5.4,-0.200779
-0.741812,5.8,-0.24811
-0.741812,6.2,-0.231432
-0.741812,6.6,-0.149784
-0.741812,7,-0.0604118
-0.741812,7.4,-0.000844782
-0.741812,7.8,0.0309544
-0.741812,8.2,0.0462185
-0.741812,8.6,0.0528717
-0.741812,9,0.0552306
-0.741812,9.4,0.0555038
-0.741812,9.8,0.0548144
-0.723569,2.2,0.00309649
-0.723569,2.6,6.48593e-05
-0.723569,3,0.00747968
-0.723569,3.4,0.0181741
-0.723569,3.8,0.0385721
-0.723569,4.2,0.0267078
-0.723569,4.6,-0.0304914
-0.723569,5,-0.0997766
-0.723569,5.4,-0.161356
-0.723569,5.8,-0.193532
-0.723569,6.2,-0.169847
-0.723569,6.6,-0.103353
-0.723569,7,-0.0399763
-0.723569,7.4,0.000335116
-0.723569,7.8,0.0218977
-0.723569,8.2,0.0325127
-0.723569,8.6,0.0373436
-0.723569,9,0.039215
-0.723569,9.4,0.0396047
-0.723569,9.8,0.0392852
-0.705326,2.2,0.00245557
-0.705326,2.6,-5.80492e-05
-0.705326,3,0.00550243
-0.705326,3.4,0.0143974
-0.705326,3.8,0.0299593
-0.705326,4.2,0.0197663
-0.705326,4.6,-0.0238175
-0.705326,5,-0.0775091
-0.705326,5.4,-0.12423
-0.705326,5.8,-0.143116
-0.705326,6.2,-0.117782
-0.705326,6.6,-0.067966
-0.705326,7,-0.0254905
-0.705326,7.4,0.00066652
-0.705326,7.8,0.0147422
-0.705326,8.2,0.0218314
-0.705326,8.6,0.0251719
-0.705326,9,0.0265495
-0.705326,9.4,0.026919
-0.705326,9.8,0.0267919
-0.687084,2.2,0.00191232
-0.687084,2.6,-0.000133876
-0.687084,3,0.00395208
-0.687084,3.4,0.0110052
-0.687084,3.8,0.0224297
-0.687084,4.2,0.0143348
-0.687084,4.6,-0.0179536
-0.687084,5,-0.0582209
-0.687084,5.4,-0.0916554
-0.687084,5.8,-0.100402
-0.687084,6.2,-0.0775161
-0.687084,6.6,-0.042836
-0.687084,7,-0.0157306
-0.687084,7.4,0.000618376
-0.687084,7.8,0.00949122
-0.687084,8.2,0.0140509
-0.687084,8.6,0.0162595
-0.687084,9,0.0172115
-0.687084,9.4,0.017504
-0.687084,9.8,0.0174644
-0.668841,2.2,0.00146454
-0.668841,2.6,-0.000170827
-0.668841,3,0.00277233
-0.668841,3.4,0.00814183
-0.668841,3.8,0.0162935
-0.668841,4.2,0.0102305
-0.668841,4.6,-0.0131081
-0.668841,5,-0.0423075
-0.668841,5.4,-0.0647354
-0.668841,5.8,-0.0668946
-0.668841,6.2,-0.0486613
-0.668841,6.6,-0.0260137
-0.668841,7,-0.00943219
-0.668841,7.4,0.000451949
-0.668841,7.8,0.00586886
-0.668841,8.2,0.0087011
-0.668841,8.6,0.0101025
-0.668841,9,0.010725
-0.668841,9.4,0.0109316
-0.668841,9.8,0.0109253
-0.650598,2.2,0.00110435
-0.650598,2.6,-0.000179266
-0.650598,3,0.00189993
-0.650598,3.4,0.00584852
-0.650598,3.8,0.0115449
-0.650598,4.2,0.00720287
-0.650598,4.6,-0.00928528
-0.650598,5,-0.0297122
-0.650598,5.4,-0.0437096
-0.650598,5.8,-0.042428
-0.650598,6.2,-0.0293026
-0.650598,6.6,-0.0152986
-0.650598,7,-0.00551473
-0.650598,7.4,0.000287217
-0.650598,7.8,0.00349894
-0.650598,8.2,0.00520243
-0.650598,8.6,0.0060586
-0.650598,9,0.00644629
-0.650598,9.4,0.00658024
-0.650598,9.8,0.0065828
-0.632356,2.2,0.000820785
-0.632356,2.6,-0.000169155
-0.632356,3,0.00127239
-0.632356,3.4,0.00409198
-0.632356,3.8,0.00801025
-0.632356,4.2,0.00500766
-0.632356,4.6,-0.00638204
-0.632356,5,-0.0201275
-0.632356,5.4,-0.0281936
-0.632356,5.8,-0.0257175
-0.632356,6.2,-0.0170258
-0.632356,6.6,-0.00875267
-0.632356,7,-0.00315391
-0.632356,7.4,0.000164054
-0.632356,7.8,0.00201823
-0.632356,8.2,0.00301288
-0.632356,8.6,0.00351807
-0.632356,9,0.00374913
-0.632356,9.4,0.0038301
-0.632356,9.8,0.00383278
