-0.983527,2.1,0.000980715
-0.983527,2.3,0.000778471
-0.983527,2.5,-0.00114385
-0.983527,2.7,-0.00319596
-0.983527,2.9,-0.0010069
-0.983527,3.1,0.00572385
-0.983527,3.3,0.0108396
-0.983527,3.5,0.00933332
-0.983527,3.7,0.00272056
-0.983527,3.9,-0.00459858
-0.983527,4.1,-0.0102359
-0.983527,4.3,-0.0139369
-0.983527,4.5,-0.015877
-0.983527,4.7,-0.0157735
-0.983527,4.9,-0.0133415
-0.983527,5.1,-0.00966219
-0.983527,5.3,-0.0065694
-0.983527,5.5,-0.00473084
-0.983527,5.7,-0.00383796
-0.983527,5.9,-0.00347129
-0.983527,6.1,-0.00336444
-0.983527,6.3,-0.00337529
-0.983527,6.5,-0.00342626
-0.983527,6.7,-0.00346447
-0.983527,6.9,-0.00343553
-0.983527,7.1,-0.00326105
-0.983527,7.3,-0.0028155
-0.983527,7.5,-0.00191543
-0.983527,7.7,-0.00038105
-0.983527,7.9,0.00173286
-0.983527,8.1,0.00387728
-0.983527,8.3,0.00530639
-0.983527,8.5,0.0057778
-0.983527,8.7,0.00558143
-0.983527,8.9,0.00508542
-0.983527,9.1,0.00451694
-0.983527,9.3,0.00397711
-0.983527,9.5,0.00349966
-0.983527,9.7,0.00308932
-0.983527,9.9,0.00274017
-0.974405,2.1,0.00144902
-0.974405,2.3,0.00110387
-0.974405,2.5,-0.00152982
-0.974405,2.7,-0.00405006
-0.974405,2.9,-0.000599144
-0.974405,3.1,0.00855711
-0.974405,3.3,0.0147689
-0.974405,3.5,0.0115009
-0.974405,3.7,0.00106281
-0.974405,3.9,-0.010249
-0.974405,4.1,-0.018879
-0.974405,4.3,-0.0242099
-0.974405,4.5,-0.0261091
-0.974405,4.7,-0.0239603
-0.974405,4.9,-0.0181829
-0.974405,5.1,-0.0117276
-0.974405,5.3,-0.00729654
-0.974405,5.5,-0.00512867
-0.974405,5.7,-0.00437745
-0.974405,5.9,-0.00433246
-0.974405,6.1,-0.00459891
-0.974405,6.3,-0.0049787
-0.974405,6.5,-0.00536348
-0.974405,6.7,-0.0056692
-0.974405,6.9,-0.00579045
-0.974405,7.1,-0.00555653
-0.974405,7.3,-0.00468789
-0.974405,7.5,-0.00280085
-0.974405,7.7,0.000386845
-0.974405,7.9,0.00452865
-0.974405,8.1,0.00837655
-0.974405,8.3,0.0107114
-0.974405,8.5,0.011386
-0.974405,8.7,0.0109946
-0.974405,8.9,0.0101331
-0.974405,9.1,0.00915165
-0.974405,9.3,0.00820863
-0.974405,9.5,0.00736065
-0.974405,9.7,0.00661895
-0.974405,9.9,0.00597699
-0.965284,2.1,0.00195313
-0.965284,2.3,0.00147042
-0.965284,2.5,-0.00179921
-0.965284,2.7,-0.00465555
-0.965284,2.9,1.15395e-05
-0.965284,3.1,0.0111823
-0.965284,3.3,0.0179269
-0.965284,3.5,0.0124318
-0.965284,3.7,-0.00209293
-0.965284,3.9,-0.0174429
-0.965284,4.1,-0.028842
-0.965284,4.3,-0.0351089
-0.965284,4.5,-0.0355978
-0.965284,4.7,-0.0297305
-0.965284,4.9,-0.0197686
-0.965284,5.1,-0.0108263
-0.965284,5.3,-0.00568961
-0.965284,5.5,-0.00373005
-0.965284,5.7,-0.00352845
-0.965284,5.9,-0.00412835
-0.965284,6.1,-0.00504089
-0.965284,6.3,-0.006031
-0.965284,6.5,-0.00696742
-0.965284,6.7,-0.00773237
-0.965284,6.9,-0.008153
-0.965284,7.1,-0.00792993
-0.965284,7.3,-0.00657506
-0.965284,7.5,-0.00347237
-0.965284,7.7,0.00166724
-0.965284,7.9,0.00796735
-0.965284,8.1,0.0134091
-0.965284,8.3,0.0165158
-0.965284,8.5,0.0173777
-0.965284,8.7,0.0168628
-0.965284,8.9,0.0157325
-0.965284,9.1,0.0144258
-0.965284,9.3,0.0131473
-0.965284,9.5,0.0119766
-0.965284,9.7,0.0109348
-0.965284,9.9,0.0100187
-0.956163,2.1,0.00247461
-0.956163,2.3,0.00187052
-0.956163,2.5,-0.00193477
-0.956163,2.7,-0.00500826
-0.956163,2.9,0.000736842
-0.956163,3.1,0.0134294
-0.956163,3.3,0.0201523
-0.956163,3.5,0.0121289
-0.956163,3.7,-0.00637894
-0.956163,3.9,-0.0253338
-0.956163,4.1,-0.0387821
-0.956163,4.3,-0.0448442
-0.956163,4.5,-0.042399
-0.956163,4.7,-0.031717
-0.956163,4.9,-0.0177742
-0.956163,5.1,-0.00724759
-0.956163,5.3,-0.0021576
-0.956163,5.5,-0.000881855
-0.956163,5.7,-0.00154066
-0.956163,5.9,-0.00301736
-0.956163,6.1,-0.00477322
-0.956163,6.3,-0.00655771
-0.956163,6.5,-0.00822596
-0.956163,6.7,-0.00962642
-0.956163,6.9,-0.0105067
-0.956163,7.1,-0.0104111
-0.956163,7.3,-0.00860919
-0.956163,7.5,-0.00426631
-0.956163,7.7,0.00277601
-0.956163,7.9,0.010973
-0.956163,8.1,0.0176837
-0.956163,8.3,0.0214204
-0.956163,8.5,0.022532
-0.956163,8.7,0.0220595
-0.956163,8.9,0.0208507
-0.956163,9.1,0.0193956
-0.956163,9.3,0.0179325
-0.956163,9.5,0.016563
-0.956163,9.7,0.0153214
-0.956163,9.9,0.014212
-0.947041,2.1,0.00299532
-0.947041,2.3,0.00229268
-0.947041,2.5,-0.00193639
-0.947041,2.7,-0.00512718
-0.947041,2.9,0.00150147
-0.947041,3.1,0.0152021
-0.947041,3.3,0.0214106
-0.947041,3.5,0.0107742
-0.947041,3.7,-0.0112295
-0.947041,3.9,-0.0329192
-0.947041,4.1,-0.0473237
-0.947041,4.3,-0.0518776
-0.947041,4.5,-0.0453356
-0.947041,4.7,-0.0297414
-0.947041,4.9,-0.0128946
-0.947041,5.1,-0.00192344
-0.947041,5.3,0.00243961
-0.947041,5.5,0.00267947
-0.947041,5.7,0.000962331
-0.947041,5.9,-0.0015284
-0.947041,6.1,-0.00424813
-0.947041,6.3,-0.00695206
-0.947041,6.5,-0.00949181
-0.947041,6.7,-0.0116839
-0.947041,6.9,-0.0131877
-0.947041,7.1,-0.0133701
-0.947041,7.3,-0.0112402
-0.947041,7.5,-0.00578801
-0.947041,7.7,0.002886
-0.947041,7.9,0.0125631
-0.947041,8.1,0.020227
-0.947041,8.3,0.0245344
-0.947041,8.5,0.026024
-0.947041,8.7,0.0258015
-0.947041,8.9,0.0247351
-0.947041,9.1,0.0233368
-0.947041,9.3,0.0218692
-0.947041,9.5,0.0204545
-0.947041,9.7,0.019143
-0.947041,9.9,0.0179497
-0.93792,2.1,0.00349831
-0.93792,2.3,0.00272292
-0.93792,2.5,-0.00181652
-0.93792,2.7,-0.00504536
-0.93792,2.9,0.00224638
-0.93792,3.1,0.0164643
-0.93792,3.3,0.0217704
-0.93792,3.5,0.00867504
-0.93792,3.7,-0.0160048
-0.93792,3.9,-0.0392599
-0.93792,4.1,-0.0533721
-0.93792,4.3,-0.0552787
-0.93792,4.5,-0.0441773
-0.93792,4.7,-0.0245237
-0.93792,4.9,-0.00629182
-0.93792,5.1,0.00402811
-0.93792,5.3,0.0071231
-0.93792,5.5,0.00608619
-0.93792,5.7,0.00319496
-0.93792,5.9,-0.000384226
-0.93792,6.1,-0.00414002
-0.93792,6.3,-0.00785262
-0.93792,6.5,-0.0113793
-0.93792,6.7,-0.0145049
-0.93792,6.9,-0.0167882
-0.93792,7.1,-0.0173921
-0.93792,7.3,-0.0150487
-0.93792,7.5,-0.00862832
-0.93792,7.7,0.00140386
-0.93792,7.9,0.012225
-0.93792,8.1,0.0206626
-0.93792,8.3,0.0255683
-0.93792,8.5,0.0275828
-0.93792,8.7,0.0277993
-0.93792,8.9,0.0270681
-0.93792,9.1,0.0259062
-0.93792,9.3,0.0245943
-0.93792,9.5,0.0232748
-0.93792,9.7,0.0220149
-0.93792,9.9,0.0208429
-0.928799,2.1,0.00396846
-0.928799,2.3,0.0031463
-0.928799,2.5,-0.00159566
-0.928799,2.7,-0.00480264
-0.928799,2.9,0.00292878
-0.928799,3.1,0.0172265
-0.928799,3.3,0.0213733
-0.928799,3.5,0.00619652
-0.928799,3.7,-0.0201186
-0.928799,3.9,-0.0436577
-0.928799,4.1,-0.0563026
-0.928799,4.3,-0.0548193
-0.928799,4.5,-0.0394492
-0.928799,4.7,-0.0172047
-0.928799,4.9,0.000832679
-0.928799,5.1,0.00957822
-0.928799,5.3,0.0109975
-0.928799,5.5,0.00851732
-0.928799,5.7,0.00437793
-0.928799,5.9,-0.000339381
-0.928799,6.1,-0.00518864
-0.928799,6.3,-0.00999041
-0.928799,6.5,-0.0146122
-0.928799,6.7,-0.0187984
-0.928799,6.9,-0.0219793
-0.928799,7.1,-0.0230663
-0.928799,7.3,-0.0204899
-0.928799,7.5,-0.0130781
-0.928799,7.7,-0.00177782
-0.928799,7.9,0.0100522
-0.928799,8.1,0.0192283
-0.928799,8.3,0.0247987
-0.928799,8.5,0.0274498
-0.928799,8.7,0.0282304
-0.928799,8.9,0.0279594
-0.928799,9.1,0.0271524
-0.928799,9.3,0.026105
-0.928799,9.5,0.0249784
-0.928799,9.7,0.0238572
-0.928799,9.9,0.0227835
-0.919677,2.1,0.00439307
-0.919677,2.3,0.00354824
-0.919677,2.5,-0.00129846
-0.919677,2.7,-0.00444032
-0.919677,2.9,0.00352043
-0.919677,3.1,0.0175322
-0.919677,3.3,0.0204025
-0.919677,3.5,0.00369434
-0.919677,3.7,-0.023134
-0.919677,3.9,-0.045744
-0.919677,4.1,-0.0559858
-0.919677,4.3,-0.0508492
-0.919677,4.5,-0.0320933
-0.919677,4.7,-0.00896844
-0.919677,4.9,0.00746235
-0.919677,5.1,0.013913
-0.919677,5.3,0.0133554
-0.919677,5.5,0.00930678
-0.919677,5.7,0.0038555
-0.919677,5.9,-0.00205348
-0.919677,6.1,-0.00806309
-0.919677,6.3,-0.0140427
-0.919677,6.5,-0.019864
-0.919677,6.7,-0.0252043
-0.919677,6.9,-0.0293068
-0.919677,7.1,-0.0307554
-0.919677,7.3,-0.0276625
-0.919677,7.5,-0.0189579
-0.919677,7.7,-0.00624046
-0.919677,7.9,0.00664017
-0.919677,8.1,0.0165931
-0.919677,8.3,0.0228732
-0.919677,8.5,0.0262024
-0.919677,8.7,0.0275881
-0.919677,8.9,0.0278207
-0.919677,9.1,0.0274144
-0.919677,9.3,0.0266778
-0.919677,9.5,0.0257889
-0.919677,9.7,0.0248485
-0.919677,9.9,0.0239121
-0.910556,2.1,0.00476206
-0.910556,2.3,0.00391553
-0.910556,2.5,-0.000950661
-0.910556,2.7,-0.00399761
-0.910556,2.9,0.00400518
-0.910556,3.1,0.0174453
-0.910556,3.3,0.019052
-0.910556,3.5,0.00146258
-0.910556,3.7,-0.0248089
-0.910556,3.9,-0.0454737
-0.910556,4.1,-0.0526945
-0.910556,4.3,-0.0440773
-0.910556,4.5,-0.0231697
-0.910556,4.7,-0.000832567
-0.910556,4.9,0.0128479
-0.910556,5.1,0.0164773
-0.910556,5.3,0.0137253
-0.910556,5.5,0.00800562
-0.910556,5.7,0.0011729
-0.910556,5.9,-0.00599851
-0.910556,6.1,-0.0132535
-0.910556,6.3,-0.0205074
-0.910556,6.5,-0.027613
-0.910556,6.7,-0.0341239
-0.910556,6.9,-0.0390018
-0.910556,7.1,-0.0404101
-0.910556,7.3,-0.0361889
-0.910556,7.5,-0.0256341
-0.910556,7.7,-0.0112062
-0.910556,7.9,0.00282541
-0.910556,8.1,0.0135786
-0.910556,8.3,0.0205515
-0.910556,8.5,0.0245228
-0.910556,8.7,0.026477
-0.910556,8.9,0.0271857
-0.910556,9.1,0.027163
-0.910556,9.3,0.0267286
-0.910556,9.5,0.026075
-0.910556,9.7,0.0253169
-0.910556,9.9,0.0245218
-0.901435,2.1,0.00506817
-0.901435,2.3,0.00423709
-0.901435,2.5,-0.000576763
-0.901435,2.7,-0.00350945
-0.901435,2.9,0.0043764
-0.901435,3.1,0.0170392
-0.901435,3.3,0.0175026
-0.901435,3.5,-0.000296121
-0.901435,3.7,-0.0250913
-0.901435,3.9,-0.0430577
-0.901435,4.1,-0.0469597
-0.901435,4.3,-0.0353628
-0.901435,4.5,-0.0136643
-0.901435,4.7,0.00643289
-0.901435,4.9,0.0165191
-0.901435,5.1,0.0169797
-0.901435,5.3,0.0118891
-0.901435,5.5,0.00441374
-0.901435,5.7,-0.00387691
-0.901435,5.9,-0.0123965
-0.901435,6.1,-0.0209917
-0.901435,6.3,-0.0296055
-0.901435,6.5,-0.0380236
-0.901435,6.7,-0.0455855
-0.901435,6.9,-0.050847
-0.901435,7.1,-0.0514893
-0.901435,7.3,-0.0452617
-0.901435,7.5,-0.032211
-0.901435,7.7,-0.0158158
-0.901435,7.9,-0.000600757
-0.901435,8.1,0.0109022
-0.901435,8.3,0.0184814
-0.901435,8.5,0.0229975
-0.901435,8.7,0.0254305
-0.901435,8.9,0.0265414
-0.901435,9.1,0.0268446
-0.901435,9.3,0.0266683
-0.901435,9.5,0.0262165
-0.901435,9.7,0.0256151
-0.901435,9.9,0.0249412
-0.892313,2.1,0.00530688
-0.892313,2.3,0.00450442
-0.892313,2.5,-0.000198548
-0.892313,2.7,-0.00300536
-0.892313,2.9,0.00463463
-0.892313,3.1,0.0163891
-0.892313,3.3,0.0159045
-0.892313,3.5,-0.00147726
-0.892313,3.7,-0.0240834
-0.892313,3.9,-0.038871
-0.892313,4.1,-0.0394339
-0.892313,4.3,-0.0255668
-0.892313,4.5,-0.00439478
-0.892313,4.7,0.0123173
-0.892313,4.9,0.0182659
-0.892313,5.1,0.0153783
-0.892313,5.3,0.00787766
-0.892313,5.5,-0.00141338
-0.892313,5.7,-0.0112347
-0.892313,5.9,-0.0211878
-0.892313,6.1,-0.0312056
-0.892313,6.3,-0.04122
-0.892313,6.5,-0.0508736
-0.892313,6.7,-0.0591714
-0.892313,6.9,-0.0641433
-0.892313,7.1,-0.0630298
-0.892313,7.3,-0.053848
-0.892313,7.5,-0.037806
-0.892313,7.7,-0.0193829
-0.892313,7.9,-0.00309138
-0.892313,8.1,0.00902384
-0.892313,8.3,0.0170692
-0.892313,8.5,0.0219988
-0.892313,8.7,0.0247973
-0.892313,8.9,0.0262175
-0.892313,9.1,0.0267728
-0.892313,9.3,0.0267965
-0.892313,9.5,0.0265006
-0.892313,9.7,0.0260191
-0.892313,9.9,0.0254365
-0.883192,2.1,0.00547629
-0.883192,2.3,0.0047118
-0.883192,2.5,0.000165806
-0.883192,2.7,-0.00250908
-0.883192,2.9,0.00478554
-0.883192,3.1,0.0155651
-0.883192,3.3,0.0143693
-0.883192,3.5,-0.00206366
-0.883192,3.7,-0.0219901
-0.883192,3.9,-0.0333676
-0.883192,4.1,-0.0307894
-0.883192,4.3,-0.0154643
-0.883192,4.5,0.00402126
-0.883192,4.7,0.01655
-0.883192,4.9,0.0181062
-0.883192,5.1,0.0118513
-0.883192,5.3,0.00194699
-0.883192,5.5,-0.0091825
-0.883192,5.7,-0.0205852
-0.883192,5.9,-0.0320328
-0.883192,6.1,-0.0435118
-0.883192,6.3,-0.0548823
-0.883192,6.5,-0.0655431
-0.883192,6.7,-0.0740348
-0.883192,6.9,-0.0778017
-0.883192,7.1,-0.0738531
-0.883192,7.3,-0.0609648
-0.883192,7.5,-0.0417798
-0.883192,7.7,-0.0215315
-0.883192,7.9,-0.00441148
-0.883192,8.1,0.00811163
-0.883192,8.3,0.0164552
-0.883192,8.5,0.0216587
-0.883192,8.7,0.0247089
-0.883192,8.9,0.0263481
-0.883192,9.1,0.0270846
-0.883192,9.3,0.0272529
-0.883192,9.5,0.0270692
-0.883192,9.7,0.026673
-0.883192,9.9,0.0261537
-0.874071,2.1,0.00557682
-0.874071,2.3,0.00485625
-0.874071,2.5,0.000502098
-0.874071,2.7,-0.00203865
-0.874071,2.9,0.00483832
-0.874071,3.1,0.0146287
-0.874071,3.3,0.0129687
-0.874071,3.5,-0.00210466
-0.874071,3.7,-0.0190706
-0.874071,3.9,-0.027015
-0.874071,4.1,-0.0216535
-0.874071,4.3,-0.00570224
-0.874071,4.5,0.0111657
-0.874071,4.7,0.0190673
-0.874071,4.9,0.0162443
-0.874071,5.1,0.00675369
-0.874071,5.3,-0.00546543
-0.874071,5.5,-0.0184046
-0.874071,5.7,-0.0313965
-0.874071,5.9,-0.044349
-0.874071,6.1,-0.0572515
-0.874071,6.3,-0.0698135
-0.874071,6.5,-0.0810763
-0.874071,6.7,-0.0890146
-0.874071,6.9,-0.0905476
-0.874071,7.1,-0.0828394
-0.874071,7.3,-0.0659104
-0.874071,7.5,-0.0438411
-0.874071,7.7,-0.0222017
-0.874071,7.9,-0.0045982
-0.874071,8.1,0.00809458
-0.874071,8.3,0.0165638
-0.874071,8.5,0.02191
-0.874071,8.7,0.0251113
-0.874071,8.9,0.026893
-0.874071,9.1,0.027753
-0.874071,9.3,0.0280224
-0.874071,9.5,0.0279182
-0.874071,9.7,0.0275821
-0.874071,9.9,0.027107
-0.864949,2.1,0.00561095
-0.864949,2.3,0.00493736
-0.864949,2.5,0.000800097
-0.864949,2.7,-0.00160685
-0.864949,2.9,0.0048043
-0.864949,3.1,0.0136305
-0.864949,3.3,0.0117388
-0.864949,3.5,-0.00169249
-0.864949,3.7,-0.0155982
-0.864949,3.9,-0.0202514
-0.864949,4.1,-0.0125733
-0.864949,4.3,0.00321555
-0.864949,4.5,0.0168037
-0.864949,4.7,0.019973
-0.864949,4.9,0.0130206
-0.864949,5.1,0.000561239
-0.864949,5.3,-0.0138003
-0.864949,5.5,-0.0284575
-0.864949,5.7,-0.0429857
-0.864949,5.9,-0.0573796
-0.864949,6.1,-0.0715677
-0.864949,6.3,-0.0850183
-0.864949,6.5,-0.0963125
-0.864949,6.7,-0.102828
-0.864949,6.9,-0.101176
-0.864949,7.1,-0.0891647
-0.864949,7.3,-0.0683708
-0.864949,7.5,-0.0440252
-0.864949,7.7,-0.0215704
-0.864949,7.9,-0.00386804
-0.864949,8.1,0.00875267
-0.864949,8.3,0.0171856
-0.864949,8.5,0.0225595
-0.864949,8.7,0.0258289
-0.864949,8.9,0.0276933
-0.864949,9.1,0.0286347
-0.864949,9.3,0.0289758
-0.864949,9.5,0.0289308
-0.864949,9.7,0.0286415
-0.864949,9.9,0.0282018
-0.855828,2.1,0.00558283
-0.855828,2.3,0.004957
-0.855828,2.5,0.00105328
-0.855828,2.7,-0.00122181
-0.855828,2.9,0.00469599
-0.855828,3.1,0.0126105
-0.855828,3.3,0.0106881
-0.855828,3.5,-0.000940643
-0.855828,3.7,-0.0118332
-0.855828,3.9,-0.0134618
-0.855828,4.1,-0.0039991
-0.855828,4.3,0.0109301
-0.855828,4.5,0.0208604
-0.855828,4.7,0.0194942
-0.855828,4.9,0.00885581
-0.855828,5.1,-0.00619262
-0.855828,5.3,-0.0224465
-0.855828,5.5,-0.0386618
-0.855828,5.7,-0.0546007
-0.855828,5.9,-0.0702853
-0.855828,6.1,-0.0855107
-0.855828,6.3,-0.0994165
-0.855828,6.5,-0.110058
-0.855828,6.7,-0.114294
-0.855828,6.9,-0.108776
-0.855828,7.1,-0.0924237
-0.855828,7.3,-0.0683982
-0.855828,7.5,-0.0425967
-0.855828,7.7,-0.0199451
-0.855828,7.9,-0.00251898
-0.855828,8.1,0.00980569
-0.855828,8.3,0.0180587
-0.855828,8.5,0.0233629
-0.855828,8.7,0.0266334
-0.855828,8.9,0.0285355
-0.855828,9.1,0.0295288
-0.855828,9.3,0.0299238
-0.855828,9.5,0.0299284
-0.855828,9.7,0.0296819
-0.855828,9.9,0.0292778
-0.846707,2.1,0.00549796
-0.846707,2.3,0.00491889
-0.846707,2.5,0.0012584
-0.846707,2.7,-0.000887713
-0.846707,2.9,0.00452629
-0.846707,3.1,0.011598
-0.846707,3.3,0.00980478
-0.846707,3.5,3.31342e-05
-0.846707,3.7,-0.00800579
-0.846707,3.9,-0.00696602
-0.846707,4.1,0.00372098
-0.846707,4.3,0.017221
-0.846707,4.5,0.0233926
-0.846707,4.7,0.0179346
-0.846707,4.9,0.00419507
-0.846707,5.1,-0.0129804
-0.846707,5.3,-0.0308108
-0.846707,5.5,-0.0483582
-0.846707,5.7,-0.0655072
-0.846707,5.9,-0.0822429
-0.846707,6.1,-0.0981554
-0.846707,6.3,-0.111987
-0.846707,6.5,-0.121265
-0.846707,6.7,-0.122517
-0.846707,6.9,-0.11286
-0.846707,7.1,-0.0926268
-0.846707,7.3,-0.0663095
-0.846707,7.5,-0.0399373
-0.846707,7.7,-0.0176712
-0.846707,7.9,-0.000854234
-0.846707,8.1,0.0109805
-0.846707,8.3,0.0189311
-0.846707,8.5,0.0240842
-0.846707,8.7,0.0273015
-0.846707,8.9,0.0292064
-0.846707,9.1,0.0302309
-0.846707,9.3,0.0306691
-0.846707,9.5,0.03072
-0.846707,9.7,0.0305183
-0.846707,9.9,0.0301551
-0.837585,2.1,0.00536274
-0.837585,2.3,0.00482826
-0.837585,2.5,0.00141495
-0.837585,2.7,-0.000605536
-0.837585,2.9,0.00430789
-0.837585,3.1,0.0106136
-0.837585,3.3,0.00906557
-0.837585,3.5,0.00111879
-0.837585,3.7,-0.00430752
-0.837585,3.9,-0.00101488
-0.837585,4.1,0.0103417
-0.837585,4.3,0.0219959
-0.837585,4.5,0.0245564
-0.837585,4.7,0.015629
-0.837585,4.9,-0.000543343
-0.837585,5.1,-0.0193349
-0.837585,5.3,-0.0383784
-0.837585,5.5,-0.0569748
-0.837585,5.7,-0.0750657
-0.837585,5.9,-0.0925355
-0.837585,6.1,-0.108708
-0.837585,6.3,-0.121893
-0.837585,6.5,-0.129166
-0.837585,6.7,-0.127005
-0.837585,6.9,-0.11338
-0.837585,7.1,-0.0901052
-0.837585,7.3,-0.0625633
-0.837585,7.5,-0.0364527
-0.837585,7.7,-0.0150696
-0.837585,7.9,0.000865277
-0.837585,8.1,0.012052
-0.837585,8.3,0.0195997
-0.837585,8.5,0.0245341
-0.837585,8.7,0.0276532
-0.837585,8.9,0.029532
-0.837585,9.1,0.0305711
-0.837585,9.3,0.0310451
-0.837585,9.5,0.0311413
-0.837585,9.7,0.0309878
-0.837585,9.9,0.0306724
-0.828464,2.1,0.00518424
-0.828464,2.3,0.00469139
-0.828464,2.5,0.00152466
-0.828464,2.7,-0.000373771
-0.828464,2.9,0.00405287
-0.828464,3.1,0.00967076
-0.828464,3.3,0.00844165
-0.828464,3.5,0.00222124
-0.828464,3.7,-0.000888341
-0.828464,3.9,0.00420898
-0.828464,4.1,0.0157168
-0.828464,4.3,0.0252738
-0.828464,4.5,0.0245731
-0.828464,4.7,0.0129025
-0.828464,4.9,-0.00500672
-0.828464,5.1,-0.0248889
-0.828464,5.3,-0.0447547
-0.828464,5.5,-0.0640757
-0.828464,5.7,-0.0827873
-0.828464,5.9,-0.100618
-0.828464,6.1,-0.116584
-0.828464,6.3,-0.128573
-0.828464,6.5,-0.133354
-0.828464,6.7,-0.127679
-0.828464,6.9,-0.110645
-0.828464,7.1,-0.0853828
-0.828464,7.3,-0.0576566
-0.828464,7.5,-0.0325135
-0.828464,7.7,-0.0124028
-0.828464,7.9,0.0024432
-0.828464,8.1,0.0128612
-0.828464,8.3,0.0199268
-0.828464,8.5,0.0245877
-0.828464,8.7,0.0275704
-0.828464,8.9,0.0293981
-0.828464,9.1,0.0304366
-0.828464,9.3,0.0309388
-0.828464,9.5,0.0310786
-0.828464,9.7,0.0309759
-0.828464,9.9,0.0307138
-0.819343,2.1,0.00496977
-0.819343,2.3,0.00451522
-0.819343,2.5,0.00159088
-0.819343,2.7,-0.000189085
-0.819343,2.9,0.00377236
-0.819343,3.1,0.00877731
-0.819343,3.3,0.00790367
-0.819343,3.5,0.00326388
-0.819343,3.7,0.00214275
-0.819343,3.9,0.0085882
-0.819343,4.1,0.0197926
-0.819343,4.3,0.027164
-0.819343,4.5,0.0236957
-0.819343,4.7,0.0100408
-0.819343,4.9,-0.00893143
-0.819343,5.1,-0.0293943
-0.819343,5.3,-0.0496862
-0.819343,5.5,-0.0693843
-0.819343,5.7,-0.0883637
-0.819343,5.9,-0.106155
-0.819343,6.1,-0.121448
-0.819343,6.3,-0.13177
-0.819343,6.5,-0.133785
-0.819343,6.7,-0.124823
-0.819343,6.9,-0.105208
-0.819343,7.1,-0.0790578
-0.819343,7.3,-0.0520545
-0.819343,7.5,-0.0284244
-0.819343,7.7,-0.00986341
-0.819343,7.9,0.00375206
-0.819343,8.1,0.0133175
-0.819343,8.3,0.0198429
-0.819343,8.5,0.0241869
-0.819343,8.7,0.0270012
-0.819343,8.9,0.028755
-0.819343,9.1,0.029778
-0.819343,9.3,0.0302995
-0.819343,9.5,0.0304789
-0.819343,9.7,0.0304267
-0.819343,9.9,0.0302202
-0.810221,2.1,0.00472669
-0.810221,2.3,0.004307
-0.810221,2.5,0.00161813
-0.810221,2.7,-4.69226e-05
-0.810221,2.9,0.00347635
-0.810221,3.1,0.00793728
-0.810221,3.3,0.00742493
-0.810221,3.5,0.00418958
-0.810221,3.7,0.004715
-0.810221,3.9,0.0120658
-0.810221,4.1,0.0225967
-0.810221,4.3,0.0278415
-0.810221,4.5,0.0221792
-0.810221,4.7,0.00727024
-0.810221,4.9,-0.0121504
-0.810221,5.1,-0.0327241
-0.810221,5.3,-0.05306
-0.810221,5.5,-0.0727843
-0.810221,5.7,-0.091669
-0.810221,5.9,-0.10902
-0.810221,6.1,-0.123216
-0.810221,6.3,-0.131524
-0.810221,6.5,-0.130731
-0.810221,6.7,-0.118972
-0.810221,6.9,-0.0977359
-0.810221,7.1,-0.0717141
-0.810221,7.3,-0.0461526
-0.810221,7.5,-0.0244162
-0.810221,7.7,-0.00757692
-0.810221,7.9,0.00472668
-0.810221,8.1,0.0133902
-0.810221,8.3,0.0193375
-0.810221,8.5,0.023333
-0.810221,8.7,0.025953
-0.810221,8.9,0.0276125
-0.810221,9.1,0.0286049
-0.810221,9.3,0.0291353
-0.810221,9.5,0.0293475
-0.810221,9.7,0.0293422
-0.810221,9.9,0.0291902
-0.8011,2.1,0.00446213
-0.8011,2.3,0.00407395
-0.8011,2.5,0.0016116
-0.8011,2.7,5.79837e-05
-0.8011,2.9,0.00317358
-0.8011,3.1,0.00715205
-0.8011,3.3,0.0069832
-0.8011,3.5,0.00495982
-0.8011,3.7,0.00679209
-0.8011,3.9,0.0146388
-0.8011,4.1,0.0242242
-0.8011,4.3,0.0275206
-0.8011,4.5,0.0202581
-0.8011,4.7,0.00475176
-0.8011,4.9,-0.0145871
-0.8011,5.1,-0.034859
-0.8011,5.3,-0.0548872
-0.8011,5.5,-0.0743014
-0.8011,5.7,-0.0927408
-0.8011,5.9,-0.10928
-0.8011,6.1,-0.122025
-0.8011,6.3,-0.128119
-0.8011,6.5,-0.124692
-0.8011,6.7,-0.110806
-0.8011,6.9,-0.088911
-0.8011,7.1,-0.0638682
-0.8011,7.3,-0.0402633
-0.8011,7.5,-0.0206485
-0.8011,7.7,-0.0056111
-0.8011,7.9,0.00535223
-0.8011,8.1,0.0130958
-0.8011,8.3,0.0184461
-0.8011,8.5,0.0220731
-0.8011,8.7,0.0244793
-0.8011,8.9,0.0260273
-0.8011,9.1,0.0269745
-0.8011,9.3,0.0275024
-0.8011,9.5,0.0277388
-0.8011,9.7,0.0277739
-0.8011,9.9,0.027672
-0.791979,2.1,0.0041828
-0.791979,2.3,0.00382307
-0.791979,2.5,0.00157681
-0.791979,2.7,0.000131186
-0.791979,2.9,0.00287143
-0.791979,3.1,0.00642131
-0.791979,3.3,0.00656145
-0.791979,3.5,0.00555287
-0.791979,3.7,0.00836755
-0.791979,3.9,0.0163502
-0.791979,4.1,0.0248194
-0.791979,4.3,0.0264292
-0.791979,4.5,0.0181311
-0.791979,4.7,0.00258281
-0.791979,4.9,-0.0162408
-0.791979,5.1,-0.035865
-0.791979,5.3,-0.0552763
-0.791979,5.5,-0.0740737
-0.791979,5.7,-0.0917476
-0.791979,5.9,-0.107151
-0.791979,6.1,-0.118185
-0.791979,6.3,-0.122021
-0.791979,6.5,-0.116307
-0.791979,6.7,-0.101045
-0.791979,6.9,-0.0793604
-0.791979,7.1,-0.0559433
-0.791979,7.3,-0.0346158
-0.791979,7.5,-0.0172205
-0.791979,7.7,-0.00398869
-0.791979,7.9,0.00565047
-0.791979,8.1,0.0124834
-0.791979,8.3,0.0172353
-0.791979,8.5,0.020485
-0.791979,8.7,0.0226649
-0.791979,8.9,0.0240879
-0.791979,9.1,0.0249772
-0.791979,9.3,0.0254909
-0.791979,9.5,0.0257415
-0.791979,9.7,0.0258089
-0.791979,9.9,0.0257503
-0.782857,2.1,0.00389488
-0.782857,2.3,0.00356085
-0.782857,2.5,0.00151929
-0.782857,2.7,0.000178187
-0.782857,2.9,0.00257602
-0.782857,3.1,0.00574381
-0.782857,3.3,0.00614789
-0.782857,3.5,0.0059613
-0.782857,3.7,0.00945977
-0.782857,3.9,0.0172793
-0.782857,4.1,0.0245576
-0.782857,4.3,0.0247884
-0.782857,4.5,0.0159549
-0.782857,4.7,0.00080677
-0.782857,4.9,-0.0171666
-0.782857,5.1,-0.0358677
-0.782857,5.3,-0.0544028
-0.782857,5.5,-0.0723175
-0.782857,5.7,-0.0889501
-0.782857,5.9,-0.10296
-0.782857,6.1,-0.112127
-0.782857,6.3,-0.113798
-0.782857,6.5,-0.106266
-0.782857,6.7,-0.0903741
-0.782857,6.9,-0.0696165
-0.782857,7.1,-0.0482634
-0.782857,7.3,-0.0293662
-0.782857,7.5,-0.014183
-0.782857,7.7,-0.00270011
-0.782857,7.9,0.00566663
-0.782857,8.1,0.0116211
-0.782857,8.3,0.0157887
-0.782857,8.5,0.0186628
-0.782857,8.7,0.0206108
-0.782857,8.9,0.0218997
-0.782857,9.1,0.0227205
-0.782857,9.3,0.0232096
-0.782857,9.5,0.0234645
-0.782857,9.7,0.023555
-0.782857,9.9,0.0235315
-0.773736,2.1,0.0036039
-0.773736,2.3,0.00329318
-0.773736,2.5,0.00144432
-0.773736,2.7,0.000204194
-0.773736,2.9,0.00229216
-0.773736,3.1,0.00511779
-0.773736,3.3,0.00573544
-0.773736,3.5,0.00618935
-0.773736,3.7,0.0101068
-0.773736,3.9,0.0175313
-0.773736,4.1,0.0236259
-0.773736,4.3,0.0227968
-0.773736,4.5,0.0138434
-0.773736,4.7,-0.000574692
-0.773736,4.9,-0.017456
-0.773736,5.1,-0.0350274
-0.773736,5.3,-0.0524802
-0.773736,5.5,-0.0692942
-0.773736,5.7,-0.0846633
-0.773736,5.9,-0.0970939
-0.773736,6.1,-0.104342
-0.773736,6.3,-0.104062
-0.773736,6.5,-0.0952382
-0.773736,6.7,-0.0793942
-0.773736,6.9,-0.0601005
-0.773736,7.1,-0.0410589
-0.773736,7.3,-0.0246083
-0.773736,7.5,-0.01155
-0.773736,7.7,-0.00171492
-0.773736,7.9,0.00545809
-0.773736,8.1,0.0105842
-0.773736,8.3,0.0141944
-0.773736,8.5,0.0167038
-0.773736,8.7,0.0184213
-0.773736,8.9,0.0195715
-0.773736,9.1,0.0203164
-0.773736,9.3,0.0207721
-0.773736,9.5,0.0210222
-0.773736,9.7,0.0211269
-0.773736,9.9,0.02113
-0.764615,2.1,0.00331465
-0.764615,2.3,0.00302524
-0.764615,2.5,0.00135675
-0.764615,2.7,0.000213947
-0.764615,2.9,0.00202352
-0.764615,3.1,0.0045413
-0.764615,3.3,0.00532101
-0.764615,3.5,0.00625027
-0.764615,3.7,0.0103611
-0.764615,3.9,0.0172263
-0.764615,4.1,0.0222075
-0.764615,4.3,0.0206215
-0.764615,4.5,0.0118721
-0.764615,4.7,-0.00158874
-0.764615,4.9,-0.0172189
-0.764615,5.1,-0.0335179
-0.764615,5.3,-0.0497357
-0.764615,5.5,-0.0652819
-0.764615,5.7,-0.0792239
-0.764615,5.9,-0.0899674
-0.764615,6.1,-0.0953412
-0.764615,6.3,-0.0934082
-0.764615,6.5,-0.0838288
-0.764615,6.7,-0.068596
-0.764615,6.9,-0.0511217
-0.764615,7.1,-0.0344783
-0.764615,7.3,-0.0203873
-0.764615,7.5,-0.00931041
-0.764615,7.7,-0.000991167
-0.764615,7.9,0.00508548
-0.764615,8.1,0.00944639
-0.764615,8.3,0.0125362
-0.764615,8.5,0.0146997
-0.764615,8.7,0.0161936
-0.764615,8.9,0.0172052
-0.764615,9.1,0.01787
-0.764615,9.3,0.0182859
-0.764615,9.5,0.0185236
-0.764615,9.7,0.0186346
-0.764615,9.9,0.0186562
-0.755494,2.1,0.00303122
-0.755494,2.3,0.00276146
-0.755494,2.5,0.00126094
-0.755494,2.7,0.000211617
-0.755494,2.9,0.00177268
-0.755494,3.1,0.00401231
-0.755494,3.3,0.00490465
-0.755494,3.5,0.00616369
-0.755494,3.7,0.010284
-0.755494,3.9,0.016489
-0.755494,4.1,0.0204697
-0.755494,4.3,0.0183946
-0.755494,4.5,0.0100846
-0.755494,4.7,-0.00227985
-0.755494,4.9,-0.01657
-0.755494,5.1,-0.0315108
-0.755494,5.3,-0.0463911
-0.755494,5.5,-0.0605538
-0.755494,5.7,-0.0729648
-0.755494,5.9,-0.0819878
-0.755494,6.1,-0.085615
-0.755494,6.3,-0.0823816
-0.755494,6.5,-0.0725445
-0.755494,6.7,-0.0583513
-0.755494,6.9,-0.042887
-0.755494,7.1,-0.0286021
-0.755494,7.3,-0.0167114
-0.755494,7.5,-0.00743625
-0.755494,7.7,-0.000482662
-0.755494,7.9,0.00460625
-0.755494,8.1,0.00827369
-0.755494,8.3,0.010887
-0.755494,8.5,0.0127294
-0.755494,8.7,0.0140118
-0.755494,8.9,0.0148888
-0.755494,9.1,0.0154726
-0.755494,9.3,0.0158446
-0.755494,9.5,0.0160642
-0.755494,9.7,0.0161747
-0.755494,9.9,0.0162079
-0.746372,2.1,0.00275697
-0.746372,2.3,0.00250548
-0.746372,2.5,0.00116064
-0.746372,2.7,0.00020076
-0.746372,2.9,0.00154133
-0.746372,3.1,0.00352879
-0.746372,3.3,0.00448863
-0.746372,3.5,0.00595328
-0.746372,3.7,0.00994087
-0.746372,3.9,0.0154396
-0.746372,4.1,0.0185557
-0.746372,4.3,0.0162144
-0.746372,4.5,0.00850018
-0.746372,4.7,-0.00270048
-0.746372,4.9,-0.0156189
-0.746372,5.1,-0.0291639
-0.746372,5.3,-0.0426504
-0.746372,5.5,-0.0553628
-0.746372,5.7,-0.0661967
-0.746372,5.9,-0.0735346
-0.746372,6.1,-0.0756094
-0.746372,6.3,-0.071447
-0.746372,6.5,-0.0617814
-0.746372,6.7,-0.0489176
-0.746372,6.9,-0.0355156
-0.746372,7.1,-0.0234576
-0.746372,7.3,-0.013562
-0.746372,7.5,-0.0058902
-0.746372,7.7,-0.000144033
-0.746372,7.9,0.00407057
-0.746372,8.1,0.0071205
-0.746372,8.3,0.00930543
-0.746372,8.5,0.0108556
-0.746372,8.7,0.0119424
-0.746372,8.9,0.0126921
-0.746372,9.1,0.0131967
-0.746372,9.3,0.0135232
-0.746372,9.5,0.013721
-0.746372,9.7,0.013826
-0.746372,9.9,0.013865
-0.737251,2.1,0.00249455
-0.737251,2.3,0.0022602
-0.737251,2.5,0.00105898
-0.737251,2.7,0.000184319
-0.737251,2.9,0.00133032
-0.737251,3.1,0.00308875
-0.737251,3.3,0.00407671
-0.737251,3.5,0.00564462
-0.737251,3.7,0.00939678
-0.737251,3.9,0.0141874
-0.737251,4.1,0.0165814
-0.737251,4.3,0.0141484
-0.737251,4.5,0.00712063
-0.737251,4.7,-0.00290438
-0.737251,4.9,-0.0144638
-0.737251,5.1,-0.0266154
-0.737251,5.3,-0.0386921
-0.737251,5.5,-0.0499325
-0.737251,5.7,-0.0591966
-0.737251,5.9,-0.0649451
-0.737251,6.1,-0.065707
-0.737251,6.3,-0.0609771
-0.737251,6.5,-0.0518239
-0.737251,6.7,-0.0404506
-0.737251,6.9,-0.0290551
-0.737251,7.1,-0.0190321
-0.737251,7.3,-0.0109033
-0.737251,7.5,-0.00463081
-0.737251,7.7,6.59887e-05
-0.737251,7.9,0.00351926
-0.737251,8.1,0.0060283
-0.737251,8.3,0.00783477
-0.737251,8.5,0.00912376
-0.737251,8.7,0.0100334
-0.737251,8.9,0.0106656
-0.737251,9.1,0.0110951
-0.737251,9.3,0.0113766
-0.737251,9.5,0.0115506
-0.737251,9.7,0.0116467
-0.737251,9.9,0.0116871
-0.72813,2.1,0.00224596
-0.72813,2.3,0.00202784
-0.72813,2.5,0.000958516
-0.72813,2.7,0.000164649
-0.72813,2.9,0.00113987
-0.72813,3.1,0.00269014
-0.72813,3.3,0.00367339
-0.72813,3.5,0.00526342
-0.72813,3.7,0.00871279
-0.72813,3.9,0.0128262
-0.72813,4.1,0.0146347
-0.72813,4.3,0.0122387
-0.72813,4.5,0.00593628
-0.72813,4.7,-0.00294209
-0.72813,4.9,-0.0131885
-0.72813,5.1,-0.0239808
-0.72813,5.3,-0.0346661
-0.72813,5.5,-0.0444529
-0.72813,5.7,-0.052202
-0.72813,5.9,-0.0565049
-0.72813,6.1,-0.0562183
-0.72813,6.3,-0.0512481
-0.72813,6.5,-0.0428523
-0.72813,6.7,-0.0330201
-0.72813,6.9,-0.0234989
-0.72813,7.1,-0.0152853
-0.72813,7.3,-0.00868854
-0.72813,7.5,-0.00361631
-0.72813,7.7,0.000182794
-0.72813,7.9,0.00298317
-0.72813,8.1,0.00502571
-0.72813,8.3,0.00650314
-0.72813,8.5,0.00756284
-0.72813,8.7,0.00831499
-0.72813,8.9,0.00884112
-0.72813,9.1,0.00920133
-0.72813,9.3,0.00943993
-0.72813,9.5,0.00958968
-0.72813,9.7,0.00967487
-0.72813,9.9,0.00971365
-0.719008,2.1,0.0020126
-0.719008,2.3,0.00180992
-0.719008,2.5,0.000861232
-0.719008,2.7,0.000143575
-0.719008,2.9,0.000969646
-0.719008,3.1,0.00233093
-0.719008,3.3,0.00328332
-0.719008,3.5,0.00483406
-0.719008,3.7,0.00794332
-0.719008,3.9,0.011432
-0.719008,4.1,0.0127785
-0.719008,4.3,0.0105079
-0.719008,4.5,0.00493076
-0.719008,4.7,-0.00285841
-0.719008,4.9,-0.0118612
-0.719008,5.1,-0.0213527
-0.719008,5.3,-0.0306933
-0.719008,5.5,-0.0390792
-0.719008,5.7,-0.045408
-0.719008,5.9,-0.0484445
-0.719008,6.1,-0.0473778
-0.719008,6.3,-0.0424427
-0.719008,6.5,-0.0349564
-0.719008,6.7,-0.0266292
-0.719008,6.9,-0.0188011
-0.719008,7.1,-0.0121586
-0.719008,7.3,-0.00686607
-0.719008,7.5,-0.00280709
-0.719008,7.7,0.000235261
-0.719008,7.9,0.00248369
-0.719008,8.1,0.0041297
-0.719008,8.3,0.00532541
-0.719008,8.5,0.00618705
-0.719008,8.7,0.0068017
-0.719008,8.9,0.00723402
-0.719008,9.1,0.00753192
-0.719008,9.3,0.00773087
-0.719008,9.5,0.00785724
-0.719008,9.7,0.00793068
-0.719008,9.9,0.00796591
-0.709887,2.1,0.00179537
-0.709887,2.3,0.00160745
-0.709887,2.5,0.000768608
-0.709887,2.7,0.000122453
-0.709887,2.9,0.000818919
-0.709887,3.1,0.002009
-0.709887,3.3,0.0029109
-0.709887,3.5,0.0043785
-0.709887,3.7,0.00713452
-0.709887,3.9,0.0100633
-0.709887,4.1,0.0110536
-0.709887,4.3,0.00896343
-0.709887,4.5,0.00408442
-0.709887,4.7,-0.00269123
-0.709887,4.9,-0.0105355
-0.709887,5.1,-0.0188022
-0.709887,5.3,-0.0268673
-0.709887,5.5,-0.0339334
-0.709887,5.7,-0.0389681
-0.709887,5.9,-0.0409387
-0.709887,6.1,-0.0393462
-0.709887,6.3,-0.0346604
-0.709887,6.5,-0.0281525
-0.709887,6.7,-0.0212314
-0.709887,6.9,-0.0148902
-0.709887,7.1,-0.00958398
-0.709887,7.3,-0.00538327
-0.709887,7.5,-0.0021672
-0.709887,7.7,0.000245894
-0.709887,7.9,0.00203398
-0.709887,8.1,0.00334753
-0.709887,8.3,0.00430548
-0.709887,8.5,0.00499864
-0.709887,8.7,0.00549525
-0.709887,8.9,0.00584616
-0.709887,9.1,0.00608922
-0.709887,9.3,0.00625258
-0.709887,9.5,0.00635726
-0.709887,9.7,0.00641901
-0.709887,9.9,0.00644968
-0.700766,2.1,0.00159469
-0.700766,2.3,0.00142091
-0.700766,2.5,0.000681678
-0.700766,2.7,0.000102244
-0.700766,2.9,0.000686642
-0.700766,3.1,0.00172217
-0.700766,3.3,0.0025599
-0.700766,3.5,0.00391561
-0.700766,3.7,0.00632353
-0.700766,3.9,0.00876173
-0.700766,4.1,0.00948315
-0.700766,4.3,0.00760263
-0.700766,4.5,0.00337673
-0.700766,4.7,-0.00247136
-0.700766,4.9,-0.00925119
-0.700766,5.1,-0.0163815
-0.700766,5.3,-0.0232574
-0.700766,5.5,-0.0291071
-0.700766,5.7,-0.0329962
-0.700766,5.9,-0.0341082
-0.700766,6.1,-0.0322159
-0.700766,6.3,-0.0279294
-0.700766,6.5,-0.0224012
-0.700766,6.7,-0.0167472
-0.700766,6.9,-0.0116804
-0.700766,7.1,-0.00748999
-0.700766,7.3,-0.0041894
-0.700766,7.5,-0.00166508
-0.700766,7.7,0.000231458
-0.700766,7.9,0.00164044
-0.700766,8.1,0.00267887
-0.700766,8.3,0.00343885
-0.700766,8.5,0.00399077
-0.700766,8.7,0.00438764
-0.700766,8.9,0.00466914
-0.700766,9.1,0.00486489
-0.700766,9.3,0.00499707
-0.700766,9.5,0.0050823
-0.700766,9.7,0.00513307
-0.700766,9.9,0.00515884
-0.691644,2.1,0.00141061
-0.691644,2.3,0.00125038
-0.691644,2.5,0.000601099
-0.691644,2.7,8.35818e-05
-0.691644,2.9,0.000571554
-0.691644,3.1,0.00146817
-0.691644,3.3,0.00223332
-0.691644,3.5,0.00346078
-0.691644,3.7,0.00553859
-0.691644,3.9,0.00755486
-0.691644,4.1,0.00807699
-0.691644,4.3,0.00641601
-0.691644,4.5,0.00278786
-0.691644,4.7,-0.00222298
-0.691644,4.9,-0.00803662
-0.691644,5.1,-0.0141263
-0.691644,5.3,-0.0199117
-0.691644,5.5,-0.0246643
-0.691644,5.7,-0.0275693
-0.691644,5.9,-0.0280245
-0.691644,6.1,-0.0260199
-0.691644,6.3,-0.0222226
-0.691644,6.5,-0.0176241
-0.691644,6.7,-0.0130779
-0.691644,6.9,-0.00908046
-0.691644,7.1,-0.00580625
-0.691644,7.3,-0.00323744
-0.691644,7.5,-0.00127372
-0.691644,7.7,0.000203864
-0.691644,7.9,0.00130438
-0.691644,8.1,0.00211791
-0.691644,8.3,0.00271518
-0.691644,8.5,0.0031503
-0.691644,8.7,0.00346414
-0.691644,8.9,0.0036874
-0.691644,9.1,0.00384311
-0.691644,9.3,0.00394859
-0.691644,9.5,0.00401685
-0.691644,9.7,0.00405774
-0.691644,9.9,0.00407873
-0.682523,2.1,0.00124285
-0.682523,2.3,0.00109559
-0.682523,2.5,0.000527211
-0.682523,2.7,6.68403e-05
-0.682523,2.9,0.000472263
-0.682523,3.1,0.00124467
-0.682523,3.3,0.00193322
-0.682523,3.5,0.00302586
-0.682523,3.7,0.00479973
-0.682523,3.9,0.00645831
-0.682523,4.1,0.00683501
-0.682523,4.3,0.00539011
-0.682523,4.5,0.00229953
-0.682523,4.7,-0.00196435
-0.682523,4.9,-0.00691041
-0.682523,5.1,-0.012059
-0.682523,5.3,-0.0168604
-0.682523,5.5,-0.0206453
-0.682523,5.7,-0.0227316
-0.682523,5.9,-0.0227149
-0.682523,6.1,-0.0207425
-0.682523,6.3,-0.0174722
-0.682523,6.5,-0.0137196
-0.682523,6.7,-0.010117
-0.682523,6.9,-0.00699978
-0.682523,7.1,-0.00446673
-0.682523,7.3,-0.00248523
-0.682523,7.5,-0.000970477
-0.682523,7.7,0.000171129
-0.682523,7.9,0.00102348
-0.682523,8.1,0.0016553
-0.682523,8.3,0.00212046
-0.682523,8.5,0.00246024
-0.682523,8.7,0.00270591
-0.682523,8.9,0.00288106
-0.682523,9.1,0.00300346
-0.682523,9.3,0.00308652
-0.682523,9.5,0.00314036
-0.682523,9.7,0.00317266
-0.682523,9.9,0.0031893
-0.673402,2.1,0.00109091
-0.673402,2.3,0.00095603
-0.673402,2.5,0.000460107
-0.673402,2.7,5.21926e-05
-0.673402,2.9,0.000387305
-0.673402,3.1,0.0010493
-0.673402,3.3,0.00166075
-0.673402,3.5,0.00261932
-0.673402,3.7,0.0041198
-0.673402,3.9,0.00547859
-0.673402,4.1,0.0057505
-0.673402,4.3,0.00450948
-0.673402,4.5,0.00189547
-0.673402,4.7,-0.00170873
-0.673402,4.9,-0.00588347
-0.673402,5.1,-0.0101912
-0.673402,5.3,-0.0141191
-0.673402,5.5,-0.0170698
-0.673402,5.7,-0.018498
-0.673402,5.9,-0.0181697
-0.673402,6.1,-0.0163311
-0.673402,6.3,-0.0135845
-0.673402,6.5,-0.0105751
-0.673402,6.7,-0.00775805
-0.673402,6.9,-0.00535323
-0.673402,7.1,-0.00341155
-0.673402,7.3,-0.00189584
-0.673402,7.5,-0.000736746
-0.673402,7.7,0.000138295
-0.673402,7.9,0.000793125
-0.673402,8.1,0.00127974
-0.673402,8.3,0.00163887
-0.673402,8.5,0.00190178
-0.673402,8.7,0.00209222
-0.673402,8.9,0.00222821
-0.673402,9.1,0.00232333
-0.673402,9.3,0.00238791
-0.673402,9.5,0.00242975
-0.673402,9.7,0.00245482
-0.673402,9.9,0.00246766
-0.66428,2.1,0.000954079
-0.66428,2.3,0.000830973
-0.66428,2.5,0.000399684
-0.66428,2.7,3.96635e-05
-0.66428,2.9,0.000315204
-0.66428,3.1,0.000879645
-0.66428,3.3,0.00141623
-0.66428,3.5,0.00224661
-0.66428,3.7,0.00350577
-0.66428,3.9,0.00461546
-0.66428,4.1,0.00481256
-0.66428,4.3,0.00375809
-0.66428,4.5,0.00156154
-0.66428,4.7,-0.00146528
-0.66428,4.9,-0.00496068
-0.66428,5.1,-0.00852607
-0.66428,5.3,-0.0116915
-0.66428,5.5,-0.0139403
-0.66428,5.7,-0.014859
-0.66428,5.9,-0.0143502
-0.66428,6.1,-0.0127076
-0.66428,6.3,-0.0104522
-0.66428,6.5,-0.00807687
-0.66428,6.7,-0.00590065
-0.66428,6.9,-0.00406368
-0.66428,7.1,-0.00258799
-0.66428,7.3,-0.00143767
-0.66428,7.5,-0.000557422
-0.66428,7.7,0.000108238
-0.66428,7.9,0.000607451
-0.66428,8.1,0.000979248
-0.66428,8.3,0.0012542
-0.66428,8.5,0.00145584
-0.66428,8.7,0.0016021
-0.66428,8.9,0.00170662
-0.66428,9.1,0.00177975
-0.66428,9.3,0.00182935
-0.66428,9.5,0.00186142
-0.66428,9.7,0.00188054
-0.66428,9.9,0.00189022
-0.655159,2.1,0.00083151
-0.655159,2.3,0.000719559
-0.655159,2.5,0.000345692
-0.655159,2.7,2.91726e-05
-0.655159,2.9,0.000254508
-0.655159,3.1,0.000733314
-0.655159,3.3,0.00119918
-0.655159,3.5,0.00191064
-0.655159,3.7,0.00296003
-0.655159,3.9,0.00386405
-0.655159,4.1,0.00400803
-0.655159,4.3,0.00312028
-0.655159,4.5,0.00128569
-0.655159,4.7,-0.00123991
-0.655159,4.9,-0.0041424
-0.655159,5.1,-0.00706038
-0.655159,5.3,-0.00957187
-0.655159,5.5,-0.0112447
-0.655159,5.7,-0.0117856
-0.655159,5.9,-0.0111967
-0.655159,6.1,-0.00977986
-0.655159,6.3,-0.00796461
-0.655159,6.5,-0.00611654
-0.655159,6.7,-0.00445389
-0.655159,6.9,-0.00306337
-0.655159,7.1,-0.00195071
-0.655159,7.3,-0.00108411
-0.655159,7.5,-0.000420409
-0.655159,7.7,8.23388e-05
-0.655159,7.9,0.000460118
-0.655159,8.1,0.00074202
-0.655159,8.3,0.00095085
-0.655159,8.5,0.0011042
-0.655159,8.7,0.00121552
-0.655159,8.9,0.00129508
-0.655159,9.1,0.00135071
-0.655159,9.3,0.00138838
-0.655159,9.5,0.00141263
-0.655159,9.7,0.00142697
-0.655159,9.9,0.00143409
-0.646038,2.1,0.000722269
-0.646038,2.3,0.000620835
-0.646038,2.5,0.000297782
-0.646038,2.7,2.05704e-05
-0.646038,2.9,0.000203826
-0.646038,3.1,0.000607948
-0.646038,3.3,0.00100852
-0.646038,3.5,0.00161221
-0.646038,3.7,0.00248153
-0.646038,3.9,0.00321651
-0.646038,4.1,0.00332279
-0.646038,4.3,0.00258131
-0.646038,4.5,0.00105776
-0.646038,4.7,-0.00103601
-0.646038,4.9,-0.00342568
-0.646038,5.1,-0.00578614
-0.646038,5.3,-0.00774692
-0.646038,5.5,-0.00895977
-0.646038,5.7,-0.00923363
-0.646038,5.9,-0.00863618
-0.646038,6.1,-0.00744986
-0.646038,6.3,-0.00601503
-0.646038,6.5,-0.00459573
-0.646038,6.7,-0.00333816
-0.646038,6.9,-0.00229431
-0.646038,7.1,-0.00146153
-0.646038,7.3,-0.000813165
-0.646038,7.5,-0.000316113
-0.646038,7.7,6.10033e-05
-0.646038,7.9,0.000344882
-0.646038,8.1,0.000557064
-0.646038,8.3,0.000714456
-0.646038,8.5,0.000830134
-0.646038,8.7,0.000914138
-0.646038,8.9,0.000974151
-0.646038,9.1,0.00101605
-0.646038,9.3,0.00104433
-0.646038,9.5,0.00106244
-0.646038,9.7,0.00107302
-0.646038,9.9,0.00107812
-0.636916,2.1,0.000625369
-0.636916,2.3,0.0005338
-0.636916,2.5,0.000255536
-0.636916,2.7,1.36664e-05
-0.636916,2.9,0.00016185
-0.636916,3.1,0.00050126
-0.636916,3.3,0.000842679
-0.636916,3.5,0.00135056
-0.636916,3.7,0.0020669
-0.636916,3.9,0.00266338
-0.636916,4.1,0.00274276
-0.636916,4.3,0.00212768
-0.636916,4.5,0.000869346
-0.636916,4.7,-0.000855091
-0.636916,4.9,-0.00280527
-0.636916,5.1,-0.00469192
-0.636916,5.3,-0.00619773
-0.636916,5.5,-0.00705331
-0.636916,5.7,-0.00714937
-0.636916,5.9,-0.00658965
-0.636916,6.1,-0.00562143
-0.636916,6.3,-0.00450545
-0.636916,6.5,-0.0034281
-0.636916,6.7,-0.00248555
-0.636916,6.9,-0.00170788
-0.636916,7.1,-0.00108882
-0.636916,7.3,-0.000606866
-0.636916,7.5,-0.000236995
-0.636916,7.7,4.40522e-05
-0.636916,7.9,0.000255943
-0.636916,8.1,0.000414534
-0.636916,8.3,0.00053229
-0.636916,8.5,0.000618878
-0.636916,8.7,0.000681747
-0.636916,8.9,0.000726614
-0.636916,9.1,0.000757869
-0.636916,9.3,0.000778878
-0.636916,9.5,0.00079223
-0.636916,9.7,0.000799917
-0.636916,9.9,0.000803478
-0.627795,2.1,0.000539798
-0.627795,2.3,0.000457435
-0.627795,2.5,0.000218498
-0.627795,2.7,8.25024e-06
-0.627795,2.9,0.000127368
-0.627795,3.1,0.00041107
-0.627795,3.3,0.000699764
-0.627795,3.5,0.00112379
-0.627795,3.7,0.00171128
-0.627795,3.9,0.0021945
-0.627795,4.1,0.00225446
-0.627795,4.3,0.00174727
-0.627795,4.5,0.000713472
-0.627795,4.7,-0.000697305
-0.627795,4.9,-0.00227438
-0.627795,5.1,-0.0037639
-0.627795,5.3,-0.00490127
-0.627795,5.5,-0.00548739
-0.627795,5.7,-0.00547385
-0.627795,5.9,-0.00497784
-0.627795,6.1,-0.00420498
-0.627795,6.3,-0.00334937
-0.627795,6.5,-0.0025401
-0.627795,6.7,-0.00183946
-0.627795,6.9,-0.00126413
-0.627795,7.1,-0.00080684
-0.627795,7.3,-0.000450745
-0.627795,7.5,-0.000177169
-0.627795,7.7,3.09955e-05
-0.627795,7.9,0.000188146
-0.627795,8.1,0.000305892
-0.627795,8.3,0.000393376
-0.627795,8.5,0.000457711
-0.627795,8.7,0.000504391
-0.627795,8.9,0.000537652
-0.627795,9.1,0.000560753
-0.627795,9.3,0.0005762
-0.627795,9.5,0.000585925
-0.627795,9.7,0.000591418
-0.627795,9.9,0.000593831
