-0.978966,2.2,-0.00131794
-0.978966,2.6,-0.00216784
-0.978966,3,0.00158711
-0.978966,3.4,0.00381901
-0.978966,3.8,0.00437137
-0.978966,4.2,0.00222695
-0.978966,4.6,-0.00208013
-0.978966,5,-0.00533064
-0.978966,5.4,-0.00610949
-0.978966,5.8,-0.00513651
-0.978966,6.2,-0.0033747
-0.978966,6.6,-0.00147633
-0.978966,7,0.000168603
-0.978966,7.4,0.00135438
-0.978966,7.8,0.00202154
-0.978966,8.2,0.00222455
-0.978966,8.6,0.00208531
-0.978966,9,0.00174248
-0.978966,9.4,0.00131487
-0.978966,9.8,0.000885584
-0.960723,2.2,-0.00263159
-0.960723,2.6,-0.00409513
-0.960723,3,0.00409445
-0.960723,3.4,0.0097351
-0.960723,3.8,0.0114643
-0.960723,4.2,0.00679883
-0.960723,4.6,-0.00468951
-0.960723,5,-0.0162532
-0.960723,5.4,-0.0216381
-0.960723,5.8,-0.0204823
-0.960723,6.2,-0.0152872
-0.960723,6.6,-0.00856843
-0.960723,7,-0.00207078
-0.960723,7.4,0.00320686
-0.960723,7.8,0.00683798
-0.960723,8.2,0.00879984
-0.960723,8.6,0.00932205
-0.960723,9,0.00875629
-0.960723,9.4,0.0074774
-0.960723,9.8,0.00581909
-0.942481,2.2,-0.00397081
-0.942481,2.6,-0.00599684
-0.942481,3,0.00745226
-0.942481,3.4,0.0175057
-0.942481,3.8,0.0207926
-0.942481,4.2,0.0139349
-0.942481,4.6,-0.0055115
-0.942481,5,-0.0294679
-0.942481,5.4,-0.0453208
-0.942481,5.8,-0.0479388
-0.942481,6.2,-0.0399695
-0.942481,6.6,-0.0265747
-0.942481,7,-0.0121217
-0.942481,7.4,0.000656516
-0.942481,7.8,0.010431
-0.942481,8.2,0.0168352
-0.942481,8.6,0.0200827
-0.942481,9,0.0206906
-0.942481,9.4,0.0192929
-0.942481,9.8,0.0165221
-0.924238,2.2,-0.00508798
-0.924238,2.6,-0.00756053
-0.924238,3,0.0111034
-0.924238,3.4,0.0256955
-0.924238,3.8,0.0304658
-0.924238,4.2,0.0226
-0.924238,4.6,-0.00251743
-0.924238,5,-0.0384956
-0.924238,5.4,-0.0685238
-0.924238,5.8,-0.0807132
-0.924238,6.2,-0.0746788
-0.924238,6.6,-0.0568888
-0.924238,7,-0.034591
-0.924238,7.4,-0.0130021
-0.924238,7.8,0.00498449
-0.924238,8.2,0.0182042
-0.924238,8.6,0.0265693
-0.924238,9,0.0305812
-0.924238,9.4,0.0310137
-0.924238,9.8,0.0287171
-0.905995,2.2,-0.00582521
-0.905995,2.6,-0.00859924
-0.905995,3,0.0144288
-0.905995,3.4,0.0327806
-0.905995,3.8,0.0385604
-0.905995,4.2,0.0312478
-0.905995,4.6,0.00446357
-0.905995,5,-0.0391822
-0.905995,5.4,-0.0821804
-0.905995,5.8,-0.107385
-0.905995,6.2,-0.109534
-0.905995,6.6,-0.093655
-0.905995,7,-0.0682347
-0.905995,7.4,-0.0405555
-0.905995,7.8,-0.0153065
-0.905995,8.2,0.00512073
-0.905995,8.6,0.0199177
-0.905995,9,0.029228
-0.905995,9.4,0.0337017
-0.905995,9.8,0.0342083
-0.887753,2.2,-0.00612541
-0.887753,2.6,-0.00905186
-0.887753,3,0.0169192
-0.887753,3.4,0.0375977
-0.887753,3.8,0.0436794
-0.887753,4.2,0.0383463
-0.887753,4.6,0.0140203
-0.887753,5,-0.0314521
-0.887753,5.4,-0.082476
-0.887753,5.8,-0.119623
-0.887753,6.2,-0.133531
-0.887753,6.6,-0.126095
-0.887753,7,-0.104694
-0.887753,7.4,-0.0770335
-0.887753,7.8,-0.0488862
-0.887753,8.2,-0.0237937
-0.887753,8.6,-0.00351916
-0.887753,9,0.0113866
-0.887753,9.4,0.0211175
-0.887753,9.8,0.0262744
-0.86951,2.2,-0.00601532
-0.86951,2.6,-0.00895679
-0.86951,3,0.0182781
-0.86951,3.4,0.0395874
-0.86951,3.8,0.0452156
-0.86951,4.2,0.0427581
-0.86951,4.6,0.0240342
-0.86951,5,-0.0180711
-0.86951,5.4,-0.0712221
-0.86951,5.8,-0.116073
-0.86951,6.2,-0.141067
-0.86951,6.6,-0.145102
-0.86951,7,-0.133158
-0.86951,7.4,-0.111737
-0.86951,7.8,-0.0864512
-0.86951,8.2,-0.0612986
-0.86951,8.6,-0.0387531
-0.86951,9,-0.0200969
-0.86951,9.4,-0.00577128
-0.86951,9.8,0.00432616
-0.851267,2.2,-0.00557679
-0.851267,2.6,-0.00841698
-0.851267,3,0.0184478
-0.851267,3.4,0.0388139
-0.851267,3.8,0.0433503
-0.851267,4.2,0.0439532
-0.851267,4.6,0.032472
-0.851267,5,-0.00276814
-0.851267,5.4,-0.0531603
-0.851267,5.8,-0.10073
-0.851267,6.2,-0.133294
-0.851267,6.6,-0.147736
-0.851267,7,-0.146667
-0.851267,7.4,-0.134722
-0.851267,7.8,-0.11646
-0.851267,8.2,-0.0955433
-0.851267,8.6,-0.0746022
-0.851267,9,-0.0553402
-0.851267,9.4,-0.0387196
-0.851267,9.8,-0.0251524
-0.833025,2.2,-0.00491699
-0.833025,2.6,-0.00756605
-0.833025,3,0.0175712
-0.833025,3.4,0.0358124
-0.833025,3.8,0.0388538
-0.833025,4.2,0.0420506
-0.833025,4.6,0.0379116
-0.833025,5,0.0111431
-0.833025,5.4,-0.0333107
-0.833025,5.8,-0.0794078
-0.833025,6.2,-0.115255
-0.833025,6.6,-0.136667
-0.833025,7,-0.144507
-0.833025,7.4,-0.141708
-0.833025,7.8,-0.131557
-0.833025,8.2,-0.11697
-0.833025,8.6,-0.100279
-0.833025,9,-0.0832174
-0.833025,9.4,-0.0669775
-0.833025,9.8,-0.0523059
-0.814782,2.2,-0.00414405
-0.814782,2.6,-0.00654036
-0.814782,3,0.015917
-0.814782,3.4,0.0313546
-0.814782,3.8,0.0327841
-0.814782,4.2,0.0376981
-0.814782,4.6,0.0397804
-0.814782,5,0.021482
-0.814782,5.4,-0.0154805
-0.814782,5.8,-0.0572169
-0.814782,6.2,-0.0926193
-0.814782,6.6,-0.117092
-0.814782,7,-0.130404
-0.814782,7.4,-0.134245
-0.814782,7.8,-0.130837
-0.814782,8.2,-0.122329
-0.814782,8.6,-0.110585
-0.814782,9,-0.0971231
-0.814782,9.4,-0.0831149
-0.814782,9.8,-0.0694162
-0.796539,2.2,-0.00335053
-0.796539,2.6,-0.00545944
-0.796539,3,0.013798
-0.796539,3.4,0.0262275
-0.796539,3.8,0.0261895
-0.796539,4.2,0.0318393
-0.796539,4.6,0.0383213
-0.796539,5,0.0273812
-0.796539,5.4,-0.00179989
-0.796539,5.8,-0.0375529
-0.796539,6.2,-0.0698593
-0.796539,6.6,-0.0941457
-0.796539,7,-0.109578
-0.796539,7.4,-0.117044
-0.796539,7.8,-0.118011
-0.796539,8.2,-0.114022
-0.796539,8.6,-0.106499
-0.796539,9,-0.096679
-0.796539,9.4,-0.0855829
-0.796539,9.8,-0.0740216
-0.778297,2.2,-0.00260498
-0.778297,2.6,-0.00441519
-0.778297,3,0.0115048
-0.778297,3.4,0.0210813
-0.778297,3.8,0.0199007
-0.778297,4.2,0.0254498
-0.778297,4.6,0.0343522
-0.778297,5,0.0290867
-0.778297,5.4,0.0071209
-0.778297,5.8,-0.0220655
-0.778297,6.2,-0.0497477
-0.778297,6.6,-0.071663
-0.778297,7,-0.0867116
-0.778297,7.4,-0.095304
-0.778297,7.8,-0.0984148
-0.778297,8.2,-0.0971575
-0.778297,8.6,-0.0926117
-0.778297,9,-0.0857524
-0.778297,9.4,-0.0774193
-0.778297,9.8,-0.0683076
-0.760054,2.2,-0.00195029
-0.760054,2.6,-0.00346892
-0.760054,3,0.00926641
-0.760054,3.4,0.0163623
-0.760054,3.8,0.0144411
-0.760054,4.2,0.0193294
-0.760054,4.6,0.0289347
-0.760054,5,0.0275517
-0.760054,5.4,0.0117438
-0.760054,5.8,-0.0110629
-0.760054,6.2,-0.0335484
-0.760054,6.6,-0.0519476
-0.760054,7,-0.065115
-0.760054,7.4,-0.0731986
-0.760054,7.8,-0.0768622
-0.760054,8.2,-0.076927
-0.760054,8.6,-0.0742178
-0.760054,9,-0.0694958
-0.760054,9.4,-0.0634284
-0.760054,9.8,-0.0565772
-0.741812,2.2,-0.00140654
-0.741812,2.6,-0.00265378
-0.741812,3,0.00723568
-0.741812,3.4,0.0123144
-0.741812,3.8,0.0100399
-0.741812,4.2,0.0139981
-0.741812,4.6,0.0230728
-0.741812,5,0.0239933
-0.741812,5.4,0.013093
-0.741812,5.8,-0.00402244
-0.741812,6.2,-0.0214444
-0.741812,6.6,-0.0360054
-0.741812,7,-0.0466493
-0.741812,7.4,-0.0533956
-0.741812,7.8,-0.0567126
-0.741812,8.2,-0.057218
-0.741812,8.6,-0.0555453
-0.741812,9,-0.0522834
-0.741812,9.4,-0.047949
-0.741812,9.8,-0.0429765
-0.723569,2.2,-0.00097632
-0.723569,2.6,-0.00198047
-0.723569,3,0.00549436
-0.723569,3.4,0.00901892
-0.723569,3.8,0.00670454
-0.723569,4.2,0.00969358
-0.723569,4.6,0.0175252
-0.723569,5,0.0195447
-0.723569,5.4,0.0123271
-0.723569,5.8,-4.37987e-05
-0.723569,6.2,-0.0129786
-0.723569,6.6,-0.0239317
-0.723569,7,-0.0320074
-0.723569,7.4,-0.0371757
-0.723569,7.8,-0.0397781
-0.723569,8.2,-0.0402836
-0.723569,8.6,-0.0391768
-0.723569,9,-0.0369057
-0.723569,9.4,-0.0338593
-0.723569,9.8,-0.0303601
-0.705326,2.2,-0.000650643
-0.705326,2.6,-0.00144395
-0.705326,3,0.0040678
-0.705326,3.4,0.0064475
-0.705326,3.8,0.00430836
-0.705326,4.2,0.00643279
-0.705326,4.6,0.0127446
-0.705326,5,0.0150604
-0.705326,5.4,0.0104606
-0.705326,5.8,0.00182501
-0.705326,6.2,-0.00741094
-0.705326,6.6,-0.015288
-0.705326,7,-0.0210957
-0.705326,7.4,-0.0247957
-0.705326,7.8,-0.0266431
-0.705326,8.2,-0.0269931
-0.705326,8.6,-0.0262103
-0.705326,9,-0.0246273
-0.705326,9.4,-0.0225271
-0.705326,9.8,-0.0201394
-0.687084,2.2,-0.000414215
-0.687084,2.6,-0.00102972
-0.687084,3,0.00294285
-0.687084,3.4,0.00451074
-0.687084,3.8,0.00266707
-0.687084,4.2,0.00409622
-0.687084,4.6,0.00891134
-0.687084,5,0.0110654
-0.687084,5.4,0.00823704
-0.687084,5.8,0.00239953
-0.687084,6.2,-0.00396304
-0.687084,6.6,-0.00940291
-0.687084,7,-0.0133882
-0.687084,7.4,-0.0158905
-0.687084,7.8,-0.0171017
-0.687084,8.2,-0.0172871
-0.687084,8.6,-0.0167143
-0.687084,9,-0.0156224
-0.687084,9.4,-0.0142097
-0.687084,9.8,-0.0126327
-0.668841,2.2,-0.000249544
-0.668841,2.6,-0.000718806
-0.668841,3,0.00208432
-0.668841,3.4,0.00309513
-0.668841,3.8,0.00159095
-0.668841,4.2,0.00250357
-0.668841,4.6,0.00601266
-0.668841,5,0.00779848
-0.668841,5.4,0.00611617
-0.668841,5.8,0.00228511
-0.668841,6.2,-0.00195546
-0.668841,6.6,-0.00557589
-0.668841,7,-0.00819828
-0.668841,7.4,-0.00980829
-0.668841,7.8,-0.0105499
-0.668841,8.2,-0.0106163
-0.668841,8.6,-0.0101982
-0.668841,9,-0.00946122
-0.668841,9.4,-0.00853886
-0.668841,9.8,-0.00753265
-0.650598,2.2,-0.000139686
-0.650598,2.6,-0.000491389
-0.650598,3,0.00144758
-0.650598,3.4,0.00208685
-0.650598,3.8,0.000913858
-0.650598,4.2,0.00146717
-0.650598,4.6,0.00392627
-0.650598,5,0.00529621
-0.650598,5.4,0.00432576
-0.650598,5.8,0.00187888
-0.650598,6.2,-0.000862269
-0.650598,6.6,-0.00319129
-0.650598,7,-0.00485237
-0.650598,7.4,-0.0058431
-0.650598,7.8,-0.00626965
-0.650598,8.2,-0.00626889
-0.650598,8.6,-0.00597191
-0.650598,9,-0.0054892
-0.650598,9.4,-0.00490677
-0.650598,9.8,-0.0042876
-0.632356,2.2,-6.97943e-05
-0.632356,2.6,-0.000328992
-0.632356,3,0.000987168
-0.632356,3.4,0.00138473
-0.632356,3.8,0.000504502
-0.632356,4.2,0.00082203
-0.632356,4.6,0.00248735
-0.632356,5,0.00347871
-0.632356,5.4,0.00293432
-0.632356,5.8,0.00141008
-0.632356,6.2,-0.000312241
-0.632356,6.6,-0.00176412
-0.632356,7,-0.00278015
-0.632356,7.4,-0.00336557
-0.632356,7.8,-0.00359673
-0.632356,8.2,-0.00356753
-0.632356,8.6,-0.00336487
-0.632356,9,-0.00305958
-0.632356,9.4,-0.00270472
-0.632356,9.8,-0.00233754
