-0.983527,2.1,0.000480498
-0.983527,2.3,0.000411358
-0.983527,2.5,0.000144206
-0.983527,2.7,0.000149758
-0.983527,2.9,0.000736915
-0.983527,3.1,0.000936385
-0.983527,3.3,-0.000515487
-0.983527,3.5,-0.00308742
-0.983527,3.7,-0.00507722
-0.983527,3.9,-0.0056173
-0.983527,4.1,-0.0049154
-0.983527,4.3,-0.00333724
-0.983527,4.5,-0.00101754
-0.983527,4.7,0.00185089
-0.983527,4.9,0.00444169
-0.983527,5.1,0.00563227
-0.983527,5.3,0.00538193
-0.983527,5.5,0.00450743
-0.983527,5.7,0.00359898
-0.983527,5.9,0.00285189
-0.983527,6.1,0.0022808
-0.983527,6.3,0.00185196
-0.983527,6.5,0.00152835
-0.983527,6.7,0.00127988
-0.983527,6.9,0.00108347
-0.983527,7.1,0.000920673
-0.983527,7.3,0.000775206
-0.983527,7.5,0.000631533
-0.983527,7.7,0.000477427
-0.983527,7.9,0.000314228
-0.983527,8.1,0.000166599
-0.983527,8.3,6.54622e-05
-0.983527,8.5,1.63758e-05
-0.983527,8.7,1.85172e-06
-0.983527,8.9,3.25528e-06
-0.983527,9.1,9.73721e-06
-0.983527,9.3,1.66008e-05
-0.983527,9.5,2.22613e-05
-0.983527,9.7,2.64188e-05
-0.983527,9.9,2.92238e-05
-0.974405,2.1,0.000743487
-0.974405,2.3,0.000637977
-0.974405,2.5,0.000282347
-0.974405,2.7,0.000368347
-0.974405,2.9,0.00127491
-0.974405,3.1,0.00133977
-0.974405,3.3,-0.00142543
-0.974405,3.5,-0.00609885
-0.974405,3.7,-0.00977082
-0.974405,3.9,-0.0107907
-0.974405,4.1,-0.00933971
-0.974405,4.3,-0.00592976
-0.974405,4.5,-0.000777004
-0.974405,4.7,0.00543943
-0.974405,4.9,0.010561
-0.974405,5.1,0.0124924
-0.974405,5.3,0.0116981
-0.974405,5.5,0.00986595
-0.974405,5.7,0.00803
-0.974405,5.9,0.00651231
-0.974405,6.1,0.00533115
-0.974405,6.3,0.00442295
-0.974405,6.5,0.00371717
-0.974405,6.7,0.00315372
-0.974405,6.9,0.00268257
-0.974405,7.1,0.00225896
-0.974405,7.3,0.00183919
-0.974405,7.5,0.00138337
-0.974405,7.7,0.00087717
-0.974405,7.9,0.000371718
-0.974405,8.1,-2.05355e-05
-0.974405,8.3,-0.000226494
-0.974405,8.5,-0.000276385
-0.974405,8.7,-0.000244317
-0.974405,8.9,-0.000185308
-0.974405,9.1,-0.000125792
-0.974405,9.3,-7.49862e-05
-0.974405,9.5,-3.45362e-05
-0.974405,9.7,-3.40065e-06
-0.974405,9.9,2.0125e-05
-0.965284,2.1,0.00103213
-0.965284,2.3,0.000894512
-0.965284,2.5,0.00046813
-0.965284,2.7,0.000663228
-0.965284,2.9,0.00188433
-0.965284,3.1,0.0016739
-0.965284,3.3,-0.00275952
-0.965284,3.5,-0.0100531
-0.965284,3.7,-0.0158456
-0.965284,3.9,-0.0174486
-0.965284,4.1,-0.0148729
-0.965284,4.3,-0.00870457
-0.965284,4.5,0.000644693
-0.965284,4.7,0.0114043
-0.965284,4.9,0.0194106
-0.965284,5.1,0.0218653
-0.965284,5.3,0.0202567
-0.965284,5.5,0.0172475
-0.965284,5.7,0.0142904
-0.965284,5.9,0.0118235
-0.965284,6.1,0.00986757
-0.965284,6.3,0.00832698
-0.965284,6.5,0.00709175
-0.965284,6.7,0.00606167
-0.965284,6.9,0.0051447
-0.965284,7.1,0.00424928
-0.965284,7.3,0.00328234
-0.965284,7.5,0.00217428
-0.965284,7.7,0.000956257
-0.965284,7.9,-0.000161624
-0.965284,8.1,-0.000900929
-0.965284,8.3,-0.0011793
-0.965284,8.5,-0.00113943
-0.965284,8.7,-0.000960668
-0.965284,8.9,-0.000753387
-0.965284,9.1,-0.000564445
-0.965284,9.3,-0.000407175
-0.965284,9.5,-0.0002813
-0.965284,9.7,-0.000182247
-0.965284,9.9,-0.000104806
-0.956163,2.1,0.00133367
-0.956163,2.3,0.00117082
-0.956163,2.5,0.000695127
-0.956163,2.7,0.00101755
-0.956163,2.9,0.00252411
-0.956163,3.1,0.00190922
-0.956163,3.3,-0.00446347
-0.956163,3.5,-0.0147453
-0.956163,3.7,-0.0229395
-0.956163,3.9,-0.0251284
-0.956163,4.1,-0.0209994
-0.956163,4.3,-0.0111384
-0.956163,4.5,0.00358784
-0.956163,4.7,0.0195669
-0.956163,4.9,0.0303316
-0.956163,5.1,0.0330132
-0.956163,5.3,0.0304517
-0.956163,5.5,0.0262036
-0.956163,5.7,0.0220656
-0.956163,5.9,0.0185735
-0.956163,6.1,0.0157512
-0.956163,6.3,0.0134717
-0.956163,6.5,0.0115808
-0.956163,6.7,0.00992572
-0.956163,6.9,0.00835172
-0.956163,7.1,0.00669278
-0.956163,7.3,0.00478556
-0.956163,7.5,0.00255576
-0.956163,7.7,0.00019749
-0.956163,7.9,-0.00176505
-0.956163,8.1,-0.00285971
-0.956163,8.3,-0.00309807
-0.956163,8.5,-0.00282685
-0.956163,8.7,-0.00236812
-0.956163,8.9,-0.00189733
-0.956163,9.1,-0.0014823
-0.956163,9.3,-0.00113838
-0.956163,9.5,-0.000860744
-0.956163,9.7,-0.000638786
-0.956163,9.9,-0.000461648
-0.947041,2.1,0.0016357
-0.947041,2.3,0.0014559
-0.947041,2.5,0.00095332
-0.947041,2.7,0.00141054
-0.947041,2.9,0.00315681
-0.947041,3.1,0.00203302
-0.947041,3.3,-0.00643742
-0.947041,3.5,-0.019868
-0.947041,3.7,-0.0305304
-0.947041,3.9,-0.0331904
-0.947041,4.1,-0.0270845
-0.947041,4.3,-0.0127608
-0.947041,4.5,0.00807574
-0.947041,4.7,0.0293224
-0.947041,4.9,0.0424104
-0.947041,5.1,0.0450779
-0.947041,5.3,0.0415672
-0.947041,5.5,0.0361514
-0.947041,5.7,0.0308846
-0.947041,5.9,0.0263814
-0.947041,6.1,0.0226693
-0.947041,6.3,0.0195901
-0.947041,6.5,0.0169388
-0.947041,6.7,0.0144939
-0.947041,6.9,0.0120111
-0.947041,7.1,0.00922031
-0.947041,7.3,0.00588517
-0.947041,7.5,0.00201089
-0.947041,7.7,-0.00185714
-0.947041,7.9,-0.00474991
-0.947041,8.1,-0.00608273
-0.947041,8.3,-0.0061093
-0.947041,8.5,-0.00544834
-0.947041,8.7,-0.00457582
-0.947041,8.9,-0.00372927
-0.947041,9.1,-0.00299361
-0.947041,9.3,-0.00238318
-0.947041,9.5,-0.0018861
-0.947041,9.7,-0.00148369
-0.947041,9.9,-0.0011577
-0.93792,2.1,0.00192683
-0.93792,2.3,0.00173868
-0.93792,2.5,0.00123058
-0.93792,2.7,0.00182028
-0.93792,2.9,0.00375083
-0.93792,3.1,0.00204707
-0.93792,3.3,-0.00855033
-0.93792,3.5,-0.0250578
-0.93792,3.7,-0.0380288
-0.93792,3.9,-0.040949
-0.93792,4.1,-0.032523
-0.93792,4.3,-0.0132748
-0.93792,4.5,0.0138357
-0.93792,4.7,0.0398734
-0.93792,4.9,0.054735
-0.93792,5.1,0.057248
-0.93792,5.3,0.0528993
-0.93792,5.5,0.0464759
-0.93792,5.7,0.0402101
-0.93792,5.9,0.0347759
-0.93792,6.1,0.0302027
-0.93792,6.3,0.0262987
-0.93792,6.5,0.022798
-0.93792,6.7,0.0193896
-0.93792,6.9,0.0157111
-0.93792,7.1,0.0113687
-0.93792,7.3,0.0060931
-0.93792,7.5,0.000130142
-0.93792,7.7,-0.00541272
-0.93792,7.9,-0.0091102
-0.93792,8.1,-0.0104601
-0.93792,8.3,-0.0100919
-0.93792,8.5,-0.00891068
-0.93792,8.7,-0.00752663
-0.93792,8.9,-0.00622488
-0.93792,9.1,-0.0051007
-0.93792,9.3,-0.00416443
-0.93792,9.5,-0.00339568
-0.93792,9.7,-0.0027667
-0.93792,9.9,-0.00225109
-0.928799,2.1,0.0021972
-0.928799,2.3,0.0020088
-0.928799,2.5,0.00151402
-0.928799,2.7,0.00222582
-0.928799,2.9,0.00428142
-0.928799,3.1,0.00196423
-0.928799,3.3,-0.0106578
-0.928799,3.5,-0.0299493
-0.928799,3.7,-0.04488
-0.928799,3.9,-0.0478023
-0.928799,4.1,-0.0368568
-0.928799,4.3,-0.0126004
-0.928799,4.5,0.0204081
-0.928799,4.7,0.050424
-0.928799,4.9,0.0665142
-0.928799,5.1,0.0688189
-0.928799,5.3,0.0638056
-0.928799,5.5,0.0565845
-0.928799,5.7,0.0494956
-0.928799,5.9,0.0432525
-0.928799,6.1,0.0378812
-0.928799,6.3,0.0331506
-0.928799,6.5,0.0287203
-0.928799,6.7,0.0241676
-0.928799,6.9,0.0189888
-0.928799,7.1,0.0126761
-0.928799,7.3,0.00503372
-0.928799,7.5,-0.00322893
-0.928799,7.7,-0.0103059
-0.928799,7.9,-0.0144851
-0.928799,8.1,-0.0155915
-0.928799,8.3,-0.0146895
-0.928799,8.5,-0.0129237
-0.928799,8.7,-0.0109943
-0.928799,8.9,-0.00921286
-0.928799,9.1,-0.00767739
-0.928799,9.3,-0.00639235
-0.928799,9.5,-0.00532887
-0.928799,9.7,-0.00445061
-0.928799,9.9,-0.00372346
-0.919677,2.1,0.00243874
-0.919677,2.3,0.00225715
-0.919677,2.5,0.00179113
-0.919677,2.7,0.00260861
-0.919677,2.9,0.00473078
-0.919677,3.1,0.00180472
-0.919677,3.3,-0.0126204
-0.919677,3.5,-0.0342259
-0.919677,3.7,-0.0506446
-0.919677,3.9,-0.0533182
-0.919677,4.1,-0.0398287
-0.919677,4.3,-0.0108462
-0.919677,4.5,0.0272671
-0.919677,4.7,0.0602823
-0.919677,4.9,0.0771064
-0.919677,5.1,0.0792026
-0.919677,5.3,0.073724
-0.919677,5.5,0.0659353
-0.919677,5.7,0.0582208
-0.919677,5.9,0.0513132
-0.919677,6.1,0.0452261
-0.919677,6.3,0.0396801
-0.919677,6.5,0.0342454
-0.919677,6.7,0.028369
-0.919677,6.9,0.0214017
-0.919677,7.1,0.0127806
-0.919677,7.3,0.00256433
-0.919677,7.5,-0.00785633
-0.919677,7.7,-0.0160188
-0.919677,7.9,-0.0202482
-0.919677,8.1,-0.0208891
-0.919677,8.3,-0.0193981
-0.919677,8.5,-0.0170673
-0.919677,8.7,-0.0146324
-0.919677,8.9,-0.012409
-0.919677,9.1,-0.0104913
-0.919677,9.3,-0.00887751
-0.919677,9.5,-0.00753185
-0.919677,9.7,-0.00641121
-0.919677,9.9,-0.00547533
-0.910556,2.1,0.00264539
-0.910556,2.3,0.00247618
-0.910556,2.5,0.00205066
-0.910556,2.7,0.00295335
-0.910556,2.9,0.00508767
-0.910556,3.1,0.00159241
-0.910556,3.3,-0.0143191
-0.910556,3.5,-0.0376548
-0.910556,3.7,-0.0550417
-0.910556,3.9,-0.057263
-0.910556,4.1,-0.0413743
-0.910556,4.3,-0.00824505
-0.910556,4.5,0.033909
-0.910556,4.7,0.0688955
-0.910556,4.9,0.0860147
-0.910556,5.1,0.0879269
-0.910556,5.3,0.0821834
-0.910556,5.5,0.0740569
-0.910556,5.7,0.0659191
-0.910556,5.9,0.0584983
-0.910556,6.1,0.0517854
-0.910556,6.3,0.0454417
-0.910556,6.5,0.0389354
-0.910556,6.7,0.0315764
-0.910556,6.9,0.0225994
-0.910556,7.1,0.011509
-0.910556,7.3,-0.0011591
-0.910556,7.5,-0.0132213
-0.910556,7.7,-0.0218212
-0.910556,7.9,-0.0256834
-0.910556,8.1,-0.0257327
-0.910556,8.3,-0.0236913
-0.910556,8.5,-0.0208921
-0.910556,8.7,-0.018055
-0.910556,8.9,-0.0154809
-0.910556,9.1,-0.0132555
-0.910556,9.3,-0.0113718
-0.910556,9.5,-0.00978977
-0.910556,9.7,-0.00846219
-0.910556,9.9,-0.00734499
-0.901435,2.1,0.00281303
-0.901435,2.3,0.00266019
-0.901435,2.5,0.00228313
-0.901435,2.7,0.00324841
-0.901435,2.9,0.00534676
-0.901435,3.1,0.00135159
-0.901435,3.3,-0.0156665
-0.901435,3.5,-0.0401025
-0.901435,3.7,-0.0579523
-0.901435,3.9,-0.0595836
-0.901435,4.1,-0.041577
-0.901435,4.3,-0.00508723
-0.901435,4.5,0.0399013
-0.901435,4.7,0.0758523
-0.901435,4.9,0.0928787
-0.901435,5.1,0.0946372
-0.901435,5.3,0.0888155
-0.901435,5.5,0.0805679
-0.901435,5.7,0.0722002
-0.901435,5.9,0.0644143
-0.901435,6.1,0.0571655
-0.901435,6.3,0.0500467
-0.901435,6.5,0.0424186
-0.901435,6.7,0.0334679
-0.901435,6.9,0.0223882
-0.901435,7.1,0.00892851
-0.901435,7.3,-0.00570369
-0.901435,7.5,-0.0186169
-0.901435,7.7,-0.0269777
-0.901435,7.9,-0.0301698
-0.901435,8.1,-0.0296136
-0.901435,8.3,-0.0271359
-0.901435,8.5,-0.0240161
-0.901435,8.7,-0.0209193
-0.901435,8.9,-0.0181188
-0.901435,9.1,-0.0156898
-0.901435,9.3,-0.0136217
-0.901435,9.5,-0.011873
-0.901435,9.7,-0.0103952
-0.901435,9.9,-0.00914317
-0.892313,2.1,0.0029394
-0.892313,2.3,0.00280534
-0.892313,2.5,0.00248125
-0.892313,2.7,0.00348585
-0.892313,2.9,0.00550774
-0.892313,3.1,0.00110434
-0.892313,3.3,-0.0166112
-0.892313,3.5,-0.0415311
-0.892313,3.7,-0.0593944
-0.892313,3.9,-0.0603634
-0.892313,4.1,-0.0406137
-0.892313,4.3,-0.00166968
-0.892313,4.5,0.044905
-0.892313,4.7,0.0808788
-0.892313,4.9,0.0974725
-0.892313,5.1,0.0991046
-0.892313,5.3,0.0933693
-0.892313,5.5,0.0851945
-0.892313,5.7,0.0767733
-0.892313,5.9,0.0687591
-0.892313,6.1,0.0610608
-0.892313,6.3,0.0531977
-0.892313,6.5,0.0444296
-0.892313,6.7,0.0338637
-0.892313,6.9,0.020772
-0.892313,7.1,0.00534143
-0.892313,7.3,-0.0104704
-0.892313,7.5,-0.0233564
-0.892313,7.7,-0.0309285
-0.892313,7.9,-0.033304
-0.892313,8.1,-0.0322206
-0.892313,8.3,-0.0294616
-0.892313,8.5,-0.026187
-0.892313,8.7,-0.0229839
-0.892313,8.9,-0.0200911
-0.892313,9.1,-0.0175728
-0.892313,9.3,-0.0154165
-0.892313,9.5,-0.0135816
-0.892313,9.7,-0.0120212
-0.892313,9.9,-0.0106912
-0.883192,2.1,0.00302396
-0.883192,2.3,0.00290962
-0.883192,2.5,0.00263993
-0.883192,2.7,0.00366126
-0.883192,2.9,0.00557445
-0.883192,3.1,0.000868806
-0.883192,3.3,-0.0171377
-0.883192,3.5,-0.0419822
-0.883192,3.7,-0.059485
-0.883192,3.9,-0.0597726
-0.883192,4.1,-0.0387065
-0.883192,4.3,0.00173702
-0.883192,4.5,0.0486823
-0.883192,4.7,0.0838338
-0.883192,4.9,0.0997052
-0.883192,5.1,0.101233
-0.883192,5.3,0.0957219
-0.883192,5.5,0.087785
-0.883192,5.7,0.0794635
-0.883192,5.9,0.0713431
-0.883192,6.1,0.0632782
-0.883192,6.3,0.0547166
-0.883192,6.5,0.0448416
-0.883192,6.7,0.0327545
-0.883192,6.9,0.0179544
-0.883192,7.1,0.00121478
-0.883192,7.3,-0.0148519
-0.883192,7.5,-0.0269363
-0.883192,7.7,-0.0333795
-0.883192,7.9,-0.0349342
-0.883192,8.1,-0.0334554
-0.883192,8.3,-0.0305759
-0.883192,8.5,-0.0273017
-0.883192,8.7,-0.0241328
-0.883192,8.9,-0.0212716
-0.883192,9.1,-0.0187712
-0.883192,9.3,-0.0166188
-0.883192,9.5,-0.0147768
-0.883192,9.7,-0.0132016
-0.883192,9.9,-0.0118517
-0.874071,2.1,0.00306764
-0.874071,2.3,0.00297269
-0.874071,2.5,0.0027563
-0.874071,2.7,0.00377343
-0.874071,2.9,0.00555396
-0.874071,3.1,0.000658265
-0.874071,3.3,-0.0172613
-0.874071,3.5,-0.041554
-0.874071,3.7,-0.0584014
-0.874071,3.9,-0.0580266
-0.874071,4.1,-0.036089
-0.874071,4.3,0.0049068
-0.874071,4.5,0.0510974
-0.874071,4.7,0.0847047
-0.874071,4.9,0.0996211
-0.874071,5.1,0.101062
-0.874071,5.3,0.0958836
-0.874071,5.5,0.0883177
-0.874071,5.7,0.0802223
-0.874071,5.9,0.0721014
-0.874071,6.1,0.0637517
-0.874071,6.3,0.0545617
-0.874071,6.5,0.0436811
-0.874071,6.7,0.030303
-0.874071,6.9,0.0142963
-0.874071,7.1,-0.00293288
-0.874071,7.3,-0.0183736
-0.874071,7.5,-0.0291096
-0.874071,7.7,-0.0342965
-0.874071,7.9,-0.0351238
-0.874071,8.1,-0.0333964
-0.874071,8.3,-0.0305377
-0.874071,8.5,-0.0273905
-0.874071,8.7,-0.0243686
-0.874071,8.9,-0.0216391
-0.874071,9.1,-0.0192453
-0.874071,9.3,-0.0171748
-0.874071,9.5,-0.0153938
-0.874071,9.7,-0.0138633
-0.874071,9.9,-0.0125458
-0.864949,2.1,0.00307257
-0.864949,2.3,0.00299569
-0.864949,2.5,0.00282952
-0.864949,2.7,0.00382383
-0.864949,2.9,0.00545566
-0.864949,3.1,0.000480968
-0.864949,3.3,-0.0170207
-0.864949,3.5,-0.0403788
-0.864949,3.7,-0.0563488
-0.864949,3.9,-0.0553545
-0.864949,4.1,-0.0329847
-0.864949,4.3,0.00766684
-0.864949,4.5,0.0521142
-0.864949,4.7,0.0836005
-0.864949,4.9,0.0973914
-0.864949,5.1,0.0987587
-0.864949,5.3,0.0939923
-0.864949,5.5,0.0868965
-0.864949,5.7,0.079126
-0.864949,5.9,0.0710948
-0.864949,6.1,0.0625452
-0.864949,6.3,0.0528291
-0.864949,6.5,0.0411212
-0.864949,6.7,0.0268122
-0.864949,6.9,0.0102376
-0.864949,7.1,-0.00664589
-0.864949,7.3,-0.0207682
-0.864949,7.5,-0.0298717
-0.864949,7.7,-0.0338391
-0.864949,7.9,-0.0340806
-0.864949,8.1,-0.0322391
-0.864949,8.3,-0.02951
-0.864949,8.5,-0.0265804
-0.864949,8.7,-0.023785
-0.864949,8.9,-0.0212588
-0.864949,9.1,-0.0190362
-0.864949,9.3,-0.0171057
-0.864949,9.5,-0.0154379
-0.864949,9.7,-0.0139986
-0.864949,9.9,-0.0127549
-0.855828,2.1,0.00304186
-0.855828,2.3,0.00298101
-0.855828,2.5,0.00286051
-0.855828,2.7,0.00381619
-0.855828,2.9,0.00529049
-0.855828,3.1,0.000340562
-0.855828,3.3,-0.0164698
-0.855828,3.5,-0.0386033
-0.855828,3.7,-0.0535363
-0.855828,3.9,-0.0519798
-0.855828,4.1,-0.0295952
-0.855828,4.3,0.00990048
-0.855828,4.5,0.0517889
-0.855828,4.7,0.0807359
-0.855828,4.9,0.0932951
-0.855828,5.1,0.0946
-0.855828,5.3,0.090295
-0.855828,5.5,0.0837352
-0.855828,5.7,0.0763621
-0.855828,5.9,0.0684972
-0.855828,6.1,0.0598387
-0.855828,6.3,0.0497346
-0.855828,6.5,0.0374515
-0.855828,6.7,0.0226681
-0.855828,6.9,0.00620927
-0.855828,7.1,-0.00960909
-0.855828,7.3,-0.0219775
-0.855828,7.5,-0.0293913
-0.855828,7.7,-0.0322767
-0.855828,7.9,-0.0320839
-0.855828,8.1,-0.0302368
-0.855828,8.3,-0.027711
-0.855828,8.5,-0.0250546
-0.855828,8.7,-0.0225331
-0.855828,8.9,-0.0202535
-0.855828,9.1,-0.0182426
-0.855828,9.3,-0.0164898
-0.855828,9.5,-0.01497
-0.855828,9.7,-0.0136539
-0.855828,9.9,-0.012513
-0.846707,2.1,0.00297932
-0.846707,2.3,0.00293197
-0.846707,2.5,0.00285168
-0.846707,2.7,0.00375593
-0.846707,2.9,0.00507016
-0.846707,3.1,0.000236888
-0.846707,3.3,-0.01567
-0.846707,3.5,-0.036374
-0.846707,3.7,-0.0501627
-0.846707,3.9,-0.0481096
-0.846707,4.1,-0.0260948
-0.846707,4.3,0.0115462
-0.846707,4.5,0.0502576
-0.846707,4.7,0.0764081
-0.846707,4.9,0.0876908
-0.846707,5.1,0.088941
-0.846707,5.3,0.08512
-0.846707,5.5,0.0791312
-0.846707,5.7,0.0722036
-0.846707,5.9,0.0645704
-0.846707,6.1,0.0559023
-0.846707,6.3,0.0455814
-0.846707,6.5,0.0330306
-0.846707,6.7,0.0182725
-0.846707,6.9,0.00256099
-0.846707,7.1,-0.0116725
-0.846707,7.3,-0.0221038
-0.846707,7.5,-0.0279304
-0.846707,7.7,-0.0299163
-0.846707,7.9,-0.0294276
-0.846707,8.1,-0.0276541
-0.846707,8.3,-0.0253738
-0.846707,8.5,-0.0230165
-0.846707,8.7,-0.0207895
-0.846707,8.9,-0.0187759
-0.846707,9.1,-0.0169959
-0.846707,9.3,-0.0154401
-0.846707,9.5,-0.014087
-0.846707,9.7,-0.012912
-0.846707,9.9,-0.0118908
-0.837585,2.1,0.00288919
-0.837585,2.3,0.00285262
-0.837585,2.5,0.00280655
-0.837585,2.7,0.00364969
-0.837585,2.9,0.00480653
-0.837585,3.1,0.000166969
-0.837585,3.3,-0.0146842
-0.837585,3.5,-0.0338279
-0.837585,3.7,-0.0464078
-0.837585,3.9,-0.0439291
-0.837585,4.1,-0.022628
-0.837585,4.3,0.0125932
-0.837585,4.5,0.0477171
-0.837585,4.7,0.0709658
-0.837585,4.9,0.08098
-0.837585,5.1,0.0821799
-0.837585,5.3,0.078841
-0.837585,5.5,0.0734314
-0.837585,5.7,0.0669766
-0.837585,5.9,0.0596318
-0.837585,6.1,0.0510601
-0.837585,6.3,0.040717
-0.837585,6.5,0.0282327
-0.837585,6.7,0.0139822
-0.837585,6.9,-0.000477311
-0.837585,7.1,-0.0128321
-0.837585,7.3,-0.0213446
-0.837585,7.5,-0.0257772
-0.837585,7.7,-0.0270526
-0.837585,7.9,-0.0263832
-0.837585,8.1,-0.0247351
-0.837585,8.3,-0.0227177
-0.837585,8.5,-0.0206631
-0.837585,8.7,-0.0187307
-0.837585,8.9,-0.0169841
-0.837585,9.1,-0.0154377
-0.837585,9.3,-0.0140832
-0.837585,9.5,-0.0129025
-0.837585,9.7,-0.0118748
-0.837585,9.9,-0.01098
-0.828464,2.1,0.002776
-0.828464,2.3,0.00274744
-0.828464,2.5,0.00272949
-0.828464,2.7,0.00350484
-0.828464,2.9,0.00451111
-0.828464,3.1,0.000126006
-0.828464,3.3,-0.0135724
-0.828464,3.5,-0.0310865
-0.828464,3.7,-0.0424288
-0.828464,3.9,-0.0396002
-0.828464,4.1,-0.0193095
-0.828464,4.3,0.0130744
-0.828464,4.5,0.0444022
-0.828464,4.7,0.0647747
-0.828464,4.9,0.0735701
-0.828464,5.1,0.07472
-0.828464,5.3,0.0718415
-0.828464,5.5,0.0669974
-0.828464,5.7,0.0610263
-0.828464,5.9,0.0540183
-0.828464,6.1,0.0456519
-0.828464,6.3,0.0354906
-0.828464,6.5,0.0234002
-0.828464,6.7,0.0100695
-0.828464,6.9,-0.00279974
-0.828464,7.1,-0.0131869
-0.828464,7.3,-0.0199339
-0.828464,7.5,-0.0232021
-0.828464,7.7,-0.0239407
-0.828464,7.9,-0.0231798
-0.828464,8.1,-0.0216868
-0.828464,8.3,-0.0199318
-0.828464,8.5,-0.0181682
-0.828464,8.7,-0.0165166
-0.828464,8.9,-0.0150249
-0.828464,9.1,-0.013703
-0.828464,9.3,-0.0125433
-0.828464,9.5,-0.0115307
-0.828464,9.7,-0.0106479
-0.828464,9.9,-0.00987818
-0.819343,2.1,0.00264428
-0.819343,2.3,0.00262112
-0.819343,2.5,0.00262538
-0.819343,2.7,0.00332903
-0.819343,2.9,0.0041946
-0.819343,3.1,0.000108281
-0.819343,3.3,-0.0123878
-0.819343,3.5,-0.0282536
-0.819343,3.7,-0.0383595
-0.819343,3.9,-0.0352609
-0.819343,4.1,-0.0162248
-0.819343,4.3,0.0130559
-0.819343,4.5,0.0405611
-0.819343,4.7,0.0581859
-0.819343,4.9,0.065841
-0.819343,5.1,0.0669372
-0.819343,5.3,0.0644827
-0.819343,5.5,0.0601744
-0.819343,5.7,0.0546844
-0.819343,5.9,0.0480547
-0.819343,6.1,0.0399997
-0.819343,6.3,0.030217
-0.819343,6.5,0.0188102
-0.819343,6.7,0.00670645
-0.819343,6.9,-0.00440402
-0.819343,7.1,-0.0128921
-0.819343,7.3,-0.0181006
-0.819343,7.5,-0.0204341
-0.819343,7.7,-0.0207838
-0.819343,7.9,-0.0199971
-0.819343,8.1,-0.0186723
-0.819343,8.3,-0.0171674
-0.819343,8.5,-0.0156732
-0.819343,8.7,-0.0142802
-0.819343,8.9,-0.0130233
-0.819343,9.1,-0.011909
-0.819343,9.3,-0.0109306
-0.819343,9.5,-0.0100752
-0.819343,9.7,-0.0093287
-0.819343,9.9,-0.00867718
-0.810221,2.1,0.00249847
-0.810221,2.3,0.00247837
-0.810221,2.5,0.00249933
-0.810221,2.7,0.0031299
-0.810221,2.9,0.00386663
-0.810221,3.1,0.000107883
-0.810221,3.3,-0.0111762
-0.810221,3.5,-0.0254149
-0.810221,3.7,-0.0343114
-0.810221,3.9,-0.0310259
-0.810221,4.1,-0.0134314
-0.810221,4.3,0.0126263
-0.810221,4.5,0.0364319
-0.810221,4.7,0.05151
-0.810221,4.9,0.0581206
-0.810221,5.1,0.0591562
-0.810221,5.3,0.0570798
-0.810221,5.5,0.0532667
-0.810221,5.7,0.0482461
-0.810221,5.9,0.0420282
-0.810221,6.1,0.0343822
-0.810221,6.3,0.0251527
-0.810221,6.5,0.0146588
-0.810221,6.7,0.0039707
-0.810221,6.9,-0.00535998
-0.810221,7.1,-0.0121213
-0.810221,7.3,-0.0160442
-0.810221,7.5,-0.0176521
-0.810221,7.7,-0.0177332
-0.810221,7.9,-0.0169663
-0.810221,8.1,-0.0158109
-0.810221,8.3,-0.0145366
-0.810221,8.5,-0.0132854
-0.810221,8.7,-0.012124
-0.810221,8.9,-0.0110776
-0.810221,9.1,-0.0101501
-0.810221,9.3,-0.00933514
-0.810221,9.5,-0.00862224
-0.810221,9.7,-0.00799965
-0.810221,9.9,-0.00745597
-0.8011,2.1,0.00234277
-0.8011,2.3,0.00232373
-0.8011,2.5,0.00235645
-0.8011,2.7,0.00291468
-0.8011,2.9,0.00353557
-0.8011,3.1,0.000119242
-0.8011,3.3,-0.00997503
-0.8011,3.5,-0.0226389
-0.8011,3.7,-0.030375
-0.8011,3.9,-0.026987
-0.8011,4.1,-0.0109618
-0.8011,4.3,0.0118842
-0.8011,4.5,0.0322253
-0.8011,4.7,0.0450009
-0.8011,4.9,0.0506701
-0.8011,5.1,0.0516365
-0.8011,5.3,0.0498879
-0.8011,5.5,0.0465235
-0.8011,5.7,0.0419541
-0.8011,5.9,0.0361738
-0.8011,6.1,0.02902
-0.8011,6.3,0.0204847
-0.8011,6.5,0.0110606
-0.8011,6.7,0.00186364
-0.8011,6.9,-0.00577767
-0.8011,7.1,-0.0110394
-0.8011,7.3,-0.0139244
-0.8011,7.5,-0.0149863
-0.8011,7.7,-0.0148922
-0.8011,7.9,-0.0141749
-0.8011,8.1,-0.0131824
-0.8011,8.3,-0.0121154
-0.8011,8.5,-0.0110786
-0.8011,8.7,-0.0101205
-0.8011,8.9,-0.00925872
-0.8011,9.1,-0.00849527
-0.8011,9.3,-0.00782443
-0.8011,9.5,-0.0072374
-0.8011,9.7,-0.00672457
-0.8011,9.9,-0.00627665
-0.791979,2.1,0.00218104
-0.791979,2.3,0.00216144
-0.791979,2.5,0.00220165
-0.791979,2.7,0.00269004
-0.791979,2.9,0.00320845
-0.791979,3.1,0.000137473
-0.791979,3.3,-0.00881333
-0.791979,3.5,-0.0199783
-0.791979,3.7,-0.0266213
-0.791979,3.9,-0.0232142
-0.791979,4.1,-0.00882633
-0.791979,4.3,0.010928
-0.791979,4.5,0.0281131
-0.791979,4.7,0.0388488
-0.791979,4.9,0.0436804
-0.791979,5.1,0.0445686
-0.791979,5.3,0.0430971
-0.791979,5.5,0.0401335
-0.791979,5.7,0.0359929
-0.791979,5.9,0.0306677
-0.791979,6.1,0.024071
-0.791979,6.3,0.0163307
-0.791979,6.5,0.00805947
-0.791979,6.7,0.000333787
-0.791979,6.9,-0.00578139
-0.791979,7.1,-0.00978839
-0.791979,7.3,-0.0118599
-0.791979,7.5,-0.012523
-0.791979,7.7,-0.0123241
-0.791979,7.9,-0.0116739
-0.791979,8.1,-0.0108328
-0.791979,8.3,-0.00994869
-0.791979,8.5,-0.00909785
-0.791979,8.7,-0.00831505
-0.791979,8.9,-0.00761243
-0.791979,9.1,-0.00699046
-0.791979,9.3,-0.00644407
-0.791979,9.5,-0.00596597
-0.791979,9.7,-0.00554829
-0.791979,9.9,-0.0051835
-0.782857,2.1,0.00201673
-0.782857,2.3,0.00199537
-0.782857,2.5,0.0020395
-0.782857,2.7,0.00246189
-0.782857,2.9,0.00289095
-0.782857,3.1,0.000158555
-0.782857,3.3,-0.00771273
-0.782857,3.5,-0.0174719
-0.782857,3.7,-0.023104
-0.782857,3.9,-0.0197563
-0.782857,4.1,-0.00701754
-0.782857,4.3,0.00984758
-0.782857,4.5,0.0242236
-0.782857,4.7,0.0331816
-0.782857,4.9,0.0372752
-0.782857,5.1,0.0380776
-0.782857,5.3,0.0368353
-0.782857,5.5,0.0342257
-0.782857,5.7,0.0304896
-0.782857,5.9,0.0256289
-0.782857,6.1,0.0196339
-0.782857,6.3,0.0127472
-0.782857,6.5,0.00564491
-0.782857,6.7,-0.000700963
-0.782857,6.9,-0.00549159
-0.782857,7.1,-0.00848119
-0.782857,7.3,-0.00993167
-0.782857,7.5,-0.0103128
-0.782857,7.7,-0.0100601
-0.782857,7.9,-0.00948535
-0.782857,8.1,-0.00878133
-0.782857,8.3,-0.00805593
-0.782857,8.5,-0.00736409
-0.782857,8.7,-0.00673038
-0.782857,8.9,-0.00616281
-0.782857,9.1,-0.00566093
-0.782857,9.3,-0.00522029
-0.782857,9.5,-0.00483483
-0.782857,9.7,-0.00449818
-0.782857,9.9,-0.00420424
-0.773736,2.1,0.00185285
-0.773736,2.3,0.00182891
-0.773736,2.5,0.0018741
-0.773736,2.7,0.00223531
-0.773736,2.9,0.00258747
-0.773736,3.1,0.000179389
-0.773736,3.3,-0.0066882
-0.773736,3.5,-0.0151466
-0.773736,3.7,-0.0198607
-0.773736,3.9,-0.0166426
-0.773736,4.1,-0.00551444
-0.773736,4.3,0.00871881
-0.773736,4.5,0.0206427
-0.773736,4.7,0.0280722
-0.773736,4.9,0.0315207
-0.773736,5.1,0.0322318
-0.773736,5.3,0.031176
-0.773736,5.5,0.028877
-0.773736,5.7,0.02552
-0.773736,5.9,0.0211251
-0.773736,6.1,0.015756
-0.773736,6.3,0.0097419
-0.773736,6.5,0.00376911
-0.773736,6.7,-0.00133512
-0.773736,6.9,-0.00501417
-0.773736,7.1,-0.00720097
-0.773736,7.3,-0.00818914
-0.773736,7.5,-0.00837786
-0.773736,7.7,-0.00810684
-0.773736,7.9,-0.00760949
-0.773736,8.1,-0.00702705
-0.773736,8.3,-0.00643744
-0.773736,8.5,-0.00587982
-0.773736,8.7,-0.00537125
-0.773736,8.9,-0.00491682
-0.773736,9.1,-0.0045155
-0.773736,9.3,-0.00416342
-0.773736,9.5,-0.0038556
-0.773736,9.7,-0.00358689
-0.773736,9.9,-0.00335238
-0.764615,2.1,0.00169193
-0.764615,2.3,0.00166496
-0.764615,2.5,0.00170901
-0.764615,2.7,0.00201448
-0.764615,2.9,0.00230123
-0.764615,3.1,0.000197756
-0.764615,3.3,-0.00574906
-0.764615,3.5,-0.0130191
-0.764615,3.7,-0.0169148
-0.764615,3.9,-0.0138848
-0.764615,4.1,-0.00428717
-0.764615,4.3,0.00760128
-0.764615,4.5,0.0174191
-0.764615,4.7,0.0235484
-0.764615,4.9,0.0264368
-0.764615,5.1,0.0270539
-0.764615,5.3,0.0261479
-0.764615,5.5,0.0241205
-0.764615,5.7,0.0211177
-0.764615,5.9,0.0171827
-0.764615,6.1,0.0124438
-0.764615,6.3,0.00728657
-0.764615,6.5,0.00236273
-0.764615,6.7,-0.00166255
-0.764615,6.9,-0.00443549
-0.764615,7.1,-0.00600418
-0.764615,7.3,-0.00665654
-0.764615,7.5,-0.00671973
-0.764615,7.7,-0.00645377
-0.764615,7.9,-0.00603128
-0.764615,8.1,-0.00555472
-0.764615,8.3,-0.00507983
-0.764615,8.5,-0.00463421
-0.764615,8.7,-0.00422949
-0.764615,8.9,-0.00386872
-0.764615,9.1,-0.00355058
-0.764615,9.3,-0.00327175
-0.764615,9.5,-0.00302815
-0.764615,9.7,-0.00281563
-0.764615,9.9,-0.00263028
-0.755494,2.1,0.00153608
-0.755494,2.3,0.00150592
-0.755494,2.5,0.00154723
-0.755494,2.7,0.00180271
-0.755494,2.9,0.00203439
-0.755494,3.1,0.00021223
-0.755494,3.3,-0.00489998
-0.755494,3.5,-0.0110974
-0.755494,3.7,-0.0142766
-0.755494,3.9,-0.0114797
-0.755494,4.1,-0.00330111
-0.755494,4.3,0.00653804
-0.755494,4.5,0.0145712
-0.755494,4.7,0.0196041
-0.755494,4.9,0.022009
-0.755494,5.1,0.0225324
-0.755494,5.3,0.021746
-0.755494,5.5,0.0199563
-0.755494,5.7,0.0172832
-0.755494,5.9,0.0137956
-0.755494,6.1,0.00967406
-0.755494,6.3,0.00532988
-0.755494,6.5,0.0013475
-0.755494,6.7,-0.00176832
-0.755494,6.9,-0.00382143
-0.755494,7.1,-0.00492489
-0.755494,7.3,-0.0053394
-0.755494,7.5,-0.00532544
-0.755494,7.7,-0.00507883
-0.755494,7.9,-0.00472579
-0.755494,8.1,-0.00433997
-0.755494,8.3,-0.00396086
-0.755494,8.5,-0.00360769
-0.755494,8.7,-0.00328825
-0.755494,8.9,-0.00300418
-0.755494,9.1,-0.00275409
-0.755494,9.3,-0.00253513
-0.755494,9.5,-0.00234401
-0.755494,9.7,-0.00217742
-0.755494,9.9,-0.00203224
-0.746372,2.1,0.00138694
-0.746372,2.3,0.00135369
-0.746372,2.5,0.0013912
-0.746372,2.7,0.00160248
-0.746372,2.9,0.00178823
-0.746372,3.1,0.000222049
-0.746372,3.3,-0.00414195
-0.746372,3.5,-0.00938257
-0.746372,3.7,-0.011946
-0.746372,3.9,-0.00941202
-0.746372,4.1,-0.00252028
-0.746372,4.3,0.00555724
-0.746372,4.5,0.0120948
-0.746372,4.7,0.0162097
-0.746372,4.9,0.0181996
-0.746372,5.1,0.0186324
-0.746372,5.3,0.0179413
-0.746372,5.5,0.0163604
-0.746372,5.7,0.0139938
-0.746372,5.9,0.0109353
-0.746372,6.1,0.00740357
-0.746372,6.3,0.00380784
-0.746372,6.5,0.000645321
-0.746372,6.7,-0.00172436
-0.746372,6.9,-0.00321882
-0.746372,7.1,-0.00397955
-0.746372,7.3,-0.00423007
-0.746372,7.5,-0.00417285
-0.746372,7.7,-0.00395324
-0.746372,7.9,-0.00366261
-0.746372,8.1,-0.00335341
-0.746372,8.3,-0.00305339
-0.746372,8.5,-0.00277576
-0.746372,8.7,-0.00252563
-0.746372,8.9,-0.00230375
-0.746372,9.1,-0.00210873
-0.746372,9.3,-0.00193821
-0.746372,9.5,-0.00178952
-0.746372,9.7,-0.00166004
-0.746372,9.9,-0.0015473
-0.737251,2.1,0.00124575
-0.737251,2.3,0.00120972
-0.737251,2.5,0.00124279
-0.737251,2.7,0.00141554
-0.737251,2.9,0.00156328
-0.737251,3.1,0.000226979
-0.737251,3.3,-0.00347306
-0.737251,3.5,-0.00786995
-0.737251,3.7,-0.00991345
-0.737251,3.9,-0.00765785
-0.737251,4.1,-0.00190998
-0.737251,4.3,0.00467458
-0.737251,4.5,0.00997028
-0.737251,4.7,0.013321
-0.737251,4.9,0.0149565
-0.737251,5.1,0.0153042
-0.737251,5.3,0.0146898
-0.737251,5.5,0.0132934
-0.737251,5.7,0.0112109
-0.737251,5.9,0.00855851
-0.737251,6.1,0.00557737
-0.737251,6.3,0.00265199
-0.737251,6.5,0.000184259
-0.737251,6.7,-0.00158809
-0.737251,6.9,-0.00265819
-0.737251,7.1,-0.00317166
-0.737251,7.3,-0.00331246
-0.737251,7.5,-0.0032348
-0.737251,7.7,-0.00304522
-0.737251,7.9,-0.00280921
-0.737251,8.1,-0.00256383
-0.737251,8.3,-0.0023284
-0.737251,8.5,-0.0021119
-0.737251,8.7,-0.00191757
-0.737251,8.9,-0.00174562
-0.737251,9.1,-0.00159475
-0.737251,9.3,-0.00146301
-0.737251,9.5,-0.00134828
-0.737251,9.7,-0.00124847
-0.737251,9.9,-0.00116166
-0.72813,2.1,0.00111338
-0.72813,2.3,0.00107501
-0.72813,2.5,0.00110337
-0.72813,2.7,0.00124295
-0.72813,2.9,0.00135946
-0.72813,3.1,0.000227187
-0.72813,3.3,-0.00288929
-0.72813,3.5,-0.0065504
-0.72813,3.7,-0.00816247
-0.72813,3.9,-0.00618749
-0.72813,4.1,-0.00143843
-0.72813,4.3,0.0038961
-0.72813,4.5,0.00816834
-0.72813,4.7,0.010886
-0.72813,4.9,0.0122208
-0.72813,5.1,0.0124905
-0.72813,5.3,0.0119389
-0.72813,5.5,0.0107068
-0.72813,5.7,0.00888697
-0.72813,5.9,0.00661375
-0.72813,6.1,0.00413542
-0.72813,6.3,0.00179533
-0.72813,6.5,-9.81513e-05
-0.72813,6.7,-0.00140292
-0.72813,6.9,-0.00215705
-0.72813,7.1,-0.00249578
-0.72813,7.3,-0.00256569
-0.72813,7.5,-0.00248225
-0.72813,7.7,-0.00232263
-0.72813,7.9,-0.00213339
-0.72813,8.1,-0.0019405
-0.72813,8.3,-0.00175727
-0.72813,8.5,-0.00158975
-0.72813,8.7,-0.00143994
-0.72813,8.9,-0.0013077
-0.72813,9.1,-0.00119188
-0.72813,9.3,-0.00109091
-0.72813,9.5,-0.00100308
-0.72813,9.7,-0.000926763
-0.72813,9.9,-0.000860472
-0.719008,2.1,0.000990364
-0.719008,2.3,0.000950208
-0.719008,2.5,0.000973839
-0.719008,2.7,0.00108521
-0.719008,2.9,0.00117626
-0.719008,3.1,0.000223114
-0.719008,3.3,-0.00238512
-0.719008,3.5,-0.00541152
-0.719008,3.7,-0.00667142
-0.719008,3.9,-0.00496843
-0.719008,4.1,-0.00107775
-0.719008,4.3,0.0032209
-0.719008,4.5,0.00665489
-0.719008,4.7,0.0088505
-0.719008,4.9,0.00993136
-0.719008,5.1,0.0101314
-0.719008,5.3,0.00963268
-0.719008,5.5,0.00854796
-0.719008,5.7,0.00697038
-0.719008,5.9,0.00504617
-0.719008,6.1,0.00301738
-0.719008,6.3,0.0011762
-0.719008,6.5,-0.000253543
-0.719008,6.7,-0.0011998
-0.719008,6.9,-0.00172304
-0.719008,7.1,-0.00194083
-0.719008,7.3,-0.00196694
-0.719008,7.5,-0.00188652
-0.719008,7.7,-0.00175491
-0.719008,7.9,-0.00160493
-0.719008,8.1,-0.00145467
-0.719008,8.3,-0.00131322
-0.719008,8.5,-0.0011846
-0.719008,8.7,-0.00106996
-0.719008,8.9,-0.000969027
-0.719008,9.1,-0.000880796
-0.719008,9.3,-0.000803992
-0.719008,9.5,-0.000737283
-0.719008,9.7,-0.000679399
-0.719008,9.9,-0.000629181
-0.709887,2.1,0.000876967
-0.709887,2.3,0.000835606
-0.709887,2.5,0.000854718
-0.709887,2.7,0.000942389
-0.709887,2.9,0.00101277
-0.709887,3.1,0.000215379
-0.709887,3.3,-0.00195403
-0.709887,3.5,-0.00443861
-0.709887,3.7,-0.00541542
-0.709887,3.9,-0.00396756
-0.709887,4.1,-0.000804255
-0.709887,4.3,0.0026434
-0.709887,4.5,0.0053944
-0.709887,4.7,0.00716104
-0.709887,4.9,0.00802889
-0.709887,5.1,0.00816827
-0.709887,5.3,0.00771548
-0.709887,5.5,0.00676407
-0.709887,5.7,0.00540876
-0.709887,5.9,0.00380116
-0.709887,6.1,0.00216599
-0.709887,6.3,0.000740509
-0.709887,6.5,-0.000322769
-0.709887,6.7,-0.000999375
-0.709887,6.9,-0.00135688
-0.709887,7.1,-0.00149276
-0.709887,7.3,-0.00149339
-0.709887,7.5,-0.00142073
-0.709887,7.7,-0.00131414
-0.709887,7.9,-0.00119659
-0.709887,8.1,-0.00108055
-0.709887,8.3,-0.000972212
-0.709887,8.5,-0.000874186
-0.709887,8.7,-0.000787117
-0.709887,8.9,-0.000710642
-0.709887,9.1,-0.000643924
-0.709887,9.3,-0.000585946
-0.709887,9.5,-0.000535667
-0.709887,9.7,-0.000492104
-0.709887,9.9,-0.000454364
-0.700766,2.1,0.000773212
-0.700766,2.3,0.000731245
-0.700766,2.5,0.000746174
-0.700766,2.7,0.000814152
-0.700766,2.9,0.000867876
-0.700766,3.1,0.000204687
-0.700766,3.3,-0.00158899
-0.700766,3.5,-0.00361563
-0.700766,3.7,-0.00436806
-0.700766,3.9,-0.00315291
-0.700766,4.1,-0.000598409
-0.700766,4.3,0.00215531
-0.700766,4.5,0.0043522
-0.700766,4.7,0.00576766
-0.700766,4.9,0.00645793
-0.700766,5.1,0.00654585
-0.700766,5.3,0.00613437
-0.700766,5.5,0.00530424
-0.700766,5.7,0.0041516
-0.700766,5.9,0.0028268
-0.700766,6.1,0.00152923
-0.700766,6.3,0.000442639
-0.700766,6.5,-0.000336827
-0.700766,6.7,-0.000814209
-0.700766,6.9,-0.00105477
-0.700766,7.1,-0.00113642
-0.700766,7.3,-0.00112355
-0.700766,7.5,-0.00106076
-0.700766,7.7,-0.000975766
-0.700766,7.9,-0.000884558
-0.700766,8.1,-0.000795699
-0.700766,8.3,-0.000713353
-0.700766,8.5,-0.000639192
-0.700766,8.7,-0.000573535
-0.700766,8.9,-0.00051601
-0.700766,9.1,-0.000465927
-0.700766,9.3,-0.000422484
-0.700766,9.5,-0.000384873
-0.700766,9.7,-0.000352338
-0.700766,9.9,-0.000324198
-0.691644,2.1,0.000678931
-0.691644,2.3,0.000636934
-0.691644,2.5,0.000648103
-0.691644,2.7,0.000699906
-0.691644,2.9,0.000740283
-0.691644,3.1,0.00019177
-0.691644,3.3,-0.00128275
-0.691644,3.5,-0.00292599
-0.691644,3.7,-0.00350278
-0.691644,3.9,-0.00249487
-0.691644,4.1,-0.000444428
-0.691644,4.3,0.00174693
-0.691644,4.5,0.00349597
-0.691644,4.7,0.00462492
-0.691644,4.9,0.00516816
-0.691644,5.1,0.00521364
-0.691644,5.3,0.00484049
-0.691644,5.5,0.00412109
-0.691644,5.7,0.00315173
-0.691644,5.9,0.0020754
-0.691644,6.1,0.00106153
-0.691644,6.3,0.00024551
-0.691644,6.5,-0.000318265
-0.691644,6.7,-0.000650879
-0.691644,6.9,-0.000810264
-0.691644,7.1,-0.000856911
-0.691644,7.3,-0.000838086
-0.691644,7.5,-0.000785549
-0.691644,7.7,-0.000718713
-0.691644,7.9,-0.000648623
-0.691644,8.1,-0.000581123
-0.691644,8.3,-0.000518992
-0.691644,8.5,-0.000463284
-0.691644,8.7,-0.000414121
-0.691644,8.9,-0.000371155
-0.691644,9.1,-0.000333827
-0.691644,9.3,-0.000301511
-0.691644,9.5,-0.000273583
-0.691644,9.7,-0.000249468
-0.691644,9.9,-0.000228646
-0.682523,2.1,0.000593807
-0.682523,2.3,0.000552311
-0.682523,2.5,0.000560187
-0.682523,2.7,0.000598858
-0.682523,2.9,0.000628612
-0.682523,3.1,0.000177329
-0.682523,3.3,-0.00102816
-0.682523,3.5,-0.00235325
-0.682523,3.7,-0.00279398
-0.682523,3.9,-0.00196683
-0.682523,4.1,-0.000329814
-0.682523,4.3,0.00140822
-0.682523,4.5,0.00279645
-0.682523,4.7,0.00369246
-0.682523,4.9,0.00411489
-0.682523,5.1,0.00412649
-0.682523,5.3,0.00378975
-0.682523,5.5,0.00317154
-0.682523,5.7,0.00236619
-0.682523,5.9,0.00150443
-0.682523,6.1,0.000724157
-0.682523,6.3,0.000119945
-0.682523,6.5,-0.000282755
-0.682523,6.7,-0.00051178
-0.682523,6.9,-0.000615708
-0.682523,7.1,-0.000640415
-0.682523,7.3,-0.000620127
-0.682523,7.5,-0.000577274
-0.682523,7.7,-0.000525361
-0.682523,7.9,-0.000471982
-0.682523,8.1,-0.0004211
-0.682523,8.3,-0.000374556
-0.682523,8.5,-0.000332997
-0.682523,8.7,-0.000296436
-0.682523,8.9,-0.000264565
-0.682523,9.1,-0.000236938
-0.682523,9.3,-0.000213068
-0.682523,9.5,-0.000192481
-0.682523,9.7,-0.000174738
-0.682523,9.9,-0.000159448
-0.673402,2.1,0.000517407
-0.673402,2.3,0.000476885
-0.673402,2.5,0.000481945
-0.673402,2.7,0.000510082
-0.673402,2.9,0.000531443
-0.673402,3.1,0.000162006
-0.673402,3.3,-0.000818371
-0.673402,3.5,-0.00188158
-0.673402,3.7,-0.00221785
-0.673402,3.9,-0.00154553
-0.673402,4.1,-0.000244826
-0.673402,4.3,0.00112941
-0.673402,4.5,0.00222781
-0.673402,4.7,0.00293512
-0.673402,4.9,0.00325912
-0.673402,5.1,0.00324474
-0.673402,5.3,0.00294312
-0.673402,5.5,0.00241709
-0.673402,5.7,0.00175671
-0.673402,5.9,0.00107691
-0.673402,6.1,0.000485195
-0.673402,6.3,4.37117e-05
-0.673402,6.5,-0.000240632
-0.673402,6.7,-0.000396587
-0.673402,6.9,-0.000463221
-0.673402,7.1,-0.000474652
-0.673402,7.3,-0.000455386
-0.673402,7.5,-0.000421144
-0.673402,7.7,-0.00038127
-0.673402,7.9,-0.000340959
-0.673402,8.1,-0.000302885
-0.673402,8.3,-0.000268256
-0.673402,8.5,-0.000237461
-0.673402,8.7,-0.000210453
-0.673402,8.9,-0.00018697
-0.673402,9.1,-0.000166661
-0.673402,9.3,-0.000149152
-0.673402,9.5,-0.000134084
-0.673402,9.7,-0.000121124
-0.673402,9.9,-0.000109979
-0.66428,2.1,0.000449218
-0.66428,2.3,0.000410073
-0.66428,2.5,0.000412783
-0.66428,2.7,0.000432577
-0.66428,2.9,0.000447366
-0.66428,3.1,0.000146361
-0.66428,3.3,-0.000646959
-0.66428,3.5,-0.00149621
-0.66428,3.7,-0.0017528
-0.66428,3.9,-0.00121104
-0.66428,4.1,-0.000181976
-0.66428,4.3,0.000901453
-0.66428,4.5,0.00176767
-0.66428,4.7,0.00232271
-0.66428,4.9,0.00256726
-0.66428,5.1,0.002534
-0.66428,5.3,0.00226642
-0.66428,5.5,0.00182387
-0.66428,5.7,0.00128981
-0.66428,5.9,0.000761439
-0.66428,6.1,0.00031901
-0.66428,6.3,3.81512e-07
-0.66428,6.5,-0.000198278
-0.66428,6.7,-0.000303369
-0.66428,6.9,-0.000345313
-0.66428,7.1,-0.000349078
-0.66428,7.3,-0.000332037
-0.66428,7.5,-0.000305142
-0.66428,7.7,-0.000274823
-0.66428,7.9,-0.000244621
-0.66428,8.1,-0.000216331
-0.66428,8.3,-0.000190738
-0.66428,8.5,-0.000168066
-0.66428,8.7,-0.000148243
-0.66428,8.9,-0.000131053
-0.66428,9.1,-0.000116223
-0.66428,9.3,-0.000103468
-0.66428,9.5,-9.25146e-05
-0.66428,9.7,-8.31156e-05
-0.66428,9.9,-7.50506e-05
-0.655159,2.1,0.000388675
-0.655159,2.3,0.000351236
-0.655159,2.5,0.000352032
-0.655159,2.7,0.000365311
-0.655159,2.9,0.000375009
-0.655159,3.1,0.000130862
-0.655159,3.3,-0.000508053
-0.655159,3.5,-0.00118368
-0.655159,3.7,-0.00137976
-0.655159,3.9,-0.000946576
-0.655159,4.1,-0.000135569
-0.655159,4.3,0.000716177
-0.655159,4.5,0.00139688
-0.655159,4.7,0.00182958
-0.655159,4.9,0.00201071
-0.655159,5.1,0.00196479
-0.655159,5.3,0.00173013
-0.655159,5.5,0.00136244
-0.655159,5.7,0.000936686
-0.655159,5.9,0.00053198
-0.655159,6.1,0.000205562
-0.655159,6.3,-2.18099e-05
-0.655159,6.5,-0.000159273
-0.655159,6.7,-0.000229389
-0.655159,6.9,-0.000255249
-0.655159,7.1,-0.000254876
-0.655159,7.3,-0.000240487
-0.655159,7.5,-0.000219668
-0.655159,7.7,-0.000196827
-0.655159,7.9,-0.000174368
-0.655159,8.1,-0.000153488
-0.655159,8.3,-0.000134693
-0.655159,8.5,-0.000118106
-0.655159,8.7,-0.000103648
-0.655159,8.9,-9.1145e-05
-0.655159,9.1,-8.03854e-05
-0.655159,9.3,-7.11537e-05
-0.655159,9.5,-6.32458e-05
-0.655159,9.7,-5.64762e-05
-0.655159,9.9,-5.06815e-05
-0.646038,2.1,0.000335185
-0.646038,2.3,0.000299706
-0.646038,2.5,0.000298987
-0.646038,2.7,0.000307257
-0.646038,2.9,0.000313065
-0.646038,3.1,0.000115877
-0.646038,3.3,-0.000396381
-0.646038,3.5,-0.000931959
-0.646038,3.7,-0.00108219
-0.646038,3.9,-0.00073822
-0.646038,4.1,-0.00010132
-0.646038,4.3,0.000566406
-0.646038,4.5,0.0010993
-0.646038,4.7,0.00143416
-0.646038,4.9,0.00156529
-0.646038,5.1,0.001512
-0.646038,5.3,0.00130888
-0.646038,5.5,0.00100751
-0.646038,5.7,0.000673024
-0.646038,5.9,0.000367408
-0.646038,6.1,0.000129565
-0.646038,6.3,-3.10237e-05
-0.646038,6.5,-0.000125315
-0.646038,6.7,-0.000171654
-0.646038,6.9,-0.00018721
-0.646038,7.1,-0.000184845
-0.646038,7.3,-0.000173091
-0.646038,7.5,-0.000157178
-0.646038,7.7,-0.000140117
-0.646038,7.9,-0.000123532
-0.646038,8.1,-0.000108219
-0.646038,8.3,-9.45018e-05
-0.646038,8.5,-8.244e-05
-0.646038,8.7,-7.19588e-05
-0.646038,8.9,-6.29201e-05
-0.646038,9.1,-5.51626e-05
-0.646038,9.3,-4.85241e-05
-0.646038,9.5,-4.28522e-05
-0.646038,9.7,-3.80093e-05
-0.646038,9.9,-3.38746e-05
-0.636916,2.1,0.000288142
-0.636916,2.3,0.00025481
-0.636916,2.5,0.000252928
-0.636916,2.7,0.000257417
-0.636916,2.9,0.000260304
-0.636916,3.1,0.000101686
-0.636916,3.3,-0.000307289
-0.636916,3.5,-0.000730493
-0.636916,3.7,-0.00084599
-0.636916,3.9,-0.000574563
-0.636916,4.1,-7.60265e-05
-0.636916,4.3,0.000445941
-0.636916,4.5,0.000861389
-0.636916,4.7,0.00111844
-0.636916,4.9,0.00121075
-0.636916,5.1,0.00115441
-0.636916,5.3,0.00098112
-0.636916,5.5,0.000737613
-0.636916,5.7,0.000478643
-0.636916,5.9,0.000250965
-0.636916,6.1,7.96413e-05
-0.636916,6.3,-3.27334e-05
-0.636916,6.5,-9.69041e-05
-0.636916,6.7,-0.00012725
-0.636916,6.9,-0.000136323
-0.636916,7.1,-0.000133216
-0.636916,7.3,-0.000123853
-0.636916,7.5,-0.000111825
-0.636916,7.7,-9.91797e-05
-0.636916,7.9,-8.70131e-05
-0.636916,8.1,-7.58519e-05
-0.636916,8.3,-6.58987e-05
-0.636916,8.5,-5.71786e-05
-0.636916,8.7,-4.9625e-05
-0.636916,8.9,-4.31297e-05
-0.636916,9.1,-3.75707e-05
-0.636916,9.3,-3.28266e-05
-0.636916,9.5,-2.87844e-05
-0.636916,9.7,-2.53426e-05
-0.636916,9.9,-2.24122e-05
-0.627795,2.1,0.000246951
-0.627795,2.3,0.000215884
-0.627795,2.5,0.000213146
-0.627795,2.7,0.000214846
-0.627795,2.9,0.000215586
-0.627795,3.1,8.84834e-05
-0.627795,3.3,-0.000236734
-0.627795,3.5,-0.00057019
-0.627795,3.7,-0.000659334
-0.627795,3.9,-0.000446345
-0.627795,4.1,-5.73136e-05
-0.627795,4.3,0.000349502
-0.627795,4.5,0.000671918
-0.627795,4.7,0.000867478
-0.627795,4.9,0.000930184
-0.627795,5.1,0.000874192
-0.627795,5.3,0.00072861
-0.627795,5.5,0.000534746
-0.627795,5.7,0.000337103
-0.627795,5.9,0.000169638
-0.627795,6.1,4.75124e-05
-0.627795,6.3,-3.04757e-05
-0.627795,6.5,-7.38387e-05
-0.627795,6.7,-9.35339e-05
-0.627795,6.9,-9.86107e-05
-0.627795,7.1,-9.54474e-05
-0.627795,7.3,-8.81355e-05
-0.627795,7.5,-7.91319e-05
-0.627795,7.7,-6.98276e-05
-0.627795,7.9,-6.09579e-05
-0.627795,8.1,-5.28697e-05
-0.627795,8.3,-4.56886e-05
-0.627795,8.5,-3.94198e-05
-0.627795,8.7,-3.40068e-05
-0.627795,8.9,-2.93662e-05
-0.627795,9.1,-2.5406e-05
-0.627795,9.3,-2.20362e-05
-0.627795,9.5,-1.91732e-05
-0.627795,9.7,-1.67427e-05
-0.627795,9.9,-1.46794e-05
