-0.983527,2.1,0.00187713
-0.983527,2.3,0.0019239
-0.983527,2.5,-0.000291519
-0.983527,2.7,-0.00357603
-0.983527,2.9,-0.00182939
-0.983527,3.1,0.00727975
-0.983527,3.3,0.0168987
-0.983527,3.5,0.0190443
-0.983527,3.7,0.0132916
-0.983527,3.9,0.00452821
-0.983527,4.1,-0.00358459
-0.983527,4.3,-0.0101566
-0.983527,4.5,-0.0153687
-0.983527,4.7,-0.0189886
-0.983527,4.9,-0.0200507
-0.983527,5.1,-0.0184064
-0.983527,5.3,-0.0156734
-0.983527,5.5,-0.0133395
-0.983527,5.7,-0.0117877
-0.983527,5.9,-0.010877
-0.983527,6.1,-0.0104042
-0.983527,6.3,-0.0102204
-0.983527,6.5,-0.0102275
-0.983527,6.7,-0.0103525
-0.983527,6.9,-0.0105191
-0.983527,7.1,-0.0106124
-0.983527,7.3,-0.0104275
-0.983527,7.5,-0.0096127
-0.983527,7.7,-0.00769514
-0.983527,7.9,-0.00441829
-0.983527,8.1,-0.00036954
-0.983527,8.3,0.00312414
-0.983527,8.5,0.00520932
-0.983527,8.7,0.00600877
-0.983527,8.9,0.0060302
-0.983527,9.1,0.00568586
-0.983527,9.3,0.00520938
-0.983527,9.5,0.0047128
-0.983527,9.7,0.00424377
-0.983527,9.9,0.00381918
-0.974405,2.1,0.00266518
-0.974405,2.3,0.00257156
-0.974405,2.5,-0.00040686
-0.974405,2.7,-0.0041593
-0.974405,2.9,-0.000922416
-0.974405,3.1,0.0110739
-0.974405,3.3,0.022419
-0.974405,3.5,0.0235308
-0.974405,3.7,0.0145181
-0.974405,3.9,0.00195538
-0.974405,4.1,-0.00932992
-0.974405,4.3,-0.0180621
-0.974405,4.5,-0.0241689
-0.974405,4.7,-0.027037
-0.974405,4.9,-0.0260125
-0.974405,5.1,-0.0224621
-0.974405,5.3,-0.0189287
-0.974405,5.5,-0.016607
-0.974405,5.7,-0.0154272
-0.974405,5.9,-0.0150218
-0.974405,6.1,-0.0151044
-0.974405,6.3,-0.0154987
-0.974405,6.5,-0.0160928
-0.974405,6.7,-0.0167908
-0.974405,6.9,-0.0174608
-0.974405,7.1,-0.0178642
-0.974405,7.3,-0.0175544
-0.974405,7.5,-0.0157976
-0.974405,7.7,-0.0117637
-0.974405,7.9,-0.0053766
-0.974405,8.1,0.00177236
-0.974405,8.3,0.00739329
-0.974405,8.5,0.0105218
-0.974405,8.7,0.0116391
-0.974405,8.9,0.0115879
-0.974405,9.1,0.0109863
-0.974405,9.3,0.0101796
-0.974405,9.5,0.00933629
-0.974405,9.7,0.00853122
-0.974405,9.9,0.00779299
-0.965284,2.1,0.0034975
-0.965284,2.3,0.00324335
-0.965284,2.5,-0.000377008
-0.965284,2.7,-0.00429237
-0.965284,2.9,0.000465226
-0.965284,3.1,0.014646
-0.965284,3.3,0.0266124
-0.965284,3.5,0.0258312
-0.965284,3.7,0.0133454
-0.965284,3.9,-0.00261377
-0.965284,4.1,-0.0162162
-0.965284,4.3,-0.0257691
-0.965284,4.5,-0.0308417
-0.965284,4.7,-0.0308751
-0.965284,4.9,-0.0267542
-0.965284,5.1,-0.0217359
-0.965284,5.3,-0.018374
-0.965284,5.5,-0.0169537
-0.965284,5.7,-0.0168478
-0.965284,5.9,-0.0175026
-0.965284,6.1,-0.018597
-0.965284,6.3,-0.0199623
-0.965284,6.5,-0.0214936
-0.965284,6.7,-0.0230765
-0.965284,6.9,-0.0245062
-0.965284,7.1,-0.0253677
-0.965284,7.3,-0.0248785
-0.965284,7.5,-0.021836
-0.965284,7.7,-0.0151557
-0.965284,7.9,-0.00534831
-0.965284,8.1,0.00474202
-0.965284,8.3,0.0121572
-0.965284,8.5,0.0161339
-0.965284,8.7,0.01754
-0.965284,8.9,0.0174753
-0.965284,9.1,0.0167031
-0.965284,9.3,0.0156499
-0.965284,9.5,0.0145305
-0.965284,9.7,0.0134448
-0.965284,9.9,0.0124345
-0.956163,2.1,0.00434815
-0.956163,2.3,0.00392811
-0.956163,2.5,-0.000194268
-0.956163,2.7,-0.00401168
-0.956163,2.9,0.00218001
-0.956163,3.1,0.0177984
-0.956163,3.3,0.0293509
-0.956163,3.5,0.025993
-0.956163,3.7,0.0101542
-0.956163,3.9,-0.00833516
-0.956163,4.1,-0.022873
-0.956163,4.3,-0.031418
-0.956163,4.5,-0.0333994
-0.956163,4.7,-0.0292563
-0.956163,4.9,-0.0223074
-0.956163,5.1,-0.0169886
-0.956163,5.3,-0.0148455
-0.956163,5.5,-0.0150505
-0.956163,5.7,-0.0165241
-0.956163,5.9,-0.0186211
-0.956163,6.1,-0.0210414
-0.956163,6.3,-0.023655
-0.956163,6.5,-0.0263794
-0.956163,6.7,-0.0290835
-0.956163,6.9,-0.0314692
-0.956163,7.1,-0.0328938
-0.956163,7.3,-0.0321629
-0.956163,7.5,-0.027593
-0.956163,7.7,-0.0180715
-0.956163,7.9,-0.00505371
-0.956163,8.1,0.00744412
-0.956163,8.3,0.0162238
-0.956163,8.5,0.0208904
-0.956163,8.7,0.022619
-0.956163,8.9,0.0226632
-0.956163,9.1,0.0218684
-0.956163,9.3,0.0207134
-0.956163,9.5,0.0194474
-0.956163,9.7,0.0181927
-0.956163,9.9,0.0170052
-0.947041,2.1,0.00519143
-0.947041,2.3,0.00461053
-0.947041,2.5,0.000127816
-0.947041,2.7,-0.00338623
-0.947041,2.9,0.00407861
-0.947041,3.1,0.0204239
-0.947041,3.3,0.030686
-0.947041,3.5,0.0243474
-0.947041,3.7,0.00565608
-0.947041,3.9,-0.0141104
-0.947041,4.1,-0.0278973
-0.947041,4.3,-0.0335543
-0.947041,4.5,-0.0309586
-0.947041,4.7,-0.0225748
-0.947041,4.9,-0.0141282
-0.947041,5.1,-0.00992249
-0.947041,5.3,-0.00988308
-0.947041,5.5,-0.0122105
-0.947041,5.7,-0.01557
-0.947041,5.9,-0.01933
-0.947041,6.1,-0.0232612
-0.947041,6.3,-0.0272968
-0.947041,6.5,-0.0313868
-0.947041,6.7,-0.035378
-0.947041,6.9,-0.038852
-0.947041,7.1,-0.0408809
-0.947041,7.3,-0.0397956
-0.947041,7.5,-0.0334859
-0.947041,7.7,-0.0211095
-0.947041,7.9,-0.00529387
-0.947041,8.1,0.00905917
-0.947041,8.3,0.0188731
-0.947041,8.5,0.0241533
-0.947041,8.7,0.026276
-0.947041,8.9,0.0265642
-0.947041,9.1,0.0258997
-0.947041,9.3,0.0247919
-0.947041,9.5,0.0235158
-0.947041,9.7,0.0222134
-0.947041,9.9,0.0209549
-0.93792,2.1,0.00600302
-0.93792,2.3,0.00527281
-0.93792,2.5,0.000561494
-0.93792,2.7,-0.00250164
-0.93792,2.9,0.00603547
-0.93792,3.1,0.0224843
-0.93792,3.3,0.0308022
-0.93792,3.5,0.0214188
-0.93792,3.7,0.000721862
-0.93792,3.9,-0.0188517
-0.93792,4.1,-0.0301973
-0.93792,4.3,-0.0314731
-0.93792,4.5,-0.023803
-0.93792,4.7,-0.0123012
-0.93792,4.9,-0.004198
-0.93792,5.1,-0.00241934
-0.93792,5.3,-0.005147
-0.93792,5.5,-0.00991473
-0.93792,5.7,-0.0153354
-0.93792,5.9,-0.0208833
-0.93792,6.1,-0.0264399
-0.93792,6.3,-0.032018
-0.93792,6.5,-0.0376015
-0.93792,6.7,-0.0429981
-0.93792,6.9,-0.0476221
-0.93792,7.1,-0.0501795
-0.93792,7.3,-0.0484644
-0.93792,7.5,-0.0400619
-0.93792,7.7,-0.0247551
-0.93792,7.9,-0.00646114
-0.93792,8.1,0.0093757
-0.93792,8.3,0.0200417
-0.93792,8.5,0.0259158
-0.93792,8.7,0.028497
-0.93792,8.9,0.029129
-0.93792,9.1,0.0287054
-0.93792,9.3,0.027754
-0.93792,9.5,0.0265696
-0.93792,9.7,0.025312
-0.93792,9.9,0.0240654
-0.928799,2.1,0.00676099
-0.928799,2.3,0.00589647
-0.928799,2.5,0.00107129
-0.928799,2.7,-0.0014478
-0.928799,2.9,0.00794578
-0.928799,3.1,0.0239906
-0.928799,3.3,0.0299663
-0.928799,3.5,0.0178135
-0.928799,3.7,-0.00380474
-0.928799,3.9,-0.021711
-0.928799,4.1,-0.0291971
-0.928799,4.3,-0.0252618
-0.928799,4.5,-0.0130367
-0.928799,4.7,-0.000282345
-0.928799,4.9,0.00560078
-0.928799,5.1,0.0038823
-0.928799,5.3,-0.00208736
-0.928799,5.5,-0.00950735
-0.928799,5.7,-0.0171086
-0.928799,5.9,-0.024542
-0.928799,6.1,-0.0318279
-0.928799,6.3,-0.0390652
-0.928799,6.5,-0.0462596
-0.928799,6.7,-0.0531391
-0.928799,6.9,-0.058866
-0.928799,7.1,-0.061659
-0.928799,7.3,-0.0587229
-0.928799,7.5,-0.0475672
-0.928799,7.7,-0.0290313
-0.928799,7.9,-0.00836349
-0.928799,8.1,0.00878639
-0.928799,8.3,0.0202255
-0.928799,8.5,0.026682
-0.928799,8.7,0.0297422
-0.928799,8.9,0.0307543
-0.928799,9.1,0.0306157
-0.928799,9.3,0.0298672
-0.928799,9.5,0.0288205
-0.928799,9.7,0.0276515
-0.928799,9.9,0.0264575
-0.919677,2.1,0.00744652
-0.919677,2.3,0.00646397
-0.919677,2.5,0.0016194
-0.919677,2.7,-0.000310264
-0.919677,2.9,0.00972575
-0.919677,3.1,0.0249854
-0.919677,3.3,0.0284782
-0.919677,3.5,0.0141132
-0.919677,3.7,-0.00725546
-0.919677,3.9,-0.0222066
-0.919677,4.1,-0.0248628
-0.919677,4.3,-0.0156132
-0.919677,4.5,-0.000127106
-0.919677,4.7,0.0117511
-0.919677,4.9,0.0137776
-0.919677,5.1,0.00775988
-0.919677,5.3,-0.00178857
-0.919677,5.5,-0.012024
-0.919677,5.7,-0.0219222
-0.919677,5.9,-0.0313586
-0.919677,6.1,-0.0405062
-0.919677,6.3,-0.0495428
-0.919677,6.5,-0.0584611
-0.919677,6.7,-0.0668307
-0.919677,6.9,-0.0734243
-0.919677,7.1,-0.075814
-0.919677,7.3,-0.0706253
-0.919677,7.5,-0.0557047
-0.919677,7.7,-0.0334446
-0.919677,7.9,-0.0103573
-0.919677,8.1,0.00804366
-0.919677,8.3,0.0202075
-0.919677,8.5,0.0272066
-0.919677,8.7,0.0307104
-0.919677,8.9,0.0320742
-0.919677,9.1,0.0321998
-0.919677,9.3,0.0316403
-0.919677,9.5,0.0307225
-0.919677,9.7,0.0296368
-0.919677,9.9,0.0284924
-0.910556,2.1,0.0080445
-0.910556,2.3,0.00695996
-0.910556,2.5,0.00216971
-0.910556,2.7,0.000835285
-0.910556,2.9,0.0113117
-0.910556,3.1,0.0255287
-0.910556,3.3,0.0266274
-0.910556,3.5,0.0107931
-0.910556,3.7,-0.00921715
-0.910556,3.9,-0.0202381
-0.910556,4.1,-0.0175969
-0.910556,4.3,-0.00355811
-0.910556,4.5,0.013455
-0.910556,4.7,0.0224247
-0.910556,4.9,0.0193196
-0.910556,5.1,0.00845265
-0.910556,5.3,-0.00490711
-0.910556,5.5,-0.0181011
-0.910556,5.7,-0.0304334
-0.910556,5.9,-0.0420281
-0.910556,6.1,-0.0532082
-0.910556,6.3,-0.0642021
-0.910556,6.5,-0.0749222
-0.910556,6.7,-0.0846506
-0.910556,6.9,-0.0915759
-0.910556,7.1,-0.0924705
-0.910556,7.3,-0.0835596
-0.910556,7.5,-0.0636687
-0.910556,7.7,-0.0371947
-0.910556,7.9,-0.0116568
-0.910556,8.1,0.00792844
-0.910556,8.3,0.0207448
-0.910556,8.5,0.0282085
-0.910556,8.7,0.0320768
-0.910556,8.9,0.0337193
-0.910556,9.1,0.0340459
-0.910556,9.3,0.0336217
-0.910556,9.5,0.0327874
-0.910556,9.7,0.0317461
-0.910556,9.9,0.0306177
-0.901435,2.1,0.0085437
-0.901435,2.3,0.00737221
-0.901435,2.5,0.00269059
-0.901435,2.7,0.00192613
-0.901435,2.9,0.0126583
-0.901435,3.1,0.0256872
-0.901435,3.3,0.024662
-0.901435,3.5,0.0081773
-0.901435,3.7,-0.00954104
-0.901435,3.9,-0.0160192
-0.901435,4.1,-0.0080778
-0.901435,4.3,0.00977193
-0.901435,4.5,0.0264451
-0.901435,4.7,0.0307927
-0.901435,4.9,0.021683
-0.901435,5.1,0.00565231
-0.901435,5.3,-0.0116581
-0.901435,5.5,-0.0279365
-0.901435,5.7,-0.0428577
-0.901435,5.9,-0.0567947
-0.901435,6.1,-0.0701965
-0.901435,6.3,-0.0832864
-0.901435,6.5,-0.0957874
-0.901435,6.7,-0.10651
-0.901435,6.9,-0.112835
-0.901435,7.1,-0.110685
-0.901435,7.3,-0.0963428
-0.901435,7.5,-0.0704133
-0.901435,7.7,-0.039501
-0.901435,7.9,-0.0116436
-0.901435,8.1,0.00898056
-0.901435,8.3,0.022333
-0.901435,8.5,0.0301563
-0.901435,8.7,0.0342918
-0.901435,8.9,0.0361261
-0.901435,9.1,0.036578
-0.901435,9.3,0.0362237
-0.901435,9.5,0.0354162
-0.901435,9.7,0.0343698
-0.901435,9.9,0.0332135
-0.892313,2.1,0.00893688
-0.892313,2.3,0.00769215
-0.892313,2.5,0.00315655
-0.892313,2.7,0.00291376
-0.892313,2.9,0.013737
-0.892313,3.1,0.0255262
-0.892313,3.3,0.0227697
-0.892313,3.5,0.0064303
-0.892313,3.7,-0.0083013
-0.892313,3.9,-0.00997487
-0.892313,4.1,0.00289149
-0.892313,4.3,0.0233062
-0.892313,4.5,0.0378737
-0.892313,4.7,0.036326
-0.892313,4.9,0.0207477
-0.892313,5.1,-0.000534226
-0.892313,5.3,-0.0218357
-0.892313,5.5,-0.0412909
-0.892313,5.7,-0.0589505
-0.892313,5.9,-0.0754111
-0.892313,6.1,-0.0911986
-0.892313,6.3,-0.106442
-0.892313,6.5,-0.120521
-0.892313,6.7,-0.131552
-0.892313,6.9,-0.135927
-0.892313,7.1,-0.128887
-0.892313,7.3,-0.107543
-0.892313,7.5,-0.0750065
-0.892313,7.7,-0.0398709
-0.892313,7.9,-0.0100478
-0.892313,8.1,0.0113748
-0.892313,8.3,0.0251097
-0.892313,8.5,0.033179
-0.892313,8.7,0.0374904
-0.892313,8.9,0.0394413
-0.892313,9.1,0.0399558
-0.892313,9.3,0.0396187
-0.892313,9.5,0.0387929
-0.892313,9.7,0.0377019
-0.892313,9.9,0.0364828
-0.883192,2.1,0.0092206
-0.883192,2.3,0.00791503
-0.883192,2.5,0.00354889
-0.883192,2.7,0.0037638
-0.883192,2.9,0.0145337
-0.883192,3.1,0.0251054
-0.883192,3.3,0.0210724
-0.883192,3.5,0.0055766
-0.883192,3.7,-0.0057296
-0.883192,3.9,-0.00264023
-0.883192,4.1,0.0144983
-0.883192,4.3,0.036125
-0.883192,4.5,0.0470852
-0.883192,4.7,0.0388664
-0.883192,4.9,0.0167535
-0.883192,5.1,-0.00964452
-0.883192,5.3,-0.0348649
-0.883192,5.5,-0.05753
-0.883192,5.7,-0.078037
-0.883192,5.9,-0.0971545
-0.883192,6.1,-0.11541
-0.883192,6.3,-0.132714
-0.883192,6.5,-0.147912
-0.883192,6.7,-0.158209
-0.883192,6.9,-0.158966
-0.883192,7.1,-0.145232
-0.883192,7.3,-0.11588
-0.883192,7.5,-0.076896
-0.883192,7.7,-0.0382093
-0.883192,7.9,-0.00696694
-0.883192,8.1,0.0149413
-0.883192,8.3,0.0288842
-0.883192,8.5,0.0370924
-0.883192,8.7,0.041508
-0.883192,8.9,0.0435255
-0.883192,9.1,0.044067
-0.883192,9.3,0.0437207
-0.883192,9.5,0.0428561
-0.883192,9.7,0.0417041
-0.883192,9.9,0.0404081
-0.874071,2.1,0.00939498
-0.874071,2.3,0.00803985
-0.874071,2.5,0.00385572
-0.874071,2.7,0.00445504
-0.874071,2.9,0.0150476
-0.874071,3.1,0.0244762
-0.874071,3.3,0.0196311
-0.874071,3.5,0.0055351
-0.874071,3.7,-0.00214756
-0.874071,3.9,0.00542091
-0.874071,4.1,0.0259941
-0.874071,4.3,0.047501
-0.874071,4.5,0.0537209
-0.874071,4.7,0.038565
-0.874071,4.9,0.010223
-0.874071,5.1,-0.0209428
-0.874071,5.3,-0.0498851
-0.874071,5.5,-0.0757067
-0.874071,5.7,-0.0990905
-0.874071,5.9,-0.120902
-0.874071,6.1,-0.141567
-0.874071,6.3,-0.160628
-0.874071,6.5,-0.176197
-0.874071,6.7,-0.184421
-0.874071,6.9,-0.17982
-0.874071,7.1,-0.158037
-0.874071,7.3,-0.12054
-0.874071,7.5,-0.075998
-0.874071,7.7,-0.0347732
-0.874071,7.9,-0.00277097
-0.874071,8.1,0.0192744
-0.874071,8.3,0.0332457
-0.874071,8.5,0.0414973
-0.874071,8.7,0.0459671
-0.874071,8.9,0.0480274
-0.874071,9.1,0.048588
-0.874071,9.3,0.0482341
-0.874071,9.5,0.0473377
-0.874071,9.7,0.0461342
-0.874071,9.9,0.044772
-0.864949,2.1,0.00946325
-0.864949,2.3,0.008069
-0.864949,2.5,0.00407145
-0.864949,2.7,0.00497803
-0.864949,2.9,0.0152882
-0.864949,3.1,0.0236815
-0.864949,3.3,0.0184568
-0.864949,3.5,0.0061575
-0.864949,3.7,0.00209008
-0.864949,3.9,0.013672
-0.864949,4.1,0.0367365
-0.864949,4.3,0.0569121
-0.864949,4.5,0.0576867
-0.864949,4.7,0.0358113
-0.864949,4.9,0.00187155
-0.864949,5.1,-0.0335218
-0.864949,5.3,-0.0658595
-0.864949,5.5,-0.094675
-0.864949,5.7,-0.120853
-0.864949,5.9,-0.145259
-0.864949,6.1,-0.168095
-0.864949,6.3,-0.188372
-0.864949,6.5,-0.203303
-0.864949,6.7,-0.207973
-0.864949,6.9,-0.196538
-0.864949,7.1,-0.166143
-0.864949,7.3,-0.121289
-0.864949,7.5,-0.0726251
-0.864949,7.7,-0.0300414
-0.864949,7.9,0.00203433
-0.864949,8.1,0.0238666
-0.864949,8.3,0.0376912
-0.864949,8.5,0.0459009
-0.864949,8.7,0.0503897
-0.864949,8.9,0.0524877
-0.864949,9.1,0.05308
-0.864949,9.3,0.0527414
-0.864949,9.5,0.0518415
-0.864949,9.7,0.0506171
-0.864949,9.9,0.0492199
-0.855828,2.1,0.0094313
-0.855828,2.3,0.00800778
-0.855828,2.5,0.00419598
-0.855828,2.7,0.00533313
-0.855828,2.9,0.0152744
-0.855828,3.1,0.0227564
-0.855828,3.3,0.0175251
-0.855828,3.5,0.00726295
-0.855828,3.7,0.00663689
-0.855828,3.9,0.0216383
-0.855828,4.1,0.0462111
-0.855828,4.3,0.0640395
-0.855828,4.5,0.0591093
-0.855828,4.7,0.0311551
-0.855828,4.9,-0.0074921
-0.855828,5.1,-0.0464149
-0.855828,5.3,-0.0816986
-0.855828,5.5,-0.113226
-0.855828,5.7,-0.141981
-0.855828,5.9,-0.168721
-0.855828,6.1,-0.193294
-0.855828,6.3,-0.214028
-0.855828,6.5,-0.227148
-0.855828,6.7,-0.226882
-0.855828,6.9,-0.207709
-0.855828,7.1,-0.169077
-0.855828,7.3,-0.11841
-0.855828,7.5,-0.0673333
-0.855828,7.7,-0.0245724
-0.855828,7.9,0.00693094
-0.855828,8.1,0.0282222
-0.855828,8.3,0.0417346
-0.855828,8.5,0.0498231
-0.855828,8.7,0.054302
-0.855828,8.9,0.05644
-0.855828,9.1,0.0570858
-0.855828,9.3,0.0567958
-0.855828,9.5,0.0559321
-0.855828,9.7,0.0547297
-0.855828,9.9,0.0533411
-0.846707,2.1,0.00930716
-0.846707,2.3,0.00786389
-0.846707,2.5,0.00423367
-0.846707,2.7,0.00552867
-0.846707,2.9,0.0150315
-0.846707,3.1,0.0217293
-0.846707,3.3,0.0167898
-0.846707,3.5,0.00866522
-0.846707,3.7,0.0111814
-0.846707,3.9,0.0289256
-0.846707,4.1,0.0540411
-0.846707,4.3,0.0687567
-0.846707,4.5,0.0582867
-0.846707,4.7,0.0252254
-0.846707,4.9,-0.0170628
-0.846707,5.1,-0.0587055
-0.846707,5.3,-0.0963808
-0.846707,5.5,-0.130219
-0.846707,5.7,-0.161196
-0.846707,5.9,-0.189849
-0.846707,6.1,-0.215544
-0.846707,6.3,-0.235821
-0.846707,6.5,-0.245951
-0.846707,6.7,-0.239701
-0.846707,6.9,-0.212656
-0.846707,7.1,-0.167019
-0.846707,7.3,-0.112528
-0.846707,7.5,-0.0607662
-0.846707,7.7,-0.0188946
-0.846707,7.9,0.0114733
-0.846707,8.1,0.0319332
-0.846707,8.3,0.0449802
-0.846707,8.5,0.0528705
-0.846707,8.7,0.0573094
-0.846707,8.9,0.0594879
-0.846707,9.1,0.0602077
-0.846707,9.3,0.0599996
-0.846707,9.5,0.0592131
-0.846707,9.7,0.0580777
-0.846707,9.9,0.0567444
-0.837585,2.1,0.00910044
-0.837585,2.3,0.00764676
-0.837585,2.5,0.00419226
-0.837585,2.7,0.0055789
-0.837585,2.9,0.0145899
-0.837585,3.1,0.0206239
-0.837585,3.3,0.0161955
-0.837585,3.5,0.0101915
-0.837585,3.7,0.0154623
-0.837585,3.9,0.0352293
-0.837585,4.1,0.0599899
-0.837585,4.3,0.0711095
-0.837585,4.5,0.0556317
-0.837585,4.7,0.0186526
-0.837585,4.9,-0.0261234
-0.837585,5.1,-0.0696171
-0.837585,5.3,-0.109053
-0.837585,5.5,-0.1447
-0.837585,5.7,-0.17742
-0.837585,5.9,-0.20742
-0.837585,6.1,-0.23349
-0.837585,6.3,-0.252339
-0.837585,6.5,-0.258457
-0.837585,6.7,-0.245699
-0.837585,6.9,-0.211436
-0.837585,7.1,-0.160631
-0.837585,7.3,-0.104429
-0.837585,7.5,-0.0535381
-0.837585,7.7,-0.0134417
-0.837585,7.9,0.0153322
-0.837585,8.1,0.0347162
-0.837585,8.3,0.0471607
-0.837585,8.5,0.0547769
-0.837585,8.7,0.0591404
-0.837585,8.9,0.0613521
-0.837585,9.1,0.0621581
-0.837585,9.3,0.0620574
-0.837585,9.5,0.061382
-0.837585,9.7,0.0603528
-0.837585,9.9,0.0591169
-0.828464,2.1,0.00882184
-0.828464,2.3,0.00736698
-0.828464,2.5,0.00408189
-0.828464,2.7,0.00550216
-0.828464,2.9,0.0139827
-0.828464,3.1,0.0194601
-0.828464,3.3,0.0156861
-0.828464,3.5,0.0116938
-0.828464,3.7,0.0192746
-0.828464,3.9,0.0403366
-0.828464,4.1,0.0639573
-0.828464,4.3,0.0712875
-0.828464,4.5,0.0516141
-0.828464,4.7,0.0120045
-0.828464,4.9,-0.0341059
-0.828464,5.1,-0.0785744
-0.828464,5.3,-0.119095
-0.828464,5.5,-0.155973
-0.828464,5.7,-0.189857
-0.828464,5.9,-0.22054
-0.828464,6.1,-0.24617
-0.828464,6.3,-0.262671
-0.828464,6.5,-0.264055
-0.828464,6.7,-0.244865
-0.828464,6.9,-0.204692
-0.828464,7.1,-0.150846
-0.828464,7.3,-0.0949062
-0.828464,7.5,-0.046167
-0.828464,7.7,-0.00852552
-0.828464,7.9,0.0183063
-0.828464,8.1,0.0364205
-0.828464,8.3,0.0481441
-0.828464,8.5,0.0554132
-0.828464,8.7,0.0596601
-0.828464,8.9,0.0618877
-0.828464,9.1,0.0627805
-0.828464,9.3,0.0628005
-0.828464,9.5,0.0622586
-0.828464,9.7,0.0613639
-0.828464,9.9,0.0602575
-0.819343,2.1,0.00848267
-0.819343,2.3,0.00703574
-0.819343,2.5,0.00391407
-0.819343,2.7,0.00531916
-0.819343,2.9,0.0132441
-0.819343,3.1,0.0182556
-0.819343,3.3,0.0152117
-0.819343,3.5,0.0130545
-0.819343,3.7,0.0224712
-0.819343,3.9,0.044125
-0.819343,4.1,0.0659693
-0.819343,4.3,0.069589
-0.819343,4.5,0.0467071
-0.819343,4.7,0.00574128
-0.819343,4.9,-0.0406225
-0.819343,5.1,-0.0852289
-0.819343,5.3,-0.126151
-0.819343,5.5,-0.163638
-0.819343,5.7,-0.198046
-0.819343,5.9,-0.228694
-0.819343,6.1,-0.253075
-0.819343,6.3,-0.26646
-0.819343,6.5,-0.262779
-0.819343,6.7,-0.237797
-0.819343,6.9,-0.193442
-0.819343,7.1,-0.13868
-0.819343,7.3,-0.0846702
-0.819343,7.5,-0.0390474
-0.819343,7.7,-0.00433689
-0.819343,7.9,0.0203128
-0.819343,8.1,0.0370154
-0.819343,8.3,0.0479221
-0.819343,8.5,0.0547769
-0.819343,8.7,0.0588625
-0.819343,8.9,0.06108
-0.819343,9.1,0.0620485
-0.819343,9.3,0.0621898
-0.819343,9.5,0.0617905
-0.819343,9.7,0.0610457
-0.819343,9.9,0.0600884
-0.810221,2.1,0.0080944
-0.810221,2.3,0.00666431
-0.810221,2.5,0.00370085
-0.810221,2.7,0.00505152
-0.810221,2.9,0.0124076
-0.810221,3.1,0.0170265
-0.810221,3.3,0.0147319
-0.810221,3.5,0.0141876
-0.810221,3.7,0.0249601
-0.810221,3.9,0.0465569
-0.810221,4.1,0.0661615
-0.810221,4.3,0.0663795
-0.810221,4.5,0.0413444
-0.810221,4.7,0.000192773
-0.810221,4.9,-0.0454693
-0.810221,5.1,-0.0894525
-0.810221,5.3,-0.130117
-0.810221,5.5,-0.16758
-0.810221,5.7,-0.201854
-0.810221,5.9,-0.231749
-0.810221,6.1,-0.254145
-0.810221,6.3,-0.263873
-0.810221,6.5,-0.255205
-0.810221,6.7,-0.225517
-0.810221,6.9,-0.178874
-0.810221,7.1,-0.125094
-0.810221,7.3,-0.0743025
-0.810221,7.5,-0.0324508
-0.810221,7.7,-0.000960911
-0.810221,7.9,0.0213662
-0.810221,8.1,0.0365672
-0.810221,8.3,0.0465861
-0.810221,8.5,0.0529691
-0.810221,8.7,0.056849
-0.810221,8.9,0.0590246
-0.810221,9.1,0.0600484
-0.810221,9.3,0.0603001
-0.810221,9.5,0.0600404
-0.810221,9.7,0.0594482
-0.810221,9.9,0.0586471
-0.8011,2.1,0.00766829
-0.8011,2.3,0.00626366
-0.8011,2.5,0.00345418
-0.8011,2.7,0.0047205
-0.8011,2.9,0.011505
-0.8011,3.1,0.0157875
-0.8011,3.3,0.014217
-0.8011,3.5,0.0150374
-0.8011,3.7,0.0266999
-0.8011,3.9,0.0476711
-0.8011,4.1,0.0647556
-0.8011,4.3,0.0620512
-0.8011,4.5,0.0358898
-0.8011,4.7,-0.00444297
-0.8011,4.9,-0.0486066
-0.8011,5.1,-0.0913064
-0.8011,5.3,-0.131106
-0.8011,5.5,-0.167937
-0.8011,5.7,-0.201434
-0.8011,5.9,-0.229906
-0.8011,6.1,-0.249712
-0.8011,6.3,-0.255505
-0.8011,6.5,-0.242299
-0.8011,6.7,-0.209268
-0.8011,6.9,-0.162171
-0.8011,7.1,-0.110924
-0.8011,7.3,-0.0642438
-0.8011,7.5,-0.0265399
-0.8011,7.7,0.00160066
-0.8011,7.9,0.0215532
-0.8011,8.1,0.0352114
-0.8011,8.3,0.0442986
-0.8011,8.5,0.0501652
-0.8011,8.7,0.053799
-0.8011,8.9,0.0558988
-0.8011,9.1,0.0569517
-0.8011,9.3,0.0572948
-0.8011,9.5,0.0571618
-0.8011,9.7,0.0567146
-0.8011,9.9,0.0560662
-0.791979,2.1,0.00721507
-0.791979,2.3,0.00584407
-0.791979,2.5,0.00318531
-0.791979,2.7,0.0043461
-0.791979,2.9,0.0105653
-0.791979,3.1,0.0145525
-0.791979,3.3,0.0136485
-0.791979,3.5,0.0155753
-0.791979,3.7,0.0276939
-0.791979,3.9,0.0475712
-0.791979,4.1,0.0620316
-0.791979,4.3,0.0569863
-0.791979,4.5,0.0306228
-0.791979,4.7,-0.00808518
-0.791979,4.9,-0.0501244
-0.791979,5.1,-0.0909958
-0.791979,5.3,-0.129395
-0.791979,5.5,-0.165035
-0.791979,5.7,-0.197166
-0.791979,5.9,-0.223631
-0.791979,6.1,-0.240407
-0.791979,6.3,-0.242256
-0.791979,6.5,-0.225256
-0.791979,6.7,-0.190344
-0.791979,6.9,-0.144408
-0.791979,7.1,-0.096839
-0.791979,7.3,-0.0548031
-0.791979,7.5,-0.0213897
-0.791979,7.7,0.00340576
-0.791979,7.9,0.0210071
-0.791979,8.1,0.0331259
-0.791979,8.3,0.041264
-0.791979,8.5,0.046585
-0.791979,8.7,0.0499396
-0.791979,8.9,0.0519317
-0.791979,9.1,0.0529852
-0.791979,9.3,0.0533958
-0.791979,9.5,0.0533702
-0.791979,9.7,0.0530528
-0.791979,9.9,0.0525453
-0.782857,2.1,0.00674473
-0.782857,2.3,0.00541493
-0.782857,2.5,0.00290443
-0.782857,2.7,0.00394637
-0.782857,2.9,0.00961405
-0.782857,3.1,0.0133344
-0.782857,3.3,0.0130175
-0.782857,3.5,0.0157961
-0.782857,3.7,0.0279827
-0.782857,3.9,0.0464104
-0.782857,4.1,0.0582982
-0.782857,4.3,0.0515288
-0.782857,4.5,0.025737
-0.782857,4.7,-0.0107464
-0.782857,4.9,-0.0502033
-0.782857,5.1,-0.0888202
-0.782857,5.3,-0.125369
-0.782857,5.5,-0.159331
-0.782857,5.7,-0.189585
-0.782857,5.9,-0.213573
-0.782857,6.1,-0.227062
-0.782857,6.3,-0.225204
-0.782857,6.5,-0.205341
-0.782857,6.7,-0.169963
-0.782857,6.9,-0.126487
-0.782857,7.1,-0.0833424
-0.782857,7.3,-0.046176
-0.782857,7.5,-0.0170092
-0.782857,7.7,0.00455008
-0.782857,7.9,0.0198849
-0.782857,8.1,0.0305063
-0.782857,8.3,0.0377032
-0.782857,8.5,0.0424657
-0.782857,8.7,0.0455174
-0.782857,8.9,0.0473745
-0.782857,9.1,0.0484013
-0.782857,9.3,0.0488541
-0.782857,9.5,0.0489131
-0.782857,9.7,0.0487057
-0.782857,9.9,0.0483222
-0.773736,2.1,0.00626631
-0.773736,2.3,0.00498454
-0.773736,2.5,0.00262038
-0.773736,2.7,0.00353692
-0.773736,2.9,0.00867278
-0.773736,3.1,0.0121449
-0.773736,3.3,0.0123237
-0.773736,3.5,0.0157133
-0.773736,3.7,0.0276363
-0.773736,3.9,0.0443755
-0.773736,4.1,0.0538649
-0.773736,4.3,0.0459671
-0.773736,4.5,0.0213484
-0.773736,4.7,-0.0125051
-0.773736,4.9,-0.0490761
-0.773736,5.1,-0.0851283
-0.773736,5.3,-0.119469
-0.773736,5.5,-0.15135
-0.773736,5.7,-0.179311
-0.773736,5.9,-0.200484
-0.773736,6.1,-0.210614
-0.773736,6.3,-0.205486
-0.773736,6.5,-0.183778
-0.773736,6.7,-0.149185
-0.773736,6.9,-0.109113
-0.773736,7.1,-0.0707838
-0.773736,7.3,-0.0384658
-0.773736,7.5,-0.0133617
-0.773736,7.7,0.00514845
-0.773736,7.9,0.0183485
-0.773736,8.1,0.0275464
-0.773736,8.3,0.0338325
-0.773736,8.5,0.038039
-0.773736,8.7,0.0407749
-0.773736,8.9,0.0424761
-0.773736,9.1,0.0434524
-0.773736,9.3,0.0439231
-0.773736,9.5,0.0440437
-0.773736,9.7,0.0439249
-0.773736,9.9,0.0436458
-0.764615,2.1,0.0057878
-0.764615,2.3,0.00456
-0.764615,2.5,0.00234058
-0.764615,2.7,0.00313075
-0.764615,2.9,0.00775919
-0.764615,3.1,0.0109946
-0.764615,3.3,0.0115732
-0.764615,3.5,0.0153551
-0.764615,3.7,0.0267459
-0.764615,3.9,0.041669
-0.764615,4.1,0.0490196
-0.764615,4.3,0.0405256
-0.764615,4.5,0.0175094
-0.764615,4.7,-0.0134797
-0.764615,4.9,-0.0469958
-0.764615,5.1,-0.0802797
-0.764615,5.3,-0.112149
-0.764615,5.5,-0.141635
-0.764615,5.7,-0.166993
-0.764615,5.9,-0.185152
-0.764615,6.1,-0.192022
-0.764615,6.3,-0.184208
-0.764615,6.5,-0.16166
-0.764615,6.7,-0.12887
-0.764615,6.9,-0.0927986
-0.764615,7.1,-0.0593802
-0.764615,7.3,-0.0317056
-0.764615,7.5,-0.0103814
-0.764615,7.7,0.00532027
-0.764615,7.9,0.0165512
-0.764615,8.1,0.0244234
-0.764615,8.3,0.0298473
-0.764615,8.5,0.0335148
-0.764615,8.7,0.0359323
-0.764615,8.9,0.0374644
-0.764615,9.1,0.0383714
-0.764615,9.3,0.0388389
-0.764615,9.5,0.0389995
-0.764615,9.7,0.0389482
-0.764615,9.9,0.0387533
-0.755494,2.1,0.00531607
-0.755494,2.3,0.00414725
-0.755494,2.5,0.00207094
-0.755494,2.7,0.00273821
-0.755494,2.9,0.00688708
-0.755494,3.1,0.00989256
-0.755494,3.3,0.0107768
-0.755494,3.5,0.0147595
-0.755494,3.7,0.0254155
-0.755494,3.9,0.0384939
-0.755494,4.1,0.0440121
-0.755494,4.3,0.0353661
-0.755494,4.5,0.0142243
-0.755494,4.7,-0.0138072
-0.755494,4.9,-0.0442108
-0.755494,5.1,-0.0746178
-0.755494,5.3,-0.103838
-0.755494,5.5,-0.130712
-0.755494,5.7,-0.153265
-0.755494,5.9,-0.168346
-0.755494,6.1,-0.172204
-0.755494,6.3,-0.162369
-0.755494,6.5,-0.1399
-0.755494,6.7,-0.109665
-0.755494,6.9,-0.0778827
-0.755494,7.1,-0.0492406
-0.755494,7.3,-0.0258768
-0.755494,7.5,-0.00798727
-0.755494,7.7,0.00517903
-0.755494,7.9,0.0146274
-0.755494,8.1,0.0212884
-0.755494,8.3,0.025913
-0.755494,8.5,0.0290699
-0.755494,8.7,0.0311762
-0.755494,8.9,0.0325334
-0.755494,9.1,0.033358
-0.755494,9.3,0.0338054
-0.755494,9.5,0.0339872
-0.755494,9.7,0.0339842
-0.755494,9.9,0.0338548
-0.746372,2.1,0.0048569
-0.746372,2.3,0.00375101
-0.746372,2.5,0.00181594
-0.746372,2.7,0.0023671
-0.746372,2.9,0.00606663
-0.746372,3.1,0.00884646
-0.746372,3.3,0.00994835
-0.746372,3.5,0.0139709
-0.746372,3.7,0.0237535
-0.746372,3.9,0.0350398
-0.746372,4.1,0.0390455
-0.746372,4.3,0.0305934
-0.746372,4.5,0.0114646
-0.746372,4.7,-0.0136265
-0.746372,4.9,-0.040949
-0.746372,5.1,-0.0684511
-0.746372,5.3,-0.0949281
-0.746372,5.5,-0.119059
-0.746372,5.7,-0.138712
-0.746372,5.9,-0.150777
-0.746372,6.1,-0.151989
-0.746372,6.3,-0.140827
-0.746372,6.5,-0.119211
-0.746372,6.7,-0.0920173
-0.746372,6.9,-0.064554
-0.746372,7.1,-0.0403898
-0.746372,7.3,-0.0209253
-0.746372,7.5,-0.00609327
-0.746372,7.7,0.00482542
-0.746372,7.9,0.012688
-0.746372,8.1,0.0182618
-0.746372,8.3,0.0221594
-0.746372,8.5,0.0248432
-0.746372,8.7,0.0266533
-0.746372,8.9,0.0278366
-0.746372,9.1,0.0285713
-0.746372,9.3,0.0289861
-0.746372,9.5,0.0291742
-0.746372,9.7,0.0292033
-0.746372,9.9,0.0291226
-0.737251,2.1,0.00441492
-0.737251,2.3,0.00337489
-0.737251,2.5,0.00157876
-0.737251,2.7,0.00202292
-0.737251,2.9,0.0053048
-0.737251,3.1,0.00786234
-0.737251,3.3,0.00910316
-0.737251,3.5,0.0130363
-0.737251,3.7,0.021866
-0.737251,3.9,0.0314731
-0.737251,4.1,0.0342737
-0.737251,4.3,0.0262655
-0.737251,4.5,0.00918222
-0.737251,4.7,-0.0130676
-0.737251,4.9,-0.0374083
-0.737251,5.1,-0.0620442
-0.737251,5.3,-0.0857557
-0.737251,5.5,-0.107097
-0.737251,5.7,-0.123855
-0.737251,5.9,-0.133078
-0.737251,6.1,-0.132089
-0.737251,6.3,-0.120263
-0.737251,6.5,-0.100102
-0.737251,6.7,-0.0761912
-0.737251,6.9,-0.0528816
-0.737251,7.1,-0.0327909
-0.737251,7.3,-0.0167755
-0.737251,7.5,-0.0046153
-0.737251,7.7,0.00434372
-0.737251,7.9,0.0108181
-0.737251,8.1,0.0154322
-0.737251,8.3,0.0186802
-0.737251,8.5,0.0209344
-0.737251,8.7,0.0224694
-0.737251,8.9,0.0234855
-0.737251,9.1,0.0241278
-0.737251,9.3,0.0245021
-0.737251,9.5,0.0246851
-0.737251,9.7,0.0247331
-0.737251,9.9,0.0246873
-0.72813,2.1,0.00399377
-0.72813,2.3,0.00302145
-0.72813,2.5,0.00136136
-0.72813,2.7,0.0017091
-0.72813,2.9,0.00460571
-0.72813,3.1,0.00694465
-0.72813,3.3,0.00825682
-0.72813,3.5,0.0120023
-0.72813,3.7,0.019851
-0.72813,3.9,0.0279315
-0.72813,4.1,0.0298041
-0.72813,4.3,0.022404
-0.72813,4.5,0.00731912
-0.72813,4.7,-0.0122453
-0.72813,4.9,-0.0337526
-0.72813,5.1,-0.0556142
-0.72813,5.3,-0.0766
-0.72813,5.5,-0.0951805
-0.72813,5.7,-0.109136
-0.72813,5.9,-0.115781
-0.72813,6.1,-0.113081
-0.72813,6.3,-0.101184
-0.72813,6.5,-0.0828946
-0.72813,6.7,-0.0623024
-0.72813,6.9,-0.0428426
-0.72813,7.1,-0.0263641
-0.72813,7.3,-0.0133399
-0.72813,7.5,-0.00347585
-0.72813,7.7,0.0038006
-0.72813,7.9,0.00907788
-0.72813,8.1,0.012858
-0.72813,8.3,0.0155351
-0.72813,8.5,0.0174064
-0.72813,8.7,0.0186916
-0.72813,8.9,0.0195514
-0.72813,9.1,0.0201032
-0.72813,9.3,0.0204328
-0.72813,9.5,0.020603
-0.72813,9.7,0.0206599
-0.72813,9.9,0.0206378
-0.719008,2.1,0.00359611
-0.719008,2.3,0.00269237
-0.719008,2.5,0.00116475
-0.719008,2.7,0.00142736
-0.719008,2.9,0.00397111
-0.719008,3.1,0.0060963
-0.719008,3.3,0.00742411
-0.719008,3.5,0.0109124
-0.719008,3.7,0.0177938
-0.719008,3.9,0.0245213
-0.719008,4.1,0.0257033
-0.719008,4.3,0.0190037
-0.719008,4.5,0.00581486
-0.719008,4.7,-0.0112563
-0.719008,4.9,-0.0301118
-0.719008,5.1,-0.0493314
-0.719008,5.3,-0.0676836
-0.719008,5.5,-0.0835968
-0.719008,5.7,-0.0949215
-0.719008,5.9,-0.0993179
-0.719008,6.1,-0.0954
-0.719008,6.3,-0.083925
-0.719008,6.5,-0.0677453
-0.719008,6.7,-0.0503479
-0.719008,6.9,-0.0343486
-0.719008,7.1,-0.0210029
-0.719008,7.3,-0.0105273
-0.719008,7.5,-0.00260656
-0.719008,7.7,0.00324577
-0.719008,7.9,0.00750536
-0.719008,8.1,0.0105711
-0.719008,8.3,0.0127544
-0.719008,8.5,0.0142904
-0.719008,8.7,0.0153532
-0.719008,8.9,0.0160707
-0.719008,9.1,0.0165369
-0.719008,9.3,0.016821
-0.719008,9.5,0.0169736
-0.719008,9.7,0.0170324
-0.719008,9.9,0.0170254
-0.709887,2.1,0.00322374
-0.709887,2.3,0.00238851
-0.709887,2.5,0.000989092
-0.709887,2.7,0.00117802
-0.709887,2.9,0.00340079
-0.709887,3.1,0.00531869
-0.709887,3.3,0.00661827
-0.709887,3.5,0.00980546
-0.709887,3.7,0.0157651
-0.709887,3.9,0.0213187
-0.709887,4.1,0.0220048
-0.709887,4.3,0.0160419
-0.709887,4.5,0.00461125
-0.709887,4.7,-0.0101787
-0.709887,4.9,-0.0265843
-0.709887,5.1,-0.0433242
-0.709887,5.3,-0.0591763
-0.709887,5.5,-0.0725708
-0.709887,5.7,-0.0814959
-0.709887,5.9,-0.0840148
-0.709887,6.1,-0.0793448
-0.709887,6.3,-0.0686644
-0.709887,6.5,-0.0546782
-0.709887,6.7,-0.0402377
-0.709887,6.9,-0.0272686
-0.709887,7.1,-0.0165871
-0.709887,7.3,-0.00824849
-0.709887,7.5,-0.00194919
-0.709887,7.7,0.00271381
-0.709887,7.9,0.00611965
-0.709887,8.1,0.00858188
-0.709887,8.3,0.0103445
-0.709887,8.5,0.0115915
-0.709887,8.7,0.0124599
-0.709887,8.9,0.0130508
-0.709887,9.1,0.0134386
-0.709887,9.3,0.0136786
-0.709887,9.5,0.0138115
-0.709887,9.7,0.0138675
-0.709887,9.9,0.0138693
-0.700766,2.1,0.00287771
-0.700766,2.3,0.00211006
-0.700766,2.5,0.000833904
-0.700766,2.7,0.000960301
-0.700766,2.9,0.00289303
-0.700766,3.1,0.00461188
-0.700766,3.3,0.0058505
-0.700766,3.5,0.00871434
-0.700766,3.7,0.0138196
-0.700766,3.9,0.0183728
-0.700766,4.1,0.0187163
-0.700766,4.3,0.0134849
-0.700766,4.5,0.00365515
-0.700766,4.7,-0.00907282
-0.700766,4.9,-0.0232409
-0.700766,5.1,-0.0376833
-0.700766,5.3,-0.0512016
-0.700766,5.5,-0.0622696
-0.700766,5.7,-0.0690712
-0.700766,5.9,-0.0700976
-0.700766,6.1,-0.065086
-0.700766,6.3,-0.0554515
-0.700766,6.5,-0.0436154
-0.700766,6.7,-0.0318237
-0.700766,6.9,-0.021448
-0.700766,7.1,-0.0129925
-0.700766,7.3,-0.00641962
-0.700766,7.5,-0.0014556
-0.700766,7.7,0.00222656
-0.700766,7.9,0.00492517
-0.700766,8.1,0.00688425
-0.700766,8.3,0.00829317
-0.700766,8.5,0.00929502
-0.700766,8.7,0.00999655
-0.700766,8.9,0.0104769
-0.700766,9.1,0.0107949
-0.700766,9.3,0.010994
-0.700766,9.5,0.0111067
-0.700766,9.7,0.0111571
-0.700766,9.9,0.0111634
-0.691644,2.1,0.00255841
-0.691644,2.3,0.00185668
-0.691644,2.5,0.000698224
-0.691644,2.7,0.000772622
-0.691644,2.9,0.00244498
-0.691644,3.1,0.00397471
-0.691644,3.3,0.00512962
-0.691644,3.5,0.00766537
-0.691644,3.7,0.0119968
-0.691644,3.9,0.0157099
-0.691644,4.1,0.0158272
-0.691644,4.3,0.0112935
-0.691644,4.5,0.00289988
-0.691644,4.7,-0.00798389
-0.691644,4.9,-0.0201288
-0.691644,5.1,-0.0324684
-0.691644,5.3,-0.0438431
-0.691644,5.5,-0.0528092
-0.691644,5.7,-0.0577899
-0.691644,5.9,-0.0576984
-0.691644,6.1,-0.0526824
-0.691644,6.3,-0.0442308
-0.691644,6.5,-0.0344084
-0.691644,6.7,-0.0249238
-0.691644,6.9,-0.0167231
-0.691644,7.1,-0.0100983
-0.691644,7.3,-0.00496476
-0.691644,7.5,-0.00108692
-0.691644,7.7,0.00179585
-0.691644,7.9,0.00391551
-0.691644,8.1,0.00546024
-0.691644,8.3,0.0065758
-0.691644,8.5,0.00737253
-0.691644,8.7,0.00793306
-0.691644,8.9,0.00831894
-0.691644,9.1,0.008576
-0.691644,9.3,0.00873844
-0.691644,9.5,0.00883182
-0.691644,9.7,0.00887531
-0.691644,9.9,0.00888338
-0.682523,2.1,0.0022657
-0.682523,2.3,0.00162759
-0.682523,2.5,0.000580751
-0.682523,2.7,0.000612847
-0.682523,2.9,0.00205292
-0.682523,3.1,0.00340495
-0.682523,3.3,0.00446202
-0.682523,3.5,0.00667825
-0.682523,3.7,0.0103224
-0.682523,3.9,0.0133382
-0.682523,4.1,0.0133146
-0.682523,4.3,0.00942676
-0.682523,4.5,0.00230555
-0.682523,4.7,-0.00694378
-0.682523,4.9,-0.0172764
-0.682523,5.1,-0.0277138
-0.682523,5.3,-0.0371508
-0.682523,5.5,-0.0442607
-0.682523,5.7,-0.0477322
-0.682523,5.9,-0.0468662
-0.682523,6.1,-0.0421006
-0.682523,6.3,-0.0348714
-0.682523,6.5,-0.0268654
-0.682523,6.7,-0.0193417
-0.682523,6.9,-0.0129326
-0.682523,7.1,-0.0077916
-0.682523,7.3,-0.00381686
-0.682523,7.5,-0.000812489
-0.682523,7.7,0.00142599
-0.682523,7.9,0.00307704
-0.682523,8.1,0.00428451
-0.682523,8.3,0.00515974
-0.682523,8.5,0.00578721
-0.682523,8.7,0.00623037
-0.682523,8.9,0.00653675
-0.682523,9.1,0.00674186
-0.682523,9.3,0.00687233
-0.682523,9.5,0.00694815
-0.682523,9.7,0.00698439
-0.682523,9.9,0.00699247
-0.673402,2.1,0.001999
-0.673402,2.3,0.00142168
-0.673402,2.5,0.000479971
-0.673402,2.7,0.000478493
-0.673402,2.9,0.00171264
-0.673402,3.1,0.00289952
-0.673402,3.3,0.00385172
-0.673402,3.5,0.00576649
-0.673402,3.7,0.0088099
-0.673402,3.9,0.0112523
-0.673402,4.1,0.0111481
-0.673402,4.3,0.00784458
-0.673402,4.5,0.00183891
-0.673402,4.7,-0.0059737
-0.673402,4.9,-0.0146972
-0.673402,5.1,-0.0234334
-0.673402,5.3,-0.0311475
-0.673402,5.5,-0.0366567
-0.673402,5.7,-0.038923
-0.673402,5.9,-0.0375791
-0.673402,6.1,-0.0332369
-0.673402,6.3,-0.027193
-0.673402,6.5,-0.0207743
-0.673402,6.7,-0.0148818
-0.673402,6.9,-0.00992449
-0.673402,7.1,-0.00597049
-0.673402,7.3,-0.002918
-0.673402,7.5,-0.000608547
-0.673402,7.7,0.00111607
-0.673402,7.9,0.00239185
-0.673402,8.1,0.00332784
-0.673402,8.3,0.0040085
-0.673402,8.5,0.00449804
-0.673402,8.7,0.0048449
-0.673402,8.9,0.00508546
-0.673402,9.1,0.00524708
-0.673402,9.3,0.00535035
-0.673402,9.5,0.00541077
-0.673402,9.7,0.00544009
-0.673402,9.9,0.00544726
-0.66428,2.1,0.00175736
-0.66428,2.3,0.00123763
-0.66428,2.5,0.000394256
-0.66428,2.7,0.000366905
-0.66428,2.9,0.00141961
-0.66428,3.1,0.00245465
-0.66428,3.3,0.00330054
-0.66428,3.5,0.00493799
-0.66428,3.7,0.00746362
-0.66428,3.9,0.00943775
-0.66428,4.1,0.00929388
-0.66428,4.3,0.0065092
-0.66428,4.5,0.00147271
-0.66428,4.7,-0.00508637
-0.66428,4.9,-0.0123932
-0.66428,5.1,-0.0196257
-0.66428,5.3,-0.0258337
-0.66428,5.5,-0.0299968
-0.66428,5.7,-0.0313403
-0.66428,5.9,-0.0297591
-0.66428,6.1,-0.025939
-0.66428,6.3,-0.0209896
-0.66428,6.5,-0.0159206
-0.66428,6.7,-0.0113592
-0.66428,6.9,-0.00756131
-0.66428,7.1,-0.00454539
-0.66428,7.3,-0.00221909
-0.66428,7.5,-0.00045698
-0.66428,7.7,0.00086185
-0.66428,7.9,0.0018401
-0.66428,8.1,0.00255987
-0.66428,8.3,0.00308476
-0.66428,8.5,0.00346327
-0.66428,8.7,0.00373212
-0.66428,8.9,0.00391902
-0.66428,9.1,0.00404487
-0.66428,9.3,0.00412547
-0.66428,9.5,0.00417278
-0.66428,9.7,0.0041959
-0.66428,9.9,0.00420174
-0.655159,2.1,0.00153961
-0.655159,2.3,0.00107395
-0.655159,2.5,0.000321953
-0.655159,2.7,0.00027539
-0.655159,2.9,0.00116917
-0.655159,3.1,0.00206609
-0.655159,3.3,0.00280841
-0.655159,3.5,0.00419601
-0.655159,3.7,0.00628044
-0.655159,3.9,0.00787395
-0.655159,4.1,0.00771683
-0.655159,4.3,0.00538609
-0.655159,4.5,0.00118497
-0.655159,4.7,-0.00428797
-0.655159,4.9,-0.0103581
-0.655159,5.1,-0.0162774
-0.655159,5.3,-0.0211922
-0.655159,5.5,-0.024253
-0.655159,5.7,-0.0249235
-0.655159,5.9,-0.0232871
-0.655159,6.1,-0.0200259
-0.655159,6.3,-0.0160484
-0.655159,6.5,-0.0120998
-0.655159,6.7,-0.00860627
-0.655159,6.9,-0.00572205
-0.655159,7.1,-0.00343935
-0.655159,7.3,-0.0016792
-0.655159,7.5,-0.000344162
-0.655159,7.7,0.000657206
-0.655159,7.9,0.00140183
-0.655159,8.1,0.00195109
-0.655159,8.3,0.00235258
-0.655159,8.5,0.00264273
-0.655159,8.7,0.00284918
-0.655159,8.9,0.00299292
-0.655159,9.1,0.00308981
-0.655159,9.3,0.0031519
-0.655159,9.5,0.00318835
-0.655159,9.7,0.00320614
-0.655159,9.9,0.00321059
-0.646038,2.1,0.00134435
-0.646038,2.3,0.000929079
-0.646038,2.5,0.000261437
-0.646038,2.7,0.00020132
-0.646038,2.9,0.000956718
-0.646038,3.1,0.00172923
-0.646038,3.3,0.00237366
-0.646038,3.5,0.00354007
-0.646038,3.7,0.00525214
-0.646038,3.9,0.00653724
-0.646038,4.1,0.00638297
-0.646038,4.3,0.00444438
-0.646038,4.5,0.00095822
-0.646038,4.7,-0.0035799
-0.646038,4.9,-0.00857952
-0.646038,5.1,-0.0133664
-0.646038,5.3,-0.0171916
-0.646038,5.5,-0.0193753
-0.646038,5.7,-0.019583
-0.646038,5.9,-0.0180179
-0.646038,6.1,-0.015306
-0.646038,6.3,-0.0121633
-0.646038,6.5,-0.00912541
-0.646038,6.7,-0.00647562
-0.646038,6.9,-0.00430289
-0.646038,7.1,-0.00258751
-0.646038,7.3,-0.00126471
-0.646038,7.5,-0.000259954
-0.646038,7.7,0.000495235
-0.646038,7.9,0.00105807
-0.646038,8.1,0.00147413
-0.646038,8.3,0.00177886
-0.646038,8.5,0.00199943
-0.646038,8.7,0.00215657
-0.646038,8.9,0.00226604
-0.646038,9.1,0.00233984
-0.646038,9.3,0.00238708
-0.646038,9.5,0.00241472
-0.646038,9.7,0.00242809
-0.646038,9.9,0.00243127
-0.636916,2.1,0.0011701
-0.636916,2.3,0.000801411
-0.636916,2.5,0.000211164
-0.636916,2.7,0.000142206
-0.636916,2.9,0.000777807
-0.636916,3.1,0.00143931
-0.636916,3.3,0.00199344
-0.636916,3.5,0.00296686
-0.636916,3.7,0.00436717
-0.636916,3.9,0.00540279
-0.636916,4.1,0.00526025
-0.636916,4.3,0.00365689
-0.636916,4.5,0.000778708
-0.636916,4.7,-0.00296005
-0.636916,4.9,-0.00704136
-0.636916,5.1,-0.0108647
-0.636916,5.3,-0.0137899
-0.636916,5.5,-0.0152963
-0.636916,5.7,-0.0152096
-0.636916,5.9,-0.0137938
-0.636916,6.1,-0.0115902
-0.636916,6.3,-0.00914464
-0.636916,6.5,-0.00683353
-0.636916,6.7,-0.00484131
-0.636916,6.9,-0.00321663
-0.636916,7.1,-0.00193613
-0.636916,7.3,-0.0009483
-0.636916,7.5,-0.000196872
-0.636916,7.7,0.000368999
-0.636916,7.9,0.000791581
-0.636916,8.1,0.00110454
-0.636916,8.3,0.00133411
-0.636916,8.5,0.00150047
-0.636916,8.7,0.00161905
-0.636916,8.9,0.00170165
-0.636916,9.1,0.00175727
-0.636916,9.3,0.00179279
-0.636916,9.5,0.00181344
-0.636916,9.7,0.00182327
-0.636916,9.9,0.00182538
-0.627795,2.1,0.00101529
-0.627795,2.3,0.00068937
-0.627795,2.5,0.0001697
-0.627795,2.7,9.57435e-05
-0.627795,2.9,0.000628219
-0.627795,3.1,0.00119156
-0.627795,3.3,0.00166399
-0.627795,3.5,0.00247113
-0.627795,3.7,0.00361213
-0.627795,3.9,0.00444606
-0.627795,4.1,0.00431935
-0.627795,4.3,0.00299998
-0.627795,4.5,0.000635733
-0.627795,4.7,-0.00242397
-0.627795,4.9,-0.00572482
-0.627795,5.1,-0.00873983
-0.627795,5.3,-0.0109369
-0.627795,5.5,-0.0119371
-0.627795,5.7,-0.0116834
-0.627795,5.9,-0.0104562
-0.627795,6.1,-0.00870173
-0.627795,6.3,-0.00682448
-0.627795,6.5,-0.00508392
-0.627795,6.7,-0.003598
-0.627795,6.9,-0.00239134
-0.627795,7.1,-0.00144136
-0.627795,7.3,-0.000708054
-0.627795,7.5,-0.000149424
-0.627795,7.7,0.000272
-0.627795,7.9,0.000587258
-0.627795,8.1,0.00082109
-0.627795,8.3,0.000992807
-0.627795,8.5,0.00111732
-0.627795,8.7,0.00120608
-0.627795,8.9,0.00126786
-0.627795,9.1,0.00130937
-0.627795,9.3,0.00133575
-0.627795,9.5,0.00135097
-0.627795,9.7,0.00135803
-0.627795,9.9,0.00135929
