-0.978966,2.2,-0.0100301
-0.978966,2.6,-0.0342736
-0.978966,3,-0.0421117
-0.978966,3.4,-0.0462132
-0.978966,3.8,-0.0640363
-0.978966,4.2,-0.0769598
-0.978966,4.6,-0.0506915
-0.978966,5,0.000733529
-0.978966,5.4,0.0411636
-0.978966,5.8,0.0569565
-0.978966,6.2,0.0502102
-0.978966,6.6,0.0274694
-0.978966,7,-0.00382518
-0.978966,7.4,-0.036435
-0.978966,7.8,-0.0643895
-0.978966,8.2,-0.0839728
-0.978966,8.6,-0.0940195
-0.978966,9,-0.095411
-0.978966,9.4,-0.0901834
-0.978966,9.8,-0.0806815
-0.960723,2.2,-0.015292
-0.960723,2.6,-0.0485891
-0.960723,3,-0.0558003
-0.960723,3.4,-0.0594244
-0.960723,3.8,-0.0845711
-0.960723,4.2,-0.111837
-0.960723,4.6,-0.0934583
-0.960723,5,-0.027422
-0.960723,5.4,0.0411923
-0.960723,5.8,0.0796152
-0.960723,6.2,0.0816899
-0.960723,6.6,0.054939
-0.960723,7,0.0107793
-0.960723,7.4,-0.0397707
-0.960723,7.8,-0.0878727
-0.960723,8.2,-0.127544
-0.960723,8.6,-0.155642
-0.960723,9,-0.171414
-0.960723,9.4,-0.175868
-0.960723,9.8,-0.171086
-0.942481,2.2,-0.0198961
-0.942481,2.6,-0.0572652
-0.942481,3,-0.0602571
-0.942481,3.4,-0.0616648
-0.942481,3.8,-0.088205
-0.942481,4.2,-0.121722
-0.942481,4.6,-0.116502
-0.942481,5,-0.0590691
-0.942481,5.4,0.0155802
-0.942481,5.8,0.0678478
-0.942481,6.2,0.0819009
-0.942481,6.6,0.0616558
-0.942481,7,0.0189599
-0.942481,7.4,-0.0339266
-0.942481,7.8,-0.087333
-0.942481,8.2,-0.134763
-0.942481,8.6,-0.172506
-0.942481,9,-0.199012
-0.942481,9.4,-0.214318
-0.942481,9.8,-0.21955
-0.924238,2.2,-0.023679
-0.924238,2.6,-0.0605065
-0.924238,3,-0.0571456
-0.924238,3.4,-0.0567238
-0.924238,3.8,-0.0805358
-0.924238,4.2,-0.108684
-0.924238,4.6,-0.107808
-0.924238,5,-0.0679481
-0.924238,5.4,-0.0114322
-0.924238,5.8,0.0313784
-0.924238,6.2,0.0445434
-0.924238,6.6,0.0287984
-0.924238,7,-0.00668321
-0.924238,7.4,-0.0515649
-0.924238,7.8,-0.0976655
-0.924238,8.2,-0.139599
-0.924238,8.6,-0.174325
-0.924238,9,-0.200505
-0.924238,9.4,-0.217985
-0.924238,9.8,-0.227397
-0.905995,2.2,-0.0266163
-0.905995,2.6,-0.0593513
-0.905995,3,-0.0491575
-0.905995,3.4,-0.0491814
-0.905995,3.8,-0.0687138
-0.905995,4.2,-0.0808777
-0.905995,4.6,-0.0696953
-0.905995,5,-0.0418304
-0.905995,5.4,-0.0150872
-0.905995,5.8,-0.00444616
-0.905995,6.2,-0.014625
-0.905995,6.6,-0.0415202
-0.905995,7,-0.0775285
-0.905995,7.4,-0.11562
-0.905995,7.8,-0.150914
-0.905995,8.2,-0.180665
-0.905995,8.6,-0.203698
-0.905995,9,-0.219845
-0.905995,9.4,-0.229548
-0.905995,9.8,-0.233604
-0.887753,2.2,-0.0287399
-0.887753,2.6,-0.055112
-0.887753,3,-0.039
-0.887753,3.4,-0.0426879
-0.887753,3.8,-0.0584473
-0.887753,4.2,-0.0472429
-0.887753,4.6,-0.0122727
-0.887753,5,0.0150264
-0.887753,5.4,0.0131246
-0.887753,5.8,-0.0191629
-0.887753,6.2,-0.070509
-0.887753,6.6,-0.127399
-0.887753,7,-0.179854
-0.887753,7.4,-0.222524
-0.887753,7.8,-0.253629
-0.887753,8.2,-0.273526
-0.887753,8.6,-0.28362
-0.887753,9,-0.285694
-0.887753,9.4,-0.281554
-0.887753,9.8,-0.272855
-0.86951,2.2,-0.0300909
-0.86951,2.6,-0.0490398
-0.86951,3,-0.0288186
-0.86951,3.4,-0.039196
-0.86951,3.8,-0.0528347
-0.86951,4.2,-0.0150137
-0.86951,4.6,0.0523952
-0.86951,5,0.0893492
-0.86951,5.4,0.066148
-0.86951,5.8,-0.00749159
-0.86951,6.2,-0.104991
-0.86951,6.6,-0.202134
-0.86951,7,-0.284097
-0.86951,7.4,-0.344709
-0.86951,7.8,-0.383411
-0.86951,8.2,-0.402568
-0.86951,8.6,-0.405736
-0.86951,9,-0.396692
-0.86951,9.4,-0.378932
-0.86951,9.8,-0.355459
-0.851267,2.2,-0.0307069
-0.851267,2.6,-0.0421656
-0.851267,3,-0.0199809
-0.851267,3.4,-0.0389735
-0.851267,3.8,-0.052407
-0.851267,4.2,0.0110688
-0.851267,4.6,0.113432
-0.851267,5,0.165981
-0.851267,5.4,0.129818
-0.851267,5.8,0.0237102
-0.851267,6.2,-0.113403
-0.851267,6.6,-0.248811
-0.851267,7,-0.363245
-0.851267,7.4,-0.448648
-0.851267,7.8,-0.504012
-0.851267,8.2,-0.53209
-0.851267,8.6,-0.537335
-0.851267,9,-0.524708
-0.851267,9.4,-0.499004
-0.851267,9.8,-0.464497
-0.833025,2.2,-0.0306258
-0.833025,2.6,-0.0352501
-0.833025,3,-0.0131095
-0.833025,3.4,-0.0411002
-0.833025,3.8,-0.0558411
-0.833025,4.2,0.0287608
-0.833025,4.6,0.162659
-0.833025,5,0.232064
-0.833025,5.4,0.190045
-0.833025,5.8,0.063057
-0.833025,6.2,-0.100942
-0.833025,6.6,-0.263989
-0.833025,7,-0.404236
-0.833025,7.4,-0.512182
-0.833025,7.8,-0.585874
-0.833025,8.2,-0.627489
-0.833025,8.6,-0.641281
-0.833025,9,-0.632388
-0.833025,9.4,-0.60609
-0.833025,9.8,-0.567367
-0.814782,2.2,-0.029898
-0.814782,2.6,-0.0287932
-0.814782,3,-0.00825729
-0.814782,3.4,-0.0441364
-0.814782,3.8,-0.060932
-0.814782,4.2,0.0379249
-0.814782,4.6,0.195277
-0.814782,5,0.278987
-0.814782,5.4,0.236511
-0.814782,5.8,0.100206
-0.814782,6.2,-0.0764369
-0.814782,6.6,-0.253222
-0.814782,7,-0.407618
-0.814782,7.4,-0.529645
-0.814782,7.8,-0.616709
-0.814782,8.2,-0.670262
-0.814782,8.6,-0.69392
-0.814782,9,-0.692373
-0.814782,9.4,-0.670708
-0.814782,9.8,-0.633961
-0.796539,2.2,-0.0285943
-0.796539,2.6,-0.0230756
-0.796539,3,-0.00513083
-0.796539,3.4,-0.0467043
-0.796539,3.8,-0.065488
-0.796539,4.2,0.0399003
-0.796539,4.6,0.209946
-0.796539,5,0.30295
-0.796539,5.4,0.263779
-0.796539,5.8,0.128253
-0.796539,6.2,-0.0481187
-0.796539,6.6,-0.225359
-0.796539,7,-0.381666
-0.796539,7.4,-0.507394
-0.796539,7.8,-0.599795
-0.796539,8.2,-0.659847
-0.796539,8.6,-0.690552
-0.796539,9,-0.695983
-0.796539,9.4,-0.680709
-0.796539,9.8,-0.649402
-0.778297,2.2,-0.0268088
-0.778297,2.6,-0.0182108
-0.778297,3,-0.0032924
-0.778297,3.4,-0.0478449
-0.778297,3.8,-0.0679259
-0.778297,4.2,0.0367798
-0.778297,4.6,0.208271
-0.778297,5,0.304523
-0.778297,5.4,0.270933
-0.778297,5.8,0.144047
-0.778297,6.2,-0.0218634
-0.778297,6.6,-0.188918
-0.778297,7,-0.336954
-0.778297,7.4,-0.457171
-0.778297,7.8,-0.547031
-0.778297,8.2,-0.607321
-0.778297,8.6,-0.640609
-0.778297,9,-0.650412
-0.778297,9.4,-0.640717
-0.778297,9.8,-0.615654
-0.760054,2.2,-0.0246541
-0.760054,2.6,-0.0141975
-0.760054,3,-0.00230452
-0.760054,3.4,-0.0471321
-0.760054,3.8,-0.0674991
-0.760054,4.2,0.0307595
-0.760054,4.6,0.19384
-0.760054,5,0.287502
-0.760054,5.4,0.260468
-0.760054,5.8,0.147523
-0.760054,6.2,-0.000961045
-0.760054,6.6,-0.150539
-0.760054,7,-0.283223
-0.760054,7.4,-0.391319
-0.760054,7.8,-0.472699
-0.760054,8.2,-0.528136
-0.760054,8.6,-0.559917
-0.760054,9,-0.571107
-0.760054,9.4,-0.565149
-0.760054,9.8,-0.5456
-0.741812,2.2,-0.0222529
-0.741812,2.6,-0.0109658
-0.741812,3,-0.0018096
-0.741812,3.4,-0.044609
-0.741812,3.8,-0.0642244
-0.741812,4.2,0.0236914
-0.741812,4.6,0.171083
-0.741812,5,0.257424
-0.741812,5.4,0.236885
-0.741812,5.8,0.140677
-0.741812,6.2,0.013437
-0.741812,6.6,-0.114659
-0.741812,7,-0.228071
-0.741812,7.4,-0.320309
-0.741812,7.8,-0.389725
-0.741812,8.2,-0.437153
-0.741812,8.6,-0.464674
-0.741812,9,-0.474975
-0.741812,9.4,-0.471006
-0.741812,9.8,-0.455769
-0.723569,2.2,-0.0197272
-0.723569,2.6,-0.00841169
-0.723569,3,-0.00155641
-0.723569,3.4,-0.0406352
-0.723569,3.8,-0.0586452
-0.723569,4.2,0.0168766
-0.723569,4.6,0.144285
-0.723569,5,0.220143
-0.723569,5.4,0.205344
-0.723569,5.8,0.126533
-0.723569,6.2,0.0216554
-0.723569,6.6,-0.083755
-0.723569,7,-0.176681
-0.723569,7.4,-0.251833
-0.723569,7.8,-0.308033
-0.723569,8.2,-0.346176
-0.723569,8.6,-0.368161
-0.723569,9,-0.376325
-0.723569,9.4,-0.373164
-0.723569,9.8,-0.361162
-0.705326,2.2,-0.0171888
-0.705326,2.6,-0.00642133
-0.705326,3,-0.00139283
-0.705326,3.4,-0.0357198
-0.705326,3.8,-0.0515572
-0.705326,4.2,0.0110581
-0.705326,4.6,0.11694
-0.705326,5,0.180783
-0.705326,5.4,0.170622
-0.705326,5.8,0.108284
-0.705326,6.2,0.0248465
-0.705326,6.6,-0.0587861
-0.705326,7,-0.132041
-0.705326,7.4,-0.190755
-0.705326,7.8,-0.234165
-0.705326,8.2,-0.263196
-0.705326,8.6,-0.279549
-0.705326,9,-0.285225
-0.705326,9.4,-0.282292
-0.705326,9.8,-0.272755
-0.687084,2.2,-0.0147318
-0.687084,2.6,-0.00488618
-0.687084,3,-0.00124262
-0.687084,3.4,-0.0303851
-0.687084,3.8,-0.0437828
-0.687084,4.2,0.00652883
-0.687084,4.6,0.0914852
-0.687084,5,0.143173
-0.687084,5.4,0.136491
-0.687084,5.8,0.0887161
-0.687084,6.2,0.0244647
-0.687084,6.6,-0.0396778
-0.687084,7,-0.0953886
-0.687084,7.4,-0.139508
-0.687084,7.8,-0.171613
-0.687084,8.2,-0.192611
-0.687084,8.6,-0.203986
-0.687084,9,-0.207412
-0.687084,9.4,-0.204555
-0.687084,9.8,-0.196988
-0.668841,2.2,-0.012429
-0.668841,2.6,-0.00371044
-0.668841,3,-0.00107899
-0.668841,3.4,-0.0250785
-0.668841,3.8,-0.0360241
-0.668841,4.2,0.00327875
-0.668841,4.6,0.0693251
-0.668841,5,0.109725
-0.668841,5.4,0.105489
-0.668841,5.8,0.0699085
-0.668841,6.2,0.0219064
-0.668841,6.6,-0.0257486
-0.668841,7,-0.066708
-0.668841,7.4,-0.0986669
-0.668841,7.8,-0.121458
-0.668841,8.2,-0.135929
-0.668841,8.6,-0.143335
-0.668841,9,-0.145029
-0.668841,9.4,-0.14232
-0.668841,9.8,-0.1364
-0.650598,2.2,-0.0103302
-0.650598,2.6,-0.00281397
-0.650598,3,-0.000902213
-0.650598,3.4,-0.0201305
-0.650598,3.8,-0.0287951
-0.650598,4.2,0.00113071
-0.650598,4.6,0.0510232
-0.650598,5,0.0816003
-0.650598,5.4,0.078987
-0.650598,5.8,0.0531736
-0.650598,6.2,0.018312
-0.650598,6.6,-0.0160459
-0.650598,7,-0.0452084
-0.650598,7.4,-0.0675653
-0.650598,7.8,-0.0831247
-0.650598,8.2,-0.09264
-0.650598,8.6,-0.097137
-0.650598,9,-0.0976768
-0.650598,9.4,-0.0952494
-0.650598,9.8,-0.0907296
-0.632356,2.2,-0.00846426
-0.632356,2.6,-0.00213207
-0.632356,3,-0.000723575
-0.632356,3.4,-0.0157473
-0.632356,3.8,-0.0224118
-0.632356,4.2,-0.000157582
-0.632356,4.6,0.0365526
-0.632356,5,0.0590183
-0.632356,5.4,0.0574301
-0.632356,5.8,0.0391483
-0.632356,6.2,0.0144955
-0.632356,6.6,-0.00957811
-0.632356,7,-0.0297146
-0.632356,7.4,-0.0448406
-0.632356,7.8,-0.0550704
-0.632356,8.2,-0.0610435
-0.632356,8.6,-0.0635687
-0.632356,9,-0.0634493
-0.632356,9.4,-0.0614092
-0.632356,9.8,-0.0580671
