-0.978966,2.2,-0.00998722
-0.978966,2.6,-0.0332408
-0.978966,3,-0.0399004
-0.978966,3.4,-0.0431195
-0.978966,3.8,-0.0602813
-0.978966,4.2,-0.0741738
-0.978966,4.6,-0.0511831
-0.978966,5,-0.0028295
-0.978966,5.4,0.0366013
-0.978966,5.8,0.0532684
-0.978966,6.2,0.0484948
-0.978966,6.6,0.0281405
-0.978966,7,-0.000884644
-0.978966,7.4,-0.0317225
-0.978966,7.8,-0.0586099
-0.978966,8.2,-0.0778583
-0.978966,8.6,-0.0881878
-0.978966,9,-0.0902925
-0.978966,9.4,-0.0860129
-0.978966,9.8,-0.0775312
-0.960723,2.2,-0.0152433
-0.960723,2.6,-0.0475305
-0.960723,3,-0.0534013
-0.960723,3.4,-0.0560025
-0.960723,3.8,-0.0804852
-0.960723,4.2,-0.108935
-0.960723,4.6,-0.0943108
-0.960723,5,-0.0320327
-0.960723,5.4,0.0352747
-0.960723,5.8,0.0749042
-0.960723,6.2,0.0796461
-0.960723,6.6,0.0559904
-0.960723,7,0.0146396
-0.960723,7.4,-0.0337928
-0.960723,7.8,-0.0806267
-0.960723,8.2,-0.11986
-0.960723,8.6,-0.148219
-0.960723,9,-0.164768
-0.960723,9.4,-0.170325
-0.960723,9.8,-0.166796
-0.942481,2.2,-0.0198474
-0.942481,2.6,-0.0563556
-0.942481,3,-0.0580212
-0.942481,3.4,-0.0584507
-0.942481,3.8,-0.0845431
-0.942481,4.2,-0.119404
-0.942481,4.6,-0.11769
-0.942481,5,-0.0636944
-0.942481,5.4,0.00981134
-0.942481,5.8,0.0634099
-0.942481,6.2,0.0801951
-0.942481,6.6,0.0629569
-0.942481,7,0.0228237
-0.942481,7.4,-0.0282647
-0.942481,7.8,-0.0806909
-0.942481,8.2,-0.127867
-0.942481,8.6,-0.16593
-0.942481,9,-0.193159
-0.942481,9.4,-0.209438
-0.942481,9.8,-0.215755
-0.924238,2.2,-0.0236265
-0.924238,2.6,-0.0598143
-0.924238,3,-0.0552091
-0.924238,3.4,-0.0539127
-0.924238,3.8,-0.0775693
-0.924238,4.2,-0.107253
-0.924238,4.6,-0.10947
-0.924238,5,-0.0723093
-0.924238,5.4,-0.0164223
-0.924238,5.8,0.027867
-0.924238,6.2,0.0436119
-0.924238,6.6,0.030514
-0.924238,7,-0.00286512
-0.924238,7.4,-0.0463989
-0.924238,7.8,-0.091875
-0.924238,8.2,-0.133771
-0.924238,8.6,-0.168885
-0.924238,9,-0.195729
-0.924238,9.4,-0.214023
-0.924238,9.8,-0.224303
-0.905995,2.2,-0.0265499
-0.905995,2.6,-0.0588746
-0.905995,3,-0.0475192
-0.905995,3.4,-0.046746
-0.905995,3.8,-0.0664031
-0.905995,4.2,-0.080368
-0.905995,4.6,-0.0720322
-0.905995,5,-0.0461981
-0.905995,5.4,-0.019471
-0.905995,5.8,-0.00705128
-0.905995,6.2,-0.0146488
-0.905995,6.6,-0.0390826
-0.905995,7,-0.0732494
-0.905995,7.4,-0.110246
-0.905995,7.8,-0.145111
-0.905995,8.2,-0.174942
-0.905995,8.6,-0.198404
-0.905995,9,-0.21519
-0.905995,9.4,-0.225635
-0.905995,9.8,-0.230459
-0.887753,2.2,-0.0286475
-0.887753,2.6,-0.0548123
-0.887753,3,-0.0375931
-0.887753,3.4,-0.040497
-0.887753,3.8,-0.0566079
-0.887753,4.2,-0.0475495
-0.887753,4.6,-0.0154346
-0.887753,5,0.0102442
-0.887753,5.4,0.00885817
-0.887753,5.8,-0.0212393
-0.887753,6.2,-0.0697583
-0.887753,6.6,-0.124054
-0.887753,7,-0.174592
-0.887753,7.4,-0.216118
-0.887753,7.8,-0.24676
-0.887753,8.2,-0.266714
-0.887753,8.6,-0.277226
-0.887753,9,-0.279941
-0.887753,9.4,-0.276558
-0.887753,9.8,-0.268654
-0.86951,2.2,-0.0299623
-0.86951,2.6,-0.0488661
-0.86951,3,-0.0275617
-0.86951,3.4,-0.0371034
-0.86951,3.8,-0.0512521
-0.86951,4.2,-0.0159672
-0.86951,4.6,0.0483664
-0.86951,5,0.0838619
-0.86951,5.4,0.0615677
-0.86951,5.8,-0.00946114
-0.86951,6.2,-0.103753
-0.86951,6.6,-0.197953
-0.86951,7,-0.277672
-0.86951,7.4,-0.336847
-0.86951,7.8,-0.374845
-0.86951,8.2,-0.393887
-0.86951,8.6,-0.397374
-0.86951,9,-0.388942
-0.86951,9.4,-0.371973
-0.86951,9.8,-0.349379
-0.851267,2.2,-0.0305355
-0.851267,2.6,-0.0420692
-0.851267,3,-0.0188072
-0.851267,3.4,-0.0368695
-0.851267,3.8,-0.0509011
-0.851267,4.2,0.00966066
-0.851267,4.6,0.108616
-0.851267,5,0.159699
-0.851267,5.4,0.124697
-0.851267,5.8,0.0215457
-0.851267,6.2,-0.111994
-0.851267,6.6,-0.244075
-0.851267,7,-0.355865
-0.851267,7.4,-0.439438
-0.851267,7.8,-0.493746
-0.851267,8.2,-0.521426
-0.851267,8.6,-0.526793
-0.851267,9,-0.514671
-0.851267,9.4,-0.489735
-0.851267,9.8,-0.456156
-0.833025,2.2,-0.0304106
-0.833025,2.6,-0.0351919
-0.833025,3,-0.0119784
-0.833025,3.4,-0.0389318
-0.833025,3.8,-0.0542954
-0.833025,4.2,0.0270888
-0.833025,4.6,0.157239
-0.833025,5,0.225087
-0.833025,5.4,0.184365
-0.833025,5.8,0.060554
-0.833025,6.2,-0.0996232
-0.833025,6.6,-0.259061
-0.833025,7,-0.39634
-0.833025,7.4,-0.502106
-0.833025,7.8,-0.574396
-0.833025,8.2,-0.6153
-0.833025,8.6,-0.62896
-0.833025,9,-0.62039
-0.833025,9.4,-0.594754
-0.833025,9.8,-0.556924
-0.814782,2.2,-0.029643
-0.814782,2.6,-0.0287464
-0.814782,3,-0.00715437
-0.814782,3.4,-0.0419055
-0.814782,3.8,-0.0592978
-0.814782,4.2,0.0361602
-0.814782,4.6,0.189511
-0.814782,5,0.271557
-0.814782,5.4,0.230412
-0.814782,5.8,0.0973575
-0.814782,6.2,-0.0753804
-0.814782,6.6,-0.248439
-0.814782,7,-0.399698
-0.814782,7.4,-0.519325
-0.814782,7.8,-0.604734
-0.814782,8.2,-0.657318
-0.814782,8.6,-0.6806
-0.814782,9,-0.679166
-0.814782,9.4,-0.657999
-0.814782,9.8,-0.622033
-0.796539,2.2,-0.0283076
-0.796539,2.6,-0.0230244
-0.796539,3,-0.00406134
-0.796539,3.4,-0.0444527
-0.796539,3.8,-0.0637728
-0.796539,4.2,0.0381824
-0.796539,4.6,0.204119
-0.796539,5,0.295385
-0.796539,5.4,0.257494
-0.796539,5.8,0.125146
-0.796539,6.2,-0.0474046
-0.796539,6.6,-0.220975
-0.796539,7,-0.374146
-0.796539,7.4,-0.497412
-0.796539,7.8,-0.588039
-0.796539,8.2,-0.646964
-0.796539,8.6,-0.677114
-0.796539,9,-0.682476
-0.796539,9.4,-0.667529
-0.796539,9.8,-0.636853
-0.778297,2.2,-0.0265011
-0.778297,2.6,-0.0181484
-0.778297,3,-0.0022729
-0.778297,3.4,-0.0456355
-0.778297,3.8,-0.0661745
-0.778297,4.2,0.0352089
-0.778297,4.6,0.202656
-0.778297,5,0.297154
-0.778297,5.4,0.264731
-0.778297,5.8,0.140824
-0.778297,6.2,-0.0214983
-0.778297,6.6,-0.185092
-0.778297,7,-0.330143
-0.778297,7.4,-0.447979
-0.778297,7.8,-0.536079
-0.778297,8.2,-0.595197
-0.778297,8.6,-0.627839
-0.778297,9,-0.637451
-0.778297,9.4,-0.627941
-0.778297,9.8,-0.60336
-0.760054,2.2,-0.0243372
-0.760054,2.6,-0.0141236
-0.760054,3,-0.00135513
-0.760054,3.4,-0.0450314
-0.760054,3.8,-0.0657733
-0.760054,4.2,0.0293964
-0.760054,4.6,0.188659
-0.760054,5,0.280623
-0.760054,5.4,0.254602
-0.760054,5.8,0.14434
-0.760054,6.2,-0.000900254
-0.760054,6.6,-0.147342
-0.760054,7,-0.277307
-0.760054,7.4,-0.383216
-0.760054,7.8,-0.462957
-0.760054,8.2,-0.517274
-0.760054,8.6,-0.548401
-0.760054,9,-0.559343
-0.760054,9.4,-0.553476
-0.760054,9.8,-0.534288
-0.741812,2.2,-0.0219382
-0.741812,2.6,-0.0108834
-0.741812,3,-0.000948213
-0.741812,3.4,-0.0426744
-0.741812,3.8,-0.0625862
-0.741812,4.2,0.0225614
-0.741812,4.6,0.166492
-0.741812,5,0.251254
-0.741812,5.4,0.231557
-0.741812,5.8,0.137677
-0.741812,6.2,0.0132658
-0.741812,6.6,-0.112091
-0.741812,7,-0.223125
-0.741812,7.4,-0.313445
-0.741812,7.8,-0.381417
-0.741812,8.2,-0.427846
-0.741812,8.6,-0.454769
-0.741812,9,-0.46482
-0.741812,9.4,-0.460891
-0.741812,9.8,-0.445927
-0.723569,2.2,-0.0194247
-0.723569,2.6,-0.0083254
-0.723569,3,-0.000795427
-0.723569,3.4,-0.0389078
-0.723569,3.8,-0.0571454
-0.723569,4.2,0.015978
-0.723569,4.6,0.140364
-0.723569,5,0.214812
-0.723569,5.4,0.200685
-0.723569,5.8,0.123826
-0.723569,6.2,0.0213326
-0.723569,6.6,-0.081768
-0.723569,7,-0.172692
-0.723569,7.4,-0.246232
-0.723569,7.8,-0.301219
-0.723569,8.2,-0.338525
-0.723569,8.6,-0.360006
-0.723569,9,-0.367955
-0.723569,9.4,-0.364818
-0.723569,9.8,-0.353029
-0.705326,2.2,-0.0169064
-0.705326,2.6,-0.0063358
-0.705326,3,-0.000737901
-0.705326,3.4,-0.0342219
-0.705326,3.8,-0.0502303
-0.705326,4.2,0.0103707
-0.705326,4.6,0.113704
-0.705326,5,0.176336
-0.705326,5.4,0.166694
-0.705326,5.8,0.105939
-0.705326,6.2,0.0244463
-0.705326,6.6,-0.0573037
-0.705326,7,-0.128933
-0.705326,7.4,-0.186346
-0.705326,7.8,-0.228784
-0.705326,8.2,-0.25715
-0.705326,8.6,-0.273108
-0.705326,9,-0.278621
-0.705326,9.4,-0.275713
-0.705326,9.8,-0.266349
-0.687084,2.2,-0.014475
-0.687084,2.6,-0.00480528
-0.687084,3,-0.000692945
-0.687084,3.4,-0.0291214
-0.687084,3.8,-0.0426453
-0.687084,4.2,0.00602241
-0.687084,4.6,0.088899
-0.687084,5,0.139583
-0.687084,5.4,0.133289
-0.687084,5.8,0.0867605
-0.687084,6.2,0.0240467
-0.687084,6.6,-0.0386105
-0.687084,7,-0.0930468
-0.687084,7.4,-0.136156
-0.687084,7.8,-0.167515
-0.687084,8.2,-0.188013
-0.687084,8.6,-0.1991
-0.687084,9,-0.202415
-0.687084,9.4,-0.199591
-0.687084,9.8,-0.192169
-0.668841,2.2,-0.0122008
-0.668841,2.6,-0.00363693
-0.668841,3,-0.000628571
-0.668841,3.4,-0.0240396
-0.668841,3.8,-0.0350771
-0.668841,4.2,0.00291939
-0.668841,4.6,0.0673183
-0.668841,5,0.106915
-0.668841,5.4,0.102961
-0.668841,5.8,0.0683346
-0.668841,6.2,0.0215127
-0.668841,6.6,-0.025007
-0.668841,7,-0.0650004
-0.668841,7.4,-0.0962034
-0.668841,7.8,-0.118447
-0.668841,8.2,-0.132559
-0.668841,8.6,-0.139768
-0.668841,9,-0.141399
-0.668841,9.4,-0.13873
-0.668841,9.8,-0.132929
-0.650598,2.2,-0.0101318
-0.650598,2.6,-0.00274941
-0.650598,3,-0.000541399
-0.650598,3.4,-0.0192968
-0.650598,3.8,-0.0280277
-0.650598,4.2,0.00088542
-0.650598,4.6,0.0495087
-0.650598,5,0.0794629
-0.650598,5.4,0.077051
-0.650598,5.8,0.0519487
-0.650598,6.2,0.0179674
-0.650598,6.6,-0.0155486
-0.650598,7,-0.0440029
-0.650598,7.4,-0.0658143
-0.650598,7.8,-0.0809878
-0.650598,8.2,-0.0902587
-0.650598,8.6,-0.0946303
-0.650598,9,-0.0951403
-0.650598,9.4,-0.0927566
-0.650598,9.8,-0.0883342
-0.632356,2.2,-0.00829507
-0.632356,2.6,-0.00207705
-0.632356,3,-0.000440701
-0.632356,3.4,-0.0150934
-0.632356,3.8,-0.0218057
-0.632356,4.2,-0.00031814
-0.632356,4.6,0.0354395
-0.632356,5,0.0574365
-0.632356,5.4,0.0559896
-0.632356,5.8,0.0382247
-0.632356,6.2,0.014211
-0.632356,6.6,-0.00925662
-0.632356,7,-0.0288901
-0.632356,7.4,-0.0436363
-0.632356,7.8,-0.0536046
-0.632356,8.2,-0.0594193
-0.632356,8.6,-0.0618707
-0.632356,9,-0.0617437
-0.632356,9.4,-0.0597455
-0.632356,9.8,-0.0564802
