-0.983527,2.1,0.00243645
-0.983527,2.3,0.00273736
-0.983527,2.5,0.00038563
-0.983527,2.7,-0.00408512
-0.983527,2.9,-0.00319601
-0.983527,3.1,0.00754726
-0.983527,3.3,0.0211793
-0.983527,3.5,0.0271615
-0.983527,3.7,0.0230355
-0.983527,3.9,0.0138304
-0.983527,4.1,0.00428815
-0.983527,4.3,-0.00405027
-0.983527,4.5,-0.0113199
-0.983527,4.7,-0.0174866
-0.983527,4.9,-0.0214006
-0.983527,5.1,-0.022066
-0.983527,5.3,-0.0205578
-0.983527,5.5,-0.0186442
-0.983527,5.7,-0.0171656
-0.983527,5.9,-0.01625
-0.983527,6.1,-0.0158086
-0.983527,6.3,-0.0157385
-0.983527,6.5,-0.0159634
-0.983527,6.7,-0.016427
-0.983527,6.9,-0.0170683
-0.983527,7.1,-0.0177801
-0.983527,7.3,-0.0183345
-0.983527,7.5,-0.0182695
-0.983527,7.7,-0.0168315
-0.983527,7.9,-0.0133197
-0.983527,8.1,-0.00805193
-0.983527,8.3,-0.00269399
-0.983527,8.5,0.00122566
-0.983527,8.7,0.00343422
-0.983527,8.9,0.00440757
-0.983527,9.1,0.00467042
-0.983527,9.3,0.00457302
-0.983527,9.5,0.00431157
-0.983527,9.7,0.00398779
-0.983527,9.9,0.00365215
-0.974405,2.1,0.00324161
-0.974405,2.3,0.0032959
-0.974405,2.5,5.41452e-05
-0.974405,2.7,-0.00479486
-0.974405,2.9,-0.00192926
-0.974405,3.1,0.0122765
-0.974405,3.3,0.0278427
-0.974405,3.5,0.032627
-0.974405,3.7,0.0249551
-0.974405,3.9,0.0117209
-0.974405,4.1,-0.00111408
-0.974405,4.3,-0.0116382
-0.974405,4.5,-0.0197745
-0.974405,4.7,-0.0251381
-0.974405,4.9,-0.0268928
-0.974405,5.1,-0.0256506
-0.974405,5.3,-0.0235312
-0.974405,5.5,-0.0219502
-0.974405,5.7,-0.021188
-0.974405,5.9,-0.0211002
-0.974405,6.1,-0.0215137
-0.974405,6.3,-0.0223116
-0.974405,6.5,-0.0234205
-0.974405,6.7,-0.0247752
-0.974405,6.9,-0.0262673
-0.974405,7.1,-0.0276582
-0.974405,7.3,-0.0284315
-0.974405,7.5,-0.0276236
-0.974405,7.7,-0.0239286
-0.974405,7.9,-0.016709
-0.974405,8.1,-0.00749301
-0.974405,8.3,0.000714381
-0.974405,8.5,0.00613271
-0.974405,8.7,0.00891717
-0.974405,8.9,0.00996433
-0.974405,9.1,0.0100539
-0.974405,9.3,0.00967293
-0.974405,9.5,0.00908827
-0.974405,9.7,0.00843724
-0.974405,9.9,0.00778734
-0.965284,2.1,0.00405645
-0.965284,2.3,0.00380688
-0.965284,2.5,-0.000192157
-0.965284,2.7,-0.00497221
-0.965284,2.9,4.32112e-05
-0.965284,3.1,0.0168892
-0.965284,3.3,0.0328457
-0.965284,3.5,0.0349844
-0.965284,3.7,0.0230843
-0.965284,3.9,0.00603082
-0.965284,4.1,-0.00917612
-0.965284,4.3,-0.0202673
-0.965284,4.5,-0.0268462
-0.965284,4.7,-0.0286473
-0.965284,4.9,-0.0265864
-0.965284,5.1,-0.0234921
-0.965284,5.3,-0.0215876
-0.965284,5.5,-0.0211979
-0.965284,5.7,-0.0218692
-0.965284,5.9,-0.0231911
-0.965284,6.1,-0.0249371
-0.965284,6.3,-0.0270017
-0.965284,6.5,-0.0293274
-0.965284,6.7,-0.0318367
-0.965284,6.9,-0.0343439
-0.965284,7.1,-0.0364065
-0.965284,7.3,-0.0370995
-0.965284,7.5,-0.0348609
-0.965284,7.7,-0.0280147
-0.965284,7.9,-0.01662
-0.965284,8.1,-0.00383544
-0.965284,8.3,0.00643301
-0.965284,8.5,0.0127057
-0.965284,8.7,0.0156916
-0.965284,8.9,0.016628
-0.965284,9.1,0.0164624
-0.965284,9.3,0.015765
-0.965284,9.5,0.0148456
-0.965284,9.7,0.0138636
-0.965284,9.9,0.0128978
-0.956163,2.1,0.00486483
-0.956163,2.3,0.00428658
-0.956163,2.5,-0.000313153
-0.956163,2.7,-0.00466802
-0.956163,2.9,0.00248222
-0.956163,3.1,0.0211155
-0.956163,3.3,0.0361133
-0.956163,3.5,0.0344872
-0.956163,3.7,0.0181055
-0.956163,3.9,-0.00208446
-0.956163,4.1,-0.0182665
-0.956163,4.3,-0.0278966
-0.956163,4.5,-0.0304902
-0.956163,4.7,-0.0269459
-0.956163,4.9,-0.0210125
-0.956163,5.1,-0.0170576
-0.956163,5.3,-0.0162904
-0.956163,5.5,-0.0177065
-0.956163,5.7,-0.0202248
-0.956163,5.9,-0.0232604
-0.956163,6.1,-0.0265781
-0.956163,6.3,-0.0301033
-0.956163,6.5,-0.0337979
-0.956163,6.7,-0.0375592
-0.956163,6.9,-0.0410856
-0.956163,7.1,-0.0436576
-0.956163,7.3,-0.0438535
-0.956163,7.5,-0.0395426
-0.956163,7.7,-0.0290707
-0.956163,7.9,-0.0137735
-0.956163,8.1,0.00165262
-0.956163,8.3,0.0130815
-0.956163,8.5,0.0196673
-0.956163,8.7,0.0226123
-0.956163,8.9,0.0233651
-0.956163,9.1,0.0229534
-0.956163,9.3,0.0219836
-0.956163,9.5,0.0207853
-0.956163,9.7,0.0195294
-0.956163,9.9,0.0183009
-0.947041,2.1,0.00564989
-0.947041,2.3,0.00474344
-0.947041,2.5,-0.000296688
-0.947041,2.7,-0.0039693
-0.947041,2.9,0.00516844
-0.947041,3.1,0.024792
-0.947041,3.3,0.0377666
-0.947041,3.5,0.0317241
-0.947041,3.7,0.0111528
-0.947041,3.9,-0.0110324
-0.947041,4.1,-0.0265151
-0.947041,4.3,-0.0327211
-0.947041,4.5,-0.0297024
-0.947041,4.7,-0.0206549
-0.947041,4.9,-0.0121796
-0.947041,5.1,-0.00876051
-0.947041,5.3,-0.00991718
-0.947041,5.5,-0.0134947
-0.947041,5.7,-0.0180225
-0.947041,5.9,-0.0228581
-0.947041,6.1,-0.0278033
-0.947041,6.3,-0.0328281
-0.947041,6.5,-0.0379091
-0.947041,6.7,-0.0428956
-0.947041,6.9,-0.0473213
-0.947041,7.1,-0.0501126
-0.947041,7.3,-0.0492978
-0.947041,7.5,-0.0423259
-0.947041,7.7,-0.0280652
-0.947041,7.9,-0.00948007
-0.947041,8.1,0.00764466
-0.947041,8.3,0.0195522
-0.947041,8.5,0.0261251
-0.947041,8.7,0.0289263
-0.947041,8.9,0.0295032
-0.947041,9.1,0.0289025
-0.947041,9.3,0.027736
-0.947041,9.5,0.0263383
-0.947041,9.7,0.0248849
-0.947041,9.9,0.0234647
-0.93792,2.1,0.00639475
-0.93792,2.3,0.00517898
-0.93792,2.5,-0.000151333
-0.93792,2.7,-0.00297978
-0.93792,2.9,0.00791314
-0.93792,3.1,0.0278364
-0.93792,3.3,0.0380625
-0.93792,3.5,0.0274876
-0.93792,3.7,0.00355626
-0.93792,3.9,-0.0191651
-0.93792,4.1,-0.032286
-0.93792,4.3,-0.0336322
-0.93792,4.5,-0.0246352
-0.93792,4.7,-0.0114487
-0.93792,4.9,-0.00251409
-0.93792,5.1,-0.00103802
-0.93792,5.3,-0.00472723
-0.93792,5.5,-0.0106577
-0.93792,5.7,-0.0172263
-0.93792,5.9,-0.0238447
-0.93792,6.1,-0.0303918
-0.93792,6.3,-0.0368893
-0.93792,6.5,-0.0433153
-0.93792,6.7,-0.0494335
-0.93792,6.9,-0.0545427
-0.93792,7.1,-0.0571212
-0.93792,7.3,-0.0546192
-0.93792,7.5,-0.0443227
-0.93792,7.7,-0.0261602
-0.93792,7.9,-0.00483528
-0.93792,8.1,0.0133435
-0.93792,8.3,0.0253644
-0.93792,8.5,0.0317953
-0.93792,8.7,0.0344414
-0.93792,8.9,0.034881
-0.93792,9.1,0.0341491
-0.93792,9.3,0.0328495
-0.93792,9.5,0.0313153
-0.93792,9.7,0.0297241
-0.93792,9.9,0.0281675
-0.928799,2.1,0.00708337
-0.928799,2.3,0.0055893
-0.928799,2.5,0.000100733
-0.928799,2.7,-0.00180549
-0.928799,2.9,0.0105623
-0.928799,3.1,0.030226
-0.928799,3.3,0.0373324
-0.928799,3.5,0.0226241
-0.928799,3.7,-0.00342491
-0.928799,3.9,-0.0251239
-0.928799,4.1,-0.0345082
-0.928799,4.3,-0.0303607
-0.928799,4.5,-0.0162816
-0.928799,4.7,-0.00130781
-0.928799,4.9,0.00582202
-0.928799,5.1,0.00411337
-0.928799,5.3,-0.00258683
-0.928799,5.5,-0.0110032
-0.928799,5.7,-0.0196242
-0.928799,5.9,-0.0280088
-0.928799,6.1,-0.0361436
-0.928799,6.3,-0.0441009
-0.928799,6.5,-0.0518325
-0.928799,6.7,-0.0589533
-0.928799,6.9,-0.0644192
-0.928799,7.1,-0.0661344
-0.928799,7.3,-0.0609806
-0.928799,7.5,-0.0464673
-0.928799,7.7,-0.0241322
-0.928799,7.9,-0.000340451
-0.928799,8.1,0.0186094
-0.928799,8.3,0.0306416
-0.928799,8.5,0.0369293
-0.928799,8.7,0.0394471
-0.928799,8.9,0.03978
-0.928799,9.1,0.038946
-0.928799,9.3,0.0375399
-0.928799,9.5,0.0358937
-0.928799,9.7,0.0341872
-0.928799,9.9,0.0325146
-0.919677,2.1,0.00770135
-0.919677,2.3,0.00596701
-0.919677,2.5,0.000429964
-0.919677,2.7,-0.000545078
-0.919677,2.9,0.0129963
-0.919677,3.1,0.0319786
-0.919677,3.3,0.0359259
-0.919677,3.5,0.0178991
-0.919677,3.7,-0.00881032
-0.919677,3.9,-0.0280474
-0.919677,4.1,-0.0327839
-0.919677,4.3,-0.0233459
-0.919677,4.5,-0.00602339
-0.919677,4.7,0.0079916
-0.919677,4.9,0.0112246
-0.919677,5.1,0.00530192
-0.919677,5.3,-0.00481274
-0.919677,5.5,-0.0158621
-0.919677,5.7,-0.026601
-0.919677,5.9,-0.0368038
-0.919677,6.1,-0.0465831
-0.919677,6.3,-0.0560466
-0.919677,6.5,-0.0650678
-0.919677,6.7,-0.0730094
-0.919677,6.9,-0.0783226
-0.919677,7.1,-0.0781877
-0.919677,7.3,-0.0690207
-0.919677,7.5,-0.0491238
-0.919677,7.7,-0.0221677
-0.919677,7.9,0.00406997
-0.919677,8.1,0.0237659
-0.919677,8.3,0.0358611
-0.919677,8.5,0.0420624
-0.919677,8.7,0.0444835
-0.919677,8.9,0.044719
-0.919677,9.1,0.0437788
-0.919677,9.3,0.0422554
-0.919677,9.5,0.0404833
-0.919677,9.7,0.0386464
-0.919677,9.9,0.036843
-0.910556,2.1,0.00823653
-0.910556,2.3,0.00630299
-0.910556,2.5,0.000804442
-0.910556,2.7,0.000716082
-0.910556,2.9,0.015128
-0.910556,3.1,0.0331375
-0.910556,3.3,0.0341651
-0.910556,3.5,0.0139018
-0.910556,3.7,-0.0120037
-0.910556,3.9,-0.0276176
-0.910556,4.1,-0.027309
-0.910556,4.3,-0.0134739
-0.910556,4.5,0.00474075
-0.910556,4.7,0.015119
-0.910556,4.9,0.0127147
-0.910556,5.1,0.0017661
-0.910556,5.3,-0.0121207
-0.910556,5.5,-0.0259963
-0.910556,5.7,-0.0390028
-0.910556,5.9,-0.051172
-0.910556,6.1,-0.0627423
-0.910556,6.3,-0.0738193
-0.910556,6.5,-0.0841106
-0.910556,6.7,-0.0925689
-0.910556,6.9,-0.0969261
-0.910556,7.1,-0.0935159
-0.910556,7.3,-0.0785912
-0.910556,7.5,-0.0520197
-0.910556,7.7,-0.0199887
-0.910556,7.9,0.00875759
-0.910556,8.1,0.0292741
-0.910556,8.3,0.0415348
-0.910556,8.5,0.0477206
-0.910556,8.7,0.0500728
-0.910556,8.9,0.0502075
-0.910556,9.1,0.0491399
-0.910556,9.3,0.0474687
-0.910556,9.5,0.045536
-0.910556,9.7,0.0435327
-0.910556,9.9,0.0415627
-0.901435,2.1,0.00867954
-0.901435,2.3,0.00658799
-0.901435,2.5,0.00119354
-0.901435,2.7,0.00190876
-0.901435,2.9,0.0168994
-0.901435,3.1,0.0337604
-0.901435,3.3,0.0323129
-0.901435,3.5,0.0110004
-0.901435,3.7,-0.0127976
-0.901435,3.9,-0.0239831
-0.901435,4.1,-0.0186986
-0.901435,4.3,-0.00182091
-0.901435,4.5,0.014819
-0.901435,4.7,0.0192538
-0.901435,4.9,0.00990855
-0.901435,5.1,-0.00665578
-0.901435,5.3,-0.0246254
-0.901435,5.5,-0.0415623
-0.901435,5.7,-0.0570648
-0.901435,5.9,-0.0714342
-0.901435,6.1,-0.0850102
-0.901435,6.3,-0.097828
-0.901435,6.5,-0.109295
-0.901435,6.7,-0.117738
-0.901435,6.9,-0.119937
-0.901435,7.1,-0.11139
-0.901435,7.3,-0.0887948
-0.901435,7.5,-0.0544613
-0.901435,7.7,-0.0171523
-0.901435,7.9,0.0140655
-0.901435,8.1,0.0354476
-0.901435,8.3,0.0479612
-0.901435,8.5,0.0541968
-0.901435,8.7,0.0565102
-0.901435,8.9,0.0565473
-0.901435,9.1,0.0553379
-0.901435,9.3,0.0534941
-0.901435,9.5,0.05137
-0.901435,9.7,0.0491665
-0.901435,9.9,0.0469947
-0.892313,2.1,0.00902403
-0.892313,2.3,0.00681389
-0.892313,2.5,0.00157039
-0.892313,2.7,0.00298071
-0.892313,2.9,0.0182781
-0.892313,3.1,0.0339106
-0.892313,3.3,0.0305568
-0.892313,3.5,0.00934528
-0.892313,3.7,-0.0113072
-0.892313,3.9,-0.0176223
-0.892313,4.1,-0.0077991
-0.892313,4.3,0.0105377
-0.892313,4.5,0.0233259
-0.892313,4.7,0.0200615
-0.892313,4.9,0.00294805
-0.892313,5.1,-0.0195851
-0.892313,5.3,-0.0418778
-0.892313,5.5,-0.0621235
-0.892313,5.7,-0.0803949
-0.892313,5.9,-0.0972426
-0.892313,6.1,-0.113053
-0.892313,6.3,-0.127684
-0.892313,6.5,-0.140058
-0.892313,6.7,-0.147624
-0.892313,6.9,-0.146038
-0.892313,7.1,-0.130238
-0.892313,7.3,-0.0982939
-0.892313,7.5,-0.0556837
-0.892313,7.7,-0.013336
-0.892313,7.9,0.0201092
-0.892313,8.1,0.0423063
-0.892313,8.3,0.0551152
-0.892313,8.5,0.0614553
-0.892313,8.7,0.0637711
-0.892313,8.9,0.0637354
-0.892313,9.1,0.0623958
-0.892313,9.3,0.0603808
-0.892313,9.5,0.0580595
-0.892313,9.7,0.0556444
-0.892313,9.9,0.0532556
-0.883192,2.1,0.00926674
-0.883192,2.3,0.00697445
-0.883192,2.5,0.00191323
-0.883192,2.7,0.0038961
-0.883192,2.9,0.0192533
-0.883192,3.1,0.0336516
-0.883192,3.3,0.0290081
-0.883192,3.5,0.00890505
-0.883192,3.7,-0.00787225
-0.883192,3.9,-0.00920172
-0.883192,4.1,0.00446405
-0.883192,4.3,0.0226437
-0.883192,4.5,0.0297043
-0.883192,4.7,0.0176298
-0.883192,4.9,-0.00758849
-0.883192,5.1,-0.03619
-0.883192,5.3,-0.0629417
-0.883192,5.5,-0.0867111
-0.883192,5.7,-0.108017
-0.883192,5.9,-0.127603
-0.883192,6.1,-0.145817
-0.883192,6.3,-0.162189
-0.883192,6.5,-0.174934
-0.883192,6.7,-0.180385
-0.883192,6.9,-0.173076
-0.883192,7.1,-0.148027
-0.883192,7.3,-0.105746
-0.883192,7.5,-0.0551539
-0.883192,7.7,-0.00849027
-0.883192,7.9,0.0267221
-0.883192,8.1,0.0495773
-0.883192,8.3,0.0626729
-0.883192,8.5,0.069159
-0.883192,8.7,0.0715303
-0.883192,8.9,0.071473
-0.883192,9.1,0.0700476
-0.883192,9.3,0.0678982
-0.883192,9.5,0.0654086
-0.883192,9.7,0.0628042
-0.883192,9.9,0.0602146
-0.874071,2.1,0.00940748
-0.874071,2.3,0.0070659
-0.874071,2.5,0.00220605
-0.874071,2.7,0.00463401
-0.874071,2.9,0.0198328
-0.874071,3.1,0.0330441
-0.874071,3.3,0.0277104
-0.874071,3.5,0.00951892
-0.874071,3.7,-0.00295887
-0.874071,3.9,0.000541515
-0.874071,4.1,0.0171926
-0.874071,4.3,0.0337156
-0.874071,4.5,0.033706
-0.874071,4.7,0.0123851
-0.874071,4.9,-0.0207957
-0.874071,5.1,-0.0553025
-0.874071,5.3,-0.0865113
-0.874071,5.5,-0.113938
-0.874071,5.7,-0.138475
-0.874071,5.9,-0.160975
-0.874071,6.1,-0.181621
-0.874071,6.3,-0.199438
-0.874071,6.5,-0.211701
-0.874071,6.7,-0.213484
-0.874071,6.9,-0.198486
-0.874071,7.1,-0.162767
-0.874071,7.3,-0.110176
-0.874071,7.5,-0.0527136
-0.874071,7.7,-0.00284021
-0.874071,7.9,0.0335203
-0.874071,8.1,0.0567909
-0.874071,8.3,0.0701171
-0.874071,8.5,0.076774
-0.874071,8.7,0.079259
-0.874071,8.9,0.0792503
-0.874071,9.1,0.0778111
-0.874071,9.3,0.0755955
-0.874071,9.5,0.0729999
-0.874071,9.7,0.0702614
-0.874071,9.9,0.0675197
-0.864949,2.1,0.00944886
-0.864949,2.3,0.00708703
-0.864949,2.5,0.00243849
-0.864949,2.7,0.00518641
-0.864949,2.9,0.0200388
-0.864949,3.1,0.0321443
-0.864949,3.3,0.0266558
-0.864949,3.5,0.0109502
-0.864949,3.7,0.00292241
-0.864949,3.9,0.0108833
-0.864949,4.1,0.0295811
-0.864949,4.3,0.0431724
-0.864949,4.5,0.0353495
-0.864949,4.7,0.00499552
-0.864949,4.9,-0.0355678
-0.864949,5.1,-0.0755615
-0.864949,5.3,-0.111063
-0.864949,5.5,-0.142157
-0.864949,5.7,-0.17
-0.864949,5.9,-0.195437
-0.864949,6.1,-0.218342
-0.864949,6.3,-0.23704
-0.864949,6.5,-0.247678
-0.864949,6.7,-0.244106
-0.864949,6.9,-0.219805
-0.864949,7.1,-0.172958
-0.864949,7.3,-0.111161
-0.864949,7.5,-0.0485582
-0.864949,7.7,0.00320759
-0.864949,7.9,0.0400191
-0.864949,8.1,0.0634078
-0.864949,8.3,0.0768686
-0.864949,8.5,0.0836984
-0.864949,8.7,0.0863486
-0.864949,8.9,0.0864642
-0.864949,9.1,0.0850969
-0.864949,9.3,0.0829027
-0.864949,9.5,0.0802859
-0.864949,9.7,0.0774931
-0.864949,9.9,0.0746728
-0.855828,2.1,0.00939595
-0.855828,2.3,0.00703915
-0.855828,2.5,0.00260543
-0.855828,2.7,0.00555591
-0.855828,2.9,0.0199047
-0.855828,3.1,0.0310033
-0.855828,3.3,0.0258018
-0.855828,3.5,0.0129325
-0.855828,3.7,0.00927504
-0.855828,3.9,0.021166
-0.855828,4.1,0.040954
-0.855828,4.3,0.0506374
-0.855828,4.5,0.0348658
-0.855828,4.7,-0.00373468
-0.855828,4.9,-0.050735
-0.855828,5.1,-0.0955686
-0.855828,5.3,-0.135029
-0.855828,5.5,-0.169642
-0.855828,5.7,-0.200701
-0.855828,5.9,-0.228908
-0.855828,6.1,-0.253667
-0.855828,6.3,-0.272424
-0.855828,6.5,-0.280112
-0.855828,6.7,-0.269641
-0.855828,6.9,-0.235139
-0.855828,7.1,-0.17783
-0.855828,7.3,-0.108808
-0.855828,7.5,-0.0431192
-0.855828,7.7,0.00918381
-0.855828,7.9,0.045745
-0.855828,8.1,0.0689299
-0.855828,8.3,0.0823978
-0.855828,8.5,0.089376
-0.855828,8.7,0.0922252
-0.855828,8.9,0.0925318
-0.855828,9.1,0.0913202
-0.855828,9.3,0.0892388
-0.855828,9.5,0.0866936
-0.855828,9.7,0.0839371
-0.855828,9.9,0.0811247
-0.846707,2.1,0.00925589
-0.846707,2.3,0.00692587
-0.846707,2.5,0.00270621
-0.846707,2.7,0.00575341
-0.846707,2.9,0.0194721
-0.846707,3.1,0.0296673
-0.846707,3.3,0.0250876
-0.846707,3.5,0.015204
-0.846707,3.7,0.0156538
-0.846707,3.9,0.030829
-0.846707,4.1,0.0507863
-0.846707,4.3,0.0559286
-0.846707,4.5,0.0326354
-0.846707,4.7,-0.0129713
-0.846707,4.9,-0.065194
-0.846707,5.1,-0.114037
-0.846707,5.3,-0.156957
-0.846707,5.5,-0.194776
-0.846707,5.7,-0.228778
-0.846707,5.9,-0.259379
-0.846707,6.1,-0.285359
-0.846707,6.3,-0.303164
-0.846707,6.5,-0.306578
-0.846707,6.7,-0.288089
-0.846707,6.9,-0.243434
-0.846707,7.1,-0.177351
-0.846707,7.3,-0.103609
-0.846707,7.5,-0.0369255
-0.846707,7.7,0.014655
-0.846707,7.9,0.0503151
-0.846707,8.1,0.0729752
-0.846707,8.3,0.0863008
-0.846707,8.5,0.0933762
-0.846707,8.7,0.0964329
-0.846707,8.9,0.0969766
-0.846707,9.1,0.0959896
-0.846707,9.3,0.0941021
-0.846707,9.5,0.0917153
-0.846707,9.7,0.0890832
-0.846707,9.9,0.0863653
-0.837585,2.1,0.00903743
-0.837585,2.3,0.00675264
-0.837585,2.5,0.00274381
-0.837585,2.7,0.00579589
-0.837585,2.9,0.0187871
-0.837585,3.1,0.0281784
-0.837585,3.3,0.0244475
-0.837585,3.5,0.01753
-0.837585,3.7,0.0216853
-0.837585,3.9,0.0394244
-0.837585,4.1,0.058712
-0.837585,4.3,0.0590395
-0.837585,4.5,0.0291225
-0.837585,4.7,-0.021945
-0.837585,4.9,-0.0780163
-0.837585,5.1,-0.129912
-0.837585,5.3,-0.175655
-0.837585,5.5,-0.216205
-0.837585,5.7,-0.252694
-0.837585,5.9,-0.285118
-0.837585,6.1,-0.311511
-0.837585,6.3,-0.327275
-0.837585,6.5,-0.325285
-0.837585,6.7,-0.298313
-0.837585,6.9,-0.244517
-0.837585,7.1,-0.172073
-0.837585,7.3,-0.0962608
-0.837585,7.5,-0.0304915
-0.837585,7.7,0.019285
-0.837585,7.9,0.0534787
-0.837585,8.1,0.0753135
-0.837585,8.3,0.0883368
-0.837585,8.5,0.0954343
-0.837585,8.7,0.0986803
-0.837585,8.9,0.0994814
-0.837585,9.1,0.0987643
-0.837585,9.3,0.0971319
-0.837585,9.5,0.0949739
-0.837585,9.7,0.0925408
-0.837585,9.9,0.0899935
-0.828464,2.1,0.00875048
-0.828464,2.3,0.00652642
-0.828464,2.5,0.00272391
-0.828464,2.7,0.00570429
-0.828464,2.9,0.0178982
-0.828464,3.1,0.0265746
-0.828464,3.3,0.0238205
-0.828464,3.5,0.0197164
-0.828464,3.7,0.0270765
-0.828464,3.9,0.0466234
-0.828464,4.1,0.064525
-0.828464,4.3,0.060111
-0.828464,4.5,0.0248116
-0.828464,4.7,-0.0300241
-0.828464,4.9,-0.0885201
-0.828464,5.1,-0.142447
-0.828464,5.3,-0.190271
-0.828464,5.5,-0.232943
-0.828464,5.7,-0.27131
-0.828464,5.9,-0.304832
-0.828464,6.1,-0.330723
-0.828464,6.3,-0.343411
-0.828464,6.5,-0.335259
-0.828464,6.7,-0.300078
-0.828464,6.9,-0.238949
-0.828464,7.1,-0.162901
-0.828464,7.3,-0.0875037
-0.828464,7.5,-0.0242482
-0.828464,7.7,0.02286
-0.828464,7.9,0.0551267
-0.828464,8.1,0.0758712
-0.828464,8.3,0.0884327
-0.828464,8.5,0.095461
-0.828464,8.7,0.0988541
-0.828464,8.9,0.0999058
-0.828464,9.1,0.0994778
-0.828464,9.3,0.0981371
-0.828464,9.5,0.0962556
-0.828464,9.7,0.0940765
-0.828464,9.9,0.0917582
-0.819343,2.1,0.00840563
-0.819343,2.3,0.00625511
-0.819343,2.5,0.00265406
-0.819343,2.7,0.00550168
-0.819343,2.9,0.0168534
-0.819343,3.1,0.0248906
-0.819343,3.3,0.0231559
-0.819343,3.5,0.0216138
-0.819343,3.7,0.0316161
-0.819343,3.9,0.0522164
-0.819343,4.1,0.0681717
-0.819343,4.3,0.0593955
-0.819343,4.5,0.020154
-0.819343,4.7,-0.0367572
-0.819343,4.9,-0.0963
-0.819343,5.1,-0.151234
-0.819343,5.3,-0.200337
-0.819343,5.5,-0.244419
-0.819343,5.7,-0.283939
-0.819343,5.9,-0.31774
-0.819343,6.1,-0.342197
-0.819343,6.3,-0.350947
-0.819343,6.5,-0.336355
-0.819343,6.7,-0.29394
-0.819343,6.9,-0.227793
-0.819343,7.1,-0.150882
-0.819343,7.3,-0.0780203
-0.819343,7.5,-0.0185131
-0.819343,7.7,0.0252887
-0.819343,7.9,0.0552795
-0.819343,8.1,0.074715
-0.819343,8.3,0.0866663
-0.819343,8.5,0.0935264
-0.819343,8.7,0.0970064
-0.819343,8.9,0.0982796
-0.819343,9.1,0.0981347
-0.819343,9.3,0.0970974
-0.819343,9.5,0.0955165
-0.819343,9.7,0.0936235
-0.819343,9.9,0.0915719
-0.810221,2.1,0.00801373
-0.810221,2.3,0.0059472
-0.810221,2.5,0.00254287
-0.810221,2.7,0.0052117
-0.810221,2.9,0.0156985
-0.810221,3.1,0.0231581
-0.810221,3.3,0.0224167
-0.810221,3.5,0.0231186
-0.810221,3.7,0.0351705
-0.810221,3.9,0.0561076
-0.810221,4.1,0.0697346
-0.810221,4.3,0.0572166
-0.810221,4.5,0.0155292
-0.810221,4.7,-0.0418849
-0.810221,4.9,-0.101217
-0.810221,5.1,-0.156181
-0.810221,5.3,-0.205742
-0.810221,5.5,-0.250471
-0.810221,5.7,-0.290356
-0.810221,5.9,-0.323579
-0.810221,6.1,-0.34574
-0.810221,6.3,-0.349958
-0.810221,6.5,-0.329152
-0.810221,6.7,-0.281023
-0.810221,6.9,-0.212367
-0.810221,7.1,-0.137051
-0.810221,7.3,-0.068379
-0.810221,7.5,-0.0134873
-0.810221,7.7,0.0265853
-0.810221,7.9,0.0540621
-0.810221,8.1,0.0720228
-0.810221,8.3,0.0832361
-0.810221,8.5,0.0898304
-0.810221,8.7,0.093327
-0.810221,8.9,0.0947755
-0.810221,9.1,0.0948878
-0.810221,9.3,0.0941436
-0.810221,9.5,0.0928652
-0.810221,9.7,0.0912692
-0.810221,9.9,0.0895013
-0.8011,2.1,0.00758556
-0.8011,2.3,0.0056113
-0.8011,2.5,0.00239933
-0.8011,2.7,0.00485731
-0.8011,2.9,0.0144756
-0.8011,3.1,0.0214053
-0.8011,3.3,0.0215797
-0.8011,3.5,0.0241689
-0.8011,3.7,0.0376775
-0.8011,3.9,0.0583058
-0.8011,4.1,0.0694082
-0.8011,4.3,0.0539294
-0.8011,4.5,0.0112237
-0.8011,4.7,-0.0453252
-0.8011,4.9,-0.10336
-0.8011,5.1,-0.157463
-0.8011,5.3,-0.206687
-0.8011,5.5,-0.251286
-0.8011,5.7,-0.290734
-0.8011,5.9,-0.322556
-0.8011,6.1,-0.341695
-0.8011,6.3,-0.341105
-0.8011,6.5,-0.314771
-0.8011,6.7,-0.262781
-0.8011,6.9,-0.194035
-0.8011,7.1,-0.122326
-0.8011,7.3,-0.0590144
-0.8011,7.5,-0.00926827
-0.8011,7.7,0.0268451
-0.8011,7.9,0.0516745
-0.8011,8.1,0.0680498
-0.8011,8.3,0.0784243
-0.8011,8.5,0.0846643
-0.8011,8.7,0.0881051
-0.8011,8.9,0.0896731
-0.8011,9.1,0.0900024
-0.8011,9.3,0.0895245
-0.8011,9.5,0.0885325
-0.8011,9.7,0.087226
-0.8011,9.9,0.0857407
-0.791979,2.1,0.00713148
-0.791979,2.3,0.00525583
-0.791979,2.5,0.00223228
-0.791979,2.7,0.0044598
-0.791979,2.9,0.0132218
-0.791979,3.1,0.0196579
-0.791979,3.3,0.0206353
-0.791979,3.5,0.0247397
-0.791979,3.7,0.0391376
-0.791979,3.9,0.0589098
-0.791979,4.1,0.0674683
-0.791979,4.3,0.0498843
-0.791979,4.5,0.00742622
-0.791979,4.7,-0.0471402
-0.791979,4.9,-0.102985
-0.791979,5.1,-0.155454
-0.791979,5.3,-0.203603
-0.791979,5.5,-0.247327
-0.791979,5.7,-0.285571
-0.791979,5.9,-0.315247
-0.791979,6.1,-0.330829
-0.791979,6.3,-0.325481
-0.791979,6.5,-0.294665
-0.791979,6.7,-0.240779
-0.791979,6.9,-0.174069
-0.791979,7.1,-0.107465
-0.791979,7.3,-0.050232
-0.791979,7.5,-0.00587095
-0.791979,7.7,0.0262186
-0.791979,7.9,0.0483608
-0.791979,8.1,0.063095
-0.791979,8.3,0.0725606
-0.791979,8.5,0.0783732
-0.791979,8.7,0.0816901
-0.791979,8.9,0.0833189
-0.791979,9.1,0.0838171
-0.791979,9.3,0.0835676
-0.791979,9.5,0.0828332
-0.791979,9.7,0.0817948
-0.791979,9.9,0.080577
-0.782857,2.1,0.00666115
-0.782857,2.3,0.0048887
-0.782857,2.5,0.00204997
-0.782857,2.7,0.00403816
-0.782857,2.9,0.0119692
-0.782857,3.1,0.0179383
-0.782857,3.3,0.0195849
-0.782857,3.5,0.0248372
-0.782857,3.7,0.0396043
-0.782857,3.9,0.0580907
-0.782857,4.1,0.0642386
-0.782857,4.3,0.0454002
-0.782857,4.5,0.00423646
-0.782857,4.7,-0.0474954
-0.782857,4.9,-0.100461
-0.782857,5.1,-0.150653
-0.782857,5.3,-0.197072
-0.782857,5.5,-0.239239
-0.782857,5.7,-0.275585
-0.782857,5.9,-0.302497
-0.782857,6.1,-0.314203
-0.782857,6.3,-0.30445
-0.782857,6.5,-0.270422
-0.782857,6.7,-0.216528
-0.782857,6.9,-0.153564
-0.782857,7.1,-0.0930503
-0.782857,7.3,-0.0422239
-0.782857,7.5,-0.00325018
-0.782857,7.7,0.0248865
-0.782857,7.9,0.0443823
-0.782857,8.1,0.05747
-0.782857,8.3,0.0659887
-0.782857,8.5,0.0713195
-0.782857,8.7,0.0744538
-0.782857,8.9,0.0760875
-0.782857,9.1,0.0767044
-0.782857,9.3,0.07664
-0.782857,9.5,0.0761266
-0.782857,9.7,0.0753259
-0.782857,9.9,0.0743504
-0.773736,2.1,0.0061834
-0.773736,2.3,0.00451716
-0.773736,2.5,0.00185981
-0.773736,2.7,0.00360865
-0.773736,2.9,0.0107439
-0.773736,3.1,0.0162659
-0.773736,3.3,0.0184393
-0.773736,3.5,0.0244919
-0.773736,3.7,0.0391728
-0.773736,3.9,0.0560704
-0.773736,4.1,0.0600575
-0.773736,4.3,0.0407464
-0.773736,4.5,0.00168095
-0.773736,4.7,-0.0466182
-0.773736,4.9,-0.0962066
-0.773736,5.1,-0.143615
-0.773736,5.3,-0.187753
-0.773736,5.5,-0.22777
-0.773736,5.7,-0.261628
-0.773736,5.9,-0.285308
-0.773736,6.1,-0.293044
-0.773736,6.3,-0.279483
-0.773736,6.5,-0.243614
-0.773736,6.7,-0.191375
-0.773736,6.9,-0.133399
-0.773736,7.1,-0.0795004
-0.773736,7.3,-0.0350901
-0.773736,7.5,-0.00132189
-0.773736,7.7,0.0230381
-0.773736,7.9,0.0399941
-0.773736,8.1,0.051474
-0.773736,8.3,0.0590381
-0.773736,8.5,0.0638535
-0.773736,8.7,0.0667594
-0.773736,8.9,0.0683487
-0.773736,9.1,0.0690366
-0.773736,9.3,0.069113
-0.773736,9.5,0.068781
-0.773736,9.7,0.0681829
-0.773736,9.9,0.0674189
-0.764615,2.1,0.00570607
-0.764615,2.3,0.0041476
-0.764615,2.5,0.00166815
-0.764615,2.7,0.00318468
-0.764615,2.9,0.00956682
-0.764615,3.1,0.014657
-0.764615,3.3,0.0172156
-0.764615,3.5,0.0237528
-0.764615,3.7,0.0379688
-0.764615,3.9,0.0530989
-0.764615,4.1,0.0552506
-0.764615,4.3,0.0361347
-0.764615,4.5,-0.000267304
-0.764615,4.7,-0.0447627
-0.764615,4.9,-0.0906511
-0.764615,5.1,-0.134903
-0.764615,5.3,-0.176318
-0.764615,5.5,-0.213698
-0.764615,5.7,-0.244601
-0.764615,5.9,-0.264748
-0.764615,6.1,-0.268632
-0.764615,6.3,-0.252044
-0.764615,6.5,-0.215676
-0.764615,6.7,-0.166437
-0.764615,6.9,-0.114233
-0.764615,7.1,-0.0670868
-0.764615,7.3,-0.0288597
-0.764615,7.5,1.87931e-05
-0.764615,7.7,0.0208554
-0.764615,7.9,0.0354282
-0.764615,8.1,0.0453756
-0.764615,8.3,0.0520047
-0.764615,8.5,0.0562906
-0.764615,8.7,0.0589365
-0.764615,8.9,0.0604415
-0.764615,9.1,0.061158
-0.764615,9.3,0.0613339
-0.764615,9.5,0.0611442
-0.764615,9.7,0.0607126
-0.764615,9.9,0.0601271
-0.755494,2.1,0.00523593
-0.755494,2.3,0.00378548
-0.755494,2.5,0.00148022
-0.755494,2.7,0.00277676
-0.755494,2.9,0.00845347
-0.755494,3.1,0.0131249
-0.755494,3.3,0.0159355
-0.755494,3.5,0.0226815
-0.755494,3.7,0.0361364
-0.755494,3.9,0.0494335
-0.755494,4.1,0.0501093
-0.755494,4.3,0.0317198
-0.755494,4.5,-0.00166981
-0.755494,4.7,-0.0421815
-0.755494,4.9,-0.0841974
-0.755494,5.1,-0.125043
-0.755494,5.3,-0.163406
-0.755494,5.5,-0.197776
-0.755494,5.7,-0.225391
-0.755494,5.9,-0.241875
-0.755494,6.1,-0.242216
-0.755494,6.3,-0.223482
-0.755494,6.5,-0.187832
-0.755494,6.7,-0.142581
-0.755494,6.9,-0.0965216
-0.755494,7.1,-0.0559603
-0.755494,7.3,-0.0235109
-0.755494,7.5,0.000883252
-0.755494,7.7,0.0185007
-0.755494,7.9,0.0308823
-0.755494,8.1,0.0394001
-0.755494,8.3,0.0451364
-0.755494,8.5,0.0488971
-0.755494,8.7,0.051265
-0.755494,8.9,0.0526563
-0.755494,9.1,0.0533666
-0.755494,9.3,0.0536055
-0.755494,9.5,0.0535221
-0.755494,9.7,0.0532226
-0.755494,9.9,0.0527833
-0.746372,2.1,0.00477865
-0.746372,2.3,0.00343533
-0.746372,2.5,0.00130012
-0.746372,2.7,0.00239271
-0.746372,2.9,0.00741483
-0.746372,3.1,0.0116801
-0.746372,3.3,0.0146228
-0.746372,3.5,0.0213463
-0.746372,3.7,0.0338271
-0.746372,3.9,0.0453201
-0.746372,4.1,0.0448782
-0.746372,4.3,0.0276045
-0.746372,4.5,-0.00260641
-0.746372,4.7,-0.0391079
-0.746372,4.9,-0.0772037
-0.746372,5.1,-0.114506
-0.746372,5.3,-0.149595
-0.746372,5.5,-0.180699
-0.746372,5.7,-0.20483
-0.746372,5.9,-0.217685
-0.746372,6.1,-0.214942
-0.746372,6.3,-0.194974
-0.746372,6.5,-0.161062
-0.746372,6.7,-0.120427
-0.746372,6.9,-0.0805408
-0.746372,7.1,-0.0461757
-0.746372,7.3,-0.0189874
-0.746372,7.5,0.00137904
-0.746372,7.7,0.01611
-0.746372,7.9,0.0265139
-0.746372,8.1,0.0337243
-0.746372,8.3,0.0386272
-0.746372,8.5,0.0418818
-0.746372,8.7,0.0439667
-0.746372,8.9,0.0452252
-0.746372,9.1,0.0459026
-0.746372,9.3,0.0461744
-0.746372,9.5,0.046166
-0.746372,9.7,0.0459678
-0.746372,9.9,0.0456449
-0.737251,2.1,0.00433885
-0.737251,2.3,0.0031007
-0.737251,2.5,0.00113088
-0.737251,2.7,0.00203792
-0.737251,2.9,0.00645776
-0.737251,3.1,0.01033
-0.737251,3.3,0.0133018
-0.737251,3.5,0.0198178
-0.737251,3.7,0.0311897
-0.737251,3.9,0.0409791
-0.737251,4.1,0.0397496
-0.737251,4.3,0.0238482
-0.737251,4.5,-0.00316284
-0.737251,4.7,-0.0357446
-0.737251,4.9,-0.0699727
-0.737251,5.1,-0.103692
-0.737251,5.3,-0.135385
-0.737251,5.5,-0.163079
-0.737251,5.7,-0.183665
-0.737251,5.9,-0.193074
-0.737251,6.1,-0.187814
-0.737251,6.3,-0.167481
-0.737251,6.5,-0.13609
-0.737251,6.7,-0.100368
-0.737251,6.9,-0.0664192
-0.737251,7.1,-0.0377154
-0.737251,7.3,-0.0152125
-0.737251,7.5,0.00160308
-0.737251,7.7,0.0137897
-0.737251,7.9,0.0224388
-0.737251,8.1,0.0284749
-0.737251,8.3,0.0326158
-0.737251,8.5,0.0353956
-0.737251,8.7,0.0372032
-0.737251,8.9,0.038319
-0.737251,9.1,0.0389449
-0.737251,9.3,0.0392259
-0.737251,9.5,0.0392669
-0.737251,9.7,0.0391434
-0.737251,9.9,0.0389107
-0.72813,2.1,0.0039201
-0.72813,2.3,0.00278431
-0.72813,2.5,0.000974576
-0.72813,2.7,0.00171565
-0.72813,2.9,0.00558567
-0.72813,3.1,0.00907977
-0.72813,3.3,0.0119957
-0.72813,3.5,0.0181644
-0.72813,3.7,0.0283622
-0.72813,3.9,0.0365966
-0.72813,4.1,0.0348646
-0.72813,4.3,0.0204767
-0.72813,4.5,-0.00342213
-0.72813,4.7,-0.0322589
-0.72813,4.9,-0.0627485
-0.72813,5.1,-0.0929235
-0.72813,5.3,-0.121193
-0.72813,5.5,-0.145438
-0.72813,5.7,-0.162541
-0.72813,5.9,-0.168811
-0.72813,6.1,-0.161662
-0.72813,6.3,-0.141737
-0.72813,6.5,-0.113397
-0.72813,6.7,-0.0826076
-0.72813,6.9,-0.0541698
-0.72813,7.1,-0.030511
-0.72813,7.3,-0.0120997
-0.72813,7.5,0.00163798
-0.72813,7.7,0.0116171
-0.72813,7.9,0.0187334
-0.72813,8.1,0.0237324
-0.72813,8.3,0.0271898
-0.72813,8.5,0.0295341
-0.72813,8.7,0.0310783
-0.72813,8.9,0.0320497
-0.72813,9.1,0.0326125
-0.72813,9.3,0.0328857
-0.72813,9.5,0.0329557
-0.72813,9.7,0.0328854
-0.72813,9.9,0.0327208
-0.719008,2.1,0.00352505
-0.719008,2.3,0.002488
-0.719008,2.5,0.000832411
-0.719008,2.7,0.00142737
-0.719008,2.9,0.00479913
-0.719008,3.1,0.00793192
-0.719008,3.3,0.0107255
-0.719008,3.5,0.0164494
-0.719008,3.7,0.0254657
-0.719008,3.9,0.0323202
-0.719008,4.1,0.0303174
-0.719008,4.3,0.0174909
-0.719008,4.5,-0.00345932
-0.719008,4.7,-0.0287831
-0.719008,4.9,-0.0557196
-0.719008,5.1,-0.0824567
-0.719008,5.3,-0.107352
-0.719008,5.5,-0.128205
-0.719008,5.7,-0.141996
-0.719008,5.9,-0.145532
-0.719008,6.1,-0.13713
-0.719008,6.3,-0.118248
-0.719008,6.5,-0.0932475
-0.719008,6.7,-0.0671911
-0.719008,6.9,-0.0437207
-0.719008,7.1,-0.0244605
-0.719008,7.3,-0.00955979
-0.719008,7.5,0.00155062
-0.719008,7.7,0.00964214
-0.719008,7.9,0.0154394
-0.719008,8.1,0.0195368
-0.719008,8.3,0.0223916
-0.719008,8.5,0.0243446
-0.719008,8.7,0.0256457
-0.719008,8.9,0.0264771
-0.719008,9.1,0.0269714
-0.719008,9.3,0.0272252
-0.719008,9.5,0.027309
-0.719008,9.7,0.0272747
-0.719008,9.9,0.0271604
-0.709887,2.1,0.00315548
-0.709887,2.3,0.00221293
-0.709887,2.5,0.000704901
-0.709887,2.7,0.00117316
-0.709887,2.9,0.00409647
-0.709887,3.1,0.00688693
-0.709887,3.3,0.00950944
-0.709887,3.5,0.0147285
-0.709887,3.7,0.0226007
-0.709887,3.9,0.0282591
-0.709887,4.1,0.0261637
-0.709887,4.3,0.0148752
-0.709887,4.5,-0.00333886
-0.709887,4.7,-0.0254164
-0.709887,4.9,-0.0490242
-0.709887,5.1,-0.0724804
-0.709887,5.3,-0.094117
-0.709887,5.5,-0.11172
-0.709887,5.7,-0.122464
-0.709887,5.9,-0.12373
-0.709887,6.1,-0.114677
-0.709887,6.3,-0.0973124
-0.709887,6.5,-0.0757271
-0.709887,6.7,-0.0540474
-0.709887,6.9,-0.0349419
-0.709887,7.1,-0.0194433
-0.709887,7.3,-0.00750713
-0.709887,7.5,0.00139258
-0.709887,7.7,0.00789204
-0.709887,7.9,0.0125697
-0.709887,8.1,0.0158947
-0.709887,8.3,0.0182269
-0.709887,8.5,0.0198349
-0.709887,8.7,0.0209167
-0.709887,8.9,0.0216171
-0.709887,9.1,0.0220422
-0.709887,9.3,0.0222698
-0.709887,9.5,0.0223569
-0.709887,9.7,0.0223457
-0.709887,9.9,0.0222675
-0.700766,2.1,0.0028124
-0.700766,2.3,0.00195962
-0.700766,2.5,0.000591988
-0.700766,2.7,0.000951981
-0.700766,2.9,0.00347434
-0.700766,3.1,0.00594338
-0.700766,3.3,0.00836205
-0.700766,3.5,0.0130479
-0.700766,3.7,0.0198458
-0.700766,3.9,0.0244874
-0.700766,4.1,0.0224275
-0.700766,4.3,0.0126037
-0.700766,4.5,-0.00311373
-0.700766,4.7,-0.0222292
-0.700766,4.9,-0.0427569
-0.700766,5.1,-0.0631285
-0.700766,5.3,-0.0816777
-0.700766,5.5,-0.0962406
-0.700766,5.7,-0.104271
-0.700766,5.9,-0.103759
-0.700766,6.1,-0.0945858
-0.700766,6.3,-0.0790469
-0.700766,6.5,-0.0607791
-0.700766,6.7,-0.0430231
-0.700766,6.9,-0.0276688
-0.700766,7.1,-0.0153316
-0.700766,7.3,-0.00586234
-0.700766,7.5,0.00120163
-0.700766,7.7,0.00637534
-0.700766,7.9,0.010115
-0.700766,8.1,0.0127873
-0.700766,8.3,0.0146731
-0.700766,8.5,0.0159823
-0.700766,8.7,0.0168705
-0.700766,8.9,0.0174518
-0.700766,9.1,0.0178106
-0.700766,9.3,0.0180087
-0.700766,9.5,0.018092
-0.700766,9.7,0.0180946
-0.700766,9.9,0.0180417
-0.691644,2.1,0.00249619
-0.691644,2.3,0.00172805
-0.691644,2.5,0.000493178
-0.691644,2.7,0.00076201
-0.691644,2.9,0.00292814
-0.691644,3.1,0.0050983
-0.691644,3.3,0.00729434
-0.691644,3.5,0.0114443
-0.691644,3.7,0.0172582
-0.691644,3.9,0.0210487
-0.691644,4.1,0.0191101
-0.691644,4.3,0.0106447
-0.691644,4.5,-0.00282593
-0.691644,4.7,-0.0192677
-0.691644,4.9,-0.0369772
-0.691644,5.1,-0.0544875
-0.691644,5.3,-0.0701639
-0.691644,5.5,-0.0819518
-0.691644,5.7,-0.0876482
-0.691644,5.9,-0.0858445
-0.691644,6.1,-0.0769828
-0.691644,6.3,-0.0634212
-0.691644,6.5,-0.0482453
-0.691644,6.7,-0.0339138
-0.691644,6.9,-0.0217199
-0.691644,7.1,-0.0119983
-0.691644,7.3,-0.00455447
-0.691644,7.5,0.00100382
-0.691644,7.7,0.00508677
-0.691644,7.9,0.00805019
-0.691644,8.1,0.0101781
-0.691644,8.3,0.0116878
-0.691644,8.5,0.0127424
-0.691644,8.7,0.0134629
-0.691644,8.9,0.0139387
-0.691644,9.1,0.0142363
-0.691644,9.3,0.0144045
-0.691644,9.5,0.0144799
-0.691644,9.7,0.0144897
-0.691644,9.9,0.0144542
-0.682523,2.1,0.00220668
-0.682523,2.3,0.0015178
-0.682523,2.5,0.000407661
-0.682523,2.7,0.000600881
-0.682523,2.9,0.00245245
-0.682523,3.1,0.00434737
-0.682523,3.3,0.00631364
-0.682523,3.5,0.0099445
-0.682523,3.7,0.0148754
-0.682523,3.9,0.0179623
-0.682523,4.1,0.0161961
-0.682523,4.3,0.00896478
-0.682523,4.5,-0.00250747
-0.682523,4.7,-0.0165586
-0.682523,4.9,-0.0317155
-0.682523,5.1,-0.0466062
-0.682523,5.3,-0.0596563
-0.682523,5.5,-0.0689737
-0.682523,5.7,-0.0727373
-0.682523,5.9,-0.0700889
-0.682523,6.1,-0.0618608
-0.682523,6.3,-0.0502943
-0.682523,6.5,-0.0379019
-0.682523,6.7,-0.0264894
-0.682523,6.9,-0.0169114
-0.682523,7.1,-0.00932309
-0.682523,7.3,-0.00352167
-0.682523,7.5,0.000815828
-0.682523,7.7,0.00401143
-0.682523,7.9,0.00633985
-0.682523,8.1,0.00801918
-0.682523,8.3,0.00921642
-0.682523,8.5,0.0100571
-0.682523,8.7,0.0106349
-0.682523,8.9,0.0110194
-0.682523,9.1,0.0112622
-0.682523,9.3,0.011402
-0.682523,9.5,0.0114675
-0.682523,9.7,0.0114802
-0.682523,9.9,0.0114564
-0.673402,2.1,0.00194325
-0.673402,2.3,0.0013281
-0.673402,2.5,0.000334416
-0.673402,2.7,0.000465909
-0.673402,2.9,0.00204136
-0.673402,3.1,0.00368529
-0.673402,3.3,0.00542388
-0.673402,3.5,0.00856626
-0.673402,3.7,0.0127182
-0.673402,3.9,0.0152284
-0.673402,4.1,0.01366
-0.673402,4.3,0.00753053
-0.673402,4.5,-0.00218188
-0.673402,4.7,-0.0141136
-0.673402,4.9,-0.0269805
-0.673402,5.1,-0.039503
-0.673402,5.3,-0.0501951
-0.673402,5.5,-0.0573691
-0.673402,5.7,-0.0595982
-0.673402,5.9,-0.0564927
-0.673402,6.1,-0.0491082
-0.673402,6.3,-0.0394503
-0.673402,6.5,-0.0294899
-0.673402,6.7,-0.0205141
-0.673402,6.9,-0.0130671
-0.673402,7.1,-0.00719594
-0.673402,7.3,-0.00271117
-0.673402,7.5,0.000647158
-0.673402,7.7,0.00312858
-0.673402,7.9,0.00494319
-0.673402,8.1,0.00625721
-0.673402,8.3,0.007198
-0.673402,8.5,0.00786161
-0.673402,8.7,0.00831995
-0.673402,8.9,0.00862671
-0.673402,9.1,0.00882202
-0.673402,9.3,0.00893589
-0.673402,9.5,0.00899084
-0.673402,9.7,0.00900385
-0.673402,9.9,0.00898774
-0.66428,2.1,0.00170495
-0.66428,2.3,0.00115793
-0.66428,2.5,0.000272301
-0.66428,2.7,0.000354261
-0.66428,2.9,0.00168874
-0.66428,3.1,0.00310598
-0.66428,3.3,0.00462596
-0.66428,3.5,0.00731933
-0.66428,3.7,0.0107937
-0.66428,3.9,0.0128343
-0.66428,4.1,0.0114697
-0.66428,4.3,0.00631045
-0.66428,4.5,-0.00186563
-0.66428,4.7,-0.0119331
-0.66428,4.9,-0.0227643
-0.66428,5.1,-0.0331732
-0.66428,5.3,-0.041787
-0.66428,5.5,-0.0471518
-0.66428,5.7,-0.0482208
-0.66428,5.9,-0.0449714
-0.66428,6.1,-0.0385389
-0.66428,6.3,-0.0306299
-0.66428,6.5,-0.0227398
-0.66428,6.7,-0.0157605
-0.66428,6.9,-0.0100245
-0.66428,7.1,-0.00551922
-0.66428,7.3,-0.00207869
-0.66428,7.5,0.000502168
-0.66428,7.7,0.00241452
-0.66428,7.9,0.00381771
-0.66428,8.1,0.00483746
-0.66428,8.3,0.00557026
-0.66428,8.5,0.00608913
-0.66428,8.7,0.00644892
-0.66428,8.9,0.00669082
-0.66428,9.1,0.00684573
-0.66428,9.3,0.00693685
-0.66428,9.5,0.00698171
-0.66428,9.7,0.00699353
-0.66428,9.9,0.00698238
-0.655159,2.1,0.00149054
-0.655159,2.3,0.00100612
-0.655159,2.5,0.000220121
-0.655159,2.7,0.000263096
-0.655159,2.9,0.00138847
-0.655159,3.1,0.00260286
-0.655159,3.3,0.00391817
-0.655159,3.5,0.00620679
-0.655159,3.7,0.00909861
-0.655159,3.9,0.0107582
-0.655159,4.1,0.00959081
-0.655159,4.3,0.00527555
-0.655159,4.5,-0.00156961
-0.655159,4.7,-0.0100091
-0.655159,4.9,-0.0190475
-0.655159,5.1,-0.0275944
-0.655159,5.3,-0.0344116
-0.655159,5.5,-0.0382933
-0.655159,5.7,-0.0385359
-0.655159,5.9,-0.0353764
-0.655159,6.1,-0.0299198
-0.655159,6.3,-0.0235572
-0.655159,6.5,-0.0173894
-0.655159,6.7,-0.0120189
-0.655159,6.9,-0.00763892
-0.655159,7.1,-0.00420816
-0.655159,7.3,-0.00158766
-0.655159,7.5,0.000381719
-0.655159,7.7,0.00184494
-0.655159,7.9,0.00292188
-0.655159,8.1,0.00370704
-0.655159,8.3,0.00427305
-0.655159,8.5,0.00467507
-0.655159,8.7,0.00495471
-0.655159,8.9,0.00514334
-0.655159,9.1,0.0052646
-0.655159,9.3,0.00533634
-0.655159,9.5,0.00537206
-0.655159,9.7,0.00538202
-0.655159,9.9,0.00537403
-0.646038,2.1,0.00129863
-0.646038,2.3,0.000871353
-0.646038,2.5,0.000176683
-0.646038,2.7,0.000189661
-0.646038,2.9,0.00113459
-0.646038,3.1,0.00216909
-0.646038,3.3,0.00329677
-0.646038,3.5,0.00522645
-0.646038,3.7,0.00762229
-0.646038,3.9,0.00897298
-0.646038,4.1,0.00798831
-0.646038,4.3,0.00439984
-0.646038,4.5,-0.00130037
-0.646038,4.7,-0.0083282
-0.646038,4.9,-0.0158022
-0.646038,5.1,-0.0227312
-0.646038,5.3,-0.0280269
-0.646038,5.5,-0.0307305
-0.646038,5.7,-0.0304285
-0.646038,5.9,-0.0275165
-0.646038,6.1,-0.0229961
-0.646038,6.3,-0.0179595
-0.646038,6.5,-0.0131961
-0.646038,6.7,-0.00910261
-0.646038,6.9,-0.00578464
-0.646038,7.1,-0.00319068
-0.646038,7.3,-0.00120823
-0.646038,7.5,0.000284487
-0.646038,7.7,0.00139639
-0.646038,7.9,0.00221705
-0.646038,8.1,0.00281703
-0.646038,8.3,0.0032507
-0.646038,8.5,0.00355947
-0.646038,8.7,0.00377475
-0.646038,8.9,0.00392028
-0.646038,9.1,0.00401404
-0.646038,9.3,0.00406966
-0.646038,9.5,0.00409748
-0.646038,9.7,0.00410539
-0.646038,9.9,0.00409942
-0.636916,2.1,0.00112768
-0.636916,2.3,0.000752288
-0.636916,2.5,0.00014084
-0.636916,2.7,0.000131367
-0.636916,2.9,0.000921425
-0.636916,3.1,0.00179778
-0.636916,3.3,0.00275646
-0.636916,3.5,0.00437222
-0.636916,3.7,0.00634907
-0.636916,3.9,0.00744928
-0.636916,4.1,0.00662847
-0.636916,4.3,0.00366031
-0.636916,4.5,-0.00106118
-0.636916,4.7,-0.00687347
-0.636916,4.9,-0.0129954
-0.636916,5.1,-0.0185388
-0.636916,5.3,-0.0225733
-0.636916,5.5,-0.0243726
-0.636916,5.7,-0.0237508
-0.636916,5.9,-0.0211775
-0.636916,6.1,-0.017511
-0.636916,6.3,-0.013582
-0.636916,6.5,-0.00994311
-0.636916,6.7,-0.00684994
-0.636916,6.9,-0.00435484
-0.636916,7.1,-0.00240655
-0.636916,7.3,-0.0009163
-0.636916,7.5,0.000207944
-0.636916,7.7,0.00104737
-0.636916,7.9,0.00166847
-0.636916,8.1,0.00212363
-0.636916,8.3,0.00245334
-0.636916,8.5,0.00268853
-0.636916,8.7,0.00285276
-0.636916,8.9,0.0029639
-0.636916,9.1,0.00303555
-0.636916,9.3,0.00307805
-0.636916,9.5,0.00309928
-0.636916,9.7,0.00310524
-0.636916,9.9,0.00310057
-0.627795,2.1,0.000976106
-0.627795,2.3,0.000647556
-0.627795,2.5,0.000111515
-0.627795,2.7,8.58318e-05
-0.627795,2.9,0.000743672
-0.627795,3.1,0.00148212
-0.627795,3.3,0.00229089
-0.627795,3.5,0.00363535
-0.627795,3.7,0.00526051
-0.627795,3.9,0.00615726
-0.627795,4.1,0.00547978
-0.627795,4.3,0.00303694
-0.627795,4.5,-0.000852997
-0.627795,4.7,-0.0056259
-0.627795,4.9,-0.0105911
-0.627795,5.1,-0.0149659
-0.627795,5.3,-0.0179782
-0.627795,5.5,-0.0191088
-0.627795,5.7,-0.0183361
-0.627795,5.9,-0.016139
-0.627795,6.1,-0.0132208
-0.627795,6.3,-0.0101958
-0.627795,6.5,-0.00744324
-0.627795,6.7,-0.00512423
-0.627795,6.9,-0.0032605
-0.627795,7.1,-0.00180617
-0.627795,7.3,-0.000692603
-0.627795,7.5,0.000149039
-0.627795,7.7,0.000778829
-0.627795,7.9,0.00124583
-0.627795,8.1,0.00158874
-0.627795,8.3,0.00183756
-0.627795,8.5,0.00201528
-0.627795,8.7,0.00213948
-0.627795,8.9,0.00222354
-0.627795,9.1,0.00227769
-0.627795,9.3,0.00230972
-0.627795,9.5,0.00232559
-0.627795,9.7,0.00232987
-0.627795,9.9,0.00232607
