-0.978966,2.2,0.00818236
-0.978966,2.6,-0.00679763
-0.978966,3,0.0099326
-0.978966,3.4,0.0991292
-0.978966,3.8,0.0842315
-0.978966,4.2,0.0217467
-0.978966,4.6,-0.030905
-0.978966,5,-0.0666644
-0.978966,5.4,-0.0693692
-0.978966,5.8,-0.0649189
-0.978966,6.2,-0.0646405
-0.978966,6.6,-0.0686226
-0.978966,7,-0.0759225
-0.978966,7.4,-0.0822752
-0.978966,7.8,-0.0706675
-0.978966,8.2,-0.0290042
-0.978966,8.6,0.00351737
-0.978966,9,0.0136091
-0.978966,9.4,0.0143831
-0.978966,9.8,0.0126933
-0.960723,2.2,0.00790931
-0.960723,2.6,-0.00989015
-0.960723,3,0.0298282
-0.960723,3.4,0.131227
-0.960723,3.8,0.0861953
-0.960723,4.2,-0.00568783
-0.960723,4.6,-0.0636011
-0.960723,5,-0.080928
-0.960723,5.4,-0.0818223
-0.960723,5.8,-0.0875211
-0.960723,6.2,-0.0986677
-0.960723,6.6,-0.114249
-0.960723,7,-0.131489
-0.960723,7.4,-0.135021
-0.960723,7.8,-0.0870396
-0.960723,8.2,-0.00454005
-0.960723,8.6,0.0385886
-0.960723,9,0.0473444
-0.960723,9.4,0.0444776
-0.960723,9.8,0.0390647
-0.942481,2.2,0.00646369
-0.942481,2.6,-0.00994766
-0.942481,3,0.0478733
-0.942481,3.4,0.137847
-0.942481,3.8,0.0613373
-0.942481,4.2,-0.0383405
-0.942481,4.6,-0.0720682
-0.942481,5,-0.0661396
-0.942481,5.4,-0.0730596
-0.942481,5.8,-0.0917
-0.942481,6.2,-0.115291
-0.942481,6.6,-0.142073
-0.942481,7,-0.165007
-0.942481,7.4,-0.152927
-0.942481,7.8,-0.0643012
-0.942481,8.2,0.0340214
-0.942481,8.6,0.0734675
-0.942481,9,0.0782962
-0.942481,9.4,0.0724701
-0.942481,9.8,0.0645953
-0.924238,2.2,0.00438963
-0.924238,2.6,-0.00799185
-0.924238,3,0.060855
-0.924238,3.4,0.126858
-0.924238,3.8,0.0315311
-0.924238,4.2,-0.0551023
-0.924238,4.6,-0.0645995
-0.924238,5,-0.0576505
-0.924238,5.4,-0.0757542
-0.924238,5.8,-0.104106
-0.924238,6.2,-0.135882
-0.924238,6.6,-0.168336
-0.924238,7,-0.186558
-0.924238,7.4,-0.144224
-0.924238,7.8,-0.0251052
-0.924238,8.2,0.0675885
-0.924238,8.6,0.0975924
-0.924238,9,0.098348
-0.924238,9.4,0.0906297
-0.924238,9.8,0.0815468
-0.905995,2.2,0.00199568
-0.905995,2.6,-0.00533471
-0.905995,3,0.0679228
-0.905995,3.4,0.108826
-0.905995,3.8,0.013606
-0.905995,4.2,-0.0531565
-0.905995,4.6,-0.0654833
-0.905995,5,-0.0829602
-0.905995,5.4,-0.114907
-0.905995,5.8,-0.149509
-0.905995,6.2,-0.184648
-0.905995,6.6,-0.214296
-0.905995,7,-0.209516
-0.905995,7.4,-0.117479
-0.905995,7.8,0.023287
-0.905995,8.2,0.102239
-0.905995,8.6,0.121278
-0.905995,9,0.116907
-0.905995,9.4,0.106471
-0.905995,9.8,0.0956284
-0.887753,2.2,-0.000552723
-0.887753,2.6,-0.00303235
-0.887753,3,0.0696032
-0.887753,3.4,0.0919331
-0.887753,3.8,0.0120936
-0.887753,4.2,-0.0427943
-0.887753,4.6,-0.0920703
-0.887753,5,-0.151548
-0.887753,5.4,-0.199537
-0.887753,5.8,-0.239141
-0.887753,6.2,-0.273401
-0.887753,6.6,-0.287114
-0.887753,7,-0.230729
-0.887753,7.4,-0.0703268
-0.887753,7.8,0.0848808
-0.887753,8.2,0.149166
-0.887753,8.6,0.157135
-0.887753,9,0.146153
-0.887753,9.4,0.131267
-0.887753,9.8,0.117123
-0.86951,2.2,-0.0031436
-0.86951,2.6,-0.00168819
-0.86951,3,0.0670664
-0.86951,3.4,0.0799399
-0.86951,3.8,0.0226903
-0.86951,4.2,-0.0359743
-0.86951,4.6,-0.147244
-0.86951,5,-0.255457
-0.86951,5.4,-0.321469
-0.86951,5.8,-0.366563
-0.86951,6.2,-0.394584
-0.86951,6.6,-0.372233
-0.86951,7,-0.232688
-0.86951,7.4,-0.00182892
-0.86951,7.8,0.15794
-0.86951,8.2,0.208821
-0.86951,8.6,0.207013
-0.86951,9,0.189266
-0.86951,9.4,0.1692
-0.86951,9.8,0.150882
-0.851267,2.2,-0.00566525
-0.851267,2.6,-0.00146935
-0.851267,3,0.0616483
-0.851267,3.4,0.072981
-0.851267,3.8,0.0382214
-0.851267,4.2,-0.0398015
-0.851267,4.6,-0.22086
-0.851267,5,-0.374127
-0.851267,5.4,-0.459042
-0.851267,5.8,-0.509885
-0.851267,6.2,-0.523142
-0.851267,6.6,-0.440625
-0.851267,7,-0.201878
-0.851267,7.4,0.0786647
-0.851267,7.8,0.232115
-0.851267,8.2,0.271552
-0.851267,8.6,0.262535
-0.851267,9,0.239625
-0.851267,9.4,0.215317
-0.851267,9.8,0.193368
-0.833025,2.2,-0.007992
-0.833025,2.6,-0.00222238
-0.833025,3,0.0545733
-0.833025,3.4,0.0693747
-0.833025,3.8,0.0524002
-0.833025,4.2,-0.0549321
-0.833025,4.6,-0.295736
-0.833025,5,-0.483056
-0.833025,5.4,-0.585702
-0.833025,5.8,-0.640444
-0.833025,6.2,-0.627538
-0.833025,6.6,-0.466887
-0.833025,7,-0.141449
-0.833025,7.4,0.156076
-0.833025,7.8,0.294803
-0.833025,8.2,0.324964
-0.833025,8.6,0.311776
-0.833025,9,0.286283
-0.833025,9.4,0.259793
-0.833025,9.8,0.235836
-0.814782,2.2,-0.00999587
-0.814782,2.6,-0.0036158
-0.814782,3,0.0468239
-0.814782,3.4,0.0671028
-0.814782,3.8,0.0612641
-0.814782,4.2,-0.0769093
-0.814782,4.6,-0.355484
-0.814782,5,-0.562946
-0.814782,5.4,-0.679715
-0.814782,5.8,-0.733789
-0.814782,6.2,-0.68371
-0.814782,6.6,-0.443361
-0.814782,7,-0.0671479
-0.814782,7.4,0.217248
-0.814782,7.8,0.336558
-0.814782,8.2,0.359488
-0.814782,8.6,0.344879
-0.814782,9,0.319421
-0.814782,9.4,0.293068
-0.814782,9.8,0.269088
-0.796539,2.2,-0.0115678
-0.796539,2.6,-0.00526824
-0.796539,3,0.0391092
-0.796539,3.4,0.0645895
-0.796539,3.8,0.0633378
-0.796539,4.2,-0.0991017
-0.796539,4.6,-0.390345
-0.796539,5,-0.604728
-0.796539,5.4,-0.729917
-0.796539,5.8,-0.776858
-0.796539,6.2,-0.68317
-0.796539,6.6,-0.380344
-0.796539,7,0.00354092
-0.796539,7.4,0.25471
-0.796539,7.8,0.353161
-0.796539,8.2,0.370623
-0.796539,8.6,0.35666
-0.796539,9,0.33331
-0.796539,9.4,0.309042
-0.796539,9.8,0.286795
-0.778297,2.2,-0.0126361
-0.778297,2.6,-0.00684177
-0.778297,3,0.0318903
-0.778297,3.4,0.0609404
-0.778297,3.8,0.0591956
-0.778297,4.2,-0.115798
-0.778297,4.6,-0.398577
-0.778297,5,-0.60911
-0.778297,5.4,-0.73577
-0.778297,5.8,-0.768779
-0.778297,6.2,-0.632291
-0.778297,6.6,-0.29693
-0.778297,7,0.0584752
-0.778297,7.4,0.266991
-0.778297,7.8,0.345454
-0.778297,8.2,0.35889
-0.778297,8.6,0.346876
-0.778297,9,0.326941
-0.778297,9.4,0.306045
-0.778297,9.8,0.286743
-0.760054,2.2,-0.013177
-0.760054,2.6,-0.00809407
-0.760054,3,0.0254304
-0.760054,3.4,0.0558912
-0.760054,3.8,0.0507078
-0.760054,4.2,-0.124029
-0.760054,4.6,-0.384244
-0.760054,5,-0.582907
-0.760054,5.4,-0.703861
-0.760054,5.8,-0.717385
-0.760054,6.2,-0.546433
-0.760054,6.6,-0.211683
-0.760054,7,0.0926164
-0.760054,7.4,0.257295
-0.760054,7.8,0.318039
-0.760054,8.2,0.328573
-0.760054,8.6,0.319123
-0.760054,9,0.303163
-0.760054,9.4,0.286227
-0.760054,9.8,0.270465
-0.741812,2.2,-0.0132134
-0.741812,2.6,-0.00889368
-0.741812,3,0.0198483
-0.741812,3.4,0.0496401
-0.741812,3.8,0.0401815
-0.741812,4.2,-0.12366
-0.741812,4.6,-0.35394
-0.741812,5,-0.535135
-0.741812,5.4,-0.643887
-0.741812,5.8,-0.634858
-0.741812,6.2,-0.443596
-0.741812,6.6,-0.137505
-0.741812,7,0.106772
-0.741812,7.4,0.2316
-0.741812,7.8,0.277519
-0.741812,8.2,0.285964
-0.741812,8.6,0.279157
-0.741812,9,0.26713
-0.741812,9.4,0.254158
-0.741812,9.8,0.241991
-0.723569,2.2,-0.0128073
-0.723569,2.6,-0.00920852
-0.723569,3,0.0151647
-0.723569,3.4,0.0426518
-0.723569,3.8,0.0296381
-0.723569,4.2,-0.116399
-0.723569,4.6,-0.314306
-0.723569,5,-0.474407
-0.723569,5.4,-0.565832
-0.723569,5.8,-0.534455
-0.723569,6.2,-0.339832
-0.723569,6.6,-0.0805131
-0.723569,7,0.105287
-0.723569,7.4,0.196745
-0.723569,7.8,0.230788
-0.723569,8.2,0.237684
-0.723569,8.6,0.233229
-0.723569,9,0.224689
-0.723569,9.4,0.215275
-0.723569,9.8,0.206375
-0.705326,2.2,-0.0120464
-0.705326,2.6,-0.00908015
-0.705326,3,0.0113377
-0.705326,3.4,0.035479
-0.705326,3.8,0.0204163
-0.705326,4.2,-0.104625
-0.705326,4.6,-0.270762
-0.705326,5,-0.407744
-0.705326,5.4,-0.478592
-0.705326,5.8,-0.428556
-0.705326,6.2,-0.246703
-0.705326,6.6,-0.0412956
-0.705326,7,0.0937782
-0.705326,7.4,0.158918
-0.705326,7.8,0.183747
-0.705326,8.2,0.189415
-0.705326,8.6,0.186828
-0.705326,9,0.181117
-0.705326,9.4,0.174637
-0.705326,9.8,0.168458
-0.687084,2.2,-0.0110303
-0.687084,2.6,-0.00859421
-0.687084,3,0.00828823
-0.687084,3.4,0.0286241
-0.687084,3.8,0.0131237
-0.687084,4.2,-0.0905817
-0.687084,4.6,-0.227184
-0.687084,5,-0.340364
-0.687084,5.4,-0.389583
-0.687084,5.8,-0.327489
-0.687084,6.2,-0.170486
-0.687084,6.6,-0.0170934
-0.687084,7,0.0774649
-0.687084,7.4,0.122769
-0.687084,7.8,0.14061
-0.687084,8.2,0.145232
-0.687084,8.6,0.143978
-0.687084,9,0.14039
-0.687084,9.4,0.136157
-0.687084,9.8,0.132083
-0.668841,2.2,-0.00985765
-0.668841,2.6,-0.00785435
-0.668841,3,0.00591801
-0.668841,3.4,0.0224555
-0.668841,3.8,0.00781069
-0.668841,4.2,-0.0760069
-0.668841,4.6,-0.186062
-0.668841,5,-0.275924
-0.668841,5.4,-0.30478
-0.668841,5.8,-0.238711
-0.668841,6.2,-0.112745
-0.668841,6.6,-0.00387021
-0.668841,7,0.0602799
-0.668841,7.4,0.0911487
-0.668841,7.8,0.103775
-0.668841,8.2,0.107469
-0.668841,8.6,0.107064
-0.668841,9,0.104957
-0.668841,9.4,0.102332
-0.668841,9.8,0.0997815
-0.650598,2.2,-0.00861717
-0.650598,2.6,-0.00696294
-0.650598,3,0.0041214
-0.650598,3.4,0.0171796
-0.650598,3.8,0.00421021
-0.650598,4.2,-0.0620689
-0.650598,4.6,-0.14883
-0.650598,5,-0.216909
-0.650598,5.4,-0.228748
-0.650598,5.8,-0.166325
-0.650598,6.2,-0.0717777
-0.650598,6.6,0.00225634
-0.650598,7,0.0446538
-0.650598,7.4,0.0653033
-0.650598,7.8,0.0740947
-0.650598,8.2,0.0769614
-0.650598,8.6,0.0770261
-0.650598,9,0.0758803
-0.650598,9.4,0.0743375
-0.650598,9.8,0.0728219
-0.632356,2.2,-0.00738191
-0.632356,2.6,-0.00600905
-0.632356,3,0.00279413
-0.632356,3.4,0.0128559
-0.632356,3.8,0.00193649
-0.632356,4.2,-0.0494501
-0.632356,4.6,-0.116189
-0.632356,5,-0.164956
-0.632356,5.4,-0.164528
-0.632356,5.8,-0.111187
-0.632356,6.2,-0.0442692
-0.632356,6.6,0.00431985
-0.632356,7,0.0317305
-0.632356,7.4,0.0453085
-0.632356,7.8,0.0513209
-0.632356,8.2,0.0534716
-0.632356,8.6,0.0537439
-0.632356,9,0.0531764
-0.632356,9.4,0.0523174
-0.632356,9.8,0.0514636
