-0.983527,2.1,0.00285117
-0.983527,2.3,0.00365457
-0.983527,2.5,0.00124885
-0.983527,2.7,-0.00441827
-0.983527,2.9,-0.00372747
-0.983527,3.1,0.0102588
-0.983527,3.3,0.0295128
-0.983527,3.5,0.0397515
-0.983527,3.7,0.036365
-0.983527,3.9,0.0252985
-0.983527,4.1,0.0130236
-0.983527,4.3,0.00193345
-0.983527,4.5,-0.00807246
-0.983527,4.7,-0.017178
-0.983527,4.9,-0.0240456
-0.983527,5.1,-0.0269134
-0.983527,5.3,-0.026479
-0.983527,5.5,-0.0248847
-0.983527,5.7,-0.0234342
-0.983527,5.9,-0.022504
-0.983527,6.1,-0.0221053
-0.983527,6.3,-0.0221729
-0.983527,6.5,-0.0226496
-0.983527,6.7,-0.0234947
-0.983527,6.9,-0.0246626
-0.983527,7.1,-0.0260535
-0.983527,7.3,-0.0274111
-0.983527,7.5,-0.0281488
-0.983527,7.7,-0.0272014
-0.983527,7.9,-0.0233828
-0.983527,8.1,-0.0167281
-0.983527,8.3,-0.00929185
-0.983527,8.5,-0.00334828
-0.983527,8.7,0.00040279
-0.983527,8.9,0.00241082
-0.983527,9.1,0.00332895
-0.983527,9.3,0.00363758
-0.983527,9.5,0.00362582
-0.983527,9.7,0.00345478
-0.983527,9.9,0.00321151
-0.974405,2.1,0.00348885
-0.974405,2.3,0.00401452
-0.974405,2.5,0.000697955
-0.974405,2.7,-0.0049101
-0.974405,2.9,-0.000997677
-0.974405,3.1,0.0178796
-0.974405,3.3,0.0396568
-0.974405,3.5,0.0481556
-0.974405,3.7,0.0399746
-0.974405,3.9,0.0235056
-0.974405,4.1,0.00674075
-0.974405,4.3,-0.00753618
-0.974405,4.5,-0.0192539
-0.974405,4.7,-0.028134
-0.974405,4.9,-0.0329096
-0.974405,5.1,-0.0335277
-0.974405,5.3,-0.0321567
-0.974405,5.5,-0.0307631
-0.974405,5.7,-0.0300438
-0.974405,5.9,-0.0300387
-0.974405,6.1,-0.0306397
-0.974405,6.3,-0.0317518
-0.974405,6.5,-0.0333113
-0.974405,6.7,-0.0352566
-0.974405,6.9,-0.0374693
-0.974405,7.1,-0.0396603
-0.974405,7.3,-0.0411673
-0.974405,7.5,-0.0406985
-0.974405,7.7,-0.0364119
-0.974405,7.9,-0.0272222
-0.974405,8.1,-0.0149342
-0.974405,8.3,-0.00357035
-0.974405,8.5,0.00426458
-0.974405,8.7,0.00857403
-0.974405,8.9,0.0104686
-0.974405,9.1,0.0109788
-0.974405,9.3,0.0107714
-0.974405,9.5,0.0102234
-0.974405,9.7,0.00953564
-0.974405,9.9,0.00881134
-0.965284,2.1,0.00408843
-0.965284,2.3,0.00429229
-0.965284,2.5,0.00031064
-0.965284,2.7,-0.00456068
-0.965284,2.9,0.00283229
-0.965284,3.1,0.0254807
-0.965284,3.3,0.0477221
-0.965284,3.5,0.0525707
-0.965284,3.7,0.0386518
-0.965284,3.9,0.0169203
-0.965284,4.1,-0.00339244
-0.965284,4.3,-0.0191785
-0.965284,4.5,-0.0300412
-0.965284,4.7,-0.0356261
-0.965284,4.9,-0.0362831
-0.965284,5.1,-0.0345206
-0.965284,5.3,-0.033017
-0.965284,5.5,-0.0327036
-0.965284,5.7,-0.0334537
-0.965284,5.9,-0.034972
-0.965284,6.1,-0.0370597
-0.965284,6.3,-0.0396124
-0.965284,6.5,-0.0425621
-0.965284,6.7,-0.0458034
-0.965284,6.9,-0.0490803
-0.965284,7.1,-0.0517856
-0.965284,7.3,-0.0526535
-0.965284,7.5,-0.0495445
-0.965284,7.7,-0.0401554
-0.965284,7.9,-0.0245445
-0.965284,8.1,-0.00700994
-0.965284,8.3,0.0071084
-0.965284,8.5,0.0157729
-0.965284,8.7,0.0199401
-0.965284,8.9,0.0212958
-0.965284,9.1,0.0211346
-0.965284,9.3,0.0202371
-0.965284,9.5,0.0190281
-0.965284,9.7,0.0177273
-0.965284,9.9,0.0164431
-0.956163,2.1,0.00465125
-0.956163,2.3,0.0045409
-0.956163,2.5,0.000164184
-0.956163,2.7,-0.00346184
-0.956163,2.9,0.00734943
-0.956163,3.1,0.0325751
-0.956163,3.3,0.0535178
-0.956163,3.5,0.0533452
-0.956163,3.7,0.0334403
-0.956163,3.9,0.00729995
-0.956163,4.1,-0.0149769
-0.956163,4.3,-0.0301147
-0.956163,4.5,-0.0376145
-0.956163,4.7,-0.0380831
-0.956163,4.9,-0.0346504
-0.956163,5.1,-0.0316899
-0.956163,5.3,-0.0311197
-0.956163,5.5,-0.0325523
-0.956163,5.7,-0.0351811
-0.956163,5.9,-0.0384979
-0.956163,6.1,-0.0422715
-0.956163,6.3,-0.0464064
-0.956163,6.5,-0.0508226
-0.956163,6.7,-0.0553346
-0.956163,6.9,-0.0594701
-0.956163,7.1,-0.062171
-0.956163,7.3,-0.0614222
-0.956163,7.5,-0.054301
-0.956163,7.7,-0.038707
-0.956163,7.9,-0.01681
-0.956163,8.1,0.00470289
-0.956163,8.3,0.0202434
-0.956163,8.5,0.0288944
-0.956163,8.7,0.0324986
-0.956163,8.9,0.0331343
-0.956163,9.1,0.032238
-0.956163,9.3,0.0306404
-0.956163,9.5,0.0287835
-0.956163,9.7,0.026891
-0.956163,9.9,0.0250701
-0.947041,2.1,0.00517461
-0.947041,2.3,0.00479326
-0.947041,2.5,0.000283236
-0.947041,2.7,-0.00176005
-0.947041,2.9,0.0121852
-0.947041,3.1,0.0388438
-0.947041,3.3,0.0571116
-0.947041,3.5,0.0512184
-0.947041,3.7,0.0258841
-0.947041,3.9,-0.00312615
-0.947041,4.1,-0.0253762
-0.947041,4.3,-0.0377902
-0.947041,4.5,-0.0404404
-0.947041,4.7,-0.036016
-0.947041,4.9,-0.0303379
-0.947041,5.1,-0.0280042
-0.947041,5.3,-0.0293767
-0.947041,5.5,-0.0329744
-0.947041,5.7,-0.0376256
-0.947041,5.9,-0.0427735
-0.947041,6.1,-0.0482185
-0.947041,6.3,-0.0538879
-0.947041,6.5,-0.0596724
-0.947041,6.7,-0.0652552
-0.947041,6.9,-0.0698521
-0.947041,7.1,-0.0718185
-0.947041,7.3,-0.0683102
-0.947041,7.5,-0.0559026
-0.947041,7.7,-0.0335598
-0.947041,7.9,-0.00615948
-0.947041,8.1,0.0179407
-0.947041,8.3,0.0338674
-0.947041,8.5,0.0419969
-0.947041,8.7,0.0448584
-0.947041,8.9,0.0447511
-0.947041,9.1,0.0431636
-0.947041,9.3,0.0409344
-0.947041,9.5,0.0385039
-0.947041,9.7,0.0360919
-0.947041,9.9,0.0338009
-0.93792,2.1,0.00565266
-0.93792,2.3,0.00506454
-0.93792,2.5,0.000652902
-0.93792,2.7,0.000372942
-0.93792,2.9,0.0170287
-0.93792,3.1,0.0441016
-0.93792,3.3,0.0587587
-0.93792,3.5,0.0471644
-0.93792,3.7,0.0177048
-0.93792,3.9,-0.0121662
-0.93792,4.1,-0.0323681
-0.93792,4.3,-0.0406307
-0.93792,4.5,-0.0385156
-0.93792,4.7,-0.0313301
-0.93792,4.9,-0.0262635
-0.93792,5.1,-0.0264904
-0.93792,5.3,-0.0306689
-0.93792,5.5,-0.0367027
-0.93792,5.7,-0.043398
-0.93792,5.9,-0.0503078
-0.93792,6.1,-0.057322
-0.93792,6.3,-0.0643967
-0.93792,6.5,-0.0713611
-0.93792,6.7,-0.0776925
-0.93792,6.9,-0.0821678
-0.93792,7.1,-0.0824029
-0.93792,7.3,-0.0747198
-0.93792,7.5,-0.0556913
-0.93792,7.7,-0.0262807
-0.93792,7.9,0.00576703
-0.93792,8.1,0.031396
-0.93792,8.3,0.0470936
-0.93792,8.5,0.0544721
-0.93792,8.7,0.0565497
-0.93792,8.9,0.055733
-0.93792,9.1,0.0535138
-0.93792,9.3,0.0507185
-0.93792,9.5,0.0477781
-0.93792,9.7,0.0449055
-0.93792,9.9,0.0421983
-0.928799,2.1,0.00607764
-0.928799,2.3,0.0053559
-0.928799,2.5,0.00123172
-0.928799,2.7,0.00276199
-0.928799,2.9,0.0216307
-0.928799,3.1,0.0482669
-0.928799,3.3,0.058831
-0.928799,3.5,0.0422162
-0.928799,3.7,0.0104732
-0.928799,3.9,-0.0181001
-0.928799,4.1,-0.0345724
-0.928799,4.3,-0.0382448
-0.928799,4.5,-0.0329986
-0.928799,4.7,-0.0264052
-0.928799,4.9,-0.0250724
-0.928799,5.1,-0.0296396
-0.928799,5.3,-0.037373
-0.928799,5.5,-0.046085
-0.928799,5.7,-0.0548588
-0.928799,5.9,-0.0634886
-0.928799,6.1,-0.0719972
-0.928799,6.3,-0.0803602
-0.928799,6.5,-0.0882891
-0.928799,6.7,-0.0949395
-0.928799,6.9,-0.0984687
-0.928799,7.1,-0.095578
-0.928799,7.3,-0.0818633
-0.928799,7.5,-0.0546479
-0.928799,7.7,-0.0178122
-0.928799,7.9,0.0182714
-0.928799,8.1,0.0448218
-0.928799,8.3,0.0600298
-0.928799,8.5,0.0666011
-0.928799,8.7,0.0679048
-0.928799,8.9,0.0664013
-0.928799,9.1,0.0635708
-0.928799,9.3,0.0602255
-0.928799,9.5,0.0567872
-0.928799,9.7,0.0534633
-0.928799,9.9,0.0503471
-0.919677,2.1,0.00644107
-0.919677,2.3,0.0056586
-0.919677,2.5,0.00196318
-0.919677,2.7,0.00524349
-0.919677,2.9,0.0258006
-0.919677,3.1,0.0513345
-0.919677,3.3,0.0577477
-0.919677,3.5,0.0373058
-0.919677,3.7,0.00536714
-0.919677,3.9,-0.0199175
-0.919677,4.1,-0.0315615
-0.919677,4.3,-0.0312304
-0.919677,4.5,-0.0256114
-0.919677,4.7,-0.0234121
-0.919677,4.9,-0.02872
-0.919677,5.1,-0.0391629
-0.919677,5.3,-0.0511398
-0.919677,5.5,-0.0628287
-0.919677,5.7,-0.0738194
-0.919677,5.9,-0.0842414
-0.919677,6.1,-0.0942712
-0.919677,6.3,-0.10387
-0.919677,6.5,-0.112536
-0.919677,6.7,-0.118924
-0.919677,6.9,-0.120325
-0.919677,7.1,-0.112358
-0.919677,7.3,-0.0902143
-0.919677,7.5,-0.0530175
-0.919677,7.7,-0.00833696
-0.919677,7.9,0.0314366
-0.919677,8.1,0.0586554
-0.919677,8.3,0.0733398
-0.919677,8.5,0.0791371
-0.919677,8.7,0.0796868
-0.919677,8.9,0.0774904
-0.919677,9.1,0.0740232
-0.919677,9.3,0.0700915
-0.919677,9.5,0.0661136
-0.919677,9.7,0.0622951
-0.919677,9.9,0.058727
-0.910556,2.1,0.00673501
-0.910556,2.3,0.00595794
-0.910556,2.5,0.00278512
-0.910556,2.7,0.00767467
-0.910556,2.9,0.0294023
-0.910556,3.1,0.0533535
-0.910556,3.3,0.0559165
-0.910556,3.5,0.03315
-0.910556,3.7,0.00305919
-0.910556,3.9,-0.0173405
-0.910556,4.1,-0.0237161
-0.910556,4.3,-0.0207979
-0.910556,4.5,-0.0181188
-0.910556,4.7,-0.0239514
-0.910556,4.9,-0.0383343
-0.910556,5.1,-0.0559187
-0.910556,5.3,-0.0727957
-0.910556,5.5,-0.0878558
-0.910556,5.7,-0.101346
-0.910556,5.9,-0.113783
-0.910556,6.1,-0.125487
-0.910556,6.3,-0.136333
-0.910556,6.5,-0.145451
-0.910556,6.7,-0.150744
-0.910556,6.9,-0.148335
-0.910556,7.1,-0.132696
-0.910556,7.3,-0.099297
-0.910556,7.5,-0.0503668
-0.910556,7.7,0.002437
-0.910556,7.9,0.0456609
-0.910556,8.1,0.0734814
-0.910556,8.3,0.0877222
-0.910556,8.5,0.092826
-0.910556,8.7,0.0926539
-0.910556,8.9,0.0897521
-0.910556,9.1,0.0856066
-0.910556,9.3,0.0810297
-0.910556,9.5,0.076445
-0.910556,9.7,0.0720611
-0.910556,9.9,0.0679703
-0.901435,2.1,0.00695293
-0.901435,2.3,0.00623674
-0.901435,2.5,0.00363684
-0.901435,2.7,0.00993854
-0.901435,2.9,0.0323482
-0.901435,3.1,0.0544085
-0.901435,3.3,0.0536903
-0.901435,3.5,0.0301988
-0.901435,3.7,0.00372923
-0.901435,3.9,-0.0106938
-0.901435,4.1,-0.0119617
-0.901435,4.3,-0.00839745
-0.901435,4.5,-0.0119974
-0.901435,4.7,-0.0289249
-0.901435,4.9,-0.0542138
-0.901435,5.1,-0.0799167
-0.901435,5.3,-0.102313
-0.901435,5.5,-0.121228
-0.901435,5.7,-0.137638
-0.901435,5.9,-0.152451
-0.901435,6.1,-0.166081
-0.901435,6.3,-0.178195
-0.901435,6.5,-0.187329
-0.901435,6.7,-0.190311
-0.901435,6.9,-0.181809
-0.901435,7.1,-0.155356
-0.901435,7.3,-0.107854
-0.901435,7.5,-0.045953
-0.901435,7.7,0.0148336
-0.901435,7.9,0.0611931
-0.901435,8.1,0.0895936
-0.901435,8.3,0.103515
-0.901435,8.5,0.108043
-0.901435,8.7,0.107216
-0.901435,8.9,0.103628
-0.901435,9.1,0.0987898
-0.901435,9.3,0.0935304
-0.901435,9.5,0.0882872
-0.901435,9.7,0.083278
-0.901435,9.9,0.0786001
-0.892313,2.1,0.00709046
-0.892313,2.3,0.00647801
-0.892313,2.5,0.00446391
-0.892313,2.7,0.0119456
-0.892313,2.9,0.0345924
-0.892313,3.1,0.054605
-0.892313,3.3,0.0513416
-0.892313,3.5,0.0286382
-0.892313,3.7,0.00715965
-0.892313,3.9,-0.000709101
-0.892313,4.1,0.00249939
-0.892313,4.3,0.0045567
-0.892313,4.5,-0.00827571
-0.892313,4.7,-0.0385366
-0.892313,4.9,-0.0758923
-0.892313,5.1,-0.110374
-0.892313,5.3,-0.138836
-0.892313,5.5,-0.162137
-0.892313,5.7,-0.181981
-0.892313,5.9,-0.199617
-0.892313,6.1,-0.215454
-0.892313,6.3,-0.228767
-0.892313,6.5,-0.23721
-0.892313,6.7,-0.236173
-0.892313,6.9,-0.218738
-0.892313,7.1,-0.178152
-0.892313,7.3,-0.114306
-0.892313,7.5,-0.0391743
-0.892313,7.7,0.0288625
-0.892313,7.9,0.0778671
-0.892313,8.1,0.106793
-0.892313,8.3,0.120527
-0.892313,8.5,0.124632
-0.892313,8.7,0.123272
-0.892313,8.9,0.11908
-0.892313,9.1,0.113595
-0.892313,9.3,0.107673
-0.892313,9.5,0.101771
-0.892313,9.7,0.0961222
-0.892313,9.9,0.0908325
-0.883192,2.1,0.0071457
-0.883192,2.3,0.00666691
-0.883192,2.5,0.00522123
-0.883192,2.7,0.0136336
-0.883192,2.9,0.0361249
-0.883192,3.1,0.054058
-0.883192,3.3,0.0490546
-0.883192,3.5,0.0284342
-0.883192,3.7,0.0128646
-0.883192,3.9,0.0116673
-0.883192,4.1,0.0183983
-0.883192,4.3,0.0168519
-0.883192,4.5,-0.0074916
-0.883192,4.7,-0.0523665
-0.883192,4.9,-0.102251
-0.883192,5.1,-0.145827
-0.883192,5.3,-0.180775
-0.883192,5.5,-0.20898
-0.883192,5.7,-0.23279
-0.883192,5.9,-0.253697
-0.883192,6.1,-0.27195
-0.883192,6.3,-0.286192
-0.883192,6.5,-0.292855
-0.883192,6.7,-0.285597
-0.883192,6.9,-0.256085
-0.883192,7.1,-0.198481
-0.883192,7.3,-0.117294
-0.883192,7.5,-0.0298804
-0.883192,7.7,0.0440967
-0.883192,7.9,0.0950776
-0.883192,8.1,0.124414
-0.883192,8.3,0.138082
-0.883192,8.5,0.141947
-0.883192,8.7,0.140228
-0.883192,8.9,0.135582
-0.883192,9.1,0.129572
-0.883192,9.3,0.123081
-0.883192,9.5,0.116591
-0.883192,9.7,0.110353
-0.883192,9.9,0.104487
-0.874071,2.1,0.00711941
-0.874071,2.3,0.00679195
-0.874071,2.5,0.00587443
-0.874071,2.7,0.0149653
-0.874071,2.9,0.0369654
-0.874071,3.1,0.0528836
-0.874071,3.3,0.0469308
-0.874071,3.5,0.0293957
-0.874071,3.7,0.0202153
-0.874071,3.9,0.0254267
-0.874071,4.1,0.0345407
-0.874071,4.3,0.0275583
-0.874071,4.5,-0.00971957
-0.874071,4.7,-0.0694898
-0.874071,4.9,-0.131679
-0.874071,5.1,-0.184295
-0.874071,5.3,-0.225973
-0.874071,5.5,-0.259507
-0.874071,5.7,-0.287747
-0.874071,5.9,-0.312274
-0.874071,6.1,-0.332975
-0.874071,6.3,-0.347575
-0.874071,6.5,-0.350954
-0.874071,6.7,-0.334918
-0.874071,6.9,-0.290364
-0.874071,7.1,-0.213976
-0.874071,7.3,-0.116073
-0.874071,7.5,-0.0184441
-0.874071,7.7,0.0597544
-0.874071,7.9,0.111923
-0.874071,8.1,0.141495
-0.874071,8.3,0.155194
-0.874071,8.5,0.159009
-0.874071,8.7,0.157145
-0.874071,8.9,0.15225
-0.874071,9.1,0.1459
-0.874071,9.3,0.139002
-0.874071,9.5,0.132063
-0.874071,9.7,0.125352
-0.874071,9.9,0.119007
-0.864949,2.1,0.00701491
-0.864949,2.3,0.00684565
-0.864949,2.5,0.00640013
-0.864949,2.7,0.0159259
-0.864949,2.9,0.0371573
-0.864949,3.1,0.051194
-0.864949,3.3,0.0450042
-0.864949,3.5,0.0312386
-0.864949,3.7,0.0285414
-0.864949,3.9,0.039603
-0.864949,4.1,0.0498895
-0.864949,4.3,0.0360547
-0.864949,4.5,-0.014642
-0.864949,4.7,-0.0886318
-0.864949,4.9,-0.162267
-0.864949,5.1,-0.223505
-0.864949,5.3,-0.271931
-0.864949,5.5,-0.311054
-0.864949,5.7,-0.344033
-0.864949,5.9,-0.372338
-0.864949,6.1,-0.395253
-0.864949,6.3,-0.409289
-0.864949,6.5,-0.407535
-0.864949,6.7,-0.380133
-0.864949,6.9,-0.318336
-0.864949,7.1,-0.223026
-0.864949,7.3,-0.110635
-0.864949,7.5,-0.0056353
-0.864949,7.7,0.074884
-0.864949,7.9,0.127404
-0.864949,8.1,0.156992
-0.864949,8.3,0.170779
-0.864949,8.5,0.174718
-0.864949,8.7,0.172929
-0.864949,8.9,0.168016
-0.864949,9.1,0.16155
-0.864949,9.3,0.154454
-0.864949,9.5,0.147254
-0.864949,9.7,0.140241
-0.864949,9.9,0.133567
-0.855828,2.1,0.00683777
-0.855828,2.3,0.00682466
-0.855828,2.5,0.00678531
-0.855828,2.7,0.0165196
-0.855828,2.9,0.0367623
-0.855828,3.1,0.0490935
-0.855828,3.3,0.0432605
-0.855828,3.5,0.0336418
-0.855828,3.7,0.0372018
-0.855828,3.9,0.053337
-0.855828,4.1,0.0636078
-0.855828,4.3,0.0420198
-0.855828,4.5,-0.0216482
-0.855828,4.7,-0.108345
-0.855828,4.9,-0.192034
-0.855828,5.1,-0.261134
-0.855828,5.3,-0.316072
-0.855828,5.5,-0.360825
-0.855828,5.7,-0.398623
-0.855828,5.9,-0.4306
-0.855828,6.1,-0.455185
-0.855828,6.3,-0.467413
-0.855828,6.5,-0.458517
-0.855828,6.7,-0.417559
-0.855828,6.9,-0.337606
-0.855828,7.1,-0.225017
-0.855828,7.3,-0.101595
-0.855828,7.5,0.00759032
-0.855828,7.7,0.0885537
-0.855828,7.9,0.140607
-0.855828,8.1,0.169954
-0.855828,8.3,0.183835
-0.855828,8.5,0.188036
-0.855828,8.7,0.186521
-0.855828,8.9,0.181816
-0.855828,9.1,0.175468
-0.855828,9.3,0.1684
-0.855828,9.5,0.161153
-0.855828,9.7,0.154035
-0.855828,9.9,0.147214
-0.846707,2.1,0.00659548
-0.846707,2.3,0.00672948
-0.846707,2.5,0.00702618
-0.846707,2.7,0.0167659
-0.846707,2.9,0.0358546
-0.846707,3.1,0.0466773
-0.846707,3.3,0.0416554
-0.846707,3.5,0.0362894
-0.846707,3.7,0.0456293
-0.846707,3.9,0.0659112
-0.846707,4.1,0.0750776
-0.846707,4.3,0.0454017
-0.846707,4.5,-0.0299506
-0.846707,4.7,-0.127193
-0.846707,4.9,-0.219145
-0.846707,5.1,-0.295056
-0.846707,5.3,-0.356011
-0.846707,5.5,-0.406172
-0.846707,5.7,-0.448597
-0.846707,5.9,-0.483846
-0.846707,6.1,-0.509252
-0.846707,6.3,-0.51821
-0.846707,6.5,-0.500285
-0.846707,6.7,-0.444401
-0.846707,6.9,-0.34695
-0.846707,7.1,-0.220267
-0.846707,7.3,-0.089939
-0.846707,7.5,0.0202905
-0.846707,7.7,0.0999909
-0.846707,7.9,0.150819
-0.846707,8.1,0.179645
-0.846707,8.3,0.193579
-0.846707,8.5,0.198124
-0.846707,8.7,0.19704
-0.846707,8.9,0.192739
-0.846707,9.1,0.18672
-0.846707,9.3,0.179897
-0.846707,9.5,0.172815
-0.846707,9.7,0.165794
-0.846707,9.9,0.159017
-0.837585,2.1,0.00629697
-0.837585,2.3,0.00656398
-0.837585,2.5,0.00712666
-0.837585,2.7,0.0166957
-0.837585,2.9,0.0345159
-0.837585,3.1,0.0440302
-0.837585,3.3,0.0401315
-0.837585,3.5,0.0388981
-0.837585,3.7,0.0533539
-0.837585,3.9,0.0767663
-0.837585,4.1,0.0839034
-0.837585,4.3,0.0463715
-0.837585,4.5,-0.0387039
-0.837585,4.7,-0.143907
-0.837585,4.9,-0.242086
-0.837585,5.1,-0.323537
-0.837585,5.3,-0.389769
-0.837585,5.5,-0.444854
-0.837585,5.7,-0.49143
-0.837585,5.9,-0.529263
-0.837585,6.1,-0.554397
-0.837585,6.3,-0.558569
-0.837585,6.5,-0.530143
-0.837585,6.7,-0.45909
-0.837585,6.9,-0.346332
-0.837585,7.1,-0.20978
-0.837585,7.3,-0.0767801
-0.837585,7.5,0.0316748
-0.837585,7.7,0.108657
-0.837585,7.9,0.157592
-0.837585,8.1,0.18561
-0.837585,8.3,0.199506
-0.837585,8.5,0.204422
-0.837585,8.7,0.203868
-0.837585,8.9,0.200117
-0.837585,9.1,0.194601
-0.837585,9.3,0.188208
-0.837585,9.5,0.181479
-0.837585,9.7,0.174742
-0.837585,9.9,0.168187
-0.828464,2.1,0.00595209
-0.828464,2.3,0.00633476
-0.828464,2.5,0.0070967
-0.828464,2.7,0.0163483
-0.828464,2.9,0.0328312
-0.828464,3.1,0.041227
-0.828464,3.3,0.0386301
-0.828464,3.5,0.0412336
-0.828464,3.7,0.0600126
-0.828464,3.9,0.0855064
-0.828464,4.1,0.0899041
-0.828464,4.3,0.0452662
-0.828464,4.5,-0.0471149
-0.828464,4.7,-0.157513
-0.828464,4.9,-0.259789
-0.828464,5.1,-0.345366
-0.828464,5.3,-0.41593
-0.828464,5.5,-0.475207
-0.828464,5.7,-0.525197
-0.828464,5.9,-0.564681
-0.828464,6.1,-0.588311
-0.828464,6.3,-0.586318
-0.828464,6.5,-0.546579
-0.828464,6.7,-0.461339
-0.828464,6.9,-0.336686
-0.828464,7.1,-0.194922
-0.828464,7.3,-0.0631618
-0.828464,7.5,0.041174
-0.828464,7.7,0.114271
-0.828464,7.9,0.160749
-0.828464,8.1,0.18768
-0.828464,8.3,0.20141
-0.828464,8.5,0.20667
-0.828464,8.7,0.206689
-0.828464,8.9,0.203579
-0.828464,9.1,0.198687
-0.828464,9.3,0.192865
-0.828464,9.5,0.18664
-0.828464,9.7,0.180338
-0.828464,9.9,0.174157
-0.819343,2.1,0.0055712
-0.819343,2.3,0.00605043
-0.819343,2.5,0.00695064
-0.819343,2.7,0.0157676
-0.819343,2.9,0.0308842
-0.819343,3.1,0.0383327
-0.819343,3.3,0.0371003
-0.819343,3.5,0.0431173
-0.819343,3.7,0.06535
-0.819343,3.9,0.0918963
-0.819343,4.1,0.0930951
-0.819343,4.3,0.0425255
-0.819343,4.5,-0.054526
-0.819343,4.7,-0.167391
-0.819343,4.9,-0.27168
-0.819343,5.1,-0.359905
-0.819343,5.3,-0.433702
-0.819343,5.5,-0.496235
-0.819343,5.7,-0.548686
-0.819343,5.9,-0.588719
-0.819343,6.1,-0.60959
-0.819343,6.3,-0.600363
-0.819343,6.5,-0.549304
-0.819343,6.7,-0.451974
-0.819343,6.9,-0.319579
-0.819343,7.1,-0.177158
-0.819343,7.3,-0.0499474
-0.819343,7.5,0.0484568
-0.819343,7.7,0.11679
-0.819343,7.9,0.160364
-0.819343,8.1,0.18595
-0.819343,8.3,0.199366
-0.819343,8.5,0.204898
-0.819343,8.7,0.20548
-0.819343,8.9,0.203046
-0.819343,9.1,0.198849
-0.819343,9.3,0.193688
-0.819343,9.5,0.188072
-0.819343,9.7,0.182319
-0.819343,9.9,0.176628
-0.810221,2.1,0.00516463
-0.810221,2.3,0.00572087
-0.810221,2.5,0.00670567
-0.810221,2.7,0.0149997
-0.810221,2.9,0.0287542
-0.810221,3.1,0.0354032
-0.810221,3.3,0.0355035
-0.810221,3.5,0.044427
-0.810221,3.7,0.069213
-0.810221,3.9,0.0958536
-0.810221,4.1,0.0936598
-0.810221,4.3,0.03863
-0.810221,4.5,-0.060467
-0.810221,4.7,-0.173284
-0.810221,4.9,-0.27765
-0.810221,5.1,-0.367057
-0.810221,5.3,-0.442894
-0.810221,5.5,-0.507602
-0.810221,5.7,-0.561412
-0.810221,5.9,-0.60081
-0.810221,6.1,-0.617766
-0.810221,6.3,-0.600672
-0.810221,6.5,-0.539105
-0.810221,6.7,-0.432626
-0.810221,6.9,-0.296877
-0.810221,7.1,-0.157847
-0.810221,7.3,-0.0377732
-0.810221,7.5,0.0534105
-0.810221,7.7,0.116376
-0.810221,7.9,0.156715
-0.810221,8.1,0.180737
-0.810221,8.3,0.193683
-0.810221,8.5,0.199387
-0.810221,8.7,0.200479
-0.810221,8.9,0.19871
-0.810221,9.1,0.195225
-0.810221,9.3,0.190769
-0.810221,9.5,0.185821
-0.810221,9.7,0.180687
-0.810221,9.9,0.175562
-0.8011,2.1,0.00474239
-0.8011,2.3,0.0053566
-0.8011,2.5,0.00638039
-0.8011,2.7,0.0140902
-0.8011,2.9,0.0265142
-0.8011,3.1,0.0324862
-0.8011,3.3,0.0338153
-0.8011,3.5,0.0450929
-0.8011,3.7,0.071543
-0.8011,3.9,0.0974341
-0.8011,4.1,0.0919122
-0.8011,4.3,0.0340461
-0.8011,4.5,-0.0646714
-0.8011,4.7,-0.175262
-0.8011,4.9,-0.277993
-0.8011,5.1,-0.367186
-0.8011,5.3,-0.443839
-0.8011,5.5,-0.509557
-0.8011,5.7,-0.563552
-0.8011,5.9,-0.601134
-0.8011,6.1,-0.613219
-0.8011,6.3,-0.588129
-0.8011,6.5,-0.517592
-0.8011,6.7,-0.405393
-0.8011,6.9,-0.27047
-0.8011,7.1,-0.138141
-0.8011,7.3,-0.0270491
-0.8011,7.5,0.0561037
-0.8011,7.7,0.113347
-0.8011,7.9,0.150236
-0.8011,8.1,0.172518
-0.8011,8.3,0.184847
-0.8011,8.5,0.190605
-0.8011,8.7,0.192125
-0.8011,8.9,0.190972
-0.8011,9.1,0.188179
-0.8011,9.3,0.184429
-0.8011,9.5,0.180166
-0.8011,9.7,0.175681
-0.8011,9.9,0.17116
-0.791979,2.1,0.00431379
-0.791979,2.3,0.00496818
-0.791979,2.5,0.00599367
-0.791979,2.7,0.0130823
-0.791979,2.9,0.0242282
-0.791979,3.1,0.0296217
-0.791979,3.3,0.0320255
-0.791979,3.5,0.0450922
-0.791979,3.7,0.0723642
-0.791979,3.9,0.0968119
-0.791979,4.1,0.0882538
-0.791979,4.3,0.0291856
-0.791979,4.5,-0.0670615
-0.791979,4.7,-0.173646
-0.791979,4.9,-0.273294
-0.791979,5.1,-0.360999
-0.791979,5.3,-0.437269
-0.791979,5.5,-0.502818
-0.791979,5.7,-0.555818
-0.791979,5.9,-0.590491
-0.791979,6.1,-0.597022
-0.791979,6.3,-0.564318
-0.791979,6.5,-0.486898
-0.791979,6.7,-0.372537
-0.791979,6.9,-0.242095
-0.791979,7.1,-0.118941
-0.791979,7.3,-0.0179843
-0.791979,7.5,0.0567414
-0.791979,7.7,0.108123
-0.791979,7.9,0.141458
-0.791979,8.1,0.161878
-0.791979,8.3,0.17346
-0.791979,8.5,0.179154
-0.791979,8.7,0.181004
-0.791979,8.9,0.18039
-0.791979,9.1,0.178237
-0.791979,9.3,0.17516
-0.791979,9.5,0.171566
-0.791979,9.7,0.167725
-0.791979,9.9,0.163814
-0.782857,2.1,0.00388722
-0.782857,2.3,0.00456571
-0.782857,2.5,0.00556372
-0.782857,2.7,0.0120153
-0.782857,2.9,0.0219513
-0.782857,3.1,0.0268427
-0.782857,3.3,0.0301368
-0.782857,3.5,0.0444419
-0.782857,3.7,0.0717717
-0.782857,3.9,0.094254
-0.782857,4.1,0.0831285
-0.782857,4.3,0.02438
-0.782857,4.5,-0.0677152
-0.782857,4.7,-0.168929
-0.782857,4.9,-0.264327
-0.782857,5.1,-0.349424
-0.782857,5.3,-0.424186
-0.782857,5.5,-0.488427
-0.782857,5.7,-0.539315
-0.782857,5.9,-0.570138
-0.782857,6.1,-0.570751
-0.782857,6.3,-0.531275
-0.782857,6.5,-0.449395
-0.782857,6.7,-0.336247
-0.782857,6.9,-0.213223
-0.782857,7.1,-0.100892
-0.782857,7.3,-0.0106265
-0.782857,7.5,0.0556195
-0.782857,7.7,0.101185
-0.782857,7.9,0.130959
-0.782857,8.1,0.149451
-0.782857,8.3,0.160183
-0.782857,8.5,0.165701
-0.782857,8.7,0.167775
-0.782857,8.9,0.167612
-0.782857,9.1,0.166026
-0.782857,9.3,0.163565
-0.782857,9.5,0.160597
-0.782857,9.7,0.15737
-0.782857,9.9,0.154046
-0.773736,2.1,0.00346999
-0.773736,2.3,0.00415853
-0.773736,2.5,0.00510732
-0.773736,2.7,0.0109238
-0.773736,2.9,0.0197286
-0.773736,3.1,0.0241757
-0.773736,3.3,0.0281622
-0.773736,3.5,0.0431905
-0.773736,3.7,0.0699162
-0.773736,3.9,0.090091
-0.773736,4.1,0.0769818
-0.773736,4.3,0.0198715
-0.773736,4.5,-0.0668207
-0.773736,4.7,-0.161695
-0.773736,4.9,-0.251949
-0.773736,5.1,-0.333492
-0.773736,5.3,-0.405733
-0.773736,5.5,-0.46762
-0.773736,5.7,-0.515395
-0.773736,5.9,-0.541631
-0.773736,6.1,-0.536295
-0.773736,6.3,-0.491267
-0.773736,6.5,-0.407464
-0.773736,6.7,-0.298484
-0.773736,6.9,-0.185023
-0.773736,7.1,-0.0844143
-0.773736,7.3,-0.00490231
-0.773736,7.5,0.0530832
-0.773736,7.7,0.0930247
-0.773736,7.9,0.11932
-0.773736,8.1,0.135868
-0.773736,8.3,0.145679
-0.773736,8.5,0.150925
-0.773736,8.7,0.153123
-0.773736,8.9,0.153315
-0.773736,9.1,0.152212
-0.773736,9.3,0.150296
-0.773736,9.5,0.147894
-0.773736,9.7,0.14523
-0.773736,9.9,0.142453
-0.764615,2.1,0.00306821
-0.764615,2.3,0.00375487
-0.764615,2.5,0.00463941
-0.764615,2.7,0.00983721
-0.764615,2.9,0.0175956
-0.764615,3.1,0.0216417
-0.764615,3.3,0.0261227
-0.764615,3.5,0.0414109
-0.764615,3.7,0.0669892
-0.764615,3.9,0.0846865
-0.764615,4.1,0.0702269
-0.764615,4.3,0.0158158
-0.764615,4.5,-0.0646328
-0.764615,4.7,-0.152553
-0.764615,4.9,-0.237025
-0.764615,5.1,-0.314249
-0.764615,5.3,-0.383097
-0.764615,5.5,-0.441711
-0.764615,5.7,-0.485529
-0.764615,5.9,-0.506678
-0.764615,6.1,-0.495685
-0.764615,6.3,-0.44659
-0.764615,6.5,-0.363314
-0.764615,6.7,-0.260889
-0.764615,6.9,-0.158357
-0.764615,7.1,-0.0697361
-0.764615,7.3,-0.000657402
-0.764615,7.5,0.049492
-0.764615,7.7,0.0841161
-0.764615,7.9,0.107085
-0.764615,8.1,0.121723
-0.764615,8.3,0.130573
-0.764615,8.5,0.135471
-0.764615,8.7,0.137702
-0.764615,8.9,0.138157
-0.764615,9.1,0.13745
-0.764615,9.3,0.135999
-0.764615,9.5,0.134093
-0.764615,9.7,0.131931
-0.764615,9.9,0.129649
-0.755494,2.1,0.0026868
-0.755494,2.3,0.00336176
-0.755494,2.5,0.00417272
-0.755494,2.7,0.00877936
-0.755494,2.9,0.0155791
-0.755494,3.1,0.0192563
-0.755494,3.3,0.0240448
-0.755494,3.5,0.0391924
-0.755494,3.7,0.0632063
-0.755494,3.9,0.0784079
-0.755494,4.1,0.063222
-0.755494,4.3,0.012294
-0.755494,4.5,-0.0614334
-0.755494,4.7,-0.142085
-0.755494,4.9,-0.220364
-0.755494,5.1,-0.292686
-0.755494,5.3,-0.357423
-0.755494,5.5,-0.411997
-0.755494,5.7,-0.451206
-0.755494,5.9,-0.467022
-0.755494,6.1,-0.450955
-0.755494,6.3,-0.399423
-0.755494,6.5,-0.318872
-0.755494,6.7,-0.22475
-0.755494,6.9,-0.133809
-0.755494,7.1,-0.0569363
-0.755494,7.3,0.00231009
-0.755494,7.5,0.0451915
-0.755494,7.7,0.0748865
-0.755494,7.9,0.0947357
-0.755494,8.1,0.107539
-0.755494,8.3,0.11542
-0.755494,8.5,0.119914
-0.755494,8.7,0.122102
-0.755494,8.9,0.122736
-0.755494,9.1,0.12234
-0.755494,9.3,0.121276
-0.755494,9.5,0.119794
-0.755494,9.7,0.118067
-0.755494,9.9,0.116218
-0.746372,2.1,0.00232949
-0.746372,2.3,0.00298493
-0.746372,2.5,0.00371774
-0.746372,2.7,0.00776878
-0.746372,2.9,0.0136976
-0.746372,3.1,0.0170306
-0.746372,3.3,0.0219575
-0.746372,3.5,0.0366335
-0.746372,3.7,0.0587921
-0.746372,3.9,0.0716021
-0.746372,4.1,0.0562574
-0.746372,4.3,0.00932849
-0.746372,4.5,-0.0575022
-0.746372,4.7,-0.130813
-0.746372,4.9,-0.202685
-0.746372,5.1,-0.269694
-0.746372,5.3,-0.329763
-0.746372,5.5,-0.379704
-0.746372,5.7,-0.413854
-0.746372,5.9,-0.424347
-0.746372,6.1,-0.404028
-0.746372,6.3,-0.351709
-0.746372,6.5,-0.275713
-0.746372,6.7,-0.191005
-0.746372,6.9,-0.111723
-0.746372,7.1,-0.0459817
-0.746372,7.3,0.00422163
-0.746372,7.5,0.0404935
-0.746372,7.7,0.0656999
-0.746372,7.9,0.0826763
-0.746372,8.1,0.0937515
-0.746372,8.3,0.100682
-0.746372,8.5,0.10474
-0.746372,8.7,0.106823
-0.746372,8.9,0.107564
-0.746372,9.1,0.107404
-0.746372,9.3,0.10665
-0.746372,9.5,0.105519
-0.746372,9.7,0.104162
-0.746372,9.9,0.102684
-0.737251,2.1,0.0019989
-0.737251,2.3,0.00262883
-0.737251,2.5,0.00328268
-0.737251,2.7,0.00681905
-0.737251,2.9,0.0119628
-0.737251,3.1,0.0149715
-0.737251,3.3,0.0198907
-0.737251,3.5,0.0338355
-0.737251,3.7,0.0539658
-0.737251,3.9,0.0645765
-0.737251,4.1,0.0495527
-0.737251,4.3,0.00689979
-0.737251,4.5,-0.0530961
-0.737251,4.7,-0.119185
-0.737251,4.9,-0.184601
-0.737251,5.1,-0.246041
-0.737251,5.3,-0.301047
-0.737251,5.5,-0.345936
-0.737251,5.7,-0.374792
-0.737251,5.9,-0.380214
-0.737251,6.1,-0.356638
-0.737251,6.3,-0.305091
-0.737251,6.5,-0.235042
-0.737251,6.7,-0.160268
-0.737251,6.9,-0.092244
-0.737251,7.1,-0.0367623
-0.737251,7.3,0.00529735
-0.737251,7.5,0.0356634
-0.737251,7.7,0.0568483
-0.737251,7.9,0.0712223
-0.737251,8.1,0.0807004
-0.737251,8.3,0.086722
-0.737251,8.5,0.0903296
-0.737251,8.7,0.0922652
-0.737251,8.9,0.0930528
-0.737251,9.1,0.0930614
-0.737251,9.3,0.0925509
-0.737251,9.5,0.0917049
-0.737251,9.7,0.0906531
-0.737251,9.9,0.0894876
-0.72813,2.1,0.00169661
-0.72813,2.3,0.00229666
-0.72813,2.5,0.00287361
-0.72813,2.7,0.00593932
-0.72813,2.9,0.0103803
-0.72813,3.1,0.0130818
-0.72813,3.3,0.0178732
-0.72813,3.5,0.0308966
-0.72813,3.7,0.0489299
-0.72813,3.9,0.0575877
-0.72813,4.1,0.043261
-0.72813,4.3,0.00496149
-0.72813,4.5,-0.0484376
-0.72813,4.7,-0.107563
-0.72813,4.9,-0.166607
-0.72813,5.1,-0.222366
-0.72813,5.3,-0.272066
-0.72813,5.5,-0.311662
-0.72813,5.7,-0.335199
-0.72813,5.9,-0.336018
-0.72813,6.1,-0.310273
-0.72813,6.3,-0.260871
-0.72813,6.5,-0.197696
-0.72813,6.7,-0.132871
-0.72813,6.9,-0.0753677
-0.72813,7.1,-0.0291196
-0.72813,7.3,0.00574139
-0.72813,7.5,0.0309141
-0.72813,7.7,0.0485496
-0.72813,7.9,0.0606018
-0.72813,8.1,0.0686294
-0.72813,8.3,0.0737999
-0.72813,8.5,0.0769615
-0.72813,8.7,0.0787206
-0.72813,8.9,0.0795083
-0.72813,9.1,0.0796304
-0.72813,9.3,0.0793041
-0.72813,9.5,0.0786838
-0.72813,9.7,0.07788
-0.72813,9.9,0.0769715
-0.719008,2.1,0.00142331
-0.719008,2.3,0.00199053
-0.719008,2.5,0.00249469
-0.719008,2.7,0.0051349
-0.719008,2.9,0.00895078
-0.719008,3.1,0.0113617
-0.719008,3.3,0.0159307
-0.719008,3.5,0.0279075
-0.719008,3.7,0.0438612
-0.719008,3.9,0.0508367
-0.719008,4.1,0.0374772
-0.719008,4.3,0.00345274
-0.719008,4.5,-0.0437099
-0.719008,4.7,-0.0962305
-0.719008,4.9,-0.149093
-0.719008,5.1,-0.199179
-0.719008,5.3,-0.243473
-0.719008,5.5,-0.277707
-0.719008,5.7,-0.296097
-0.719008,5.9,-0.292952
-0.719008,6.1,-0.266143
-0.719008,6.3,-0.219999
-0.719008,6.5,-0.164181
-0.719008,6.7,-0.108922
-0.719008,6.9,-0.060978
-0.719008,7.1,-0.02287
-0.719008,7.3,0.00573289
-0.719008,7.5,0.026405
-0.719008,7.7,0.0409512
-0.719008,7.9,0.0509618
-0.719008,8.1,0.0576925
-0.719008,8.3,0.0620823
-0.719008,8.5,0.0648152
-0.719008,8.7,0.0663828
-0.719008,8.9,0.0671366
-0.719008,9.1,0.067328
-0.719008,9.3,0.0671365
-0.719008,9.5,0.0666911
-0.719008,9.7,0.0660846
-0.719008,9.9,0.0653841
-0.709887,2.1,0.00117893
-0.709887,2.3,0.00171153
-0.709887,2.5,0.00214837
-0.709887,2.7,0.00440789
-0.709887,2.9,0.00767126
-0.709887,3.1,0.00980806
-0.709887,3.3,0.0140856
-0.709887,3.5,0.024948
-0.709887,3.7,0.0389061
-0.709887,3.9,0.0444699
-0.709887,4.1,0.0322492
-0.709887,4.3,0.00230756
-0.709887,4.5,-0.0390568
-0.709887,4.7,-0.0853966
-0.709887,4.9,-0.132349
-0.709887,5.1,-0.176875
-0.709887,5.3,-0.215794
-0.709887,5.5,-0.244754
-0.709887,5.7,-0.258343
-0.709887,5.9,-0.251995
-0.709887,6.1,-0.225165
-0.709887,6.3,-0.183094
-0.709887,6.5,-0.134719
-0.709887,6.7,-0.0883479
-0.709887,6.9,-0.0488853
-0.709887,7.1,-0.0178228
-0.709887,7.3,0.00542155
-0.709887,7.5,0.0222459
-0.709887,7.7,0.034138
-0.709887,7.9,0.0423773
-0.709887,8.1,0.0479658
-0.709887,8.3,0.0516523
-0.709887,8.5,0.0539841
-0.709887,8.7,0.0553562
-0.709887,8.9,0.0560533
-0.709887,9.1,0.0562799
-0.709887,9.3,0.0561835
-0.709887,9.5,0.0558705
-0.709887,9.7,0.0554184
-0.709887,9.9,0.0548834
-0.700766,2.1,0.000962748
-0.700766,2.3,0.00145992
-0.700766,2.5,0.00183569
-0.700766,2.7,0.00375786
-0.700766,2.9,0.00653568
-0.700766,3.1,0.00841571
-0.700766,3.3,0.0123556
-0.700766,3.5,0.0220845
-0.700766,3.7,0.034178
-0.700766,3.9,0.0385836
-0.700766,4.1,0.0275886
-0.700766,4.3,0.00146112
-0.700766,4.5,-0.0345855
-0.700766,4.7,-0.0752068
-0.700766,4.9,-0.116579
-0.700766,5.1,-0.155743
-0.700766,5.3,-0.189432
-0.700766,5.5,-0.213349
-0.700766,5.7,-0.222628
-0.700766,5.9,-0.213899
-0.700766,6.1,-0.187963
-0.700766,6.3,-0.15047
-0.700766,6.5,-0.109299
-0.700766,6.7,-0.0709519
-0.700766,6.9,-0.0388565
-0.700766,7.1,-0.0137924
-0.700766,7.3,0.0049269
-0.700766,7.5,0.0185027
-0.700766,7.7,0.0281424
-0.700766,7.9,0.0348643
-0.700766,8.1,0.0394607
-0.700766,8.3,0.0425242
-0.700766,8.5,0.0444891
-0.700766,8.7,0.0456707
-0.700766,8.9,0.0462974
-0.700766,9.1,0.0465345
-0.700766,9.3,0.0465019
-0.700766,9.5,0.0462871
-0.700766,9.7,0.0459536
-0.700766,9.9,0.0455485
-0.691644,2.1,0.000773558
-0.691644,2.3,0.00123526
-0.691644,2.5,0.00155656
-0.691644,2.7,0.00318236
-0.691644,2.9,0.00553594
-0.691644,3.1,0.00717744
-0.691644,3.3,0.0107539
-0.691644,3.5,0.0193691
-0.691644,3.7,0.0297586
-0.691644,3.9,0.0332319
-0.691644,4.1,0.0234815
-0.691644,4.3,0.000853748
-0.691644,4.5,-0.0303712
-0.691644,4.7,-0.0657537
-0.691644,4.9,-0.101916
-0.691644,5.1,-0.135988
-0.691644,5.3,-0.164691
-0.691644,5.5,-0.183917
-0.691644,5.7,-0.189483
-0.691644,5.9,-0.179196
-0.691644,6.1,-0.154893
-0.691644,6.3,-0.122189
-0.691644,6.5,-0.0877376
-0.691644,6.7,-0.0564546
-0.691644,6.9,-0.0306396
-0.691644,7.1,-0.0106065
-0.691644,7.3,0.00433996
-0.691644,7.5,0.0152051
-0.691644,7.7,0.0229552
-0.691644,7.9,0.0283925
-0.691644,8.1,0.0321385
-0.691644,8.3,0.0346586
-0.691644,8.5,0.0362949
-0.691644,8.7,0.0372971
-0.691644,8.9,0.0378472
-0.691644,9.1,0.0380778
-0.691644,9.3,0.0380856
-0.691644,9.5,0.0379417
-0.691644,9.7,0.0376981
-0.691644,9.9,0.0373934
-0.682523,2.1,0.00060977
-0.682523,2.3,0.00103655
-0.682523,2.5,0.00130995
-0.682523,2.7,0.00267752
-0.682523,2.9,0.00466247
-0.682523,3.1,0.00608455
-0.682523,3.3,0.00928864
-0.682523,3.5,0.0168397
-0.682523,3.7,0.0257002
-0.682523,3.9,0.0284348
-0.682523,4.1,0.0198964
-0.682523,4.3,0.000432926
-0.682523,4.5,-0.0264622
-0.682523,4.7,-0.0570871
-0.682523,4.9,-0.0884345
-0.682523,5.1,-0.117738
-0.682523,5.3,-0.141783
-0.682523,5.5,-0.156768
-0.682523,5.7,-0.159279
-0.682523,5.9,-0.148204
-0.682523,6.1,-0.126067
-0.682523,6.3,-0.09811
-0.682523,6.5,-0.0697333
-0.682523,6.7,-0.044532
-0.682523,6.9,-0.0239816
-0.682523,7.1,-0.00811107
-0.682523,7.3,0.00372657
-0.682523,7.5,0.0123545
-0.682523,7.7,0.0185365
-0.682523,7.9,0.0228986
-0.682523,8.1,0.0259248
-0.682523,8.3,0.0279776
-0.682523,8.5,0.0293249
-0.682523,8.7,0.030163
-0.682523,8.9,0.030636
-0.682523,9.1,0.0308492
-0.682523,9.3,0.0308803
-0.682523,9.5,0.0307864
-0.682523,9.7,0.0306099
-0.682523,9.9,0.0303821
-0.673402,2.1,0.000469531
-0.673402,2.3,0.000862405
-0.673402,2.5,0.0010942
-0.673402,2.7,0.00223847
-0.673402,2.9,0.00390489
-0.673402,3.1,0.00512723
-0.673402,3.3,0.00796366
-0.673402,3.5,0.0145209
-0.673402,3.7,0.0220303
-0.673402,3.9,0.0241864
-0.673402,4.1,0.0167919
-0.673402,4.3,0.000154104
-0.673402,4.5,-0.0228853
-0.673402,4.7,-0.0492234
-0.673402,4.9,-0.0761658
-0.673402,5.1,-0.101065
-0.673402,5.3,-0.120844
-0.673402,5.5,-0.132108
-0.673402,5.7,-0.13224
-0.673402,5.9,-0.121044
-0.673402,6.1,-0.101399
-0.673402,6.3,-0.0779462
-0.673402,6.5,-0.0549128
-0.673402,6.7,-0.0348454
-0.673402,6.9,-0.0186414
-0.673402,7.1,-0.0061725
-0.673402,7.3,0.00313144
-0.673402,7.5,0.00993194
-0.673402,7.7,0.0148258
-0.673402,7.9,0.0182978
-0.673402,8.1,0.0207216
-0.673402,8.3,0.0223781
-0.673402,8.5,0.0234755
-0.673402,8.7,0.0241672
-0.673402,8.9,0.0245663
-0.673402,9.1,0.0247562
-0.673402,9.3,0.0247986
-0.673402,9.5,0.0247392
-0.673402,9.7,0.0246119
-0.673402,9.9,0.0244423
-0.66428,2.1,0.000350827
-0.66428,2.3,0.00071113
-0.66428,2.5,0.0009072
-0.66428,2.7,0.00185975
-0.66428,2.9,0.00325242
-0.66428,3.1,0.00429488
-0.66428,3.3,0.00677869
-0.66428,3.5,0.0124254
-0.66428,3.7,0.0187558
-0.66428,3.9,0.0204628
-0.66428,4.1,0.0141213
-0.66428,4.3,-1.94176e-05
-0.66428,4.5,-0.0196505
-0.66428,4.7,-0.0421545
-0.66428,4.9,-0.0651048
-0.66428,5.1,-0.0859926
-0.66428,5.3,-0.101947
-0.66428,5.5,-0.110046
-0.66428,5.7,-0.108451
-0.66428,5.9,-0.097671
-0.66428,6.1,-0.0806516
-0.66428,6.3,-0.061318
-0.66428,6.5,-0.0428721
-0.66428,6.7,-0.0270625
-0.66428,6.9,-0.0143981
-0.66428,7.1,-0.00467735
-0.66428,7.3,0.00258245
-0.66428,7.5,0.00790454
-0.66428,7.7,0.0117506
-0.66428,7.9,0.014493
-0.66428,8.1,0.0164185
-0.66428,8.3,0.0177431
-0.66428,8.5,0.0186277
-0.66428,8.7,0.0191915
-0.66428,8.9,0.0195227
-0.66428,9.1,0.0196868
-0.66428,9.3,0.0197325
-0.66428,9.5,0.019696
-0.66428,9.7,0.0196046
-0.66428,9.9,0.0194786
-0.655159,2.1,0.000251563
-0.655159,2.3,0.000580859
-0.655159,2.5,0.000746536
-0.655159,2.7,0.00153558
-0.655159,2.9,0.00269429
-0.655159,3.1,0.00357652
-0.655159,3.3,0.00573003
-0.655159,3.5,0.010556
-0.655159,3.7,0.0158683
-0.655159,3.9,0.0172282
-0.655159,4.1,0.0118367
-0.655159,4.3,-0.000117098
-0.655159,4.5,-0.0167552
-0.655159,4.7,-0.035854
-0.655159,4.9,-0.055221
-0.655159,5.1,-0.0725084
-0.655159,5.3,-0.0851063
-0.655159,5.5,-0.090608
-0.655159,5.7,-0.0878745
-0.655159,5.9,-0.077902
-0.655159,6.1,-0.0634799
-0.655159,6.3,-0.0477971
-0.655159,6.5,-0.0332066
-0.655159,6.7,-0.0208727
-0.655159,6.9,-0.0110551
-0.655159,7.1,-0.00353153
-0.655159,7.3,0.00209464
-0.655159,7.5,0.00623156
-0.655159,7.7,0.00923317
-0.655159,7.9,0.0113833
-0.655159,8.1,0.0129008
-0.655159,8.3,0.0139508
-0.655159,8.5,0.0146568
-0.655159,8.7,0.0151109
-0.655159,8.9,0.0153816
-0.655159,9.1,0.0155199
-0.655159,9.3,0.015564
-0.655159,9.5,0.0155424
-0.655159,9.7,0.0154768
-0.655159,9.9,0.0153832
-0.646038,2.1,0.000169635
-0.646038,2.3,0.000469635
-0.646038,2.5,0.000609665
-0.646038,2.7,0.00126018
-0.646038,2.9,0.00221999
-0.646038,3.1,0.00296102
-0.646038,3.3,0.00481122
-0.646038,3.5,0.00890762
-0.646038,3.7,0.0133483
-0.646038,3.9,0.0144399
-0.646038,4.1,0.00989158
-0.646038,4.3,-0.000162025
-0.646038,4.5,-0.014188
-0.646038,4.7,-0.0302834
-0.646038,4.9,-0.0464657
-0.646038,5.1,-0.0605699
-0.646038,5.3,-0.0702908
-0.646038,5.5,-0.0737407
-0.646038,5.7,-0.0703716
-0.646038,5.9,-0.0614544
-0.646038,6.1,-0.0494786
-0.646038,6.3,-0.0369439
-0.646038,6.5,-0.0255322
-0.646038,6.7,-0.0159956
-0.646038,6.9,-0.00844198
-0.646038,7.1,-0.00265823
-0.646038,7.3,0.00167383
-0.646038,7.5,0.00486876
-0.646038,7.7,0.00719567
-0.646038,7.9,0.00886958
-0.646038,8.1,0.0100564
-0.646038,8.3,0.0108817
-0.646038,8.5,0.0114399
-0.646038,8.7,0.0118016
-0.646038,8.9,0.0120197
-0.646038,9.1,0.0121337
-0.646038,9.3,0.0121734
-0.646038,9.5,0.0121611
-0.646038,9.7,0.0121138
-0.646038,9.9,0.0120443
-0.636916,2.1,0.000102989
-0.636916,2.3,0.000375482
-0.636916,2.5,0.00049402
-0.636916,2.7,0.00102788
-0.636916,2.9,0.00181952
-0.636916,3.1,0.00243741
-0.636916,3.3,0.00401378
-0.636916,3.5,0.00746949
-0.636916,3.7,0.0111689
-0.636916,3.9,0.0120524
-0.636916,4.1,0.00824202
-0.636916,4.3,-0.000171874
-0.636916,4.5,-0.0119312
-0.636916,4.7,-0.0253959
-0.636916,4.9,-0.0387772
-0.636916,5.1,-0.0501123
-0.636916,5.3,-0.0574273
-0.636916,5.5,-0.0593269
-0.636916,5.7,-0.0557221
-0.636916,5.9,-0.0479811
-0.636916,6.1,-0.0382188
-0.636916,6.3,-0.0283341
-0.636916,6.5,-0.0194995
-0.636916,6.7,-0.0121857
-0.636916,6.9,-0.00641406
-0.636916,7.1,-0.00199578
-0.636916,7.3,0.00131954
-0.636916,7.5,0.00377181
-0.636916,7.7,0.00556413
-0.636916,7.9,0.00685841
-0.636916,8.1,0.00777974
-0.636916,8.3,0.0084232
-0.636916,8.5,0.0088605
-0.636916,8.7,0.00914558
-0.636916,8.9,0.00931896
-0.636916,9.1,0.00941115
-0.636916,9.3,0.00944517
-0.636916,9.5,0.00943843
-0.636916,9.7,0.00940412
-0.636916,9.9,0.00935233
-0.627795,2.1,4.96585e-05
-0.627795,2.3,0.000296467
-0.627795,2.5,0.000397089
-0.627795,2.7,0.000833291
-0.627795,2.9,0.00148351
-0.627795,3.1,0.00199508
-0.627795,3.3,0.00332783
-0.627795,3.5,0.0062267
-0.627795,3.7,0.00929916
-0.627795,3.9,0.01002
-0.627795,4.1,0.00684794
-0.627795,4.3,-0.000159857
-0.627795,4.5,-0.00996323
-0.627795,4.7,-0.0211405
-0.627795,4.9,-0.0320853
-0.627795,5.1,-0.0410523
-0.627795,5.3,-0.046408
-0.627795,5.5,-0.047196
-0.627795,5.7,-0.0436507
-0.627795,5.9,-0.0371032
-0.627795,6.1,-0.0292776
-0.627795,6.3,-0.0215767
-0.627795,6.5,-0.0148001
-0.627795,6.7,-0.00923251
-0.627795,6.9,-0.00485061
-0.627795,7.1,-0.00149526
-0.627795,7.3,0.00102736
-0.627795,7.5,0.00289857
-0.627795,7.7,0.00427065
-0.627795,7.9,0.00526485
-0.627795,8.1,0.00597503
-0.627795,8.3,0.00647281
-0.627795,8.5,0.00681242
-0.627795,8.7,0.00703483
-0.627795,8.9,0.00717096
-0.627795,9.1,0.00724421
-0.627795,9.3,0.00727228
-0.627795,9.5,0.00726863
-0.627795,9.7,0.00724349
-0.627795,9.9,0.00720469
