-0.983527,2.1,0.00277978
-0.983527,2.3,0.00348946
-0.983527,2.5,0.0010393
-0.983527,2.7,-0.00444101
-0.983527,2.9,-0.00350707
-0.983527,3.1,0.0103457
-0.983527,3.3,0.0289738
-0.983527,3.5,0.0384893
-0.983527,3.7,0.0347019
-0.983527,3.9,0.0236081
-0.983527,4.1,0.0115137
-0.983527,4.3,0.000686881
-0.983527,4.5,-0.00899751
-0.983527,4.7,-0.0176976
-0.983527,4.9,-0.024102
-0.983527,5.1,-0.0265819
-0.983527,5.3,-0.025929
-0.983527,5.5,-0.0242484
-0.983527,5.7,-0.0227731
-0.983527,5.9,-0.021836
-0.983527,6.1,-0.0214287
-0.983527,6.3,-0.0214776
-0.983527,6.5,-0.0219214
-0.983527,6.7,-0.0227156
-0.983527,6.9,-0.0238112
-0.983527,7.1,-0.0251045
-0.983527,7.3,-0.0263387
-0.983527,7.5,-0.0269371
-0.983527,7.7,-0.0258694
-0.983527,7.9,-0.0220153
-0.983527,8.1,-0.0154667
-0.983527,8.3,-0.00825325
-0.983527,8.5,-0.00255923
-0.983527,8.7,0.000982173
-0.983527,8.9,0.0028369
-0.983527,9.1,0.00364918
-0.983527,9.3,0.00388582
-0.983527,9.5,0.00382485
-0.983527,9.7,0.00361972
-0.983527,9.9,0.00335243
-0.974405,2.1,0.00343318
-0.974405,2.3,0.00386744
-0.974405,2.5,0.000505421
-0.974405,2.7,-0.00493306
-0.974405,2.9,-0.000833574
-0.974405,3.1,0.0178284
-0.974405,3.3,0.0389137
-0.974405,3.5,0.0466526
-0.974405,3.7,0.0380617
-0.974405,3.9,0.0215827
-0.974405,4.1,0.0050357
-0.974405,4.3,-0.00892208
-0.974405,4.5,-0.0202383
-0.974405,4.7,-0.0286143
-0.974405,4.9,-0.0328474
-0.974405,5.1,-0.0330441
-0.974405,5.3,-0.0314411
-0.974405,5.5,-0.0299464
-0.974405,5.7,-0.0291839
-0.974405,5.9,-0.0291514
-0.974405,6.1,-0.0297212
-0.974405,6.3,-0.0307895
-0.974405,6.5,-0.032287
-0.974405,6.7,-0.0341479
-0.974405,6.9,-0.0362501
-0.974405,7.1,-0.0383031
-0.974405,7.3,-0.0396521
-0.974405,7.5,-0.039034
-0.974405,7.7,-0.0346708
-0.974405,7.9,-0.0255593
-0.974405,8.1,-0.0135248
-0.974405,8.3,-0.00250154
-0.974405,8.5,0.00501867
-0.974405,8.7,0.00909052
-0.974405,8.9,0.0108227
-0.974405,9.1,0.0112264
-0.974405,9.3,0.0109501
-0.974405,9.5,0.0103576
-0.974405,9.7,0.00964094
-0.974405,9.9,0.00889792
-0.965284,2.1,0.00405579
-0.965284,2.3,0.00417553
-0.965284,2.5,0.000143557
-0.965284,2.7,-0.00459627
-0.965284,2.9,0.00291099
-0.965284,3.1,0.0252831
-0.965284,3.3,0.0468234
-0.965284,3.5,0.0509389
-0.965284,3.7,0.0366427
-0.965284,3.9,0.0149269
-0.965284,4.1,-0.0051455
-0.965284,4.3,-0.0205847
-0.965284,4.5,-0.0310079
-0.965284,4.7,-0.0360527
-0.965284,4.9,-0.0361595
-0.965284,5.1,-0.0339858
-0.965284,5.3,-0.032247
-0.965284,5.5,-0.0318121
-0.965284,5.7,-0.032491
-0.965284,5.9,-0.0339518
-0.965284,6.1,-0.0359781
-0.965284,6.3,-0.0384559
-0.965284,6.5,-0.0413113
-0.965284,6.7,-0.0444346
-0.965284,6.9,-0.0475675
-0.965284,7.1,-0.0501074
-0.965284,7.3,-0.050809
-0.965284,7.5,-0.047585
-0.965284,7.7,-0.0382183
-0.965284,7.9,-0.0228346
-0.965284,8.1,-0.00568951
-0.965284,8.3,0.00801329
-0.965284,8.5,0.0163408
-0.965284,8.7,0.0202739
-0.965284,8.9,0.0214795
-0.965284,9.1,0.0212257
-0.965284,9.3,0.0202725
-0.965284,9.5,0.019031
-0.965284,9.7,0.017712
-0.965284,9.9,0.0164186
-0.956163,2.1,0.00464682
-0.956163,2.3,0.0044626
-0.956163,2.5,2.70184e-05
-0.956163,2.7,-0.00351958
-0.956163,2.9,0.00732662
-0.956163,3.1,0.0322366
-0.956163,3.3,0.0525145
-0.956163,3.5,0.0516861
-0.956163,3.7,0.0314686
-0.956163,3.9,0.00537384
-0.956163,4.1,-0.0166583
-0.956163,4.3,-0.0314551
-0.956163,4.5,-0.0385261
-0.956163,4.7,-0.0384792
-0.956163,4.9,-0.0345381
-0.956163,5.1,-0.0311958
-0.956163,5.3,-0.0303881
-0.956163,5.5,-0.0316754
-0.956163,5.7,-0.0342013
-0.956163,5.9,-0.037428
-0.956163,6.1,-0.0411083
-0.956163,6.3,-0.0451373
-0.956163,6.5,-0.0494291
-0.956163,6.7,-0.0537946
-0.956163,6.9,-0.0577627
-0.956163,7.1,-0.0602882
-0.956163,7.3,-0.0593927
-0.956163,7.5,-0.0522269
-0.956163,7.7,-0.0367811
-0.956163,7.9,-0.0152506
-0.956163,8.1,0.00578364
-0.956163,8.3,0.0208843
-0.956163,8.5,0.0292109
-0.956163,8.7,0.0326046
-0.956163,8.9,0.0331132
-0.956163,9.1,0.0321443
-0.956163,9.3,0.0305077
-0.956163,9.5,0.0286322
-0.956163,9.7,0.0267333
-0.956163,9.9,0.0249132
-0.947041,2.1,0.00520165
-0.947041,2.3,0.00475807
-0.947041,2.5,0.000177736
-0.947041,2.7,-0.00184597
-0.947041,2.9,0.0120554
-0.947041,3.1,0.0383784
-0.947041,3.3,0.0560518
-0.947041,3.5,0.0496159
-0.947041,3.7,0.0240542
-0.947041,3.9,-0.00488238
-0.947041,4.1,-0.0269021
-0.947041,4.3,-0.0390119
-0.947041,4.5,-0.0412838
-0.947041,4.7,-0.0364074
-0.947041,4.9,-0.0302829
-0.947041,5.1,-0.0275998
-0.947041,5.3,-0.0287324
-0.947041,5.5,-0.0321629
-0.947041,5.7,-0.036683
-0.947041,5.9,-0.0417122
-0.947041,6.1,-0.0470368
-0.947041,6.3,-0.0525753
-0.947041,6.5,-0.0582129
-0.947041,6.7,-0.0636313
-0.947041,6.9,-0.0680527
-0.947041,7.1,-0.0698553
-0.947041,7.3,-0.0662478
-0.947041,7.5,-0.053891
-0.947041,7.7,-0.0318225
-0.947041,7.9,-0.00488837
-0.947041,8.1,0.0187012
-0.947041,8.3,0.034208
-0.947041,8.5,0.0420506
-0.947041,8.7,0.044737
-0.947041,8.9,0.0445313
-0.947041,9.1,0.0428932
-0.947041,9.3,0.0406421
-0.947041,9.5,0.0382065
-0.947041,9.7,0.035799
-0.947041,9.9,0.0335179
-0.93792,2.1,0.00571276
-0.93792,2.3,0.00507433
-0.93792,2.5,0.000579057
-0.93792,2.7,0.000256353
-0.93792,2.9,0.016795
-0.93792,3.1,0.0435289
-0.93792,3.3,0.0576847
-0.93792,3.5,0.0456805
-0.93792,3.7,0.0160857
-0.93792,3.9,-0.0136899
-0.93792,4.1,-0.0336909
-0.93792,4.3,-0.0417056
-0.93792,4.5,-0.0392816
-0.93792,4.7,-0.0317174
-0.93792,4.9,-0.0262639
-0.93792,5.1,-0.0261698
-0.93792,5.3,-0.0301083
-0.93792,5.5,-0.0359601
-0.93792,5.7,-0.0425051
-0.93792,5.9,-0.049277
-0.93792,6.1,-0.0561535
-0.93792,6.3,-0.063083
-0.93792,6.5,-0.0698908
-0.93792,6.7,-0.076056
-0.93792,6.9,-0.0803684
-0.93792,7.1,-0.0804779
-0.93792,7.3,-0.0727714
-0.93792,7.5,-0.0539051
-0.93792,7.7,-0.0248774
-0.93792,7.9,0.00665453
-0.93792,8.1,0.0317926
-0.93792,8.3,0.0471237
-0.93792,8.5,0.0542695
-0.93792,8.7,0.0562153
-0.93792,8.9,0.0553322
-0.93792,9.1,0.0530856
-0.93792,9.3,0.0502858
-0.93792,9.5,0.0473534
-0.93792,9.7,0.0444957
-0.93792,9.9,0.0418067
-0.928799,2.1,0.00617099
-0.928799,2.3,0.00541032
-0.928799,2.5,0.00118845
-0.928799,2.7,0.00261538
-0.928799,2.9,0.0213019
-0.928799,3.1,0.0476087
-0.928799,3.3,0.0577763
-0.928799,3.5,0.0408889
-0.928799,3.7,0.0090981
-0.928799,3.9,-0.0193666
-0.928799,4.1,-0.0356745
-0.928799,4.3,-0.0391573
-0.928799,4.5,-0.0336651
-0.928799,4.7,-0.0267509
-0.928799,4.9,-0.0250749
-0.928799,5.1,-0.0293433
-0.928799,5.3,-0.0368415
-0.928799,5.5,-0.0453671
-0.928799,5.7,-0.0539834
-0.928799,5.9,-0.0624687
-0.928799,6.1,-0.0708354
-0.928799,6.3,-0.0790533
-0.928799,6.5,-0.086833
-0.928799,6.7,-0.0933367
-0.928799,6.9,-0.0967428
-0.928799,7.1,-0.0937971
-0.928799,7.3,-0.0801652
-0.928799,7.5,-0.0532332
-0.928799,7.7,-0.0168627
-0.928799,7.9,0.0187024
-0.928799,8.1,0.0448203
-0.928799,8.3,0.0597369
-0.928799,8.5,0.0661406
-0.928799,8.7,0.0673616
-0.928799,8.9,0.065827
-0.928799,9.1,0.0629948
-0.928799,9.3,0.0596637
-0.928799,9.5,0.0562476
-0.928799,9.7,0.0529495
-0.928799,9.9,0.0498602
-0.919677,2.1,0.00656672
-0.919677,2.3,0.00575564
-0.919677,2.5,0.00194883
-0.919677,2.7,0.00507009
-0.919677,2.9,0.0253903
-0.919677,3.1,0.0506135
-0.919677,3.3,0.0567363
-0.919677,3.5,0.0361502
-0.919677,3.7,0.00423779
-0.919677,3.9,-0.0209328
-0.919677,4.1,-0.0324459
-0.919677,4.3,-0.0319668
-0.919677,4.5,-0.0261353
-0.919677,4.7,-0.0236406
-0.919677,4.9,-0.028627
-0.919677,5.1,-0.0387874
-0.919677,5.3,-0.0505392
-0.919677,5.5,-0.0620484
-0.919677,5.7,-0.0728872
-0.919677,5.9,-0.0831717
-0.919677,6.1,-0.0930703
-0.919677,6.3,-0.102541
-0.919677,6.5,-0.111085
-0.919677,6.7,-0.117373
-0.919677,6.9,-0.118725
-0.919677,7.1,-0.110812
-0.919677,7.3,-0.0888886
-0.919677,7.5,-0.0521011
-0.919677,7.7,-0.00794041
-0.919677,7.9,0.0313481
-0.919677,8.1,0.0582169
-0.919677,8.3,0.0726965
-0.919677,8.5,0.0783973
-0.919677,8.7,0.0789177
-0.919677,8.9,0.0767292
-0.919677,9.1,0.0732891
-0.919677,9.3,0.0693931
-0.919677,9.5,0.0654541
-0.919677,9.7,0.0616743
-0.919677,9.9,0.0581435
-0.910556,2.1,0.00689111
-0.910556,2.3,0.00609444
-0.910556,2.5,0.00279774
-0.910556,2.7,0.0074796
-0.910556,2.9,0.0289266
-0.910556,3.1,0.0525916
-0.910556,3.3,0.0549636
-0.910556,3.5,0.0321624
-0.910556,3.7,0.00215321
-0.910556,3.9,-0.0181321
-0.910556,4.1,-0.0243968
-0.910556,4.3,-0.0213398
-0.910556,4.5,-0.0184364
-0.910556,4.7,-0.0239579
-0.910556,4.9,-0.0380169
-0.910556,5.1,-0.0553285
-0.910556,5.3,-0.0719951
-0.910556,5.5,-0.0868917
-0.910556,5.7,-0.100247
-0.910556,5.9,-0.112567
-0.910556,6.1,-0.124165
-0.910556,6.3,-0.134918
-0.910556,6.5,-0.143966
-0.910556,6.7,-0.149235
-0.910556,6.9,-0.14689
-0.910556,7.1,-0.131458
-0.910556,7.3,-0.0984472
-0.910556,7.5,-0.0500516
-0.910556,7.7,0.00220204
-0.910556,7.9,0.0449971
-0.910556,8.1,0.0725599
-0.910556,8.3,0.0866856
-0.910556,8.5,0.0917656
-0.910556,8.7,0.0916198
-0.910556,8.9,0.0887682
-0.910556,9.1,0.084682
-0.910556,9.3,0.0801659
-0.910556,9.5,0.0756399
-0.910556,9.7,0.0713107
-0.910556,9.9,0.0672702
-0.901435,2.1,0.00713699
-0.901435,2.3,0.00640872
-0.901435,2.5,0.00367434
-0.901435,2.7,0.00972813
-0.901435,2.9,0.0318244
-0.901435,3.1,0.0536259
-0.901435,3.3,0.0528029
-0.901435,3.5,0.0293609
-0.901435,3.7,0.00300858
-0.901435,3.9,-0.0113011
-0.901435,4.1,-0.0124567
-0.901435,4.3,-0.00871963
-0.901435,4.5,-0.0120305
-0.901435,4.7,-0.028588
-0.901435,4.9,-0.0535268
-0.901435,5.1,-0.078959
-0.901435,5.3,-0.101161
-0.901435,5.5,-0.119935
-0.901435,5.7,-0.136237
-0.901435,5.9,-0.150964
-0.901435,6.1,-0.164527
-0.901435,6.3,-0.176601
-0.901435,6.5,-0.185742
-0.901435,6.7,-0.188812
-0.901435,6.9,-0.180532
-0.901435,7.1,-0.154482
-0.901435,7.3,-0.10756
-0.901435,7.5,-0.0463123
-0.901435,7.7,0.0139128
-0.901435,7.9,0.0599093
-0.901435,8.1,0.0881431
-0.901435,8.3,0.102034
-0.901435,8.5,0.106609
-0.901435,8.7,0.105864
-0.901435,8.9,0.10237
-0.901435,9.1,0.0976258
-0.901435,9.3,0.0924552
-0.901435,9.5,0.0872936
-0.901435,9.7,0.0823581
-0.901435,9.9,0.0777464
-0.892313,2.1,0.0072995
-0.892313,2.3,0.00668102
-0.892313,2.5,0.00452419
-0.892313,2.7,0.0117268
-0.892313,2.9,0.034038
-0.892313,3.1,0.0538196
-0.892313,3.3,0.0505205
-0.892313,3.5,0.0279231
-0.892313,3.7,0.0065786
-0.892313,3.9,-0.0011757
-0.892313,4.1,0.0021726
-0.892313,4.3,0.00448434
-0.892313,4.5,-0.00794097
-0.892313,4.7,-0.0377327
-0.892313,4.9,-0.07469
-0.892313,5.1,-0.108894
-0.892313,5.3,-0.137177
-0.892313,5.5,-0.160363
-0.892313,5.7,-0.180129
-0.892313,5.9,-0.197718
-0.892313,6.1,-0.213539
-0.892313,6.3,-0.226883
-0.892313,6.5,-0.235437
-0.892313,6.7,-0.23464
-0.892313,6.9,-0.217629
-0.892313,7.1,-0.177679
-0.892313,7.3,-0.114618
-0.892313,7.5,-0.0402468
-0.892313,7.7,0.0272296
-0.892313,7.9,0.0759357
-0.892313,8.1,0.104776
-0.892313,8.3,0.118555
-0.892313,8.5,0.122771
-0.892313,8.7,0.121545
-0.892313,8.9,0.11749
-0.892313,9.1,0.112135
-0.892313,9.3,0.106332
-0.892313,9.5,0.100536
-0.892313,9.7,0.0949824
-0.892313,9.9,0.0897771
-0.883192,2.1,0.00737644
-0.883192,2.3,0.00689624
-0.883192,2.5,0.00530215
-0.883192,2.7,0.0134133
-0.883192,2.9,0.0355566
-0.883192,3.1,0.053285
-0.883192,3.3,0.0482959
-0.883192,3.5,0.0278113
-0.883192,3.7,0.0123762
-0.883192,3.9,0.011299
-0.883192,4.1,0.0182251
-0.883192,4.3,0.0170607
-0.883192,4.5,-0.00671055
-0.883192,4.7,-0.0509841
-0.883192,4.9,-0.100403
-0.883192,5.1,-0.143683
-0.883192,5.3,-0.178461
-0.883192,5.5,-0.206573
-0.883192,5.7,-0.230338
-0.883192,5.9,-0.251241
-0.883192,6.1,-0.269538
-0.883192,6.3,-0.283901
-0.883192,6.5,-0.290807
-0.883192,6.7,-0.283978
-0.883192,6.9,-0.255136
-0.883192,7.1,-0.198429
-0.883192,7.3,-0.11823
-0.883192,7.5,-0.0316688
-0.883192,7.7,0.0417554
-0.883192,7.9,0.0924937
-0.883192,8.1,0.121811
-0.883192,8.3,0.135587
-0.883192,8.5,0.139616
-0.883192,8.7,0.138078
-0.883192,8.9,0.133609
-0.883192,9.1,0.127763
-0.883192,9.3,0.12142
-0.883192,9.5,0.115062
-0.883192,9.7,0.108941
-0.883192,9.9,0.103178
-0.874071,2.1,0.00736843
-0.874071,2.3,0.00704286
-0.874071,2.5,0.00597384
-0.874071,2.7,0.0147501
-0.874071,2.9,0.0363986
-0.874071,3.1,0.0521359
-0.874071,3.3,0.0462281
-0.874071,3.5,0.0288344
-0.874071,3.7,0.0197761
-0.874071,3.9,0.025119
-0.874071,4.1,0.0345096
-0.874071,4.3,0.0280759
-0.874071,4.5,-0.00842864
-0.874071,4.7,-0.0674419
-0.874071,4.9,-0.129082
-0.874071,5.1,-0.181373
-0.874071,5.3,-0.22288
-0.874071,5.5,-0.256337
-0.874071,5.7,-0.284561
-0.874071,5.9,-0.309127
-0.874071,6.1,-0.329941
-0.874071,6.3,-0.344767
-0.874071,6.5,-0.34855
-0.874071,6.7,-0.33317
-0.874071,6.9,-0.289563
-0.874071,7.1,-0.214346
-0.874071,7.3,-0.11762
-0.874071,7.5,-0.0209168
-0.874071,7.7,0.0567376
-0.874071,7.9,0.108706
-0.874071,8.1,0.13831
-0.874071,8.3,0.152163
-0.874071,8.5,0.156185
-0.874071,8.7,0.154539
-0.874071,8.9,0.149854
-0.874071,9.1,0.143699
-0.874071,9.3,0.136976
-0.874071,9.5,0.130193
-0.874071,9.7,0.123621
-0.874071,9.9,0.117399
-0.864949,2.1,0.0072787
-0.864949,2.3,0.00711348
-0.864949,2.5,0.00651586
-0.864949,2.7,0.0157217
-0.864949,2.9,0.0366054
-0.864949,3.1,0.0504815
-0.864949,3.3,0.0443501
-0.864949,3.5,0.0307112
-0.864949,3.7,0.0281142
-0.864949,3.9,0.0393248
-0.864949,4.1,0.0499909
-0.864949,4.3,0.0369006
-0.864949,4.5,-0.0128005
-0.864949,4.7,-0.0858654
-0.864949,4.9,-0.158857
-0.864949,5.1,-0.219727
-0.864949,5.3,-0.26797
-0.864949,5.5,-0.307022
-0.864949,5.7,-0.340006
-0.864949,5.9,-0.368392
-0.864949,6.1,-0.391493
-0.864949,6.3,-0.405877
-0.864949,6.5,-0.404713
-0.864949,6.7,-0.378225
-0.864949,6.9,-0.317674
-0.864949,7.1,-0.2238
-0.864949,7.3,-0.11275
-0.864949,7.5,-0.00873187
-0.864949,7.7,0.0712509
-0.864949,7.9,0.123601
-0.864949,8.1,0.153253
-0.864949,8.3,0.167224
-0.864949,8.5,0.171399
-0.864949,8.7,0.169857
-0.864949,8.9,0.16518
-0.864949,9.1,0.158934
-0.864949,9.3,0.152036
-0.864949,9.5,0.145013
-0.864949,9.7,0.138157
-0.864949,9.9,0.131624
-0.855828,2.1,0.00711289
-0.855828,2.3,0.00710494
-0.855828,2.5,0.00691519
-0.855828,2.7,0.0163311
-0.855828,2.9,0.0362365
-0.855828,3.1,0.0484239
-0.855828,3.3,0.0426476
-0.855828,3.5,0.0331256
-0.855828,3.7,0.0367572
-0.855828,3.9,0.0530641
-0.855828,4.1,0.0638332
-0.855828,4.3,0.043201
-0.855828,4.5,-0.0192439
-0.855828,4.7,-0.104847
-0.855828,4.9,-0.187792
-0.855828,5.1,-0.256469
-0.855828,5.3,-0.311197
-0.855828,5.5,-0.35587
-0.855828,5.7,-0.393686
-0.855828,5.9,-0.425782
-0.855828,6.1,-0.450631
-0.855828,6.3,-0.463343
-0.855828,6.5,-0.455248
-0.855828,6.7,-0.415482
-0.855828,6.9,-0.337075
-0.855828,7.1,-0.226162
-0.855828,7.3,-0.104212
-0.855828,7.5,0.00395275
-0.855828,7.7,0.0843846
-0.855828,7.9,0.136284
-0.855828,8.1,0.165711
-0.855828,8.3,0.179794
-0.855828,8.5,0.184247
-0.855828,8.7,0.182996
-0.855828,8.9,0.178546
-0.855828,9.1,0.172435
-0.855828,9.3,0.165582
-0.855828,9.5,0.158528
-0.855828,9.7,0.151583
-0.855828,9.9,0.144917
-0.846707,2.1,0.00687862
-0.846707,2.3,0.00701802
-0.846707,2.5,0.00716799
-0.846707,2.7,0.0165969
-0.846707,2.9,0.0353637
-0.846707,3.1,0.0460559
-0.846707,3.3,0.0410772
-0.846707,3.5,0.0357668
-0.846707,3.7,0.0451459
-0.846707,3.9,0.0656263
-0.846707,4.1,0.0754181
-0.846707,4.3,0.0469106
-0.846707,4.5,-0.0270016
-0.846707,4.7,-0.12299
-0.846707,4.9,-0.214095
-0.846707,5.1,-0.289517
-0.846707,5.3,-0.350221
-0.846707,5.5,-0.400282
-0.846707,5.7,-0.442726
-0.846707,5.9,-0.478129
-0.846707,6.1,-0.50388
-0.846707,6.3,-0.513469
-0.846707,6.5,-0.496572
-0.846707,6.7,-0.442167
-0.846707,6.9,-0.346544
-0.846707,7.1,-0.22174
-0.846707,7.3,-0.092977
-0.846707,7.5,0.0162104
-0.846707,7.7,0.0953822
-0.846707,7.9,0.146062
-0.846707,8.1,0.174971
-0.846707,8.3,0.18911
-0.846707,8.5,0.193913
-0.846707,8.7,0.1931
-0.846707,8.9,0.189062
-0.846707,9.1,0.18329
-0.846707,9.3,0.176693
-0.846707,9.5,0.169815
-0.846707,9.7,0.162979
-0.846707,9.9,0.156367
-0.837585,2.1,0.00658495
-0.837585,2.3,0.00685692
-0.837585,2.5,0.00727816
-0.837585,2.7,0.0165488
-0.837585,2.9,0.0340664
-0.837585,3.1,0.0434603
-0.837585,3.3,0.0395827
-0.837585,3.5,0.0383574
-0.837585,3.7,0.0528183
-0.837585,3.9,0.0764586
-0.837585,4.1,0.0843485
-0.837585,4.3,0.048185
-0.837585,4.5,-0.0352575
-0.837585,4.7,-0.139065
-0.837585,4.9,-0.236295
-0.837585,5.1,-0.317184
-0.837585,5.3,-0.38311
-0.837585,5.5,-0.438062
-0.837585,5.7,-0.484649
-0.837585,5.9,-0.522664
-0.837585,6.1,-0.548228
-0.837585,6.3,-0.553189
-0.837585,6.5,-0.526025
-0.837585,6.7,-0.456728
-0.837585,6.9,-0.346046
-0.837585,7.1,-0.211524
-0.837585,7.3,-0.0801462
-0.837585,7.5,0.0272597
-0.837585,7.7,0.103716
-0.837585,7.9,0.152499
-0.837585,8.1,0.180594
-0.837585,8.3,0.194687
-0.837585,8.5,0.199856
-0.837585,8.7,0.19957
-0.837585,8.9,0.196083
-0.837585,9.1,0.190817
-0.837585,9.3,0.184653
-0.837585,9.5,0.178134
-0.837585,9.7,0.171587
-0.837585,9.9,0.165204
-0.828464,2.1,0.006242
-0.828464,2.3,0.0066286
-0.828464,2.5,0.00725567
-0.828464,2.7,0.0162251
-0.828464,2.9,0.0324273
-0.828464,3.1,0.0407102
-0.828464,3.3,0.0381071
-0.828464,3.5,0.0406682
-0.828464,3.7,0.0594187
-0.828464,3.9,0.0851704
-0.828464,4.1,0.0904414
-0.828464,4.3,0.0473469
-0.828464,4.5,-0.0432427
-0.828464,4.7,-0.152126
-0.828464,4.9,-0.253361
-0.828464,5.1,-0.338295
-0.828464,5.3,-0.40849
-0.828464,5.5,-0.467588
-0.828464,5.7,-0.517572
-0.828464,5.9,-0.557264
-0.828464,6.1,-0.58141
-0.828464,6.3,-0.58037
-0.828464,6.5,-0.542125
-0.828464,6.7,-0.458894
-0.828464,6.9,-0.336514
-0.828464,7.1,-0.196879
-0.828464,7.3,-0.0667594
-0.828464,7.5,0.036535
-0.828464,7.7,0.109108
-0.828464,7.9,0.155427
-0.828464,8.1,0.18242
-0.828464,8.3,0.196333
-0.828464,8.5,0.201831
-0.828464,8.7,0.202108
-0.828464,8.9,0.199255
-0.828464,9.1,0.194608
-0.828464,9.3,0.189014
-0.828464,9.5,0.182998
-0.828464,9.7,0.176888
-0.828464,9.9,0.170881
-0.819343,2.1,0.00586032
-0.819343,2.3,0.00634206
-0.819343,2.5,0.0071149
-0.819343,2.7,0.0156686
-0.819343,2.9,0.0305279
-0.819343,3.1,0.0378693
-0.819343,3.3,0.0366007
-0.819343,3.5,0.0425252
-0.819343,3.7,0.0646977
-0.819343,3.9,0.091531
-0.819343,4.1,0.0937098
-0.819343,4.3,0.0448245
-0.819343,4.5,-0.0503178
-0.819343,4.7,-0.161576
-0.819343,4.9,-0.264739
-0.819343,5.1,-0.352241
-0.819343,5.3,-0.425598
-0.819343,5.5,-0.4879
-0.819343,5.7,-0.540323
-0.819343,5.9,-0.580588
-0.819343,6.1,-0.602064
-0.819343,6.3,-0.593952
-0.819343,6.5,-0.544605
-0.819343,6.7,-0.449496
-0.819343,6.9,-0.319513
-0.819343,7.1,-0.179263
-0.819343,7.3,-0.0536804
-0.819343,7.5,0.043703
-0.819343,7.7,0.111518
-0.819343,7.9,0.154921
-0.819343,8.1,0.180551
-0.819343,8.3,0.194129
-0.819343,8.5,0.19988
-0.819343,8.7,0.200703
-0.819343,8.9,0.198512
-0.819343,9.1,0.194549
-0.819343,9.3,0.189609
-0.819343,9.5,0.184196
-0.819343,9.7,0.178631
-0.819343,9.9,0.17311
-0.810221,2.1,0.00545056
-0.810221,2.3,0.00600756
-0.810221,2.5,0.00687309
-0.810221,2.7,0.0149244
-0.810221,2.9,0.0284461
-0.810221,3.1,0.0349922
-0.810221,3.3,0.0350262
-0.810221,3.5,0.0438099
-0.810221,3.7,0.0685074
-0.810221,3.9,0.0954615
-0.810221,4.1,0.0943351
-0.810221,4.3,0.0410903
-0.810221,4.5,-0.0560227
-0.810221,4.7,-0.16717
-0.810221,4.9,-0.270338
-0.810221,5.1,-0.358944
-0.810221,5.3,-0.434268
-0.810221,5.5,-0.498688
-0.810221,5.7,-0.552446
-0.810221,5.9,-0.5921
-0.810221,6.1,-0.60975
-0.810221,6.3,-0.593927
-0.810221,6.5,-0.534264
-0.810221,6.7,-0.430168
-0.810221,6.9,-0.296905
-0.810221,7.1,-0.160038
-0.810221,7.3,-0.0415504
-0.810221,7.5,0.0486453
-0.810221,7.7,0.111102
-0.810221,7.9,0.151259
-0.810221,8.1,0.175303
-0.810221,8.3,0.188386
-0.810221,8.5,0.194284
-0.810221,8.7,0.195596
-0.810221,8.9,0.194052
-0.810221,9.1,0.190787
-0.810221,9.3,0.186539
-0.810221,9.5,0.181785
-0.810221,9.7,0.17683
-0.810221,9.9,0.171869
-0.8011,2.1,0.00502297
-0.8011,2.3,0.00563603
-0.8011,2.5,0.00654896
-0.8011,2.7,0.0140375
-0.8011,2.9,0.0262529
-0.8011,3.1,0.0321257
-0.8011,3.3,0.0333601
-0.8011,3.5,0.0444555
-0.8011,3.7,0.0707928
-0.8011,3.9,0.0970203
-0.8011,4.1,0.0926301
-0.8011,4.3,0.0366076
-0.8011,4.5,-0.0600928
-0.8011,4.7,-0.168978
-0.8011,4.9,-0.270453
-0.8011,5.1,-0.358775
-0.8011,5.3,-0.434844
-0.8011,5.5,-0.50022
-0.8011,5.7,-0.554139
-0.8011,5.9,-0.592003
-0.8011,6.1,-0.604869
-0.8011,6.3,-0.581194
-0.8011,6.5,-0.512716
-0.8011,6.7,-0.403003
-0.8011,6.9,-0.27058
-0.8011,7.1,-0.14036
-0.8011,7.3,-0.0307871
-0.8011,7.5,0.0514209
-0.8011,7.7,0.108168
-0.8011,7.9,0.144866
-0.8011,8.1,0.167148
-0.8011,8.3,0.179588
-0.8011,8.5,0.185515
-0.8011,8.7,0.187231
-0.8011,8.9,0.18628
-0.8011,9.1,0.183689
-0.8011,9.3,0.18013
-0.8011,9.5,0.176048
-0.8011,9.7,0.17173
-0.8011,9.9,0.167364
-0.791979,2.1,0.00458717
-0.791979,2.3,0.00523839
-0.791979,2.5,0.00616152
-0.791979,2.7,0.0130505
-0.791979,2.9,0.0240117
-0.791979,3.1,0.0293091
-0.791979,3.3,0.0315929
-0.791979,3.5,0.0444413
-0.791979,3.7,0.0715811
-0.791979,3.9,0.096383
-0.791979,4.1,0.0889959
-0.791979,4.3,0.0317887
-0.791979,4.5,-0.0624464
-0.791979,4.7,-0.167315
-0.791979,4.9,-0.265667
-0.791979,5.1,-0.352439
-0.791979,5.3,-0.428061
-0.791979,5.5,-0.493217
-0.791979,5.7,-0.546122
-0.791979,5.9,-0.581107
-0.791979,6.1,-0.588503
-0.791979,6.3,-0.557337
-0.791979,6.5,-0.482089
-0.791979,6.7,-0.370257
-0.791979,6.9,-0.24227
-0.791979,7.1,-0.121133
-0.791979,7.3,-0.0216104
-0.791979,7.5,0.0522227
-0.791979,7.7,0.103126
-0.791979,7.9,0.136263
-0.791979,8.1,0.156663
-0.791979,8.3,0.168329
-0.791979,8.5,0.174165
-0.791979,8.7,0.176184
-0.791979,8.9,0.175751
-0.791979,9.1,0.173778
-0.791979,9.3,0.170874
-0.791979,9.5,0.167445
-0.791979,9.7,0.163757
-0.791979,9.9,0.159988
-0.782857,2.1,0.0041518
-0.782857,2.3,0.00482513
-0.782857,2.5,0.00572913
-0.782857,2.7,0.0120022
-0.782857,2.9,0.0217762
-0.782857,3.1,0.0265748
-0.782857,3.3,0.0297277
-0.782857,3.5,0.0437853
-0.782857,3.7,0.0709688
-0.782857,3.9,0.0938175
-0.782857,4.1,0.083877
-0.782857,4.3,0.0269696
-0.782857,4.5,-0.0631516
-0.782857,4.7,-0.162663
-0.782857,4.9,-0.256741
-0.782857,5.1,-0.340856
-0.782857,5.3,-0.414915
-0.782857,5.5,-0.478723
-0.782857,5.7,-0.529504
-0.782857,5.9,-0.560671
-0.782857,6.1,-0.562228
-0.782857,6.3,-0.524389
-0.782857,6.5,-0.444747
-0.782857,6.7,-0.33411
-0.782857,6.9,-0.213446
-0.782857,7.1,-0.103012
-0.782857,7.3,-0.0140799
-0.782857,7.5,0.0513324
-0.782857,7.7,0.0964408
-0.782857,7.9,0.126014
-0.782857,8.1,0.144468
-0.782857,8.3,0.15526
-0.782857,8.5,0.160893
-0.782857,8.7,0.163111
-0.782857,8.9,0.163104
-0.782857,9.1,0.161676
-0.782857,9.3,0.159369
-0.782857,9.5,0.156548
-0.782857,9.7,0.153459
-0.782857,9.9,0.150264
-0.773736,2.1,0.00372447
-0.773736,2.3,0.00440591
-0.773736,2.5,0.00526878
-0.773736,2.7,0.0109271
-0.773736,2.9,0.0195911
-0.773736,3.1,0.023949
-0.773736,3.3,0.0277777
-0.773736,3.5,0.0425369
-0.773736,3.7,0.0691073
-0.773736,3.9,0.0896543
-0.773736,4.1,0.0777204
-0.773736,4.3,0.0223993
-0.773736,4.5,-0.0623837
-0.773736,4.7,-0.15559
-0.773736,4.9,-0.244517
-0.773736,5.1,-0.325044
-0.773736,5.3,-0.396541
-0.773736,5.5,-0.457964
-0.773736,5.7,-0.50563
-0.773736,5.9,-0.532247
-0.773736,6.1,-0.527925
-0.773736,6.3,-0.484604
-0.773736,6.5,-0.403052
-0.773736,6.7,-0.296513
-0.773736,6.9,-0.185278
-0.773736,7.1,-0.0864229
-0.773736,7.3,-0.00813576
-0.773736,7.5,0.0490802
-0.773736,7.7,0.0885906
-0.773736,7.9,0.114685
-0.773736,8.1,0.131181
-0.773736,8.3,0.141029
-0.773736,8.5,0.146366
-0.773736,8.7,0.148683
-0.773736,8.9,0.149007
-0.773736,9.1,0.14804
-0.773736,9.3,0.146257
-0.773736,9.5,0.143985
-0.773736,9.7,0.141442
-0.773736,9.9,0.13878
-0.764615,2.1,0.00331155
-0.764615,2.3,0.00398929
-0.764615,2.5,0.00479559
-0.764615,2.7,0.00985438
-0.764615,2.9,0.0174917
-0.764615,3.1,0.0214526
-0.764615,3.3,0.025764
-0.764615,3.5,0.0407688
-0.764615,3.7,0.0661875
-0.764615,3.9,0.0842566
-0.764615,4.1,0.0709416
-0.764615,4.3,0.0182423
-0.764615,4.5,-0.060383
-0.764615,4.7,-0.146687
-0.764615,4.9,-0.229842
-0.764615,5.1,-0.306032
-0.764615,5.3,-0.374109
-0.764615,5.5,-0.432241
-0.764615,5.7,-0.475959
-0.764615,5.9,-0.497528
-0.764615,6.1,-0.487609
-0.764615,6.3,-0.440258
-0.764615,6.5,-0.359201
-0.764615,6.7,-0.259098
-0.764615,6.9,-0.158628
-0.764615,7.1,-0.071605
-0.764615,7.3,-0.00363665
-0.764615,7.5,0.0458103
-0.764615,7.7,0.0800326
-0.764615,7.9,0.102804
-0.764615,8.1,0.117379
-0.764615,8.3,0.126248
-0.764615,8.5,0.131213
-0.764615,8.7,0.13354
-0.764615,8.9,0.134105
-0.764615,9.1,0.133512
-0.764615,9.3,0.132176
-0.764615,9.5,0.130382
-0.764615,9.7,0.128326
-0.764615,9.9,0.126142
-0.755494,2.1,0.0029182
-0.755494,2.3,0.00358259
-0.755494,2.5,0.00432255
-0.755494,2.7,0.00880788
-0.755494,2.9,0.0155045
-0.755494,3.1,0.0191011
-0.755494,3.3,0.0237125
-0.755494,3.5,0.0385698
-0.755494,3.7,0.0624242
-0.755494,3.9,0.0779911
-0.755494,4.1,0.0639014
-0.755494,4.3,0.0145886
-0.755494,4.5,-0.0574167
-0.755494,4.7,-0.136518
-0.755494,4.9,-0.213504
-0.755494,5.1,-0.284791
-0.755494,5.3,-0.348746
-0.755494,5.5,-0.402837
-0.755494,5.7,-0.441963
-0.755494,5.9,-0.458241
-0.755494,6.1,-0.443293
-0.755494,6.3,-0.393508
-0.755494,6.5,-0.315099
-0.755494,6.7,-0.223146
-0.755494,6.9,-0.134083
-0.755494,7.1,-0.0586454
-0.755494,7.3,-0.000393594
-0.755494,7.5,0.0418537
-0.755494,7.7,0.0711784
-0.755494,7.9,0.0908377
-0.755494,8.1,0.103569
-0.755494,8.3,0.111453
-0.755494,8.5,0.115996
-0.755494,8.7,0.118258
-0.755494,8.9,0.118982
-0.755494,9.1,0.118681
-0.755494,9.3,0.117713
-0.755494,9.5,0.116325
-0.755494,9.7,0.114689
-0.755494,9.9,0.112925
-0.746372,2.1,0.00254838
-0.746372,2.3,0.00319181
-0.746372,2.5,0.00386033
-0.746372,2.7,0.00780622
-0.746372,2.9,0.0136481
-0.746372,3.1,0.0169055
-0.746372,3.3,0.0216524
-0.746372,3.5,0.0360374
-0.746372,3.7,0.0580403
-0.746372,3.9,0.0712035
-0.746372,4.1,0.056893
-0.746372,4.3,0.0114697
-0.746372,4.5,-0.0537504
-0.746372,4.7,-0.125589
-0.746372,4.9,-0.196208
-0.746372,5.1,-0.262193
-0.746372,5.3,-0.321486
-0.746372,5.5,-0.370955
-0.746372,5.7,-0.405052
-0.746372,5.9,-0.416048
-0.746372,6.1,-0.396875
-0.746372,6.3,-0.346274
-0.746372,6.5,-0.272306
-0.746372,6.7,-0.189586
-0.746372,6.9,-0.111988
-0.746372,7.1,-0.0475196
-0.746372,7.3,0.00180318
-0.746372,7.5,0.0375088
-0.746372,7.7,0.0623779
-0.746372,7.9,0.0791742
-0.746372,8.1,0.0901732
-0.746372,8.3,0.0970946
-0.746372,8.5,0.101184
-0.746372,8.7,0.103324
-0.746372,8.9,0.104136
-0.746372,9.1,0.104053
-0.746372,9.3,0.103379
-0.746372,9.5,0.102327
-0.746372,9.7,0.101045
-0.746372,9.9,0.0996394
-0.737251,2.1,0.00220491
-0.737251,2.3,0.00282161
-0.737251,2.5,0.00341736
-0.737251,2.7,0.00686316
-0.737251,2.9,0.0119343
-0.737251,3.1,0.0148727
-0.737251,3.3,0.0196129
-0.737251,3.5,0.0332717
-0.737251,3.7,0.053253
-0.737251,3.9,0.0642
-0.737251,4.1,0.0501387
-0.737251,4.3,0.00887418
-0.737251,4.5,-0.0496288
-0.737251,4.7,-0.114331
-0.737251,4.9,-0.178545
-0.737251,5.1,-0.238991
-0.737251,5.3,-0.29324
-0.737251,5.5,-0.337683
-0.737251,5.7,-0.366523
-0.737251,5.9,-0.372487
-0.737251,6.1,-0.350065
-0.737251,6.3,-0.300175
-0.737251,6.5,-0.232009
-0.737251,6.7,-0.159028
-0.737251,6.9,-0.0924924
-0.737251,7.1,-0.0381249
-0.737251,7.3,0.0031636
-0.737251,7.5,0.0330293
-0.737251,7.7,0.0539105
-0.737251,7.9,0.0681163
-0.737251,8.1,0.0775168
-0.737251,8.3,0.0835197
-0.737251,8.5,0.0871459
-0.737251,8.7,0.0891231
-0.737251,8.9,0.0899655
-0.737251,9.1,0.0900359
-0.737251,9.3,0.0895899
-0.737251,9.5,0.0888084
-0.737251,9.7,0.0878192
-0.737251,9.9,0.0867134
-0.72813,2.1,0.00188958
-0.72813,2.3,0.00247542
-0.72813,2.5,0.00299993
-0.72813,2.7,0.00598804
-0.72813,2.9,0.010369
-0.72813,3.1,0.0130059
-0.72813,3.3,0.0176224
-0.72813,3.5,0.0303698
-0.72813,3.7,0.0482627
-0.72813,3.9,0.057236
-0.72813,4.1,0.0437941
-0.72813,4.3,0.00676262
-0.72813,4.5,-0.0452637
-0.72813,4.7,-0.103095
-0.72813,4.9,-0.160999
-0.72813,5.1,-0.215804
-0.72813,5.3,-0.264782
-0.72813,5.5,-0.30397
-0.72813,5.7,-0.327533
-0.72813,5.9,-0.328927
-0.72813,6.1,-0.304326
-0.72813,6.3,-0.256491
-0.72813,6.5,-0.195034
-0.72813,6.7,-0.1318
-0.72813,6.9,-0.0755934
-0.72813,7.1,-0.0303094
-0.72813,7.3,0.00388338
-0.72813,7.5,0.0286185
-0.72813,7.7,0.0459836
-0.72813,7.9,0.0578812
-0.72813,8.1,0.0658322
-0.72813,8.3,0.0709777
-0.72813,8.5,0.0741475
-0.72813,8.7,0.0759356
-0.72813,8.9,0.0767648
-0.72813,9.1,0.0769352
-0.72813,9.3,0.0766603
-0.72813,9.5,0.0760922
-0.72813,9.7,0.0753393
-0.72813,9.9,0.0744798
-0.719008,2.1,0.00160324
-0.719008,2.3,0.0021555
-0.719008,2.5,0.00261237
-0.719008,2.7,0.00518642
-0.719008,2.9,0.00895324
-0.719008,3.1,0.0113053
-0.719008,3.3,0.0157064
-0.719008,3.5,0.0274208
-0.719008,3.7,0.0432442
-0.719008,3.9,0.0505115
-0.719008,4.1,0.0379563
-0.719008,4.3,0.00508003
-0.719008,4.5,-0.0408299
-0.719008,4.7,-0.0921523
-0.719008,4.9,-0.143945
-0.719008,5.1,-0.19313
-0.719008,5.3,-0.236748
-0.719008,5.5,-0.270621
-0.719008,5.7,-0.289084
-0.719008,5.9,-0.286538
-0.719008,6.1,-0.260841
-0.719008,6.3,-0.216154
-0.719008,6.5,-0.161875
-0.719008,6.7,-0.108005
-0.719008,6.9,-0.0611777
-0.719008,7.1,-0.0238946
-0.719008,7.3,0.00413516
-0.719008,7.5,0.0244284
-0.719008,7.7,0.0387365
-0.719008,7.9,0.0486071
-0.719008,8.1,0.0552643
-0.719008,8.3,0.0596253
-0.719008,8.5,0.0623585
-0.719008,8.7,0.0639451
-0.719008,8.9,0.0647294
-0.719008,9.1,0.0649578
-0.719008,9.3,0.0648067
-0.719008,9.5,0.0644028
-0.719008,9.7,0.0638373
-0.719008,9.9,0.0631762
-0.709887,2.1,0.00134595
-0.709887,2.3,0.00186308
-0.709887,2.5,0.0022573
-0.709887,2.7,0.00446067
-0.709887,2.9,0.00768439
-0.709887,3.1,0.00976819
-0.709887,3.3,0.0138868
-0.709887,3.5,0.0245032
-0.709887,3.7,0.0383417
-0.709887,3.9,0.0441719
-0.709887,4.1,0.0326749
-0.709887,4.3,0.00376492
-0.709887,4.5,-0.0364643
-0.709887,4.7,-0.0817036
-0.709887,4.9,-0.127662
-0.709887,5.1,-0.171348
-0.709887,5.3,-0.209647
-0.709887,5.5,-0.238301
-0.709887,5.7,-0.25201
-0.709887,5.9,-0.246275
-0.709887,6.1,-0.220507
-0.709887,6.3,-0.179764
-0.709887,6.5,-0.132746
-0.709887,6.7,-0.0875713
-0.709887,6.9,-0.0490576
-0.709887,7.1,-0.0186936
-0.709887,7.3,0.00406401
-0.709887,7.5,0.0205636
-0.709887,7.7,0.0322482
-0.709887,7.9,0.0403624
-0.709887,8.1,0.0458821
-0.709887,8.3,0.0495381
-0.709887,8.5,0.0518646
-0.709887,8.7,0.053248
-0.709887,8.9,0.0539668
-0.709887,9.1,0.0542212
-0.709887,9.3,0.054156
-0.709887,9.5,0.0538756
-0.709887,9.7,0.0534559
-0.709887,9.9,0.0529523
-0.700766,2.1,0.00111714
-0.700766,2.3,0.00159855
-0.700766,2.5,0.00193592
-0.700766,2.7,0.00381059
-0.700766,2.9,0.00655678
-0.700766,3.1,0.00838949
-0.700766,3.3,0.012181
-0.700766,3.5,0.0216821
-0.700766,3.7,0.033667
-0.700766,3.9,0.0383127
-0.700766,4.1,0.0279631
-0.700766,4.3,0.00275585
-0.700766,4.5,-0.032269
-0.700766,4.7,-0.0718877
-0.700766,4.9,-0.112346
-0.700766,5.1,-0.15074
-0.700766,5.3,-0.183871
-0.700766,5.5,-0.207542
-0.700766,5.7,-0.216984
-0.700766,5.9,-0.20887
-0.700766,6.1,-0.183928
-0.700766,6.3,-0.147625
-0.700766,6.5,-0.107631
-0.700766,6.7,-0.0702998
-0.700766,6.9,-0.0390019
-0.700766,7.1,-0.0145231
-0.700766,7.3,0.00378659
-0.700766,7.5,0.0170865
-0.700766,7.7,0.0265475
-0.700766,7.9,0.033159
-0.700766,8.1,0.0376924
-0.700766,8.3,0.0407252
-0.700766,8.5,0.0426812
-0.700766,8.7,0.0438683
-0.700766,8.9,0.0445098
-0.700766,9.1,0.0447674
-0.700766,9.3,0.0447586
-0.700766,9.5,0.0445689
-0.700766,9.7,0.0442608
-0.700766,9.9,0.0438804
-0.691644,2.1,0.000915696
-0.691644,2.3,0.00136153
-0.691644,2.5,0.00164825
-0.691644,2.7,0.00323399
-0.691644,2.9,0.00556267
-0.691644,3.1,0.00716234
-0.691644,3.3,0.010602
-0.691644,3.5,0.0190087
-0.691644,3.7,0.0293002
-0.691644,3.9,0.0329874
-0.691644,4.1,0.0238077
-0.691644,4.3,0.00199547
-0.691644,4.5,-0.0283157
-0.691644,4.7,-0.0627918
-0.691644,4.9,-0.0981223
-0.691644,5.1,-0.131497
-0.691644,5.3,-0.159712
-0.691644,5.5,-0.178752
-0.691644,5.7,-0.184518
-0.691644,5.9,-0.174835
-0.691644,6.1,-0.151444
-0.691644,6.3,-0.119789
-0.691644,6.5,-0.0863424
-0.691644,6.7,-0.0559116
-0.691644,6.9,-0.0307595
-0.691644,7.1,-0.0112123
-0.691644,7.3,0.00339254
-0.691644,7.5,0.0140256
-0.691644,7.7,0.0216231
-0.691644,7.9,0.0269643
-0.691644,8.1,0.0306537
-0.691644,8.3,0.0331443
-0.691644,8.5,0.0347695
-0.691644,8.7,0.0357732
-0.691644,8.9,0.0363329
-0.691644,9.1,0.0365782
-0.691644,9.3,0.0366037
-0.691644,9.5,0.036479
-0.691644,9.7,0.036255
-0.691644,9.9,0.0359696
-0.682523,2.1,0.000740108
-0.682523,2.3,0.00115112
-0.682523,2.5,0.00139337
-0.682523,2.7,0.00272723
-0.682523,2.9,0.00469287
-0.682523,3.1,0.00607833
-0.682523,3.3,0.00915763
-0.682523,3.5,0.0165198
-0.682523,3.7,0.0252926
-0.682523,3.9,0.0282156
-0.682523,4.1,0.020178
-0.682523,4.3,0.00143277
-0.682523,4.5,-0.0246503
-0.682523,4.7,-0.0544623
-0.682523,4.9,-0.0850618
-0.682523,5.1,-0.113744
-0.682523,5.3,-0.13737
-0.682523,5.5,-0.152228
-0.682523,5.7,-0.154969
-0.682523,5.9,-0.144472
-0.682523,6.1,-0.123158
-0.682523,6.3,-0.0961082
-0.682523,6.5,-0.0685782
-0.682523,6.7,-0.0440833
-0.682523,6.9,-0.0240784
-0.682523,7.1,-0.00860771
-0.682523,7.3,0.00294759
-0.682523,7.5,0.011382
-0.682523,7.7,0.0174351
-0.682523,7.9,0.0217146
-0.682523,8.1,0.0246907
-0.682523,8.3,0.026716
-0.682523,8.5,0.0280513
-0.682523,8.7,0.0288881
-0.682523,8.9,0.0293668
-0.682523,9.1,0.0295904
-0.682523,9.3,0.0296345
-0.682523,9.5,0.0295551
-0.682523,9.7,0.0293935
-0.682523,9.9,0.0291806
-0.673402,2.1,0.000588594
-0.673402,2.3,0.000965955
-0.673402,2.5,0.0011697
-0.673402,2.7,0.00228565
-0.673402,2.9,0.00393734
-0.673402,3.1,0.0051279
-0.673402,3.3,0.00785171
-0.673402,3.5,0.0142395
-0.673402,3.7,0.0216706
-0.673402,3.9,0.023991
-0.673402,4.1,0.0170329
-0.673402,4.3,0.00102397
-0.673402,4.5,-0.0212983
-0.673402,4.7,-0.0469133
-0.673402,4.9,-0.0731901
-0.673402,5.1,-0.0975441
-0.673402,5.3,-0.116975
-0.673402,5.5,-0.128165
-0.673402,5.7,-0.128546
-0.673402,5.9,-0.117893
-0.673402,6.1,-0.0989765
-0.673402,6.3,-0.0762956
-0.673402,6.5,-0.0539658
-0.673402,6.7,-0.0344773
-0.673402,6.9,-0.018718
-0.673402,7.1,-0.00657517
-0.673402,7.3,0.00249731
-0.673402,7.5,0.0091378
-0.673402,7.7,0.0139239
-0.673402,7.9,0.0173256
-0.673402,8.1,0.0197058
-0.673402,8.3,0.0213374
-0.673402,8.5,0.0224227
-0.673402,8.7,0.0231114
-0.673402,8.9,0.0235136
-0.673402,9.1,0.0237105
-0.673402,9.3,0.0237623
-0.673402,9.5,0.0237136
-0.673402,9.7,0.0235977
-0.673402,9.9,0.0234394
-0.66428,2.1,0.000459189
-0.66428,2.3,0.000804378
-0.66428,2.5,0.000975192
-0.66428,2.7,0.00190396
-0.66428,2.9,0.00328562
-0.66428,3.1,0.00430075
-0.66428,3.3,0.00668389
-0.66428,3.5,0.0121798
-0.66428,3.7,0.0184408
-0.66428,3.9,0.0202896
-0.66428,4.1,0.0143258
-0.66428,4.3,0.000732638
-0.66428,4.5,-0.0182691
-0.66428,4.7,-0.0401352
-0.66428,4.9,-0.0624999
-0.66428,5.1,-0.0829179
-0.66428,5.3,-0.0985903
-0.66428,5.5,-0.106664
-0.66428,5.7,-0.105326
-0.66428,5.9,-0.0950444
-0.66428,6.1,-0.0786572
-0.66428,6.3,-0.059971
-0.66428,6.5,-0.0421026
-0.66428,6.7,-0.0267625
-0.66428,6.9,-0.0144574
-0.66428,7.1,-0.00500047
-0.66428,7.3,0.00207112
-0.66428,7.5,0.00726205
-0.66428,7.7,0.0110189
-0.66428,7.9,0.0137021
-0.66428,8.1,0.0155901
-0.66428,8.3,0.0168926
-0.66428,8.5,0.0177658
-0.66428,8.7,0.0183256
-0.66428,8.9,0.018658
-0.66428,9.1,0.0188267
-0.66428,9.3,0.0188791
-0.66428,9.5,0.0188506
-0.66428,9.7,0.0187677
-0.66428,9.9,0.0186503
-0.655159,2.1,0.000349833
-0.655159,2.3,0.000664532
-0.655159,2.5,0.000807474
-0.655159,2.7,0.00157656
-0.655159,2.9,0.00272722
-0.655159,3.1,0.00358615
-0.655159,3.3,0.00565046
-0.655159,3.5,0.0103433
-0.655159,3.7,0.0155942
-0.655159,3.9,0.0170754
-0.655159,4.1,0.0120089
-0.655159,4.3,0.000529162
-0.655159,4.5,-0.0155602
-0.655159,4.7,-0.0341009
-0.655159,4.9,-0.052959
-0.655159,5.1,-0.0698484
-0.655159,5.3,-0.0822266
-0.655159,5.5,-0.0877414
-0.655159,5.7,-0.0852646
-0.655159,5.9,-0.075739
-0.655159,6.1,-0.0618563
-0.655159,6.3,-0.0467087
-0.655159,6.5,-0.0325864
-0.655159,6.7,-0.0206298
-0.655159,6.9,-0.0111
-0.655159,7.1,-0.00378823
-0.655159,7.3,0.00168606
-0.655159,7.5,0.00571633
-0.655159,7.7,0.00864462
-0.655159,7.9,0.0107456
-0.655159,8.1,0.0122314
-0.655159,8.3,0.0132621
-0.655159,8.5,0.0139577
-0.655159,8.7,0.0144075
-0.655159,8.9,0.0146782
-0.655159,9.1,0.0148193
-0.655159,9.3,0.0148681
-0.655159,9.5,0.0148523
-0.655159,9.7,0.014793
-0.655159,9.9,0.0147059
-0.646038,2.1,0.000258444
-0.646038,2.3,0.000544459
-0.646038,2.5,0.000664033
-0.646038,2.7,0.00129778
-0.646038,2.9,0.00225188
-0.646038,3.1,0.00297321
-0.646038,3.3,0.00474504
-0.646038,3.5,0.00872478
-0.646038,3.7,0.0131112
-0.646038,3.9,0.0143057
-0.646038,4.1,0.0100354
-0.646038,4.3,0.00039002
-0.646038,4.5,-0.0131606
-0.646038,4.7,-0.0287721
-0.646038,4.9,-0.0445176
-0.646038,5.1,-0.0582912
-0.646038,5.3,-0.0678477
-0.646038,5.5,-0.0713407
-0.646038,5.7,-0.0682183
-0.646038,5.9,-0.0596938
-0.646038,6.1,-0.0481705
-0.646038,6.3,-0.0360723
-0.646038,6.5,-0.0250363
-0.646038,6.7,-0.0158001
-0.646038,6.9,-0.00847524
-0.646038,7.1,-0.00286024
-0.646038,7.3,0.00135017
-0.646038,7.5,0.00445907
-0.646038,7.7,0.00672628
-0.646038,7.9,0.00835974
-0.646038,8.1,0.00952
-0.646038,8.3,0.0103288
-0.646038,8.5,0.0108777
-0.646038,8.7,0.0112352
-0.646038,8.9,0.0114525
-0.646038,9.1,0.0115682
-0.646038,9.3,0.0116112
-0.646038,9.5,0.0116031
-0.646038,9.7,0.0115604
-0.646038,9.9,0.0114958
-0.636916,2.1,0.000182977
-0.636916,2.3,0.000442172
-0.636916,2.5,0.000542314
-0.636916,2.7,0.00106206
-0.636916,2.9,0.00184981
-0.636916,3.1,0.00245118
-0.636916,3.3,0.00395922
-0.636916,3.5,0.00731335
-0.636916,3.7,0.010965
-0.636916,3.9,0.011935
-0.636916,4.1,0.00836114
-0.636916,4.3,0.000296903
-0.636916,4.5,-0.0110533
-0.636916,4.7,-0.0241024
-0.636916,4.9,-0.0371138
-0.636916,5.1,-0.0481797
-0.636916,5.3,-0.055378
-0.636916,5.5,-0.0573416
-0.636916,5.7,-0.0539666
-0.636916,5.9,-0.0465636
-0.636916,6.1,-0.0371751
-0.636916,6.3,-0.0276418
-0.636916,6.5,-0.0191058
-0.636916,6.7,-0.0120291
-0.636916,6.9,-0.00643807
-0.636916,7.1,-0.00215331
-0.636916,7.3,0.00106527
-0.636916,7.5,0.00344865
-0.636916,7.7,0.00519279
-0.636916,7.9,0.00645408
-0.636916,8.1,0.0073535
-0.636916,8.3,0.00798309
-0.636916,8.5,0.0084123
-0.636916,8.7,0.0086934
-0.636916,8.9,0.0088657
-0.636916,9.1,0.00895879
-0.636916,9.3,0.00899502
-0.636916,9.5,0.00899128
-0.636916,9.7,0.00896041
-0.636916,9.9,0.00891219
-0.627795,2.1,0.000121466
-0.627795,2.3,0.000355717
-0.627795,2.5,0.000439808
-0.627795,2.7,0.000864111
-0.627795,2.9,0.0015118
-0.627795,3.1,0.00200964
-0.627795,3.3,0.00328326
-0.627795,3.5,0.0060942
-0.627795,3.7,0.00912478
-0.627795,3.9,0.00991778
-0.627795,4.1,0.00694582
-0.627795,4.3,0.000235847
-0.627795,4.5,-0.00921801
-0.627795,4.7,-0.0200417
-0.627795,4.9,-0.0306775
-0.627795,5.1,-0.0394302
-0.627795,5.3,-0.0447086
-0.627795,5.5,-0.0455731
-0.627795,5.7,-0.0422355
-0.627795,5.9,-0.0359736
-0.627795,6.1,-0.0284521
-0.627795,6.3,-0.0210312
-0.627795,6.5,-0.0144896
-0.627795,6.7,-0.00910785
-0.627795,6.9,-0.00486743
-0.627795,7.1,-0.00161705
-0.627795,7.3,0.00082916
-0.627795,7.5,0.00264562
-0.627795,7.7,0.00397912
-0.627795,7.9,0.00494667
-0.627795,8.1,0.00563897
-0.627795,8.3,0.00612524
-0.627795,8.5,0.00645797
-0.627795,8.7,0.0066768
-0.627795,8.9,0.00681172
-0.627795,9.1,0.00688537
-0.627795,9.3,0.00691492
-0.627795,9.5,0.00691343
-0.627795,9.7,0.00689081
-0.627795,9.9,0.00685467
