-0.983527,2.1,0.00290587
-0.983527,2.3,0.00378803
-0.983527,2.5,0.00141923
-0.983527,2.7,-0.00439672
-0.983527,2.9,-0.0038978
-0.983527,3.1,0.0102006
-0.983527,3.3,0.0299589
-0.983527,3.5,0.040774
-0.983527,3.7,0.0377023
-0.983527,3.9,0.0266517
-0.983527,4.1,0.0142288
-0.983527,4.3,0.00292668
-0.983527,4.5,-0.00733575
-0.983527,4.7,-0.0167635
-0.983527,4.9,-0.0239993
-0.983527,5.1,-0.027176
-0.983527,5.3,-0.0269167
-0.983527,5.5,-0.0253924
-0.983527,5.7,-0.0239627
-0.983527,5.9,-0.0230389
-0.983527,6.1,-0.0226477
-0.983527,6.3,-0.0227306
-0.983527,6.5,-0.0232339
-0.983527,6.7,-0.0241197
-0.983527,6.9,-0.0253454
-0.983527,7.1,-0.0268139
-0.983527,7.3,-0.0282695
-0.983527,7.5,-0.0291172
-0.983527,7.7,-0.0282642
-0.983527,7.9,-0.0244717
-0.983527,8.1,-0.0177301
-0.983527,8.3,-0.0101148
-0.983527,8.5,-0.00397185
-0.983527,8.7,-5.38727e-05
-0.983527,8.9,0.00207582
-0.983527,9.1,0.00307772
-0.983527,9.3,0.00344317
-0.983527,9.5,0.00347014
-0.983527,9.7,0.00332585
-0.983527,9.9,0.00310135
-0.974405,2.1,0.00352864
-0.974405,2.3,0.00413216
-0.974405,2.5,0.000854858
-0.974405,2.7,-0.00488684
-0.974405,2.9,-0.00112072
-0.974405,3.1,0.0179345
-0.974405,3.3,0.0402696
-0.974405,3.5,0.0493754
-0.974405,3.7,0.0415164
-0.974405,3.9,0.0250488
-0.974405,4.1,0.00810478
-0.974405,4.3,-0.00643016
-0.974405,4.5,-0.0184698
-0.974405,4.7,-0.0277529
-0.974405,4.9,-0.0329617
-0.974405,5.1,-0.0339167
-0.974405,5.3,-0.0327316
-0.974405,5.5,-0.0314193
-0.974405,5.7,-0.0307351
-0.974405,5.9,-0.0307524
-0.974405,6.1,-0.0313785
-0.974405,6.3,-0.0325259
-0.974405,6.5,-0.0341349
-0.974405,6.7,-0.0361475
-0.974405,6.9,-0.0384481
-0.974405,7.1,-0.0407486
-0.974405,7.3,-0.0423806
-0.974405,7.5,-0.0420289
-0.974405,7.7,-0.0378005
-0.974405,7.9,-0.0285451
-0.974405,8.1,-0.0160519
-0.974405,8.3,-0.00441487
-0.974405,8.5,0.00367128
-0.974405,8.7,0.00816965
-0.974405,8.9,0.0101928
-0.974405,9.1,0.010787
-0.974405,9.3,0.0106338
-0.974405,9.5,0.0101206
-0.974405,9.7,0.00945529
-0.974405,9.9,0.0087454
-0.965284,2.1,0.00410718
-0.965284,2.3,0.00438404
-0.965284,2.5,0.000447272
-0.965284,2.7,-0.00452583
-0.965284,2.9,0.00277939
-0.965284,3.1,0.0256548
-0.965284,3.3,0.0484629
-0.965284,3.5,0.0538991
-0.965284,3.7,0.0402775
-0.965284,3.9,0.0185266
-0.965284,4.1,-0.00198492
-0.965284,4.3,-0.0180537
-0.965284,4.5,-0.0292723
-0.965284,4.7,-0.035293
-0.965284,4.9,-0.0363924
-0.965284,5.1,-0.0349598
-0.965284,5.3,-0.0336442
-0.965284,5.5,-0.0334276
-0.965284,5.7,-0.0342342
-0.965284,5.9,-0.0357978
-0.965284,6.1,-0.0379343
-0.965284,6.3,-0.0405464
-0.965284,6.5,-0.043571
-0.965284,6.7,-0.0469061
-0.965284,6.9,-0.0502971
-0.965284,7.1,-0.0531331
-0.965284,7.3,-0.0541315
-0.965284,7.5,-0.051111
-0.965284,7.7,-0.0416995
-0.965284,7.9,-0.0259024
-0.965284,8.1,-0.0080536
-0.965284,8.3,0.00639774
-0.965284,8.5,0.0153309
-0.965284,8.7,0.0196838
-0.965284,8.9,0.0211581
-0.965284,9.1,0.0210695
-0.965284,9.3,0.0202153
-0.965284,9.5,0.0190314
-0.965284,9.7,0.0177443
-0.965284,9.9,0.0164667
-0.956163,2.1,0.00464466
-0.956163,2.3,0.00460011
-0.956163,2.5,0.000276909
-0.956163,2.7,-0.00340798
-0.956163,2.9,0.007379
-0.956163,3.1,0.0328633
-0.956163,3.3,0.0543457
-0.956163,3.5,0.054702
-0.956163,3.7,0.0350448
-0.956163,3.9,0.00886143
-0.956163,4.1,-0.0136197
-0.956163,4.3,-0.0290396
-0.956163,4.5,-0.0368926
-0.956163,4.7,-0.0377832
-0.956163,4.9,-0.0347635
-0.956163,5.1,-0.0321101
-0.956163,5.3,-0.031729
-0.956163,5.5,-0.033276
-0.956163,5.7,-0.0359851
-0.956163,5.9,-0.0393722
-0.956163,6.1,-0.043219
-0.956163,6.3,-0.0474373
-0.956163,6.5,-0.0519518
-0.956163,6.7,-0.0565796
-0.956163,6.9,-0.0608469
-0.956163,7.1,-0.0636854
-0.956163,7.3,-0.0630498
-0.956163,7.5,-0.0559588
-0.956163,7.7,-0.0402397
-0.956163,7.9,-0.0180441
-0.956163,8.1,0.00385473
-0.956163,8.3,0.0197475
-0.956163,8.5,0.0286567
-0.956163,8.7,0.0324274
-0.956163,8.9,0.0331626
-0.956163,9.1,0.0323226
-0.956163,9.3,0.0307547
-0.956163,9.5,0.0289115
-0.956163,9.7,0.027023
-0.956163,9.9,0.0252004
-0.947041,2.1,0.00514007
-0.947041,2.3,0.00481616
-0.947041,2.5,0.000370563
-0.947041,2.7,-0.00168269
-0.947041,2.9,0.0123009
-0.947041,3.1,0.0392341
-0.947041,3.3,0.0579876
-0.947041,3.5,0.0525369
-0.947041,3.7,0.0273856
-0.947041,3.9,-0.00168983
-0.947041,4.1,-0.0241353
-0.947041,4.3,-0.0368075
-0.947041,4.5,-0.0397782
-0.947041,4.7,-0.0357323
-0.947041,4.9,-0.0304215
-0.947041,5.1,-0.0283697
-0.947041,5.3,-0.029932
-0.947041,5.5,-0.0336598
-0.947041,5.7,-0.0384123
-0.947041,5.9,-0.0436519
-0.947041,6.1,-0.0491906
-0.947041,6.3,-0.0549624
-0.947041,6.5,-0.0608622
-0.947041,6.7,-0.0665739
-0.947041,6.9,-0.071308
-0.947041,7.1,-0.0734009
-0.947041,7.3,-0.0699658
-0.947041,7.5,-0.0575094
-0.947041,7.7,-0.0349382
-0.947041,7.9,-0.00715813
-0.947041,8.1,0.0173538
-0.947041,8.3,0.0336163
-0.947041,8.5,0.0419736
-0.947041,8.7,0.0449725
-0.947041,8.9,0.0449415
-0.947041,9.1,0.0433923
-0.947041,9.3,0.0411788
-0.947041,9.5,0.0387508
-0.947041,9.7,0.0363338
-0.947041,9.9,0.0340337
-0.93792,2.1,0.005589
-0.93792,2.3,0.00504969
-0.93792,2.5,0.000714715
-0.93792,2.7,0.000475396
-0.93792,2.9,0.0172276
-0.93792,3.1,0.0445779
-0.93792,3.3,0.0596489
-0.93792,3.5,0.0483953
-0.93792,3.7,0.0190487
-0.93792,3.9,-0.0109045
-0.93792,4.1,-0.0312816
-0.93792,4.3,-0.0397644
-0.93792,4.5,-0.0379234
-0.93792,4.7,-0.0310655
-0.93792,4.9,-0.0263222
-0.93792,5.1,-0.0268085
-0.93792,5.3,-0.0311754
-0.93792,5.5,-0.0373492
-0.93792,5.7,-0.0441595
-0.93792,5.9,-0.0511749
-0.93792,6.1,-0.0582953
-0.93792,6.3,-0.0654826
-0.93792,6.5,-0.0725688
-0.93792,6.7,-0.0790292
-0.93792,6.9,-0.0836298
-0.93792,7.1,-0.0839585
-0.93792,7.3,-0.0762848
-0.93792,7.5,-0.057115
-0.93792,7.7,-0.0273867
-0.93792,7.9,0.00508171
-0.93792,8.1,0.0311067
-0.93792,8.3,0.0470969
-0.93792,8.5,0.0546591
-0.93792,8.7,0.0568389
-0.93792,8.9,0.0560724
-0.93792,9.1,0.0538722
-0.93792,9.3,0.0510784
-0.93792,9.5,0.0481295
-0.93792,9.7,0.0452434
-0.93792,9.9,0.0425201
-0.928799,2.1,0.00598486
-0.928799,2.3,0.00530366
-0.928799,2.5,0.00126872
-0.928799,2.7,0.00288853
-0.928799,2.9,0.0219047
-0.928799,3.1,0.0488106
-0.928799,3.3,0.0597079
-0.928799,3.5,0.0433289
-0.928799,3.7,0.0116326
-0.928799,3.9,-0.0170331
-0.928799,4.1,-0.0336554
-0.928799,4.3,-0.0375095
-0.928799,4.5,-0.0324972
-0.928799,4.7,-0.0261925
-0.928799,4.9,-0.0251511
-0.928799,5.1,-0.0299596
-0.928799,5.3,-0.0378761
-0.928799,5.5,-0.0467297
-0.928799,5.7,-0.0556225
-0.928799,5.9,-0.0643616
-0.928799,6.1,-0.0729782
-0.928799,6.3,-0.0814522
-0.928799,6.5,-0.0894955
-0.928799,6.7,-0.0962576
-0.928799,6.9,-0.0998778
-0.928799,7.1,-0.097021
-0.928799,7.3,-0.0832267
-0.928799,7.5,-0.0557693
-0.928799,7.7,-0.0185477
-0.928799,7.9,0.0179596
-0.928799,8.1,0.0448587
-0.928799,8.3,0.0602985
-0.928799,8.5,0.0670006
-0.928799,8.7,0.0683666
-0.928799,8.9,0.0668843
-0.928799,9.1,0.0640519
-0.928799,9.3,0.0606925
-0.928799,9.5,0.0572341
-0.928799,9.7,0.0538875
-0.928799,9.9,0.050748
-0.919677,2.1,0.00632018
-0.919677,2.3,0.00557069
-0.919677,2.5,0.00197654
-0.919677,2.7,0.00539102
-0.919677,2.9,0.0261383
-0.919677,3.1,0.0519268
-0.919677,3.3,0.058591
-0.919677,3.5,0.0382871
-0.919677,3.7,0.00633952
-0.919677,3.9,-0.0190418
-0.919677,4.1,-0.0308137
-0.919677,4.3,-0.0306401
-0.919677,4.5,-0.0252384
-0.919677,4.7,-0.0233143
-0.919677,4.9,-0.0288984
-0.919677,5.1,-0.0395691
-0.919677,5.3,-0.0517191
-0.919677,5.5,-0.0635426
-0.919677,5.7,-0.0746457
-0.919677,5.9,-0.0851696
-0.919677,6.1,-0.0952973
-0.919677,6.3,-0.104992
-0.919677,6.5,-0.113748
-0.919677,6.7,-0.120208
-0.919677,6.9,-0.121639
-0.919677,7.1,-0.113614
-0.919677,7.3,-0.0912753
-0.919677,7.5,-0.0537319
-0.919677,7.7,-0.00861965
-0.919677,7.9,0.0315506
-0.919677,8.1,0.0590514
-0.919677,8.3,0.0738971
-0.919677,8.5,0.0797672
-0.919677,8.7,0.0803358
-0.919677,8.9,0.0781286
-0.919677,9.1,0.0746359
-0.919677,9.3,0.0706722
-0.919677,9.5,0.0666606
-0.919677,9.7,0.0628086
-0.919677,9.9,0.0592087
-0.910556,2.1,0.00658775
-0.910556,2.3,0.00583705
-0.910556,2.5,0.00277623
-0.910556,2.7,0.00783858
-0.910556,2.9,0.0297902
-0.910556,3.1,0.0539762
-0.910556,3.3,0.0567135
-0.910556,3.5,0.034002
-0.910556,3.7,0.00386086
-0.910556,3.9,-0.0166363
-0.910556,4.1,-0.0231291
-0.910556,4.3,-0.0203707
-0.910556,4.5,-0.0179283
-0.910556,4.7,-0.0240547
-0.910556,4.9,-0.0387172
-0.910556,5.1,-0.0565206
-0.910556,5.3,-0.0735572
-0.910556,5.5,-0.0887368
-0.910556,5.7,-0.102323
-0.910556,5.9,-0.114844
-0.910556,6.1,-0.126624
-0.910556,6.3,-0.137536
-0.910556,6.5,-0.1467
-0.910556,6.7,-0.152
-0.910556,6.9,-0.149525
-0.910556,7.1,-0.133701
-0.910556,7.3,-0.0999681
-0.910556,7.5,-0.0505875
-0.910556,7.7,0.00267309
-0.910556,7.9,0.0462477
-0.910556,8.1,0.0742746
-0.910556,8.3,0.0886037
-0.910556,8.5,0.093721
-0.910556,8.7,0.0935221
-0.910556,8.9,0.090575
-0.910556,9.1,0.0863775
-0.910556,9.3,0.081748
-0.910556,9.5,0.0771132
-0.910556,9.7,0.0726826
-0.910556,9.9,0.0685492
-0.901435,2.1,0.00678162
-0.901435,2.3,0.00608621
-0.901435,2.5,0.00360717
-0.901435,2.7,0.0101133
-0.901435,2.9,0.0327718
-0.901435,3.1,0.0550449
-0.901435,3.3,0.0544344
-0.901435,3.5,0.0309344
-0.901435,3.7,0.00438856
-0.901435,3.9,-0.0101323
-0.901435,4.1,-0.0115244
-0.901435,4.3,-0.00815698
-0.901435,4.5,-0.0120549
-0.901435,4.7,-0.0293286
-0.901435,4.9,-0.0549188
-0.901435,5.1,-0.0808377
-0.901435,5.3,-0.103378
-0.901435,5.5,-0.122392
-0.901435,5.7,-0.138875
-0.901435,5.9,-0.153746
-0.901435,6.1,-0.167418
-0.901435,6.3,-0.179551
-0.901435,6.5,-0.188667
-0.901435,6.7,-0.191561
-0.901435,6.9,-0.182862
-0.901435,7.1,-0.156061
-0.901435,7.3,-0.108066
-0.901435,7.5,-0.0456166
-0.901435,7.7,0.0156355
-0.901435,7.9,0.0622911
-0.901435,8.1,0.0908231
-0.901435,8.3,0.104763
-0.901435,8.5,0.109246
-0.901435,8.7,0.108347
-0.901435,8.9,0.104678
-0.901435,9.1,0.099759
-0.901435,9.3,0.0944238
-0.901435,9.5,0.0891115
-0.901435,9.7,0.08404
-0.901435,9.9,0.0793064
-0.892313,2.1,0.00689777
-0.892313,2.3,0.00630157
-0.892313,2.5,0.00441502
-0.892313,2.7,0.0121252
-0.892313,2.9,0.035037
-0.892313,3.1,0.05524
-0.892313,3.3,0.0520314
-0.892313,3.5,0.0292773
-0.892313,3.7,0.00771093
-0.892313,3.9,-0.000258273
-0.892313,4.1,0.00279739
-0.892313,4.3,0.00458268
-0.892313,4.5,-0.00865114
-0.892313,4.7,-0.0393416
-0.892313,4.9,-0.0770372
-0.892313,5.1,-0.111739
-0.892313,5.3,-0.140331
-0.892313,5.5,-0.163709
-0.892313,5.7,-0.183598
-0.892313,5.9,-0.201258
-0.892313,6.1,-0.217093
-0.892313,6.3,-0.230365
-0.892313,6.5,-0.238701
-0.892313,6.7,-0.237451
-0.892313,6.9,-0.219648
-0.892313,7.1,-0.178519
-0.892313,7.3,-0.114012
-0.892313,7.5,-0.0382449
-0.892313,7.7,0.0302547
-0.892313,7.9,0.079501
-0.892313,8.1,0.10849
-0.892313,8.3,0.12218
-0.892313,8.5,0.126189
-0.892313,8.7,0.124712
-0.892313,8.9,0.120404
-0.892313,9.1,0.114809
-0.892313,9.3,0.108786
-0.892313,9.5,0.102795
-0.892313,9.7,0.097066
-0.892313,9.9,0.0917055
-0.883192,2.1,0.00693458
-0.883192,2.3,0.00646849
-0.883192,2.5,0.0051547
-0.883192,2.7,0.013812
-0.883192,2.9,0.0365767
-0.883192,3.1,0.0546787
-0.883192,3.3,0.049692
-0.883192,3.5,0.0289999
-0.883192,3.7,0.0133431
-0.883192,3.9,0.0120385
-0.883192,4.1,0.0185653
-0.883192,4.3,0.0166349
-0.883192,4.5,-0.00825022
-0.883192,4.7,-0.0536636
-0.883192,4.9,-0.103942
-0.883192,5.1,-0.14775
-0.883192,5.3,-0.182819
-0.883192,5.5,-0.21108
-0.883192,5.7,-0.234907
-0.883192,5.9,-0.2558
-0.883192,6.1,-0.273999
-0.883192,6.3,-0.288124
-0.883192,6.5,-0.294568
-0.883192,6.7,-0.286936
-0.883192,6.9,-0.256853
-0.883192,7.1,-0.198489
-0.883192,7.3,-0.116474
-0.883192,7.5,-0.0283516
-0.883192,7.7,0.0460796
-0.883192,7.9,0.0972543
-0.883192,8.1,0.126598
-0.883192,8.3,0.14017
-0.883192,8.5,0.143893
-0.883192,8.7,0.14202
-0.883192,8.9,0.137224
-0.883192,9.1,0.131075
-0.883192,9.3,0.12446
-0.883192,9.5,0.117859
-0.883192,9.7,0.111522
-0.883192,9.9,0.105569
-0.874071,2.1,0.00689292
-0.874071,2.3,0.00657553
-0.874071,2.5,0.00579188
-0.874071,2.7,0.0151371
-0.874071,2.9,0.0374118
-0.874071,3.1,0.0534795
-0.874071,3.3,0.0475202
-0.874071,3.5,0.0299109
-0.874071,3.7,0.0206537
-0.874071,3.9,0.0257456
-0.874071,4.1,0.034583
-0.874071,4.3,0.0270733
-0.874071,4.5,-0.0109143
-0.874071,4.7,-0.0713498
-0.874071,4.9,-0.133998
-0.874071,5.1,-0.18687
-0.874071,5.3,-0.228667
-0.874071,5.5,-0.262241
-0.874071,5.7,-0.290472
-0.874071,5.9,-0.314946
-0.874071,6.1,-0.335534
-0.874071,6.3,-0.349926
-0.874071,6.5,-0.35295
-0.874071,6.7,-0.33635
-0.874071,6.9,-0.290991
-0.874071,7.1,-0.213618
-0.874071,7.3,-0.114732
-0.874071,7.5,-0.0163376
-0.874071,7.7,0.0623045
-0.874071,7.9,0.114628
-0.874071,8.1,0.144166
-0.874071,8.3,0.157728
-0.874071,8.5,0.161365
-0.874071,8.7,0.159315
-0.874071,8.9,0.154241
-0.874071,9.1,0.147728
-0.874071,9.3,0.140683
-0.874071,9.5,0.133612
-0.874071,9.7,0.126785
-0.874071,9.9,0.120337
-0.864949,2.1,0.00677613
-0.864949,2.3,0.00661514
-0.864949,2.5,0.00630323
-0.864949,2.7,0.0160862
-0.864949,2.9,0.0375874
-0.864949,3.1,0.0517568
-0.864949,3.3,0.045551
-0.864949,3.5,0.0317241
-0.864949,3.7,0.0289676
-0.864949,3.9,0.0398923
-0.864949,4.1,0.049812
-0.864949,4.3,0.0352839
-0.864949,4.5,-0.0163066
-0.864949,4.7,-0.0910977
-0.864949,4.9,-0.165267
-0.864949,5.1,-0.226792
-0.864949,5.3,-0.275346
-0.864949,5.5,-0.314503
-0.864949,5.7,-0.347452
-0.864949,5.9,-0.375666
-0.864949,6.1,-0.398404
-0.864949,6.3,-0.412128
-0.864949,6.5,-0.409859
-0.864949,6.7,-0.381676
-0.864949,6.9,-0.318826
-0.864949,7.1,-0.222311
-0.864949,7.3,-0.108805
-0.864949,7.5,-0.00299718
-0.864949,7.7,0.0779559
-0.864949,7.9,0.130605
-0.864949,8.1,0.160129
-0.864949,8.3,0.173752
-0.864949,8.5,0.177488
-0.864949,8.7,0.175488
-0.864949,8.9,0.170374
-0.864949,9.1,0.163724
-0.864949,9.3,0.156461
-0.864949,9.5,0.149112
-0.864949,9.7,0.141966
-0.864949,9.9,0.135174
-0.855828,2.1,0.00658972
-0.855828,2.3,0.00658378
-0.855828,2.5,0.0066758
-0.855828,2.7,0.0166644
-0.855828,2.9,0.037167
-0.855828,3.1,0.0496172
-0.855828,3.3,0.0437701
-0.855828,3.5,0.034115
-0.855828,3.7,0.0376378
-0.855828,3.9,0.0536139
-0.855828,4.1,0.0634152
-0.855828,4.3,0.0409561
-0.855828,4.5,-0.0237928
-0.855828,4.7,-0.111428
-0.855828,4.9,-0.195731
-0.855828,5.1,-0.265161
-0.855828,5.3,-0.320246
-0.855828,5.5,-0.365035
-0.855828,5.7,-0.402791
-0.855828,5.9,-0.434642
-0.855828,6.1,-0.458981
-0.855828,6.3,-0.47078
-0.855828,6.5,-0.461191
-0.855828,6.7,-0.419217
-0.855828,6.9,-0.337961
-0.855828,7.1,-0.223969
-0.855828,7.3,-0.0993267
-0.855828,7.5,0.0106944
-0.855828,7.7,0.092084
-0.855828,7.9,0.14425
-0.855828,8.1,0.173517
-0.855828,8.3,0.18722
-0.855828,8.5,0.191202
-0.855828,8.7,0.189461
-0.855828,8.9,0.18454
-0.855828,9.1,0.177992
-0.855828,9.3,0.170742
-0.855828,9.5,0.163332
-0.855828,9.7,0.156067
-0.855828,9.9,0.149116
-0.846707,2.1,0.00634108
-0.846707,2.3,0.00648175
-0.846707,2.5,0.00690586
-0.846707,2.7,0.0168921
-0.846707,2.9,0.0362269
-0.846707,3.1,0.0471575
-0.846707,3.3,0.0421328
-0.846707,3.5,0.0367633
-0.846707,3.7,0.0460909
-0.846707,3.9,0.0661881
-0.846707,4.1,0.0747758
-0.846707,4.3,0.0440509
-0.846707,4.5,-0.0325597
-0.846707,4.7,-0.130868
-0.846707,4.9,-0.223517
-0.846707,5.1,-0.29981
-0.846707,5.3,-0.360943
-0.846707,5.5,-0.411156
-0.846707,5.7,-0.453535
-0.846707,5.9,-0.488626
-0.846707,6.1,-0.513714
-0.846707,6.3,-0.522113
-0.846707,6.5,-0.503302
-0.846707,6.7,-0.446161
-0.846707,6.9,-0.347172
-0.846707,7.1,-0.218922
-0.846707,7.3,-0.0872993
-0.846707,7.5,0.023781
-0.846707,7.7,0.103902
-0.846707,7.9,0.154836
-0.846707,8.1,0.183578
-0.846707,8.3,0.197328
-0.846707,8.5,0.201649
-0.846707,8.7,0.200332
-0.846707,8.9,0.195806
-0.846707,9.1,0.189578
-0.846707,9.3,0.182564
-0.846707,9.5,0.175308
-0.846707,9.7,0.168132
-0.846707,9.9,0.161215
-0.837585,2.1,0.00603895
-0.837585,2.3,0.00631264
-0.837585,2.5,0.00699738
-0.837585,2.7,0.0168013
-0.837585,2.9,0.034851
-0.837585,3.1,0.0444645
-0.837585,3.3,0.0405805
-0.837585,3.5,0.0393816
-0.837585,3.7,0.0538508
-0.837585,3.9,0.0770508
-0.837585,4.1,0.0835001
-0.837585,4.3,0.0447529
-0.837585,4.5,-0.0417378
-0.837585,4.7,-0.148121
-0.837585,4.9,-0.247077
-0.837585,5.1,-0.32897
-0.837585,5.3,-0.395423
-0.837585,5.5,-0.450586
-0.837585,5.7,-0.497119
-0.837585,5.9,-0.534765
-0.837585,6.1,-0.559506
-0.837585,6.3,-0.562984
-0.837585,6.5,-0.533472
-0.837585,6.7,-0.460928
-0.837585,6.9,-0.346427
-0.837585,7.1,-0.208182
-0.837585,7.3,-0.0738451
-0.837585,7.5,0.0354632
-0.837585,7.7,0.112862
-0.837585,7.9,0.161903
-0.837585,8.1,0.189841
-0.837585,8.3,0.203558
-0.837585,8.5,0.208253
-0.837585,8.7,0.207467
-0.837585,8.9,0.20349
-0.837585,9.1,0.197761
-0.837585,9.3,0.191172
-0.837585,9.5,0.184265
-0.837585,9.7,0.177367
-0.837585,9.9,0.170666
-0.828464,2.1,0.00569301
-0.828464,2.3,0.00608275
-0.828464,2.5,0.00696033
-0.828464,2.7,0.0164323
-0.828464,2.9,0.0331259
-0.828464,3.1,0.0416143
-0.828464,3.3,0.0390538
-0.828464,3.5,0.0417317
-0.828464,3.7,0.0605493
-0.828464,3.9,0.0858024
-0.828464,4.1,0.0894096
-0.828464,4.3,0.0434116
-0.828464,4.5,-0.0505128
-0.828464,4.7,-0.162186
-0.828464,4.9,-0.265316
-0.828464,5.1,-0.351398
-0.828464,5.3,-0.422236
-0.828464,5.5,-0.481625
-0.828464,5.7,-0.531582
-0.828464,5.9,-0.570854
-0.828464,6.1,-0.594014
-0.828464,6.3,-0.591186
-0.828464,6.5,-0.550164
-0.828464,6.7,-0.463221
-0.828464,6.9,-0.33666
-0.828464,7.1,-0.193125
-0.828464,7.3,-0.060013
-0.828464,7.5,0.0451682
-0.828464,7.7,0.118677
-0.828464,7.9,0.165267
-0.828464,8.1,0.192128
-0.828464,8.3,0.205691
-0.828464,8.5,0.21074
-0.828464,8.7,0.210534
-0.828464,8.9,0.207203
-0.828464,9.1,0.202102
-0.828464,9.3,0.196084
-0.828464,9.5,0.189681
-0.828464,9.7,0.183217
-0.828464,9.9,0.176889
-0.819343,2.1,0.00531336
-0.819343,2.3,0.00580037
-0.819343,2.5,0.00680906
-0.819343,2.7,0.0158299
-0.819343,2.9,0.0311372
-0.819343,3.1,0.0386732
-0.819343,3.3,0.0375008
-0.819343,3.5,0.0436314
-0.819343,3.7,0.0659261
-0.819343,3.9,0.0922046
-0.819343,4.1,0.0925224
-0.819343,4.3,0.0404772
-0.819343,4.5,-0.058212
-0.819343,4.7,-0.172426
-0.819343,4.9,-0.277636
-0.819343,5.1,-0.366433
-0.819343,5.3,-0.440562
-0.819343,5.5,-0.503249
-0.819343,5.7,-0.555683
-0.819343,5.9,-0.59548
-0.819343,6.1,-0.615803
-0.819343,6.3,-0.6056
-0.819343,6.5,-0.553073
-0.819343,6.7,-0.453861
-0.819343,6.9,-0.319443
-0.819343,7.1,-0.175216
-0.819343,7.3,-0.0466667
-0.819343,7.5,0.0525645
-0.819343,7.7,0.121305
-0.819343,7.9,0.164998
-0.819343,8.1,0.19053
-0.819343,8.3,0.203796
-0.819343,8.5,0.209132
-0.819343,8.7,0.209503
-0.819343,8.9,0.206858
-0.819343,9.1,0.202458
-0.819343,9.3,0.197108
-0.819343,9.5,0.191318
-0.819343,9.7,0.185405
-0.819343,9.9,0.179568
-0.810221,2.1,0.00491013
-0.810221,2.3,0.00547506
-0.810221,2.5,0.00656072
-0.810221,2.7,0.0150409
-0.810221,2.9,0.0289658
-0.810221,3.1,0.0356983
-0.810221,3.3,0.0358819
-0.810221,3.5,0.0449557
-0.810221,3.7,0.0698246
-0.810221,3.9,0.0961726
-0.810221,4.1,0.0930241
-0.810221,4.3,0.036437
-0.810221,4.5,-0.0643567
-0.810221,4.7,-0.178574
-0.810221,4.9,-0.283921
-0.810221,5.1,-0.373964
-0.810221,5.3,-0.450193
-0.810221,5.5,-0.5151
-0.810221,5.7,-0.568911
-0.810221,5.9,-0.608049
-0.810221,6.1,-0.624379
-0.810221,6.3,-0.606175
-0.810221,6.5,-0.542977
-0.810221,6.7,-0.434479
-0.810221,6.9,-0.296645
-0.810221,7.1,-0.155817
-0.810221,7.3,-0.0344398
-0.810221,7.5,0.0575436
-0.810221,7.7,0.120909
-0.810221,7.9,0.161376
-0.810221,8.1,0.185361
-0.810221,8.3,0.198177
-0.810221,8.5,0.203705
-0.810221,8.7,0.204602
-0.810221,8.9,0.202637
-0.810221,9.1,0.198962
-0.810221,9.3,0.194327
-0.810221,9.5,0.189212
-0.810221,9.7,0.183924
-0.810221,9.9,0.178658
-0.8011,2.1,0.00449305
-0.8011,2.3,0.00511701
-0.8011,2.5,0.00623384
-0.8011,2.7,0.0141114
-0.8011,2.9,0.0266856
-0.8011,3.1,0.0327379
-0.8011,3.3,0.0341721
-0.8011,3.5,0.0456326
-0.8011,3.7,0.072183
-0.8011,3.9,0.0977605
-0.8011,4.1,0.0912305
-0.8011,4.3,0.0317609
-0.8011,4.5,-0.0686779
-0.8011,4.7,-0.180697
-0.8011,4.9,-0.284457
-0.8011,5.1,-0.374347
-0.8011,5.3,-0.451451
-0.8011,5.5,-0.517414
-0.8011,5.7,-0.571427
-0.8011,5.9,-0.608725
-0.8011,6.1,-0.620106
-0.8011,6.3,-0.593784
-0.8011,6.5,-0.521483
-0.8011,6.7,-0.407178
-0.8011,6.9,-0.27016
-0.8011,7.1,-0.136078
-0.8011,7.3,-0.0237362
-0.8011,7.5,0.0601812
-0.8011,7.7,0.117814
-0.8011,7.9,0.15484
-0.8011,8.1,0.177103
-0.8011,8.3,0.189323
-0.8011,8.5,0.194928
-0.8011,8.7,0.196274
-0.8011,8.9,0.194941
-0.8011,9.1,0.191973
-0.8011,9.3,0.188057
-0.8011,9.5,0.183638
-0.8011,9.7,0.179008
-0.8011,9.9,0.174354
-0.791979,2.1,0.0040712
-0.791979,2.3,0.00473645
-0.791979,2.5,0.00584721
-0.791979,2.7,0.0130853
-0.791979,2.9,0.024362
-0.791979,3.1,0.0298327
-0.791979,3.3,0.0323608
-0.791979,3.5,0.0456379
-0.791979,3.7,0.0730239
-0.791979,3.9,0.0971416
-0.791979,4.1,0.0875434
-0.791979,4.3,0.0268601
-0.791979,4.5,-0.0711016
-0.791979,4.7,-0.179123
-0.791979,4.9,-0.279835
-0.791979,5.1,-0.368291
-0.791979,5.3,-0.445066
-0.791979,5.5,-0.510901
-0.791979,5.7,-0.563933
-0.791979,5.9,-0.598296
-0.791979,6.1,-0.604049
-0.791979,6.3,-0.570006
-0.791979,6.5,-0.490727
-0.791979,6.7,-0.374225
-0.791979,6.9,-0.241724
-0.791979,7.1,-0.116893
-0.791979,7.3,-0.0147568
-0.791979,7.5,0.0606917
-0.791979,7.7,0.11245
-0.791979,7.9,0.145928
-0.791979,8.1,0.166347
-0.791979,8.3,0.177843
-0.791979,8.5,0.183405
-0.791979,8.7,0.185102
-0.791979,8.9,0.184329
-0.791979,9.1,0.182018
-0.791979,9.3,0.178789
-0.791979,9.5,0.175053
-0.791979,9.7,0.171078
-0.791979,9.9,0.167044
-0.782857,2.1,0.00365272
-0.782857,2.3,0.0043432
-0.782857,2.5,0.00541889
-0.782857,2.7,0.0120022
-0.782857,2.9,0.0220506
-0.782857,3.1,0.027016
-0.782857,3.3,0.0304502
-0.782857,3.5,0.0449873
-0.782857,3.7,0.0724409
-0.782857,3.9,0.0945824
-0.782857,4.1,0.0824067
-0.782857,4.3,0.0220629
-0.782857,4.5,-0.0717134
-0.782857,4.7,-0.174353
-0.782857,4.9,-0.270837
-0.782857,5.1,-0.356727
-0.782857,5.3,-0.432041
-0.782857,5.5,-0.496604
-0.782857,5.7,-0.547534
-0.782857,5.9,-0.578018
-0.782857,6.1,-0.577784
-0.782857,6.3,-0.536886
-0.782857,6.5,-0.453092
-0.782857,6.7,-0.337817
-0.782857,6.9,-0.212812
-0.782857,7.1,-0.0989028
-0.782857,7.3,-0.00753912
-0.782857,7.5,0.0593824
-0.782857,7.7,0.105308
-0.782857,7.9,0.13523
-0.782857,8.1,0.153736
-0.782857,8.3,0.164403
-0.782857,8.5,0.169813
-0.782857,8.7,0.171756
-0.782857,8.9,0.171453
-0.782857,9.1,0.169727
-0.782857,9.3,0.167131
-0.782857,9.5,0.164035
-0.782857,9.7,0.160687
-0.782857,9.9,0.157252
-0.773736,2.1,0.00324467
-0.773736,2.3,0.00394628
-0.773736,2.5,0.0049655
-0.773736,2.7,0.0108969
-0.773736,2.9,0.0197969
-0.773736,3.1,0.0243147
-0.773736,3.3,0.0284533
-0.773736,3.5,0.0437293
-0.773736,3.7,0.0705846
-0.773736,3.9,0.0904137
-0.773736,4.1,0.0762645
-0.773736,4.3,0.0176053
-0.773736,4.5,-0.0707125
-0.773736,4.7,-0.166985
-0.773736,4.9,-0.258334
-0.773736,5.1,-0.340701
-0.773736,5.3,-0.413531
-0.773736,5.5,-0.475766
-0.773736,5.7,-0.523585
-0.773736,5.9,-0.54945
-0.773736,6.1,-0.543208
-0.773736,6.3,-0.496698
-0.773736,6.5,-0.410967
-0.773736,6.7,-0.29992
-0.773736,6.9,-0.184589
-0.773736,7.1,-0.08252
-0.773736,7.3,-0.00199896
-0.773736,7.5,0.0566112
-0.773736,7.7,0.0968937
-0.773736,7.9,0.123339
-0.773736,8.1,0.139915
-0.773736,8.3,0.14968
-0.773736,8.5,0.154838
-0.773736,8.7,0.156927
-0.773736,8.9,0.157
-0.773736,9.1,0.155775
-0.773736,9.3,0.15374
-0.773736,9.5,0.151225
-0.773736,9.7,0.148454
-0.773736,9.9,0.145578
-0.764615,2.1,0.00285295
-0.764615,2.3,0.00355367
-0.764615,2.5,0.00450181
-0.764615,2.7,0.00979891
-0.764615,2.9,0.0176368
-0.764615,3.1,0.02175
-0.764615,3.3,0.0263913
-0.764615,3.5,0.0419367
-0.764615,3.7,0.0676468
-0.764615,3.9,0.0849992
-0.764615,4.1,0.0695281
-0.764615,4.3,0.0136358
-0.764615,4.5,-0.0683657
-0.764615,4.7,-0.157643
-0.764615,4.9,-0.243205
-0.764615,5.1,-0.321271
-0.764615,5.3,-0.390733
-0.764615,5.5,-0.44971
-0.764615,5.7,-0.493567
-0.764615,5.9,-0.514312
-0.764615,6.1,-0.502363
-0.764615,6.3,-0.451754
-0.764615,6.5,-0.366579
-0.764615,6.7,-0.262184
-0.764615,6.9,-0.157918
-0.764615,7.1,-0.0679653
-0.764615,7.3,0.00202955
-0.764615,7.5,0.0527502
-0.764615,7.7,0.0876935
-0.764615,7.9,0.110811
-0.764615,8.1,0.125488
-0.764615,8.3,0.13431
-0.764615,8.5,0.139139
-0.764615,8.7,0.141281
-0.764615,8.9,0.141636
-0.764615,9.1,0.140825
-0.764615,9.3,0.139272
-0.764615,9.5,0.137269
-0.764615,9.7,0.135013
-0.764615,9.9,0.132643
-0.755494,2.1,0.00248226
-0.755494,2.3,0.00317216
-0.755494,2.5,0.00404038
-0.755494,2.7,0.00873196
-0.755494,2.9,0.0155971
-0.755494,3.1,0.0193374
-0.755494,3.3,0.0242905
-0.755494,3.5,0.0396993
-0.755494,3.7,0.0638439
-0.755494,3.9,0.0787072
-0.755494,4.1,0.0625533
-0.755494,4.3,0.0102278
-0.755494,4.5,-0.0649674
-0.755494,4.7,-0.146923
-0.755494,4.9,-0.226273
-0.755494,5.1,-0.299443
-0.755494,5.3,-0.364806
-0.755494,5.5,-0.419748
-0.755494,5.7,-0.458981
-0.755494,5.9,-0.474358
-0.755494,6.1,-0.457299
-0.755494,6.3,-0.40425
-0.755494,6.5,-0.321865
-0.755494,6.7,-0.225902
-0.755494,6.9,-0.13338
-0.755494,7.1,-0.0553089
-0.755494,7.3,0.00475937
-0.755494,7.5,0.0481576
-0.755494,7.7,0.078148
-0.755494,7.9,0.0981422
-0.755494,8.1,0.110993
-0.755494,8.3,0.11886
-0.755494,8.5,0.123303
-0.755494,8.7,0.125419
-0.755494,8.9,0.125972
-0.755494,9.1,0.12549
-0.755494,9.3,0.124339
-0.755494,9.5,0.122772
-0.755494,9.7,0.120966
-0.755494,9.9,0.119041
-0.746372,2.1,0.00213613
-0.746372,2.3,0.00280725
-0.746372,2.5,0.00359149
-0.746372,2.7,0.00771454
-0.746372,2.9,0.0136962
-0.746372,3.1,0.0170881
-0.746372,3.3,0.0221804
-0.746372,3.5,0.0371163
-0.746372,3.7,0.0594019
-0.746372,3.9,0.0718853
-0.746372,4.1,0.0556277
-0.746372,4.3,0.00739572
-0.746372,4.5,-0.0608091
-0.746372,4.7,-0.135361
-0.746372,4.9,-0.208276
-0.746372,5.1,-0.276124
-0.746372,5.3,-0.336818
-0.746372,5.5,-0.387119
-0.746372,5.7,-0.421271
-0.746372,5.9,-0.431291
-0.746372,6.1,-0.409958
-0.746372,6.3,-0.356149
-0.746372,6.5,-0.278416
-0.746372,6.7,-0.192018
-0.746372,6.9,-0.111315
-0.746372,7.1,-0.0445103
-0.746372,7.3,0.00642234
-0.746372,7.5,0.043157
-0.746372,7.7,0.0686337
-0.746372,7.9,0.085749
-0.746372,8.1,0.0968768
-0.746372,8.3,0.103806
-0.746372,8.5,0.107827
-0.746372,8.7,0.109855
-0.746372,8.9,0.11053
-0.746372,9.1,0.110299
-0.746372,9.3,0.109474
-0.746372,9.5,0.108272
-0.746372,9.7,0.106847
-0.746372,9.9,0.105306
-0.737251,2.1,0.001817
-0.737251,2.3,0.00246318
-0.737251,2.5,0.00316315
-0.737251,2.7,0.00676004
-0.737251,2.9,0.0119456
-0.737251,3.1,0.0150086
-0.737251,3.3,0.0200911
-0.737251,3.5,0.0342899
-0.737251,3.7,0.0545414
-0.737251,3.9,0.0648415
-0.737251,4.1,0.0489683
-0.737251,4.3,0.00511304
-0.737251,4.5,-0.0561582
-0.737251,4.7,-0.123418
-0.737251,4.9,-0.189837
-0.737251,5.1,-0.252096
-0.737251,5.3,-0.307714
-0.737251,5.5,-0.352944
-0.737251,5.7,-0.381773
-0.737251,5.9,-0.386692
-0.737251,6.1,-0.362095
-0.737251,6.3,-0.309112
-0.737251,6.5,-0.237447
-0.737251,6.7,-0.161148
-0.737251,6.9,-0.0918671
-0.737251,7.1,-0.035452
-0.737251,7.3,0.00724776
-0.737251,7.5,0.038024
-0.737251,7.7,0.0594534
-0.737251,7.9,0.0739582
-0.737251,8.1,0.083492
-0.737251,8.3,0.0895207
-0.737251,8.5,0.0931049
-0.737251,8.7,0.0949988
-0.737251,8.9,0.0957344
-0.737251,9.1,0.0956858
-0.737251,9.3,0.0951166
-0.737251,9.5,0.0942123
-0.737251,9.7,0.0931042
-0.737251,9.9,0.0918854
-0.72813,2.1,0.00152629
-0.72813,2.3,0.00214301
-0.72813,2.5,0.00276128
-0.72813,2.7,0.00587742
-0.72813,2.9,0.0103507
-0.72813,3.1,0.0131019
-0.72813,3.3,0.0180516
-0.72813,3.5,0.0313195
-0.72813,3.7,0.0494666
-0.72813,3.9,0.0578334
-0.72813,4.1,0.0427257
-0.72813,4.3,0.00332712
-0.72813,4.5,-0.0512464
-0.72813,4.7,-0.111467
-0.72813,4.9,-0.171466
-0.72813,5.1,-0.228013
-0.72813,5.3,-0.278298
-0.72813,5.5,-0.318208
-0.72813,5.7,-0.341683
-0.72813,5.9,-0.341973
-0.72813,6.1,-0.31522
-0.72813,6.3,-0.264457
-0.72813,6.5,-0.199808
-0.72813,6.7,-0.133628
-0.72813,6.9,-0.0750271
-0.72813,7.1,-0.0279696
-0.72813,7.3,0.00744748
-0.72813,7.5,0.0329801
-0.72813,7.7,0.0508343
-0.72813,7.9,0.063008
-0.72813,8.1,0.0710918
-0.72813,8.3,0.0762761
-0.72813,8.5,0.0794243
-0.72813,8.7,0.0811532
-0.72813,8.9,0.0819008
-0.72813,9.1,0.0819777
-0.72813,9.3,0.081604
-0.72813,9.5,0.0809364
-0.72813,9.7,0.0800864
-0.72813,9.9,0.079134
-0.719008,2.1,0.00126454
-0.719008,2.3,0.00184868
-0.719008,2.5,0.00238985
-0.719008,2.7,0.00507174
-0.719008,2.9,0.00891193
-0.719008,3.1,0.0113676
-0.719008,3.3,0.016088
-0.719008,3.5,0.0282967
-0.719008,3.7,0.0443561
-0.719008,3.9,0.0510626
-0.719008,4.1,0.0369928
-0.719008,4.3,0.00197197
-0.719008,4.5,-0.0462644
-0.719008,4.7,-0.0998014
-0.719008,4.9,-0.153563
-0.719008,5.1,-0.204396
-0.719008,5.3,-0.24924
-0.719008,5.5,-0.283749
-0.719008,5.7,-0.302041
-0.719008,5.9,-0.298349
-0.719008,6.1,-0.270561
-0.719008,6.3,-0.223153
-0.719008,6.5,-0.166012
-0.719008,6.7,-0.109567
-0.719008,6.9,-0.0606766
-0.719008,7.1,-0.0218745
-0.719008,7.3,0.00720669
-0.719008,7.5,0.0281915
-0.719008,7.7,0.0429312
-0.719008,7.9,0.0530528
-0.719008,8.1,0.0598387
-0.719008,8.3,0.0642468
-0.719008,8.5,0.0669739
-0.719008,8.7,0.0685205
-0.719008,8.9,0.0692443
-0.719008,9.1,0.0694005
-0.719008,9.3,0.0691715
-0.719008,9.5,0.0686882
-0.719008,9.7,0.0680444
-0.719008,9.9,0.0673082
-0.709887,2.1,0.00103157
-0.709887,2.3,0.00158116
-0.709887,2.5,0.00205116
-0.709887,2.7,0.00434488
-0.709887,2.9,0.00762578
-0.709887,3.1,0.00980264
-0.709887,3.3,0.0142229
-0.709887,3.5,0.0253024
-0.709887,3.7,0.0393575
-0.709887,3.9,0.0446759
-0.709887,4.1,0.0318156
-0.709887,4.3,0.000977553
-0.709887,4.5,-0.0413617
-0.709887,4.7,-0.0886371
-0.709887,4.9,-0.136427
-0.709887,5.1,-0.181651
-0.709887,5.3,-0.221075
-0.709887,5.5,-0.250267
-0.709887,5.7,-0.263722
-0.709887,5.9,-0.256817
-0.709887,6.1,-0.229054
-0.709887,6.3,-0.185829
-0.709887,6.5,-0.136286
-0.709887,6.7,-0.0888925
-0.709887,6.9,-0.0486239
-0.709887,7.1,-0.0169723
-0.709887,7.3,0.00667956
-0.709887,7.5,0.023773
-0.709887,7.7,0.0358345
-0.709887,7.9,0.0441738
-0.709887,8.1,0.0498149
-0.709887,8.3,0.0535223
-0.709887,8.5,0.0558539
-0.709887,8.7,0.0572125
-0.709887,8.9,0.0578876
-0.709887,9.1,0.0580873
-0.709887,9.3,0.0579617
-0.709887,9.5,0.0576187
-0.709887,9.7,0.0571369
-0.709887,9.9,0.0565732
-0.700766,2.1,0.000826538
-0.700766,2.3,0.00134062
-0.700766,2.5,0.00174613
-0.700766,2.7,0.00369613
-0.700766,2.9,0.00648593
-0.700766,3.1,0.00840139
-0.700766,3.3,0.0124743
-0.700766,3.5,0.022404
-0.700766,3.7,0.0345858
-0.700766,3.9,0.0387702
-0.700766,4.1,0.0272044
-0.700766,4.3,0.000275992
-0.700766,4.5,-0.03665
-0.700766,4.7,-0.0781259
-0.700766,4.9,-0.12027
-0.700766,5.1,-0.160078
-0.700766,5.3,-0.194221
-0.700766,5.5,-0.218322
-0.700766,5.7,-0.227433
-0.700766,5.9,-0.218149
-0.700766,6.1,-0.191339
-0.700766,6.3,-0.152812
-0.700766,6.5,-0.110625
-0.700766,6.7,-0.0714082
-0.700766,6.9,-0.038634
-0.700766,7.1,-0.0130747
-0.700766,7.3,0.00598851
-0.700766,7.5,0.0197937
-0.700766,7.7,0.0295802
-0.700766,7.9,0.0363909
-0.700766,8.1,0.0410362
-0.700766,8.3,0.0441217
-0.700766,8.5,0.0460904
-0.700766,8.7,0.047264
-0.700766,8.9,0.0478751
-0.700766,9.1,0.0480922
-0.700766,9.3,0.0480372
-0.700766,9.5,0.0477989
-0.700766,9.7,0.0474421
-0.700766,9.9,0.0470143
-0.691644,2.1,0.000648159
-0.691644,2.3,0.00112655
-0.691644,2.5,0.00147451
-0.691644,2.7,0.00312283
-0.691644,2.9,0.00548387
-0.691644,3.1,0.00715641
-0.691644,3.3,0.0108553
-0.691644,3.5,0.0196543
-0.691644,3.7,0.0301236
-0.691644,3.9,0.0333999
-0.691644,4.1,0.0231441
-0.691644,4.3,-0.000194564
-0.691644,4.5,-0.0322076
-0.691644,4.7,-0.0683646
-0.691644,4.9,-0.10523
-0.691644,5.1,-0.139886
-0.691644,5.3,-0.168988
-0.691644,5.5,-0.188351
-0.691644,5.7,-0.193719
-0.691644,5.9,-0.18289
-0.691644,6.1,-0.157784
-0.691644,6.3,-0.124169
-0.691644,6.5,-0.0888487
-0.691644,6.7,-0.056834
-0.691644,6.9,-0.0304534
-0.691644,7.1,-0.010008
-0.691644,7.3,0.00522611
-0.691644,7.5,0.016285
-0.691644,7.7,0.024161
-0.691644,7.9,0.0296762
-0.691644,8.1,0.0334669
-0.691644,8.3,0.0360087
-0.691644,8.5,0.0376513
-0.691644,8.7,0.0386496
-0.691644,8.9,0.0391892
-0.691644,9.1,0.0394051
-0.691644,9.3,0.039396
-0.691644,9.5,0.039234
-0.691644,9.7,0.0389722
-0.691644,9.9,0.0386498
-0.682523,2.1,0.000494769
-0.682523,2.3,0.00093788
-0.682523,2.5,0.00123522
-0.682523,2.7,0.0026209
-0.682523,2.9,0.00460973
-0.682523,3.1,0.00605872
-0.682523,3.3,0.00937436
-0.682523,3.5,0.017092
-0.682523,3.7,0.0260243
-0.682523,3.9,0.0285852
-0.682523,4.1,0.0196028
-0.682523,4.3,-0.000488025
-0.682523,4.5,-0.0280851
-0.682523,4.7,-0.0594062
-0.682523,4.9,-0.0913888
-0.682523,5.1,-0.121213
-0.682523,5.3,-0.1456
-0.682523,5.5,-0.160674
-0.682523,5.7,-0.162965
-0.682523,5.9,-0.151372
-0.682523,6.1,-0.12851
-0.682523,6.3,-0.0997637
-0.682523,6.5,-0.0706543
-0.682523,6.7,-0.0448454
-0.682523,6.9,-0.0238283
-0.682523,7.1,-0.00761765
-0.682523,7.3,0.0044586
-0.682523,7.5,0.0132488
-0.682523,7.7,0.0195376
-0.682523,7.9,0.0239672
-0.682523,8.1,0.0270334
-0.682523,8.3,0.029107
-0.682523,8.5,0.030462
-0.682523,8.7,0.0312991
-0.682523,8.9,0.0317652
-0.682523,9.1,0.031968
-0.682523,9.3,0.0319864
-0.682523,9.5,0.0318788
-0.682523,9.7,0.0316882
-0.682523,9.9,0.0314467
-0.673402,2.1,0.00036446
-0.673402,2.3,0.000773188
-0.673402,2.5,0.00102651
-0.673402,2.7,0.00218525
-0.673402,2.9,0.00385278
-0.673402,3.1,0.00509822
-0.673402,3.3,0.00803531
-0.673402,3.5,0.0147422
-0.673402,3.7,0.0223158
-0.673402,3.9,0.0243204
-0.673402,4.1,0.0165384
-0.673402,4.3,-0.000649733
-0.673402,4.5,-0.0243105
-0.673402,4.7,-0.0512696
-0.673402,4.9,-0.0787785
-0.673402,5.1,-0.104135
-0.673402,5.3,-0.1242
-0.673402,5.5,-0.135508
-0.673402,5.7,-0.135406
-0.673402,5.9,-0.123725
-0.673402,6.1,-0.103439
-0.673402,6.3,-0.0793127
-0.673402,6.5,-0.0556692
-0.673402,6.7,-0.0351026
-0.673402,6.9,-0.0185172
-0.673402,7.1,-0.00577003
-0.673402,7.3,0.00373018
-0.673402,7.5,0.0106653
-0.673402,7.7,0.015649
-0.673402,7.9,0.0191788
-0.673402,8.1,0.0216377
-0.673402,8.3,0.0233136
-0.673402,8.5,0.0244193
-0.673402,8.7,0.0251118
-0.673402,8.9,0.0255068
-0.673402,9.1,0.0256894
-0.673402,9.3,0.0257225
-0.673402,9.5,0.0256527
-0.673402,9.7,0.0255148
-0.673402,9.9,0.0253346
-0.66428,2.1,0.000255175
-0.66428,2.3,0.000630759
-0.66428,2.5,0.000846195
-0.66428,2.7,0.00181027
-0.66428,2.9,0.00320197
-0.66428,3.1,0.00426407
-0.66428,3.3,0.00683788
-0.66428,3.5,0.0126179
-0.66428,3.7,0.0190056
-0.66428,3.9,0.0205817
-0.66428,4.1,0.0139042
-0.66428,4.3,-0.0007167
-0.66428,4.5,-0.0208943
-0.66428,4.7,-0.0439476
-0.66428,4.9,-0.0673974
-0.66428,5.1,-0.0886808
-0.66428,5.3,-0.104864
-0.66428,5.5,-0.11297
-0.66428,5.7,-0.111136
-0.66428,5.9,-0.0999111
-0.66428,6.1,-0.0823348
-0.66428,6.3,-0.0624354
-0.66428,6.5,-0.0434879
-0.66428,6.7,-0.0272724
-0.66428,6.9,-0.014299
-0.66428,7.1,-0.00435243
-0.66428,7.3,0.00306754
-0.66428,7.5,0.00850048
-0.66428,7.7,0.0124214
-0.66428,7.9,0.0152126
-0.66428,8.1,0.0171685
-0.66428,8.3,0.0185105
-0.66428,8.5,0.0194034
-0.66428,8.7,0.0199692
-0.66428,8.9,0.0202982
-0.66428,9.1,0.0204574
-0.66428,9.3,0.0204964
-0.66428,9.5,0.0204522
-0.66428,9.7,0.0203527
-0.66428,9.9,0.0202188
-0.655159,2.1,0.00016479
-0.655159,2.3,0.000508713
-0.655159,2.5,0.000691826
-0.655159,2.7,0.00149002
-0.655159,2.9,0.00264626
-0.655159,3.1,0.00354503
-0.655159,3.3,0.00577832
-0.655159,3.5,0.0107222
-0.655159,3.7,0.0160855
-0.655159,3.9,0.0173332
-0.655159,4.1,0.0116521
-0.655159,4.3,-0.000718329
-0.655159,4.5,-0.0178341
-0.655159,4.7,-0.0374146
-0.655159,4.9,-0.0572167
-0.655159,5.1,-0.0748395
-0.655159,5.3,-0.0876157
-0.655159,5.5,-0.0930921
-0.655159,5.7,-0.0901225
-0.655159,5.9,-0.0797512
-0.655159,6.1,-0.0648534
-0.655159,6.3,-0.0487021
-0.655159,6.5,-0.0337038
-0.655159,6.7,-0.021043
-0.655159,6.9,-0.0109771
-0.655159,7.1,-0.00327175
-0.655159,7.3,0.00248412
-0.655159,7.5,0.00671154
-0.655159,7.7,0.00977487
-0.655159,7.9,0.0119659
-0.655159,8.1,0.0135094
-0.655159,8.3,0.0145747
-0.655159,8.5,0.0152886
-0.655159,8.7,0.0157454
-0.655159,8.9,0.0160151
-0.655159,9.1,0.0161501
-0.655159,9.3,0.0161894
-0.655159,9.5,0.0161622
-0.655159,9.7,0.0160905
-0.655159,9.9,0.015991
-0.646038,2.1,9.11856e-05
-0.646038,2.3,0.000405094
-0.646038,2.5,0.000560833
-0.646038,2.7,0.00121861
-0.646038,2.9,0.00217492
-0.646038,3.1,0.00292974
-0.646038,3.3,0.00485012
-0.646038,3.5,0.0090501
-0.646038,3.7,0.0135359
-0.646038,3.9,0.0145323
-0.646038,4.1,0.00973577
-0.646038,4.3,-0.000677391
-0.646038,4.5,-0.0151181
-0.646038,4.7,-0.031632
-0.646038,4.9,-0.0481886
-0.646038,5.1,-0.0625719
-0.646038,5.3,-0.0724251
-0.646038,5.5,-0.0758257
-0.646038,5.7,-0.0722309
-0.646038,5.9,-0.0629633
-0.646038,6.1,-0.0505879
-0.646038,6.3,-0.0376703
-0.646038,6.5,-0.0259308
-0.646038,6.7,-0.0161332
-0.646038,6.9,-0.00838157
-0.646038,7.1,-0.00245246
-0.646038,7.3,0.00198386
-0.646038,7.5,0.00525209
-0.646038,7.7,0.00762949
-0.646038,7.9,0.00933727
-0.646038,8.1,0.0105459
-0.646038,8.3,0.0113845
-0.646038,8.5,0.0119499
-0.646038,8.7,0.0123145
-0.646038,8.9,0.0125325
-0.646038,9.1,0.0126444
-0.646038,9.3,0.0126807
-0.646038,9.5,0.0126643
-0.646038,9.7,0.0126125
-0.646038,9.9,0.0125385
-0.636916,2.1,3.2299e-05
-0.636916,2.3,0.000317936
-0.636916,2.5,0.000450631
-0.636916,2.7,0.000990253
-0.636916,2.9,0.00177776
-0.636916,3.1,0.00240703
-0.636916,3.3,0.00404467
-0.636916,3.5,0.00759078
-0.636916,3.7,0.0113301
-0.636916,3.9,0.0121334
-0.636916,4.1,0.00811144
-0.636916,4.3,-0.00061106
-0.636916,4.5,-0.012728
-0.636916,4.7,-0.0265531
-0.636916,4.9,-0.040252
-0.636916,5.1,-0.0518143
-0.636916,5.3,-0.0592219
-0.636916,5.5,-0.0610559
-0.636916,5.7,-0.0572418
-0.636916,5.9,-0.049199
-0.636916,6.1,-0.0391062
-0.636916,6.3,-0.0289124
-0.636916,6.5,-0.0198167
-0.636916,6.7,-0.0122962
-0.636916,6.9,-0.00636791
-0.636916,7.1,-0.00183423
-0.636916,7.3,0.0015643
-0.636916,7.5,0.0040755
-0.636916,7.7,0.00590876
-0.636916,7.9,0.00723082
-0.636916,8.1,0.00817035
-0.636916,8.3,0.00882511
-0.636916,8.5,0.00926877
-0.636916,8.7,0.00955668
-0.636916,8.9,0.00973045
-0.636916,9.1,0.00982138
-0.636916,9.3,0.00985305
-0.636916,9.5,0.00984331
-0.636916,9.7,0.00980569
-0.636916,9.9,0.0097505
-0.627795,2.1,-1.38336e-05
-0.627795,2.3,0.000245322
-0.627795,2.5,0.000358703
-0.627795,2.7,0.000799498
-0.627795,2.9,0.00144524
-0.627795,3.1,0.00196612
-0.627795,3.3,0.00335199
-0.627795,3.5,0.00632929
-0.627795,3.7,0.00943699
-0.627795,3.9,0.0100908
-0.627795,4.1,0.0067393
-0.627795,4.3,-0.000531927
-0.627795,4.5,-0.0106416
-0.627795,4.7,-0.0221261
-0.627795,4.9,-0.0333367
-0.627795,5.1,-0.0424846
-0.627795,5.3,-0.0479
-0.627795,5.5,-0.048613
-0.627795,5.7,-0.0448788
-0.627795,5.9,-0.0380762
-0.627795,6.1,-0.0299812
-0.627795,6.3,-0.0220336
-0.627795,6.5,-0.0150509
-0.627795,6.7,-0.0093209
-0.627795,6.9,-0.00481585
-0.627795,7.1,-0.0013695
-0.627795,7.3,0.00121908
-0.627795,7.5,0.00313732
-0.627795,7.7,0.00454233
-0.627795,7.9,0.00555909
-0.627795,8.1,0.00628424
-0.627795,8.3,0.00679148
-0.627795,8.5,0.00713657
-0.627795,8.7,0.00736162
-0.627795,8.9,0.0074984
-0.627795,9.1,0.00757093
-0.627795,9.3,0.00759739
-0.627795,9.5,0.00759157
-0.627795,9.7,0.00756398
-0.627795,9.9,0.00752266
