-0.983527,2.1,0.00289245
-0.983527,2.3,0.00375456
-0.983527,2.5,0.00137641
-0.983527,2.7,-0.00440235
-0.983527,2.9,-0.00385563
-0.983527,3.1,0.0102143
-0.983527,3.3,0.0298462
-0.983527,3.5,0.0405174
-0.983527,3.7,0.0373675
-0.983527,3.9,0.0263134
-0.983527,4.1,0.0139278
-0.983527,4.3,0.00267877
-0.983527,4.5,-0.00751958
-0.983527,4.7,-0.0168669
-0.983527,4.9,-0.0240109
-0.983527,5.1,-0.0271105
-0.983527,5.3,-0.0268075
-0.983527,5.5,-0.0252656
-0.983527,5.7,-0.0238306
-0.983527,5.9,-0.0229052
-0.983527,6.1,-0.022512
-0.983527,6.3,-0.0225911
-0.983527,6.5,-0.0230877
-0.983527,6.7,-0.0239633
-0.983527,6.9,-0.0251746
-0.983527,7.1,-0.0266237
-0.983527,7.3,-0.0280549
-0.983527,7.5,-0.0288752
-0.983527,7.7,-0.0279988
-0.983527,7.9,-0.0241999
-0.983527,8.1,-0.0174802
-0.983527,8.3,-0.00990973
-0.983527,8.5,-0.0038166
-0.983527,8.7,5.97216e-05
-0.983527,8.9,0.00215908
-0.983527,9.1,0.00314011
-0.983527,9.3,0.00349142
-0.983527,9.5,0.00350876
-0.983527,9.7,0.00335783
-0.983527,9.9,0.00312868
-0.974405,2.1,0.00351921
-0.974405,2.3,0.00410278
-0.974405,2.5,0.000815393
-0.974405,2.7,-0.00489299
-0.974405,2.9,-0.00109046
-0.974405,3.1,0.0179199
-0.974405,3.3,0.0401151
-0.974405,3.5,0.0490692
-0.974405,3.7,0.0411301
-0.974405,3.9,0.0246627
-0.974405,4.1,0.00776391
-0.974405,4.3,-0.00670626
-0.974405,4.5,-0.0186653
-0.974405,4.7,-0.0278476
-0.974405,4.9,-0.0329483
-0.974405,5.1,-0.0338191
-0.974405,5.3,-0.0325875
-0.974405,5.5,-0.031255
-0.974405,5.7,-0.0305619
-0.974405,5.9,-0.0305737
-0.974405,6.1,-0.0311935
-0.974405,6.3,-0.032332
-0.974405,6.5,-0.0339287
-0.974405,6.7,-0.0359245
-0.974405,6.9,-0.0382031
-0.974405,7.1,-0.0404764
-0.974405,7.3,-0.0420772
-0.974405,7.5,-0.0416965
-0.974405,7.7,-0.0374538
-0.974405,7.9,-0.0282151
-0.974405,8.1,-0.0157733
-0.974405,8.3,-0.00420464
-0.974405,8.5,0.00381876
-0.974405,8.7,0.00827
-0.974405,8.9,0.0102611
-0.974405,9.1,0.0108344
-0.974405,9.3,0.0106677
-0.974405,9.5,0.010146
-0.974405,9.7,0.00947505
-0.974405,9.9,0.00876161
-0.965284,2.1,0.00410334
-0.965284,2.3,0.00436131
-0.965284,2.5,0.000412866
-0.965284,2.7,-0.00453495
-0.965284,2.9,0.00279214
-0.965284,3.1,0.0256104
-0.965284,3.3,0.0482763
-0.965284,3.5,0.0535654
-0.965284,3.7,0.0398698
-0.965284,3.9,0.0181243
-0.965284,4.1,-0.00233692
-0.965284,4.3,-0.0183344
-0.965284,4.5,-0.0294635
-0.965284,4.7,-0.0353748
-0.965284,4.9,-0.0363634
-0.965284,5.1,-0.0348484
-0.965284,5.3,-0.033486
-0.965284,5.5,-0.0332454
-0.965284,5.7,-0.034038
-0.965284,5.9,-0.0355904
-0.965284,6.1,-0.0377148
-0.965284,6.3,-0.0403122
-0.965284,6.5,-0.0433181
-0.965284,6.7,-0.0466298
-0.965284,6.9,-0.0499924
-0.965284,7.1,-0.0527959
-0.965284,7.3,-0.0537619
-0.965284,7.5,-0.0507196
-0.965284,7.7,-0.0413141
-0.965284,7.9,-0.025564
-0.965284,8.1,-0.00779387
-0.965284,8.3,0.0065742
-0.965284,8.5,0.0154403
-0.965284,8.7,0.0197469
-0.965284,8.9,0.0211917
-0.965284,9.1,0.0210851
-0.965284,9.3,0.0202202
-0.965284,9.5,0.0190301
-0.965284,9.7,0.0177396
-0.965284,9.9,0.0164605
-0.956163,2.1,0.00464754
-0.956163,2.3,0.00458572
-0.956163,2.5,0.000248481
-0.956163,2.7,-0.00342187
-0.956163,2.9,0.00737129
-0.956163,3.1,0.0327907
-0.956163,3.3,0.0541375
-0.956163,3.5,0.0543609
-0.956163,3.7,0.0346418
-0.956163,3.9,0.00846971
-0.956163,4.1,-0.0139594
-0.956163,4.3,-0.0293076
-0.956163,4.5,-0.037071
-0.956163,4.7,-0.0378549
-0.956163,4.9,-0.0347315
-0.956163,5.1,-0.0320015
-0.956163,5.3,-0.0315736
-0.956163,5.5,-0.0330925
-0.956163,5.7,-0.0357819
-0.956163,5.9,-0.0391517
-0.956163,6.1,-0.0429805
-0.956163,6.3,-0.0471781
-0.956163,6.5,-0.0516683
-0.956163,6.7,-0.0562673
-0.956163,6.9,-0.060502
-0.956163,7.1,-0.0633064
-0.956163,7.3,-0.0626429
-0.956163,7.5,-0.0555449
-0.956163,7.7,-0.0398577
-0.956163,7.9,-0.0177372
-0.956163,8.1,0.00406498
-0.956163,8.3,0.0198697
-0.956163,8.5,0.0287146
-0.956163,8.7,0.0324439
-0.956163,8.9,0.0331544
-0.956163,9.1,0.0323005
-0.956163,9.3,0.0307253
-0.956163,9.5,0.0288788
-0.956163,9.7,0.0269895
-0.956163,9.9,0.0251674
-0.947041,2.1,0.00515036
-0.947041,2.3,0.00481106
-0.947041,2.5,0.000348502
-0.947041,2.7,-0.00170239
-0.947041,2.9,0.012272
-0.947041,3.1,0.0391364
-0.947041,3.3,0.0577675
-0.947041,3.5,0.0522051
-0.947041,3.7,0.0270076
-0.947041,3.9,-0.00205091
-0.947041,4.1,-0.0244461
-0.947041,4.3,-0.0370516
-0.947041,4.5,-0.0399397
-0.947041,4.7,-0.0357971
-0.947041,4.9,-0.0303937
-0.947041,5.1,-0.0282718
-0.947041,5.3,-0.0297875
-0.947041,5.5,-0.0334837
-0.947041,5.7,-0.0382117
-0.947041,5.9,-0.043429
-0.947041,6.1,-0.0489447
-0.947041,6.3,-0.0546914
-0.947041,6.5,-0.0605628
-0.947041,6.7,-0.0662427
-0.947041,6.9,-0.0709431
-0.947041,7.1,-0.0730049
-0.947041,7.3,-0.0695523
-0.947041,7.5,-0.057109
-0.947041,7.7,-0.0345958
-0.947041,7.9,-0.00691123
-0.947041,8.1,0.0174977
-0.947041,8.3,0.0336764
-0.947041,8.5,0.0419771
-0.947041,8.7,0.0449421
-0.947041,8.9,0.0448923
-0.947041,9.1,0.0433338
-0.947041,9.3,0.0411166
-0.947041,9.5,0.0386882
-0.947041,9.7,0.0362725
-0.947041,9.9,0.0339748
-0.93792,2.1,0.00560702
-0.93792,2.3,0.00505427
-0.93792,2.5,0.000699072
-0.93792,2.7,0.000449561
-0.93792,2.9,0.0171784
-0.93792,3.1,0.0444594
-0.93792,3.3,0.0594257
-0.93792,3.5,0.0480851
-0.93792,3.7,0.0187094
-0.93792,3.9,-0.0112225
-0.93792,4.1,-0.0315536
-0.93792,4.3,-0.0399779
-0.93792,4.5,-0.0380644
-0.93792,4.7,-0.0311214
-0.93792,4.9,-0.0262962
-0.93792,5.1,-0.0267185
-0.93792,5.3,-0.0310397
-0.93792,5.5,-0.03718
-0.93792,5.7,-0.0439628
-0.93792,5.9,-0.0509529
-0.93792,6.1,-0.0580475
-0.93792,6.3,-0.0652075
-0.93792,6.5,-0.072264
-0.93792,6.7,-0.078693
-0.93792,6.9,-0.0832632
-0.93792,7.1,-0.0835696
-0.93792,7.3,-0.075895
-0.93792,7.5,-0.056762
-0.93792,7.7,-0.0271144
-0.93792,7.9,0.00524826
-0.93792,8.1,0.0311744
-0.93792,8.3,0.0470919
-0.93792,8.5,0.0546088
-0.93792,8.7,0.0567636
-0.93792,8.9,0.0559851
-0.93792,9.1,0.0537806
-0.93792,9.3,0.0509867
-0.93792,9.5,0.0480402
-0.93792,9.7,0.0451577
-0.93792,9.9,0.0424386
-0.928799,2.1,0.00601064
-0.928799,2.3,0.00531783
-0.928799,2.5,0.00125935
-0.928799,2.7,0.00285692
-0.928799,2.9,0.0218374
-0.928799,3.1,0.0486763
-0.928799,3.3,0.0594886
-0.928799,3.5,0.0430482
-0.928799,3.7,0.0113388
-0.928799,3.9,-0.0173029
-0.928799,4.1,-0.0338844
-0.928799,4.3,-0.0376878
-0.928799,4.5,-0.0326111
-0.928799,4.7,-0.0262299
-0.928799,4.9,-0.0251143
-0.928799,5.1,-0.0298637
-0.928799,5.3,-0.0377366
-0.928799,5.5,-0.046557
-0.928799,5.7,-0.055422
-0.928799,5.9,-0.0641354
-0.928799,6.1,-0.0727263
-0.928799,6.3,-0.0811739
-0.928799,6.5,-0.0891899
-0.928799,6.7,-0.0959255
-0.928799,6.9,-0.0995247
-0.928799,7.1,-0.0966615
-0.928799,7.3,-0.0828894
-0.928799,7.5,-0.0554948
-0.928799,7.7,-0.0183713
-0.928799,7.9,0.0180295
-0.928799,8.1,0.0448419
-0.928799,8.3,0.0602247
-0.928799,8.5,0.0668951
-0.928799,8.7,0.0682464
-0.928799,8.9,0.0667597
-0.928799,9.1,0.0639284
-0.928799,9.3,0.060573
-0.928799,9.5,0.0571201
-0.928799,9.7,0.0537795
-0.928799,9.9,0.0506462
-0.919677,2.1,0.00635348
-0.919677,2.3,0.00559402
-0.919677,2.5,0.00197316
-0.919677,2.7,0.00535451
-0.919677,2.9,0.026056
-0.919677,3.1,0.0517816
-0.919677,3.3,0.058381
-0.919677,3.5,0.0380393
-0.919677,3.7,0.00609204
-0.919677,3.9,-0.0192638
-0.919677,4.1,-0.0309991
-0.919677,4.3,-0.0307786
-0.919677,4.5,-0.0253142
-0.919677,4.7,-0.0233156
-0.919677,4.9,-0.0288294
-0.919677,5.1,-0.0394449
-0.919677,5.3,-0.0515547
-0.919677,5.5,-0.0633475
-0.919677,5.7,-0.0744253
-0.919677,5.9,-0.0849261
-0.919677,6.1,-0.0950314
-0.919677,6.3,-0.104704
-0.919677,6.5,-0.113439
-0.919677,6.7,-0.119885
-0.919677,6.9,-0.12131
-0.919677,7.1,-0.113304
-0.919677,7.3,-0.0910173
-0.919677,7.5,-0.0535639
-0.919677,7.7,-0.00856153
-0.919677,7.9,0.0315093
-0.919677,8.1,0.0589406
-0.919677,8.3,0.0737476
-0.919677,8.5,0.0796011
-0.919677,8.7,0.0801664
-0.919677,8.9,0.0779631
-0.919677,9.1,0.0744777
-0.919677,9.3,0.0705228
-0.919677,9.5,0.0665203
-0.919677,9.7,0.0626772
-0.919677,9.9,0.0590856
-0.910556,2.1,0.00662813
-0.910556,2.3,0.00586888
-0.910556,2.5,0.00277854
-0.910556,2.7,0.00779842
-0.910556,2.9,0.0296965
-0.910556,3.1,0.0538248
-0.910556,3.3,0.0565161
-0.910556,3.5,0.0337867
-0.910556,3.7,0.00365579
-0.910556,3.9,-0.0168152
-0.910556,4.1,-0.0232723
-0.910556,4.3,-0.0204636
-0.910556,4.5,-0.0179508
-0.910556,4.7,-0.0239966
-0.910556,4.9,-0.0385878
-0.910556,5.1,-0.056339
-0.910556,5.3,-0.0733397
-0.910556,5.5,-0.0884935
-0.910556,5.7,-0.10206
-0.910556,5.9,-0.114563
-0.910556,6.1,-0.126327
-0.910556,6.3,-0.137225
-0.910556,6.5,-0.146381
-0.910556,6.7,-0.151683
-0.910556,6.9,-0.149229
-0.910556,7.1,-0.133457
-0.910556,7.3,-0.0998134
-0.910556,7.5,-0.0505499
-0.910556,7.7,0.00259439
-0.910556,7.9,0.0460816
-0.910556,8.1,0.0740588
-0.910556,8.3,0.0883682
-0.910556,8.5,0.0934844
-0.910556,8.7,0.0932944
-0.910556,8.9,0.0903603
-0.910556,9.1,0.0861772
-0.910556,9.3,0.081562
-0.910556,9.5,0.0769406
-0.910556,9.7,0.0725225
-0.910556,9.9,0.0684003
-0.901435,2.1,0.00682849
-0.901435,2.3,0.00612569
-0.901435,2.5,0.00361483
-0.901435,2.7,0.0100709
-0.901435,2.9,0.0326704
-0.901435,3.1,0.0548918
-0.901435,3.3,0.0542515
-0.901435,3.5,0.0307486
-0.901435,3.7,0.00421905
-0.901435,3.9,-0.0102749
-0.901435,4.1,-0.0116272
-0.901435,4.3,-0.00819699
-0.901435,4.5,-0.0120062
-0.901435,4.7,-0.0291845
-0.901435,4.9,-0.0546979
-0.901435,5.1,-0.0805661
-0.901435,5.3,-0.103075
-0.901435,5.5,-0.12207
-0.901435,5.7,-0.13854
-0.901435,5.9,-0.1534
-0.901435,6.1,-0.167066
-0.901435,6.3,-0.179199
-0.901435,6.5,-0.188325
-0.901435,6.7,-0.191247
-0.901435,6.9,-0.182604
-0.901435,7.1,-0.155898
-0.901435,7.3,-0.108034
-0.901435,7.5,-0.0457276
-0.901435,7.7,0.015406
-0.901435,7.9,0.0619887
-0.901435,8.1,0.0904907
-0.901435,8.3,0.104429
-0.901435,8.5,0.108927
-0.901435,8.7,0.108049
-0.901435,8.9,0.104403
-0.901435,9.1,0.0995055
-0.901435,9.3,0.0941909
-0.901435,9.5,0.0888972
-0.901435,9.7,0.0838423
-0.901435,9.9,0.0791235
-0.892313,2.1,0.00695046
-0.892313,2.3,0.00634777
-0.892313,2.5,0.00442767
-0.892313,2.7,0.0120823
-0.892313,2.9,0.0349319
-0.892313,3.1,0.0550891
-0.892313,3.3,0.0518635
-0.892313,3.5,0.0291162
-0.892313,3.7,0.00756864
-0.892313,3.9,-0.000372034
-0.892313,4.1,0.00273305
-0.892313,4.3,0.00460376
-0.892313,4.5,-0.00851203
-0.892313,4.7,-0.0390845
-0.892313,4.9,-0.0766935
-0.892313,5.1,-0.111345
-0.892313,5.3,-0.13991
-0.892313,5.5,-0.163276
-0.892313,5.7,-0.183159
-0.892313,5.9,-0.200819
-0.892313,6.1,-0.216661
-0.892313,6.3,-0.229949
-0.892313,6.5,-0.238319
-0.892313,6.7,-0.237131
-0.892313,6.9,-0.219431
-0.892313,7.1,-0.178449
-0.892313,7.3,-0.114118
-0.892313,7.5,-0.0385158
-0.892313,7.7,0.0298664
-0.892313,7.9,0.0790544
-0.892313,8.1,0.108032
-0.892313,8.3,0.121737
-0.892313,8.5,0.125774
-0.892313,8.7,0.124331
-0.892313,8.9,0.120054
-0.892313,9.1,0.114489
-0.892313,9.3,0.108494
-0.892313,9.5,0.102527
-0.892313,9.7,0.0968195
-0.892313,9.9,0.0914779
-0.883192,2.1,0.00699233
-0.883192,2.3,0.00652041
-0.883192,2.5,0.00517196
-0.883192,2.7,0.0137701
-0.883192,2.9,0.0364713
-0.883192,3.1,0.0545334
-0.883192,3.3,0.0495389
-0.883192,3.5,0.0288579
-0.883192,3.7,0.0132195
-0.883192,3.9,0.0119462
-0.883192,4.1,0.0185382
-0.883192,4.3,0.0167254
-0.883192,4.5,-0.00800297
-0.883192,4.7,-0.0532692
-0.883192,4.9,-0.103447
-0.883192,5.1,-0.147202
-0.883192,5.3,-0.182248
-0.883192,5.5,-0.210503
-0.883192,5.7,-0.234333
-0.883192,5.9,-0.255237
-0.883192,6.1,-0.273457
-0.883192,6.3,-0.28762
-0.883192,6.5,-0.29413
-0.883192,6.7,-0.286604
-0.883192,6.9,-0.256678
-0.883192,7.1,-0.198519
-0.883192,7.3,-0.116724
-0.883192,7.5,-0.028786
-0.883192,7.7,0.0455306
-0.883192,7.9,0.09666
-0.883192,8.1,0.126007
-0.883192,8.3,0.139608
-0.883192,8.5,0.143372
-0.883192,8.7,0.141543
-0.883192,8.9,0.136788
-0.883192,9.1,0.130678
-0.883192,9.3,0.124096
-0.883192,9.5,0.117525
-0.883192,9.7,0.111215
-0.883192,9.9,0.105285
-0.874071,2.1,0.00695493
-0.874071,2.3,0.00663216
-0.874071,2.5,0.00581336
-0.874071,2.7,0.0150976
-0.874071,2.9,0.0373094
-0.874071,3.1,0.0533426
-0.874071,3.3,0.0473807
-0.874071,3.5,0.0297824
-0.874071,3.7,0.0205408
-0.874071,3.9,0.0256683
-0.874071,4.1,0.0345922
-0.874071,4.3,0.0272404
-0.874071,4.5,-0.0105446
-0.874071,4.7,-0.0707993
-0.874071,4.9,-0.133331
-0.874071,5.1,-0.186143
-0.874071,5.3,-0.227919
-0.874071,5.5,-0.261492
-0.874071,5.7,-0.289735
-0.874071,5.9,-0.314231
-0.874071,6.1,-0.334857
-0.874071,6.3,-0.349313
-0.874071,6.5,-0.35244
-0.874071,6.7,-0.335998
-0.874071,6.9,-0.29086
-0.874071,7.1,-0.213752
-0.874071,7.3,-0.115127
-0.874071,7.5,-0.0169313
-0.874071,7.7,0.0615994
-0.874071,7.9,0.113889
-0.874071,8.1,0.143442
-0.874071,8.3,0.157045
-0.874071,8.5,0.160733
-0.874071,8.7,0.158735
-0.874071,8.9,0.15371
-0.874071,9.1,0.147242
-0.874071,9.3,0.140237
-0.874071,9.5,0.133202
-0.874071,9.7,0.126406
-0.874071,9.9,0.119986
-0.864949,2.1,0.00684158
-0.864949,2.3,0.00667549
-0.864949,2.5,0.00632851
-0.864949,2.7,0.0160504
-0.864949,2.9,0.0374907
-0.864949,3.1,0.0516303
-0.864949,3.3,0.045424
-0.864949,3.5,0.031604
-0.864949,3.7,0.0288586
-0.864949,3.9,0.0398247
-0.864949,4.1,0.0498569
-0.864949,4.3,0.0355327
-0.864949,4.5,-0.0158054
-0.864949,4.7,-0.0903797
-0.864949,4.9,-0.164412
-0.864949,5.1,-0.225872
-0.864949,5.3,-0.274402
-0.864949,5.5,-0.313561
-0.864949,5.7,-0.346528
-0.864949,5.9,-0.374775
-0.864949,6.1,-0.397571
-0.864949,6.3,-0.411388
-0.864949,6.5,-0.409266
-0.864949,6.7,-0.381301
-0.864949,6.9,-0.318739
-0.864949,7.1,-0.222548
-0.864949,7.3,-0.109338
-0.864949,7.5,-0.00373937
-0.864949,7.7,0.0771057
-0.864949,7.9,0.129728
-0.864949,8.1,0.159276
-0.864949,8.3,0.172947
-0.864949,8.5,0.176741
-0.864949,8.7,0.174801
-0.864949,8.9,0.169742
-0.864949,9.1,0.163143
-0.864949,9.3,0.155926
-0.864949,9.5,0.148618
-0.864949,9.7,0.141508
-0.864949,9.9,0.134748
-0.855828,2.1,0.00665784
-0.855828,2.3,0.0066469
-0.855828,2.5,0.00670447
-0.855828,2.7,0.0166332
-0.855828,2.9,0.0370783
-0.855828,3.1,0.0495025
-0.855828,3.3,0.0436541
-0.855828,3.5,0.033999
-0.855828,3.7,0.0375273
-0.855828,3.9,0.0535519
-0.855828,4.1,0.0634949
-0.855828,4.3,0.0412887
-0.855828,4.5,-0.0231574
-0.855828,4.7,-0.110539
-0.855828,4.9,-0.194686
-0.855828,5.1,-0.264038
-0.855828,5.3,-0.319096
-0.855828,5.5,-0.363887
-0.855828,5.7,-0.401665
-0.855828,5.9,-0.433561
-0.855828,6.1,-0.457977
-0.855828,6.3,-0.469902
-0.855828,6.5,-0.46051
-0.855828,6.7,-0.418818
-0.855828,6.9,-0.337918
-0.855828,7.1,-0.224303
-0.855828,7.3,-0.0999842
-0.855828,7.5,0.00982034
-0.855828,7.7,0.0911045
-0.855828,7.9,0.143248
-0.855828,8.1,0.172544
-0.855828,8.3,0.1863
-0.855828,8.5,0.190344
-0.855828,8.7,0.188668
-0.855828,8.9,0.183807
-0.855828,9.1,0.177314
-0.855828,9.3,0.170115
-0.855828,9.5,0.162749
-0.855828,9.7,0.155525
-0.855828,9.9,0.148609
-0.846707,2.1,0.00641107
-0.846707,2.3,0.00654673
-0.846707,2.5,0.00693746
-0.846707,2.7,0.0168663
-0.846707,2.9,0.0361479
-0.846707,3.1,0.0470556
-0.846707,3.3,0.0420264
-0.846707,3.5,0.0366482
-0.846707,3.7,0.0459751
-0.846707,3.9,0.0661287
-0.846707,4.1,0.0748888
-0.846707,4.3,0.0444656
-0.846707,4.5,-0.0317945
-0.846707,4.7,-0.129816
-0.846707,4.9,-0.222286
-0.846707,5.1,-0.298489
-0.846707,5.3,-0.359587
-0.846707,5.5,-0.409798
-0.846707,5.7,-0.452202
-0.846707,5.9,-0.487348
-0.846707,6.1,-0.512533
-0.846707,6.3,-0.521096
-0.846707,6.5,-0.502536
-0.846707,6.7,-0.445743
-0.846707,6.9,-0.347173
-0.846707,7.1,-0.219345
-0.846707,7.3,-0.0880645
-0.846707,7.5,0.0227959
-0.846707,7.7,0.102813
-0.846707,7.9,0.153728
-0.846707,8.1,0.182499
-0.846707,8.3,0.196305
-0.846707,8.5,0.200691
-0.846707,8.7,0.19944
-0.846707,8.9,0.194977
-0.846707,9.1,0.188808
-0.846707,9.3,0.181846
-0.846707,9.5,0.174639
-0.846707,9.7,0.167505
-0.846707,9.9,0.160627
-0.837585,2.1,0.00611009
-0.837585,2.3,0.00637865
-0.837585,2.5,0.00703142
-0.837585,2.7,0.0167815
-0.837585,2.9,0.0347828
-0.837585,3.1,0.0443759
-0.837585,3.3,0.0404827
-0.837585,3.5,0.0392651
-0.837585,3.7,0.0537273
-0.837585,3.9,0.0769922
-0.837585,4.1,0.0836444
-0.837585,4.3,0.0452442
-0.837585,4.5,-0.0408539
-0.837585,4.7,-0.14692
-0.837585,4.9,-0.245676
-0.837585,5.1,-0.327462
-0.837585,5.3,-0.393869
-0.837585,5.5,-0.449024
-0.837585,5.7,-0.495583
-0.837585,5.9,-0.533293
-0.837585,6.1,-0.558154
-0.837585,6.3,-0.561834
-0.837585,6.5,-0.532628
-0.837585,6.7,-0.460496
-0.837585,6.9,-0.34647
-0.837585,7.1,-0.208681
-0.837585,7.3,-0.0746973
-0.837585,7.5,0.0343907
-0.837585,7.7,0.111688
-0.837585,7.9,0.160709
-0.837585,8.1,0.188676
-0.837585,8.3,0.202447
-0.837585,8.5,0.207207
-0.837585,8.7,0.206487
-0.837585,8.9,0.202574
-0.837585,9.1,0.196905
-0.837585,9.3,0.19037
-0.837585,9.5,0.183513
-0.837585,9.7,0.176659
-0.837585,9.9,0.169999
-0.828464,2.1,0.00576461
-0.828464,2.3,0.00614903
-0.828464,2.5,0.00699634
-0.828464,2.7,0.0164185
-0.828464,2.9,0.0330691
-0.828464,3.1,0.041539
-0.828464,3.3,0.0389638
-0.828464,3.5,0.0416126
-0.828464,3.7,0.060417
-0.828464,3.9,0.0857435
-0.828464,4.1,0.0895822
-0.828464,4.3,0.0439705
-0.828464,4.5,-0.0495271
-0.828464,4.7,-0.160858
-0.828464,4.9,-0.263767
-0.828464,5.1,-0.349726
-0.828464,5.3,-0.420503
-0.828464,5.5,-0.479877
-0.828464,5.7,-0.529857
-0.828464,5.9,-0.569201
-0.828464,6.1,-0.592504
-0.828464,6.3,-0.589917
-0.828464,6.5,-0.549256
-0.828464,6.7,-0.462784
-0.828464,6.9,-0.336743
-0.828464,7.1,-0.193685
-0.828464,7.3,-0.0609296
-0.828464,7.5,0.0440333
-0.828464,7.7,0.117441
-0.828464,7.9,0.164011
-0.828464,8.1,0.190898
-0.828464,8.3,0.204513
-0.828464,8.5,0.209624
-0.828464,8.7,0.209483
-0.828464,8.9,0.206214
-0.828464,9.1,0.201172
-0.828464,9.3,0.19521
-0.828464,9.5,0.188856
-0.828464,9.7,0.182438
-0.828464,9.9,0.17615
-0.819343,2.1,0.00538479
-0.819343,2.3,0.00586623
-0.819343,2.5,0.00684655
-0.819343,2.7,0.0158221
-0.819343,2.9,0.0310918
-0.819343,3.1,0.038611
-0.819343,3.3,0.0374178
-0.819343,3.5,0.0435093
-0.819343,3.7,0.0657851
-0.819343,3.9,0.0921451
-0.819343,4.1,0.0927193
-0.819343,4.3,0.0410916
-0.819343,4.5,-0.0571456
-0.819343,4.7,-0.170997
-0.819343,4.9,-0.275968
-0.819343,5.1,-0.364623
-0.819343,5.3,-0.438676
-0.819343,5.5,-0.501337
-0.819343,5.7,-0.55379
-0.819343,5.9,-0.593667
-0.819343,6.1,-0.614156
-0.819343,6.3,-0.604234
-0.819343,6.5,-0.55212
-0.819343,6.7,-0.453428
-0.819343,6.9,-0.319562
-0.819343,7.1,-0.17582
-0.819343,7.3,-0.0476248
-0.819343,7.5,0.0513929
-0.819343,7.7,0.120033
-0.819343,7.9,0.163704
-0.819343,8.1,0.189258
-0.819343,8.3,0.202571
-0.819343,8.5,0.207966
-0.819343,8.7,0.208398
-0.819343,8.9,0.205813
-0.819343,9.1,0.201471
-0.819343,9.3,0.196175
-0.819343,9.5,0.190433
-0.819343,9.7,0.184566
-0.819343,9.9,0.17877
-0.810221,2.1,0.00498081
-0.810221,2.3,0.00553991
-0.810221,2.5,0.00659919
-0.810221,2.7,0.0150388
-0.810221,2.9,0.0289317
-0.810221,3.1,0.0356486
-0.810221,3.3,0.0358054
-0.810221,3.5,0.0448307
-0.810221,3.7,0.0696757
-0.810221,3.9,0.0961125
-0.810221,4.1,0.0932407
-0.810221,4.3,0.0370928
-0.810221,4.5,-0.0632331
-0.810221,4.7,-0.177074
-0.810221,4.9,-0.282164
-0.810221,5.1,-0.372048
-0.810221,5.3,-0.448185
-0.810221,5.5,-0.513053
-0.810221,5.7,-0.56688
-0.810221,5.9,-0.606106
-0.810221,6.1,-0.622623
-0.810221,6.3,-0.604739
-0.810221,6.5,-0.541999
-0.810221,6.7,-0.434059
-0.810221,6.9,-0.296793
-0.810221,7.1,-0.156449
-0.810221,7.3,-0.0354168
-0.810221,7.5,0.05636
-0.810221,7.7,0.119627
-0.810221,7.9,0.160069
-0.810221,8.1,0.184071
-0.810221,8.3,0.196929
-0.810221,8.5,0.20251
-0.810221,8.7,0.203465
-0.810221,8.9,0.201556
-0.810221,9.1,0.197936
-0.810221,9.3,0.193352
-0.810221,9.5,0.188284
-0.810221,9.7,0.183039
-0.810221,9.9,0.177813
-0.8011,2.1,0.00456248
-0.8011,2.3,0.00518032
-0.8011,2.5,0.00627283
-0.8011,2.7,0.0141148
-0.8011,2.9,0.0266622
-0.8011,3.1,0.0326999
-0.8011,3.3,0.0341018
-0.8011,3.5,0.0455056
-0.8011,3.7,0.0720279
-0.8011,3.9,0.0977003
-0.8011,4.1,0.0914614
-0.8011,4.3,0.0324432
-0.8011,4.5,-0.0675213
-0.8011,4.7,-0.179156
-0.8011,4.9,-0.282645
-0.8011,5.1,-0.372359
-0.8011,5.3,-0.449355
-0.8011,5.5,-0.515266
-0.8011,5.7,-0.569291
-0.8011,5.9,-0.606684
-0.8011,6.1,-0.618275
-0.8011,6.3,-0.592306
-0.8011,6.5,-0.520501
-0.8011,6.7,-0.406778
-0.8011,6.9,-0.270331
-0.8011,7.1,-0.136721
-0.8011,7.3,-0.0247108
-0.8011,7.5,0.0590087
-0.8011,7.7,0.116545
-0.8011,7.9,0.153543
-0.8011,8.1,0.175819
-0.8011,8.3,0.188075
-0.8011,8.5,0.193726
-0.8011,8.7,0.195124
-0.8011,8.9,0.193843
-0.8011,9.1,0.190926
-0.8011,9.3,0.187057
-0.8011,9.5,0.182683
-0.8011,9.7,0.178094
-0.8011,9.9,0.173478
-0.791979,2.1,0.00413892
-0.791979,2.3,0.00479778
-0.791979,2.5,0.00588626
-0.791979,2.7,0.0130934
-0.791979,2.9,0.0243485
-0.791979,3.1,0.0298053
-0.791979,3.3,0.0322965
-0.791979,3.5,0.04551
-0.791979,3.7,0.0728646
-0.791979,3.9,0.0970818
-0.791979,4.1,0.0877832
-0.791979,4.3,0.0275539
-0.791979,4.5,-0.0699353
-0.791979,4.7,-0.177568
-0.791979,4.9,-0.278
-0.791979,5.1,-0.366263
-0.791979,5.3,-0.442915
-0.791979,5.5,-0.508687
-0.791979,5.7,-0.561728
-0.791979,5.9,-0.596194
-0.791979,6.1,-0.602178
-0.791979,6.3,-0.568518
-0.791979,6.5,-0.489761
-0.791979,6.7,-0.373851
-0.791979,6.9,-0.241912
-0.791979,7.1,-0.117533
-0.791979,7.3,-0.01571
-0.791979,7.5,0.059551
-0.791979,7.7,0.111216
-0.791979,7.9,0.144663
-0.791979,8.1,0.16509
-0.791979,8.3,0.176615
-0.791979,8.5,0.182218
-0.791979,8.7,0.183961
-0.791979,8.9,0.183235
-0.791979,9.1,0.18097
-0.791979,9.3,0.177785
-0.791979,9.5,0.174089
-0.791979,9.7,0.170153
-0.791979,9.9,0.166154
-0.782857,2.1,0.00371835
-0.782857,2.3,0.0044022
-0.782857,2.5,0.00545757
-0.782857,2.7,0.0120145
-0.782857,2.9,0.0220459
-0.782857,3.1,0.0269983
-0.782857,3.3,0.0303917
-0.782857,3.5,0.0448599
-0.782857,3.7,0.0722798
-0.782857,3.9,0.0945238
-0.782857,4.1,0.0826498
-0.782857,4.3,0.0227542
-0.782857,4.5,-0.0705586
-0.782857,4.7,-0.172812
-0.782857,4.9,-0.269008
-0.782857,5.1,-0.354694
-0.782857,5.3,-0.42987
-0.782857,5.5,-0.494361
-0.782857,5.7,-0.545296
-0.782857,5.9,-0.575891
-0.782857,6.1,-0.575908
-0.782857,6.3,-0.535416
-0.782857,6.5,-0.452159
-0.782857,6.7,-0.337472
-0.782857,6.9,-0.213009
-0.782857,7.1,-0.0995263
-0.782857,7.3,-0.00845457
-0.782857,7.5,0.0582913
-0.782857,7.7,0.104127
-0.782857,7.9,0.134017
-0.782857,8.1,0.152525
-0.782857,8.3,0.163216
-0.782857,8.5,0.168659
-0.782857,8.7,0.170643
-0.782857,8.9,0.170381
-0.782857,9.1,0.168697
-0.782857,9.3,0.16614
-0.782857,9.5,0.163081
-0.782857,9.7,0.159767
-0.782857,9.9,0.156364
-0.773736,2.1,0.00330789
-0.773736,2.3,0.00400266
-0.773736,2.5,0.00500345
-0.773736,2.7,0.0109127
-0.773736,2.9,0.0197999
-0.773736,3.1,0.0243056
-0.773736,3.3,0.0284005
-0.773736,3.5,0.0436039
-0.773736,3.7,0.0704242
-0.773736,3.9,0.0903568
-0.773736,4.1,0.0765059
-0.773736,4.3,0.0182817
-0.773736,4.5,-0.0695874
-0.773736,4.7,-0.165481
-0.773736,4.9,-0.256538
-0.773736,5.1,-0.33869
-0.773736,5.3,-0.411372
-0.773736,5.5,-0.473527
-0.773736,5.7,-0.52135
-0.773736,5.9,-0.547335
-0.773736,6.1,-0.54136
-0.773736,6.3,-0.495273
-0.773736,6.5,-0.410083
-0.773736,6.7,-0.299608
-0.773736,6.9,-0.184789
-0.773736,7.1,-0.0831154
-0.773736,7.3,-0.00286334
-0.773736,7.5,0.0555838
-0.773736,7.7,0.0957807
-0.773736,7.9,0.122192
-0.773736,8.1,0.138766
-0.773736,8.3,0.148549
-0.773736,8.5,0.153736
-0.773736,8.7,0.155858
-0.773736,8.9,0.155967
-0.773736,9.1,0.154778
-0.773736,9.3,0.152778
-0.773736,9.5,0.150296
-0.773736,9.7,0.147556
-0.773736,9.9,0.144709
-0.764615,2.1,0.0029135
-0.764615,2.3,0.00360722
-0.764615,2.5,0.00453869
-0.764615,2.7,0.00981747
-0.764615,2.9,0.0176464
-0.764615,3.1,0.0217482
-0.764615,3.3,0.026344
-0.764615,3.5,0.0418148
-0.764615,3.7,0.0674894
-0.764615,3.9,0.0849447
-0.764615,4.1,0.0697634
-0.764615,4.3,0.0142872
-0.764615,4.5,-0.0672851
-0.764615,4.7,-0.156193
-0.764615,4.9,-0.241463
-0.764615,5.1,-0.319309
-0.764615,5.3,-0.388614
-0.764615,5.5,-0.447506
-0.764615,5.7,-0.491369
-0.764615,5.9,-0.512242
-0.764615,6.1,-0.500574
-0.764615,6.3,-0.450397
-0.764615,6.5,-0.365755
-0.764615,6.7,-0.261906
-0.764615,6.9,-0.158115
-0.764615,7.1,-0.0685237
-0.764615,7.3,0.00122632
-0.764615,7.5,0.0517974
-0.764615,7.7,0.08666
-0.764615,7.9,0.109743
-0.764615,8.1,0.124415
-0.764615,8.3,0.133249
-0.764615,8.5,0.138101
-0.764615,8.7,0.140271
-0.764615,8.9,0.140657
-0.764615,9.1,0.139876
-0.764615,9.3,0.138354
-0.764615,9.5,0.136379
-0.764615,9.7,0.134151
-0.764615,9.9,0.131806
-0.755494,2.1,0.00253995
-0.755494,2.3,0.00322271
-0.755494,2.5,0.0040759
-0.755494,2.7,0.00875263
-0.755494,2.9,0.015612
-0.755494,3.1,0.019342
-0.755494,3.3,0.0242487
-0.755494,3.5,0.0395821
-0.755494,3.7,0.0636916
-0.755494,3.9,0.0786555
-0.755494,4.1,0.0627787
-0.755494,4.3,0.0108459
-0.755494,4.5,-0.0639429
-0.755494,4.7,-0.145542
-0.755494,4.9,-0.224605
-0.755494,5.1,-0.297551
-0.755494,5.3,-0.362753
-0.755494,5.5,-0.417608
-0.755494,5.7,-0.45685
-0.755494,5.9,-0.472364
-0.755494,6.1,-0.455596
-0.755494,6.3,-0.402979
-0.755494,6.5,-0.321109
-0.755494,6.7,-0.225657
-0.755494,6.9,-0.13357
-0.755494,7.1,-0.0558239
-0.755494,7.3,0.00402418
-0.755494,7.5,0.0472866
-0.755494,7.7,0.0772018
-0.755494,7.9,0.0971616
-0.755494,8.1,0.110004
-0.755494,8.3,0.117879
-0.755494,8.5,0.12234
-0.755494,8.7,0.124479
-0.755494,8.9,0.125057
-0.755494,9.1,0.1246
-0.755494,9.3,0.123475
-0.755494,9.5,0.121934
-0.755494,9.7,0.120151
-0.755494,9.9,0.118248
-0.746372,2.1,0.0021908
-0.746372,2.3,0.00285471
-0.746372,2.5,0.00362542
-0.746372,2.7,0.00773666
-0.746372,2.9,0.0137154
-0.746372,3.1,0.0170978
-0.746372,3.3,0.0221438
-0.746372,3.5,0.0370051
-0.746372,3.7,0.0592564
-0.746372,3.9,0.0718367
-0.746372,4.1,0.0558404
-0.746372,4.3,0.00797489
-0.746372,4.5,-0.0598488
-0.746372,4.7,-0.134061
-0.746372,4.9,-0.206694
-0.746372,5.1,-0.274319
-0.746372,5.3,-0.334852
-0.746372,5.5,-0.385066
-0.746372,5.7,-0.419232
-0.746372,5.9,-0.429399
-0.746372,6.1,-0.408362
-0.746372,6.3,-0.354978
-0.746372,6.5,-0.277733
-0.746372,6.7,-0.191805
-0.746372,6.9,-0.111493
-0.746372,7.1,-0.0449776
-0.746372,7.3,0.00575903
-0.746372,7.5,0.0423715
-0.746372,7.7,0.0677789
-0.746372,7.9,0.0848607
-0.746372,8.1,0.0959782
-0.746372,8.3,0.102911
-0.746372,8.5,0.106946
-0.746372,8.7,0.108992
-0.746372,8.9,0.109688
-0.746372,9.1,0.109478
-0.746372,9.3,0.108674
-0.746372,9.5,0.107494
-0.746372,9.7,0.106089
-0.746372,9.9,0.104566
-0.737251,2.1,0.00186856
-0.737251,2.3,0.00250751
-0.737251,2.5,0.00319532
-0.737251,2.7,0.00678304
-0.737251,2.9,0.011968
-0.737251,3.1,0.0150225
-0.737251,3.3,0.0200595
-0.737251,3.5,0.0341855
-0.737251,3.7,0.0544044
-0.737251,3.9,0.0647963
-0.737251,4.1,0.0491662
-0.737251,4.3,0.00564945
-0.737251,4.5,-0.0552673
-0.737251,4.7,-0.122205
-0.737251,4.9,-0.188352
-0.737251,5.1,-0.250393
-0.737251,5.3,-0.305851
-0.737251,5.5,-0.350999
-0.737251,5.7,-0.379849
-0.737251,5.9,-0.384923
-0.737251,6.1,-0.360623
-0.737251,6.3,-0.308049
-0.737251,6.5,-0.236839
-0.737251,6.7,-0.160964
-0.737251,6.9,-0.0920299
-0.737251,7.1,-0.0358697
-0.737251,7.3,0.00665746
-0.737251,7.5,0.0373249
-0.737251,7.7,0.0586912
-0.737251,7.9,0.0731639
-0.737251,8.1,0.0826859
-0.737251,8.3,0.0887157
-0.737251,8.5,0.0923092
-0.737251,8.7,0.094217
-0.737251,8.9,0.094969
-0.737251,9.1,0.0949381
-0.737251,9.3,0.0943867
-0.737251,9.5,0.0934999
-0.737251,9.7,0.0924086
-0.737251,9.9,0.0912056
-0.72813,2.1,0.00157468
-0.72813,2.3,0.0021842
-0.72813,2.5,0.00279154
-0.72813,2.7,0.00590075
-0.72813,2.9,0.0103754
-0.72813,3.1,0.013119
-0.72813,3.3,0.0180247
-0.72813,3.5,0.0312227
-0.72813,3.7,0.049339
-0.72813,3.9,0.0577917
-0.72813,4.1,0.0429075
-0.72813,4.3,0.00381879
-0.72813,4.5,-0.0504275
-0.72813,4.7,-0.110346
-0.72813,4.9,-0.170085
-0.72813,5.1,-0.22642
-0.72813,5.3,-0.276553
-0.72813,5.5,-0.316386
-0.72813,5.7,-0.339892
-0.72813,5.9,-0.340343
-0.72813,6.1,-0.313882
-0.72813,6.3,-0.263507
-0.72813,6.5,-0.199273
-0.72813,6.7,-0.133471
-0.72813,6.9,-0.0751734
-0.72813,7.1,-0.0283376
-0.72813,7.3,0.00692898
-0.72813,7.5,0.0323657
-0.72813,7.7,0.050163
-0.72813,7.9,0.0623064
-0.72813,8.1,0.0703777
-0.72813,8.3,0.0755609
-0.72813,8.5,0.0787151
-0.72813,8.7,0.0804544
-0.72813,8.9,0.081215
-0.72813,9.1,0.0813059
-0.72813,9.3,0.0809468
-0.72813,9.5,0.0802935
-0.72813,9.7,0.0794574
-0.72813,9.9,0.0785181
-0.719008,2.1,0.00130977
-0.719008,2.3,0.00188678
-0.719008,2.5,0.00241812
-0.719008,2.7,0.00509496
-0.719008,2.9,0.00893794
-0.719008,3.1,0.0113871
-0.719008,3.3,0.0160655
-0.719008,3.5,0.0282079
-0.719008,3.7,0.0442386
-0.719008,3.9,0.0510243
-0.719008,4.1,0.0371579
-0.719008,4.3,0.00241843
-0.719008,4.5,-0.045518
-0.719008,4.7,-0.098774
-0.719008,4.9,-0.15229
-0.719008,5.1,-0.202921
-0.719008,5.3,-0.247621
-0.719008,5.5,-0.282064
-0.719008,5.7,-0.300395
-0.719008,5.9,-0.296868
-0.719008,6.1,-0.269363
-0.719008,6.3,-0.222315
-0.719008,6.5,-0.165547
-0.719008,6.7,-0.109434
-0.719008,6.9,-0.0608058
-0.719008,7.1,-0.0221943
-0.719008,7.3,0.00675692
-0.719008,7.5,0.027658
-0.719008,7.7,0.042347
-0.719008,7.9,0.0524406
-0.719008,8.1,0.0592136
-0.719008,8.3,0.0636189
-0.719008,8.5,0.0663496
-0.719008,8.7,0.0679038
-0.719008,8.9,0.0686375
-0.719008,9.1,0.0688047
-0.719008,9.3,0.0685874
-0.719008,9.5,0.0681156
-0.719008,9.7,0.0674831
-0.719008,9.9,0.0667576
-0.709887,2.1,0.00107364
-0.709887,2.3,0.00161625
-0.709887,2.5,0.00207739
-0.709887,2.7,0.00436759
-0.709887,2.9,0.00765244
-0.709887,3.1,0.00982367
-0.709887,3.3,0.0142045
-0.709887,3.5,0.0252219
-0.709887,3.7,0.0392504
-0.709887,3.9,0.0446409
-0.709887,4.1,0.0319639
-0.709887,4.3,0.00137951
-0.709887,4.5,-0.0406867
-0.709887,4.7,-0.0877025
-0.709887,4.9,-0.135262
-0.709887,5.1,-0.180297
-0.709887,5.3,-0.219588
-0.709887,5.5,-0.248725
-0.709887,5.7,-0.262228
-0.709887,5.9,-0.25549
-0.709887,6.1,-0.227996
-0.709887,6.3,-0.185101
-0.709887,6.5,-0.135888
-0.709887,6.7,-0.0887806
-0.709887,6.9,-0.048736
-0.709887,7.1,-0.0172467
-0.709887,7.3,0.00629405
-0.709887,7.5,0.0233151
-0.709887,7.7,0.0353319
-0.709887,7.9,0.0436456
-0.709887,8.1,0.0492741
-0.709887,8.3,0.0529775
-0.709887,8.5,0.0553108
-0.709887,8.7,0.0566746
-0.709887,8.9,0.0573571
-0.709887,9.1,0.0575655
-0.709887,9.3,0.057449
-0.709887,9.5,0.0571153
-0.709887,9.7,0.0566425
-0.709887,9.9,0.0560875
-0.700766,2.1,0.000865522
-0.700766,2.3,0.00137279
-0.700766,2.5,0.00177031
-0.700766,2.7,0.00371804
-0.700766,2.9,0.0065126
-0.700766,3.1,0.00842332
-0.700766,3.3,0.0124595
-0.700766,3.5,0.0223316
-0.700766,3.7,0.0344891
-0.700766,3.9,0.0387385
-0.700766,4.1,0.0273364
-0.700766,4.3,0.00063507
-0.700766,4.5,-0.036044
-0.700766,4.7,-0.077282
-0.700766,4.9,-0.119213
-0.700766,5.1,-0.158846
-0.700766,5.3,-0.192869
-0.700766,5.5,-0.216927
-0.700766,5.7,-0.226095
-0.700766,5.9,-0.216976
-0.700766,6.1,-0.190419
-0.700766,6.3,-0.152187
-0.700766,6.5,-0.110288
-0.700766,6.7,-0.0713146
-0.700766,6.9,-0.0387296
-0.700766,7.1,-0.0133072
-0.700766,7.3,0.00566183
-0.700766,7.5,0.019405
-0.700766,7.7,0.0291525
-0.700766,7.9,0.0359402
-0.700766,8.1,0.0405736
-0.700766,8.3,0.0436544
-0.700766,8.5,0.0456233
-0.700766,8.7,0.0468004
-0.700766,8.9,0.0474169
-0.700766,9.1,0.0476405
-0.700766,9.3,0.0475926
-0.700766,9.5,0.0473616
-0.700766,9.7,0.047012
-0.700766,9.9,0.0465911
-0.691644,2.1,0.000684133
-0.691644,2.3,0.00115591
-0.691644,2.5,0.00149667
-0.691644,2.7,0.00314369
-0.691644,2.9,0.00551005
-0.691644,3.1,0.00717867
-0.691644,3.3,0.0108437
-0.691644,3.5,0.01959
-0.691644,3.7,0.0300372
-0.691644,3.9,0.0333713
-0.691644,4.1,0.0232606
-0.691644,4.3,0.000123897
-0.691644,4.5,-0.0316673
-0.691644,4.7,-0.067608
-0.691644,4.9,-0.104279
-0.691644,5.1,-0.138776
-0.691644,5.3,-0.167772
-0.691644,5.5,-0.187104
-0.691644,5.7,-0.192536
-0.691644,5.9,-0.181868
-0.691644,6.1,-0.156993
-0.691644,6.3,-0.123639
-0.691644,6.5,-0.0885651
-0.691644,6.7,-0.0567563
-0.691644,6.9,-0.0305338
-0.691644,7.1,-0.0102027
-0.691644,7.3,0.00495229
-0.691644,7.5,0.0159585
-0.691644,7.7,0.0238008
-0.691644,7.9,0.0292956
-0.691644,8.1,0.0330752
-0.691644,8.3,0.0356122
-0.691644,8.5,0.0372541
-0.691644,8.7,0.0382544
-0.691644,8.9,0.0387978
-0.691644,9.1,0.0390186
-0.691644,9.3,0.0390149
-0.691644,9.5,0.0388586
-0.691644,9.7,0.0386024
-0.691644,9.9,0.0382855
-0.682523,2.1,0.000527835
-0.682523,2.3,0.000964585
-0.682523,2.5,0.00125541
-0.682523,2.7,0.00264053
-0.682523,2.9,0.004635
-0.682523,3.1,0.00608081
-0.682523,3.3,0.00936561
-0.682523,3.5,0.0170354
-0.682523,3.7,0.0259476
-0.682523,3.9,0.0285594
-0.682523,4.1,0.0197047
-0.682523,4.3,-0.000207488
-0.682523,4.5,-0.0276064
-0.682523,4.7,-0.0587325
-0.682523,4.9,-0.0905388
-0.682523,5.1,-0.120221
-0.682523,5.3,-0.144517
-0.682523,5.5,-0.159573
-0.682523,5.7,-0.161933
-0.682523,5.9,-0.150492
-0.682523,6.1,-0.12784
-0.682523,6.3,-0.09932
-0.682523,6.5,-0.0704187
-0.682523,6.7,-0.0447812
-0.682523,6.9,-0.0238949
-0.682523,7.1,-0.00777892
-0.682523,7.3,0.00423146
-0.682523,7.5,0.0129773
-0.682523,7.7,0.0192373
-0.682523,7.9,0.0236492
-0.682523,8.1,0.0267052
-0.682523,8.3,0.0287739
-0.682523,8.5,0.0301276
-0.682523,8.7,0.0309658
-0.682523,8.9,0.0314345
-0.682523,9.1,0.0316408
-0.682523,9.3,0.0316634
-0.682523,9.5,0.0315601
-0.682523,9.7,0.0313739
-0.682523,9.9,0.0311366
-0.673402,2.1,0.000394739
-0.673402,2.3,0.00079738
-0.673402,2.5,0.00104481
-0.673402,2.7,0.00220354
-0.673402,2.9,0.00387684
-0.673402,3.1,0.00511976
-0.673402,3.3,0.008029
-0.673402,3.5,0.0146928
-0.673402,3.7,0.0222483
-0.673402,3.9,0.0242973
-0.673402,4.1,0.0166269
-0.673402,4.3,-0.000404178
-0.673402,4.5,-0.023889
-0.673402,4.7,-0.0506737
-0.673402,4.9,-0.0780249
-0.673402,5.1,-0.103256
-0.673402,5.3,-0.123245
-0.673402,5.5,-0.134546
-0.673402,5.7,-0.134517
-0.673402,5.9,-0.122979
-0.673402,6.1,-0.102878
-0.673402,6.3,-0.078945
-0.673402,6.5,-0.0554751
-0.673402,6.7,-0.0350498
-0.673402,6.9,-0.0185716
-0.673402,7.1,-0.00590217
-0.673402,7.3,0.00354362
-0.673402,7.5,0.0104418
-0.673402,7.7,0.0154011
-0.673402,7.9,0.0189155
-0.673402,8.1,0.0213654
-0.673402,8.3,0.0230366
-0.673402,8.5,0.0241406
-0.673402,8.7,0.0248335
-0.673402,8.9,0.0252302
-0.673402,9.1,0.0254154
-0.673402,9.3,0.0254515
-0.673402,9.5,0.025385
-0.673402,9.7,0.0252505
-0.673402,9.9,0.0250736
-0.66428,2.1,0.000282801
-0.66428,2.3,0.000652593
-0.66428,2.5,0.000862686
-0.66428,2.7,0.00182714
-0.66428,2.9,0.00322458
-0.66428,3.1,0.00428474
-0.66428,3.3,0.00683361
-0.66428,3.5,0.0125751
-0.66428,3.7,0.0189466
-0.66428,3.9,0.0205611
-0.66428,4.1,0.0139805
-0.66428,4.3,-0.000503074
-0.66428,4.5,-0.0205255
-0.66428,4.7,-0.043424
-0.66428,4.9,-0.0667344
-0.66428,5.1,-0.087909
-0.66428,5.3,-0.104032
-0.66428,5.5,-0.112141
-0.66428,5.7,-0.11038
-0.66428,5.9,-0.0992858
-0.66428,6.1,-0.0818708
-0.66428,6.3,-0.0621338
-0.66428,6.5,-0.0433295
-0.66428,6.7,-0.0272291
-0.66428,6.9,-0.0143428
-0.66428,7.1,-0.00445961
-0.66428,7.3,0.00291576
-0.66428,7.5,0.00831811
-0.66428,7.7,0.0122186
-0.66428,7.9,0.0149967
-0.66428,8.1,0.0169447
-0.66428,8.3,0.0182824
-0.66428,8.5,0.0191735
-0.66428,8.7,0.0197392
-0.66428,8.9,0.0200692
-0.66428,9.1,0.0202302
-0.66428,9.3,0.0202714
-0.66428,9.5,0.0202297
-0.66428,9.7,0.0201328
-0.66428,9.9,0.0200013
-0.655159,2.1,0.000189906
-0.655159,2.3,0.00052835
-0.655159,2.5,0.000706615
-0.655159,2.7,0.00150546
-0.655159,2.9,0.00266727
-0.655159,3.1,0.00356459
-0.655159,3.3,0.00577575
-0.655159,3.5,0.0106854
-0.655159,3.7,0.0160342
-0.655159,3.9,0.0173148
-0.655159,4.1,0.0117174
-0.655159,4.3,-0.000533579
-0.655159,4.5,-0.0175134
-0.655159,4.7,-0.0369577
-0.655159,4.9,-0.056638
-0.655159,5.1,-0.0741684
-0.655159,5.3,-0.0868978
-0.655159,5.5,-0.0923857
-0.655159,5.7,-0.0894877
-0.655159,5.9,-0.0792334
-0.655159,6.1,-0.0644736
-0.655159,6.3,-0.0484571
-0.655159,6.5,-0.0335755
-0.655159,6.7,-0.0210077
-0.655159,6.9,-0.0110121
-0.655159,7.1,-0.00335785
-0.655159,7.3,0.00236175
-0.655159,7.5,0.00656407
-0.655159,7.7,0.00961046
-0.655159,7.9,0.0117905
-0.655159,8.1,0.013327
-0.655159,8.3,0.0143885
-0.655159,8.5,0.0151006
-0.655159,8.7,0.015557
-0.655159,8.9,0.0158273
-0.655159,9.1,0.0159635
-0.655159,9.3,0.0160045
-0.655159,9.5,0.0159791
-0.655159,9.7,0.0159093
-0.655159,9.9,0.0158117
-0.646038,2.1,0.000113941
-0.646038,2.3,0.000422695
-0.646038,2.5,0.000574033
-0.646038,2.7,0.00123261
-0.646038,2.9,0.00219425
-0.646038,3.1,0.00294804
-0.646038,3.3,0.00484891
-0.646038,3.5,0.00901878
-0.646038,3.7,0.0134916
-0.646038,3.9,0.0145159
-0.646038,4.1,0.00979129
-0.646038,4.3,-0.00051854
-0.646038,4.5,-0.0148409
-0.646038,4.7,-0.0312362
-0.646038,4.9,-0.0476878
-0.646038,5.1,-0.061994
-0.646038,5.3,-0.0718128
-0.646038,5.5,-0.0752312
-0.646038,5.7,-0.0717043
-0.646038,5.9,-0.0625397
-0.646038,6.1,-0.0502803
-0.646038,6.3,-0.0374731
-0.646038,6.5,-0.0258276
-0.646038,6.7,-0.0161045
-0.646038,6.9,-0.00840906
-0.646038,7.1,-0.002521
-0.646038,7.3,0.00188604
-0.646038,7.5,0.00513385
-0.646038,7.7,0.00749731
-0.646038,7.9,0.00919587
-0.646038,8.1,0.0103987
-0.646038,8.3,0.0112338
-0.646038,8.5,0.0117975
-0.646038,8.7,0.0121616
-0.646038,8.9,0.0123798
-0.646038,9.1,0.0124926
-0.646038,9.3,0.0125301
-0.646038,9.5,0.012515
-0.646038,9.7,0.0124647
-0.646038,9.9,0.0123921
-0.636916,2.1,5.2846e-05
-0.636916,2.3,0.000333659
-0.636916,2.5,0.000462356
-0.636916,2.7,0.00100286
-0.636916,2.9,0.00179538
-0.636916,3.1,0.00242396
-0.636916,3.3,0.00404453
-0.636916,3.5,0.00756428
-0.636916,3.7,0.011292
-0.636916,3.9,0.0121189
-0.636916,4.1,0.00815834
-0.636916,4.3,-0.000475266
-0.636916,4.5,-0.0124899
-0.636916,4.7,-0.0262126
-0.636916,4.9,-0.0398222
-0.636916,5.1,-0.0513217
-0.636916,5.3,-0.0587057
-0.636916,5.5,-0.0605615
-0.636916,5.7,-0.0568102
-0.636916,5.9,-0.048856
-0.636916,6.1,-0.0388594
-0.636916,6.3,-0.0287549
-0.636916,6.5,-0.0197343
-0.636916,6.7,-0.0122729
-0.636916,6.9,-0.00638928
-0.636916,7.1,-0.00188831
-0.636916,7.3,0.00148676
-0.636916,7.5,0.00398146
-0.636916,7.7,0.00580336
-0.636916,7.9,0.00711779
-0.636916,8.1,0.00805241
-0.636916,8.3,0.00870421
-0.636916,8.5,0.0091463
-0.636916,8.7,0.00943362
-0.636916,8.9,0.00960749
-0.636916,9.1,0.00969895
-0.636916,9.3,0.00973146
-0.636916,9.5,0.00972271
-0.636916,9.7,0.00968616
-0.636916,9.9,0.00963206
-0.627795,2.1,4.6594e-06
-0.627795,2.3,0.000259323
-0.627795,2.5,0.000369074
-0.627795,2.7,0.000810771
-0.627795,2.9,0.00146116
-0.627795,3.1,0.00198163
-0.627795,3.3,0.00335267
-0.627795,3.5,0.00630703
-0.627795,3.7,0.00940448
-0.627795,3.9,0.0100779
-0.627795,4.1,0.00677865
-0.627795,4.3,-0.000416516
-0.627795,4.5,-0.0104383
-0.627795,4.7,-0.0218353
-0.627795,4.9,-0.032971
-0.627795,5.1,-0.042069
-0.627795,5.3,-0.0474697
-0.627795,5.5,-0.0482067
-0.627795,5.7,-0.044529
-0.627795,5.9,-0.0378014
-0.627795,6.1,-0.0297849
-0.627795,6.3,-0.0219088
-0.627795,6.5,-0.0149855
-0.627795,6.7,-0.00930213
-0.627795,6.9,-0.00483228
-0.627795,7.1,-0.00141183
-0.627795,7.3,0.00115809
-0.627795,7.5,0.0030631
-0.627795,7.7,0.00445892
-0.627795,7.9,0.00546944
-0.627795,8.1,0.00619053
-0.627795,8.3,0.00669526
-0.627795,8.5,0.00703896
-0.627795,8.7,0.00726342
-0.627795,8.9,0.00740017
-0.627795,9.1,0.00747304
-0.627795,9.3,0.00750008
-0.627795,9.5,0.00749499
-0.627795,9.7,0.0074682
-0.627795,9.9,0.00742769
