-0.983527,2.1,0.000588006
-0.983527,2.3,0.000420227
-0.983527,2.5,-0.000388443
-0.983527,2.7,-0.000772145
-0.983527,2.9,0.000622167
-0.983527,3.1,0.00253881
-0.983527,3.3,0.00192827
-0.983527,3.5,-0.00172542
-0.983527,3.7,-0.00593209
-0.983527,3.9,-0.00854001
-0.983527,4.1,-0.0092219
-0.983527,4.3,-0.00836641
-0.983527,4.5,-0.00615739
-0.983527,4.7,-0.00267724
-0.983527,4.9,0.00124796
-0.983527,5.1,0.00396266
-0.983527,5.3,0.00479315
-0.983527,5.5,0.0044591
-0.983527,5.7,0.00375537
-0.983527,5.9,0.00305718
-0.983527,6.1,0.00247652
-0.983527,6.3,0.0020257
-0.983527,6.5,0.00169012
-0.983527,6.7,0.00145363
-0.983527,6.9,0.00130642
-0.983527,7.1,0.00124732
-0.983527,7.3,0.00128327
-0.983527,7.5,0.00142282
-0.983527,7.7,0.0016542
-0.983527,7.9,0.00190664
-0.983527,8.1,0.00204986
-0.983527,8.3,0.0019995
-0.983527,8.5,0.0017997
-0.983527,8.7,0.00154862
-0.983527,8.9,0.00131113
-0.983527,9.1,0.00111007
-0.983527,9.3,0.000946734
-0.983527,9.5,0.000815393
-0.983527,9.7,0.000709412
-0.983527,9.9,0.000623105
-0.974405,2.1,0.000906329
-0.974405,2.3,0.00065193
-0.974405,2.5,-0.000447726
-0.974405,2.7,-0.000852926
-0.974405,2.9,0.00128584
-0.974405,3.1,0.00381906
-0.974405,3.3,0.00218556
-0.974405,3.5,-0.00423542
-0.974405,3.7,-0.0114747
-0.974405,3.9,-0.0159599
-0.974405,4.1,-0.0169559
-0.974405,4.3,-0.0148833
-0.974405,4.5,-0.00989297
-0.974405,4.7,-0.00240342
-0.974405,4.9,0.00524062
-0.974405,5.1,0.0097981
-0.974405,5.3,0.0107566
-0.974405,5.5,0.00978437
-0.974405,5.7,0.00827619
-0.974405,5.9,0.00683769
-0.974405,6.1,0.00564102
-0.974405,6.3,0.00469923
-0.974405,6.5,0.00398358
-0.974405,6.7,0.00346477
-0.974405,6.9,0.00312643
-0.974405,7.1,0.002969
-0.974405,7.3,0.00300725
-0.974405,7.5,0.00325176
-0.974405,7.7,0.00365716
-0.974405,7.9,0.00405768
-0.974405,8.1,0.00422035
-0.974405,8.3,0.00405335
-0.974405,8.5,0.00366851
-0.974405,8.7,0.00322166
-0.974405,8.9,0.00280386
-0.974405,9.1,0.00244567
-0.974405,9.3,0.00214827
-0.974405,9.5,0.00190317
-0.974405,9.7,0.00170046
-0.974405,9.9,0.00153142
-0.965284,2.1,0.00125474
-0.965284,2.3,0.000926729
-0.965284,2.5,-0.000421082
-0.965284,2.7,-0.000798481
-0.965284,2.9,0.00206397
-0.965284,3.1,0.00502502
-0.965284,3.3,0.00198832
-0.965284,3.5,-0.00773632
-0.965284,3.7,-0.0185163
-0.965284,3.9,-0.0251169
-0.965284,4.1,-0.0261996
-0.965284,4.3,-0.0220511
-0.965284,4.5,-0.0128033
-0.965284,4.7,0.00014886
-0.965284,4.9,0.0120109
-0.965284,5.1,0.0181397
-0.965284,5.3,0.0188715
-0.965284,5.5,0.0170014
-0.965284,5.7,0.0144844
-0.965284,5.9,0.0121263
-0.965284,6.1,0.0101503
-0.965284,6.3,0.00856732
-0.965284,6.5,0.00733242
-0.965284,6.7,0.00640041
-0.965284,6.9,0.00574493
-0.965284,7.1,0.00536398
-0.965284,7.3,0.00527429
-0.965284,7.5,0.0054793
-0.965284,7.7,0.00589214
-0.965284,7.9,0.00627252
-0.965284,8.1,0.00634978
-0.965284,8.3,0.00606355
-0.965284,8.5,0.00555933
-0.965284,8.7,0.00500001
-0.965284,8.9,0.00447574
-0.965284,9.1,0.00401725
-0.965284,9.3,0.00362666
-0.965284,9.5,0.00329603
-0.965284,9.7,0.0030154
-0.965284,9.9,0.00277568
-0.956163,2.1,0.00161845
-0.956163,2.3,0.00123679
-0.956163,2.5,-0.000303036
-0.956163,2.7,-0.000615709
-0.956163,2.9,0.00289275
-0.956163,3.1,0.00606488
-0.956163,3.3,0.00132286
-0.956163,3.5,-0.0120222
-0.956163,3.7,-0.0265419
-0.956163,3.9,-0.0352115
-0.956163,4.1,-0.0359338
-0.956163,4.3,-0.0287138
-0.956163,4.5,-0.0138726
-0.956163,4.7,0.00532777
-0.956163,4.9,0.021137
-0.956163,5.1,0.0282768
-0.956163,5.3,0.0284604
-0.956163,5.5,0.0255444
-0.956163,5.7,0.0219249
-0.956163,5.9,0.0185581
-0.956163,6.1,0.0157045
-0.956163,6.3,0.0133693
-0.956163,6.5,0.0114878
-0.956163,6.7,0.0099927
-0.956163,6.9,0.00883798
-0.956163,7.1,0.00800665
-0.956163,7.3,0.00750701
-0.956163,7.5,0.00734161
-0.956163,7.7,0.00743278
-0.956163,7.9,0.00757058
-0.956163,8.1,0.00752781
-0.956163,8.3,0.00724239
-0.956163,8.5,0.00680125
-0.956163,8.7,0.0063105
-0.956163,8.9,0.00583465
-0.956163,9.1,0.00540062
-0.956163,9.3,0.00501491
-0.956163,9.5,0.00467531
-0.956163,9.7,0.00437668
-0.956163,9.9,0.00411341
-0.947041,2.1,0.00198299
-0.947041,2.3,0.0015713
-0.947041,2.5,-9.84032e-05
-0.947041,2.7,-0.000323025
-0.947041,2.9,0.00371542
-0.947041,3.1,0.00687981
-0.947041,3.3,0.000237667
-0.947041,3.5,-0.0167766
-0.947041,3.7,-0.0348774
-0.947041,3.9,-0.0452714
-0.947041,4.1,-0.0450265
-0.947041,4.3,-0.0338017
-0.947041,4.5,-0.0125195
-0.947041,4.7,0.0128583
-0.947041,4.9,0.0317927
-0.947041,5.1,0.0393228
-0.947041,5.3,0.0387318
-0.947041,5.5,0.0347247
-0.947041,5.7,0.0299977
-0.947041,5.9,0.0256052
-0.947041,6.1,0.021828
-0.947041,6.3,0.0186592
-0.947041,6.5,0.0160069
-0.947041,6.7,0.0137698
-0.947041,6.9,0.0118649
-0.947041,7.1,0.0102434
-0.947041,7.3,0.00890584
-0.947041,7.5,0.0079086
-0.947041,7.7,0.00731483
-0.947041,7.9,0.00708192
-0.947041,8.1,0.00703069
-0.947041,8.3,0.00698186
-0.947041,8.5,0.00686023
-0.947041,8.7,0.0066692
-0.947041,8.9,0.00643608
-0.947041,9.1,0.00618542
-0.947041,9.3,0.00593345
-0.947041,9.5,0.0056894
-0.947041,9.7,0.00545801
-0.947041,9.9,0.00524127
-0.93792,2.1,0.00233494
-0.93792,2.3,0.0019176
-0.93792,2.5,0.000180292
-0.93792,2.7,5.44191e-05
-0.93792,2.9,0.00448561
-0.93792,3.1,0.00744139
-0.93792,3.3,-0.00117039
-0.93792,3.5,-0.0216243
-0.93792,3.7,-0.0428128
-0.93792,3.9,-0.0543526
-0.93792,4.1,-0.0524938
-0.93792,4.3,-0.0365967
-0.93792,4.5,-0.00870062
-0.93792,4.7,0.0220506
-0.93792,4.9,0.0430466
-0.93792,5.1,0.0504189
-0.93792,5.3,0.0489228
-0.93792,5.5,0.0438507
-0.93792,5.7,0.0380681
-0.93792,5.9,0.0326776
-0.93792,6.1,0.0279624
-0.93792,6.3,0.0238928
-0.93792,6.5,0.0203376
-0.93792,6.7,0.0171441
-0.93792,6.9,0.0141726
-0.93792,7.1,0.0113338
-0.93792,7.3,0.00865938
-0.93792,7.5,0.00638617
-0.93792,7.7,0.00489504
-0.93792,7.9,0.00437259
-0.93792,8.1,0.00456955
-0.93792,8.3,0.00504711
-0.93792,8.5,0.00550487
-0.93792,8.7,0.00583256
-0.93792,8.9,0.00602411
-0.93792,9.1,0.00610767
-0.93792,9.3,0.00611465
-0.93792,9.5,0.00607055
-0.93792,9.7,0.00599391
-0.93792,9.9,0.00589763
-0.928799,2.1,0.00266258
-0.928799,2.3,0.00226244
-0.928799,2.5,0.000515531
-0.928799,2.7,0.000488667
-0.928799,2.9,0.00516852
-0.928799,3.1,0.00774701
-0.928799,3.3,-0.00277414
-0.928799,3.5,-0.0261902
-0.928799,3.7,-0.0497245
-0.928799,3.9,-0.0617115
-0.928799,4.1,-0.0576802
-0.928799,4.3,-0.0368351
-0.928799,4.5,-0.00280796
-0.928799,4.7,0.0320553
-0.928799,4.9,0.0540388
-0.928799,5.1,0.0608204
-0.928799,5.3,0.0583615
-0.928799,5.5,0.0522919
-0.928799,5.7,0.0455344
-0.928799,5.9,0.0391955
-0.928799,6.1,0.033541
-0.928799,6.3,0.0285047
-0.928799,6.5,0.0239008
-0.928799,6.7,0.019507
-0.928799,6.9,0.0151148
-0.928799,7.1,0.0106159
-0.928799,7.3,0.00617449
-0.928799,7.5,0.00239334
-0.928799,7.7,9.39162e-05
-0.928799,7.9,-0.000410591
-0.928799,8.1,0.000362754
-0.928799,8.3,0.00162512
-0.928799,8.5,0.00285558
-0.928799,8.7,0.00385363
-0.928799,8.9,0.00459497
-0.928799,9.1,0.00511879
-0.928799,9.3,0.00547566
-0.928799,9.5,0.00570992
-0.928799,9.7,0.00585593
-0.928799,9.9,0.00593912
-0.919677,2.1,0.00295622
-0.919677,2.3,0.00259294
-0.919677,2.5,0.000887294
-0.919677,2.7,0.000951906
-0.919677,2.9,0.00574057
-0.919677,3.1,0.00781427
-0.919677,3.3,-0.00443582
-0.919677,3.5,-0.0301531
-0.919677,3.7,-0.0551616
-0.919677,3.9,-0.0668979
-0.919677,4.1,-0.0603141
-0.919677,4.3,-0.034657
-0.919677,4.5,0.00451873
-0.919677,4.7,0.0420443
-0.919677,4.9,0.0640516
-0.919677,5.1,0.0699207
-0.919677,5.3,0.0664908
-0.919677,5.5,0.0595118
-0.919677,5.7,0.0518712
-0.919677,5.9,0.04464
-0.919677,6.1,0.0380465
-0.919677,6.3,0.0319734
-0.919677,6.5,0.0261658
-0.919677,6.7,0.020321
-0.919677,6.9,0.0141732
-0.919677,7.1,0.00766901
-0.919677,7.3,0.0012718
-0.919677,7.5,-0.00387739
-0.919677,7.7,-0.00656337
-0.919677,7.9,-0.00660773
-0.919677,8.1,-0.00496567
-0.919677,8.3,-0.00276448
-0.919677,8.5,-0.000680007
-0.919677,8.7,0.00104126
-0.919677,8.9,0.0023759
-0.919677,9.1,0.00338028
-0.919677,9.3,0.00412541
-0.919677,9.5,0.0046743
-0.919677,9.7,0.00507686
-0.919677,9.9,0.00537087
-0.910556,2.1,0.00320841
-0.910556,2.3,0.00289749
-0.910556,2.5,0.00127514
-0.910556,2.7,0.00141851
-0.910556,2.9,0.00618832
-0.910556,3.1,0.00767489
-0.910556,3.3,-0.00602538
-0.910556,3.5,-0.0332817
-0.910556,3.7,-0.0588817
-0.910556,3.9,-0.0697619
-0.910556,4.1,-0.0604593
-0.910556,4.3,-0.0304767
-0.910556,4.5,0.012562
-0.910556,4.7,0.0513035
-0.910556,4.9,0.0725264
-0.910556,5.1,0.0772564
-0.910556,5.3,0.0728813
-0.910556,5.5,0.0650901
-0.910556,5.7,0.0566594
-0.910556,5.9,0.0485906
-0.910556,6.1,0.0410567
-0.910556,6.3,0.0338764
-0.910556,6.5,0.0267177
-0.910556,6.7,0.0192056
-0.910556,6.9,0.0110691
-0.910556,7.1,0.00244391
-0.910556,7.3,-0.00571642
-0.910556,7.5,-0.0116861
-0.910556,7.7,-0.0141196
-0.910556,7.9,-0.0132779
-0.910556,8.1,-0.0106004
-0.910556,8.3,-0.00744479
-0.910556,8.5,-0.00454593
-0.910556,8.7,-0.00214886
-0.910556,8.9,-0.000259603
-0.910556,9.1,0.00119838
-0.910556,9.3,0.00231493
-0.910556,9.5,0.00316921
-0.910556,9.7,0.00382437
-0.910556,9.9,0.00432881
-0.901435,2.1,0.00341402
-0.901435,2.3,0.00316631
-0.901435,2.5,0.0016598
-0.901435,2.7,0.00186631
-0.901435,2.9,0.0065069
-0.901435,3.1,0.00736886
-0.901435,3.3,-0.00743463
-0.901435,3.5,-0.0354489
-0.901435,3.7,-0.0608387
-0.901435,3.9,-0.0703998
-0.901435,4.1,-0.0584142
-0.901435,4.3,-0.0248454
-0.901435,4.5,0.0206404
-0.901435,4.7,0.0592684
-0.901435,4.9,0.0790628
-0.901435,5.1,0.0825092
-0.901435,5.3,0.0772406
-0.901435,5.5,0.0687388
-0.901435,5.7,0.0596088
-0.901435,5.9,0.0507552
-0.901435,6.1,0.0422813
-0.901435,6.3,0.0339357
-0.901435,6.5,0.0253154
-0.901435,6.7,0.0160098
-0.901435,6.9,0.00584387
-0.901435,7.1,-0.00468228
-0.901435,7.3,-0.0139976
-0.901435,7.5,-0.0199579
-0.901435,7.7,-0.0214879
-0.901435,7.9,-0.019483
-0.901435,8.1,-0.0157654
-0.901435,8.3,-0.0117677
-0.901435,8.5,-0.00819151
-0.901435,8.7,-0.00524324
-0.901435,8.9,-0.00290126
-0.901435,9.1,-0.00106939
-0.901435,9.3,0.000357302
-0.901435,9.5,0.00147004
-0.901435,9.7,0.00234174
-0.901435,9.9,0.00302867
-0.892313,2.1,0.0035701
-0.892313,2.3,0.00339182
-0.892313,2.5,0.00202433
-0.892313,2.7,0.00227727
-0.892313,2.9,0.00669838
-0.892313,3.1,0.00693915
-0.892313,3.3,-0.00858574
-0.892313,3.5,-0.0366266
-0.892313,3.7,-0.0611406
-0.892313,3.9,-0.0690741
-0.892313,4.1,-0.0546066
-0.892313,4.3,-0.0183454
-0.892313,4.5,0.0281703
-0.892313,4.7,0.065533
-0.892313,4.9,0.0834167
-0.892313,5.1,0.0855086
-0.892313,5.3,0.0794213
-0.892313,5.5,0.0703138
-0.892313,5.7,0.0605744
-0.892313,5.9,0.0509907
-0.892313,6.1,0.0415889
-0.892313,6.3,0.0320518
-0.892313,6.5,0.0219318
-0.892313,6.7,0.0108553
-0.892313,6.9,-0.00111686
-0.892313,7.1,-0.0129607
-0.892313,7.3,-0.0225175
-0.892313,7.5,-0.0275913
-0.892313,7.7,-0.0277447
-0.892313,7.9,-0.0245074
-0.892313,8.1,-0.0198885
-0.892313,8.3,-0.0152476
-0.892313,8.5,-0.0111879
-0.892313,8.7,-0.00785525
-0.892313,8.9,-0.0051973
-0.892313,9.1,-0.00310136
-0.892313,9.3,-0.00145221
-0.892313,9.5,-0.000151233
-0.892313,9.7,0.000880375
-0.892313,9.9,0.00170365
-0.883192,2.1,0.00367576
-0.883192,2.3,0.00356883
-0.883192,2.5,0.00235476
-0.883192,2.7,0.00263773
-0.883192,2.9,0.00677015
-0.883192,3.1,0.00642753
-0.883192,3.3,-0.009434
-0.883192,3.5,-0.0368669
-0.883192,3.7,-0.0599969
-0.883192,3.9,-0.0661362
-0.883192,4.1,-0.0495091
-0.883192,4.3,-0.0115214
-0.883192,4.5,0.0346943
-0.883192,4.7,0.06985
-0.883192,4.9,0.0854975
-0.883192,5.1,0.0862321
-0.883192,5.3,0.0794226
-0.883192,5.5,0.0698191
-0.883192,5.7,0.0595623
-0.883192,5.9,0.0493121
-0.883192,6.1,0.0390191
-0.883192,6.3,0.0283188
-0.883192,6.5,0.0167691
-0.883192,6.7,0.00413571
-0.883192,6.9,-0.009137
-0.883192,7.1,-0.0214328
-0.883192,7.3,-0.030232
-0.883192,7.5,-0.0337281
-0.883192,7.7,-0.0323055
-0.883192,7.9,-0.0279563
-0.883192,8.1,-0.022666
-0.883192,8.3,-0.017618
-0.883192,8.5,-0.0132836
-0.883192,8.7,-0.00974191
-0.883192,8.9,-0.0069119
-0.883192,9.1,-0.00466909
-0.883192,9.3,-0.00289296
-0.883192,9.5,-0.00148181
-0.883192,9.7,-0.000354619
-0.883192,9.9,0.000551544
-0.874071,2.1,0.00373188
-0.874071,2.3,0.00369447
-0.874071,2.5,0.00264048
-0.874071,2.7,0.00293833
-0.874071,2.9,0.0067334
-0.874071,3.1,0.00587145
-0.874071,3.3,-0.00996566
-0.874071,3.5,-0.036278
-0.874071,3.7,-0.0576689
-0.874071,3.9,-0.0619656
-0.874071,4.1,-0.0435827
-0.874071,4.3,-0.00484329
-0.874071,4.5,0.0398913
-0.874071,4.7,0.0721252
-0.874071,4.9,0.0853609
-0.874071,5.1,0.0847987
-0.874071,5.3,0.0773833
-0.874071,5.5,0.0673991
-0.874071,5.7,0.0567231
-0.874071,5.9,0.0458865
-0.874071,6.1,0.0347768
-0.874071,6.3,0.0230157
-0.874071,6.5,0.0102373
-0.874071,6.7,-0.00353794
-0.874071,6.9,-0.0173768
-0.874071,7.1,-0.0291482
-0.874071,7.3,-0.0363421
-0.874071,7.5,-0.037891
-0.874071,7.7,-0.0349572
-0.874071,7.9,-0.029742
-0.874071,8.1,-0.0240441
-0.874071,8.3,-0.0188202
-0.874071,8.5,-0.014404
-0.874071,8.7,-0.0108122
-0.874071,8.9,-0.00794081
-0.874071,9.1,-0.00565857
-0.874071,9.3,-0.00384403
-0.874071,9.5,-0.00239615
-0.874071,9.7,-0.00123467
-0.874071,9.9,-0.000297155
-0.864949,2.1,0.00374085
-0.864949,2.3,0.00376812
-0.864949,2.5,0.00287423
-0.864949,2.7,0.00317366
-0.864949,2.9,0.0066018
-0.864949,3.1,0.00530216
-0.864949,3.3,-0.0101925
-0.864949,3.5,-0.0349997
-0.864949,3.7,-0.0544317
-0.864949,3.9,-0.0569299
-0.864949,4.1,-0.0372438
-0.864949,4.3,0.00131271
-0.864949,4.5,0.043577
-0.864949,4.7,0.0724071
-0.864949,4.9,0.0831946
-0.864949,5.1,0.0814507
-0.864949,5.3,0.0735625
-0.864949,5.5,0.0633186
-0.864949,5.7,0.0523309
-0.864949,5.9,0.0410111
-0.864949,6.1,0.0292063
-0.864949,6.3,0.0165713
-0.864949,6.5,0.00289802
-0.864949,6.7,-0.0114386
-0.864949,6.9,-0.0249987
-0.864949,7.1,-0.0353598
-0.864949,7.3,-0.0404135
-0.864949,7.5,-0.0399799
-0.864949,7.7,-0.0357871
-0.864949,7.9,-0.0300054
-0.864949,8.1,-0.0241531
-0.864949,8.3,-0.0189532
-0.864949,8.5,-0.0146145
-0.864949,8.7,-0.0111019
-0.864949,8.9,-0.00829512
-0.864949,9.1,-0.0060612
-0.864949,9.3,-0.00428127
-0.864949,9.5,-0.00285772
-0.864949,9.7,-0.00171332
-0.864949,9.9,-0.00078795
-0.855828,2.1,0.00370627
-0.855828,2.3,0.00379109
-0.855828,2.5,0.00305199
-0.855828,2.7,0.00334188
-0.855828,2.9,0.00639037
-0.855828,3.1,0.00474393
-0.855828,3.3,-0.010145
-0.855828,3.5,-0.0331831
-0.855828,3.7,-0.0505485
-0.855828,3.9,-0.0513618
-0.855828,4.1,-0.0308485
-0.855828,4.3,0.0066704
-0.855828,4.5,0.0456972
-0.855828,4.7,0.0708685
-0.855828,4.9,0.0792932
-0.855828,5.1,0.076526
-0.855828,5.3,0.068309
-0.855828,5.5,0.0579306
-0.855828,5.7,0.0467493
-0.855828,5.9,0.0350755
-0.855828,6.1,0.022747
-0.855828,6.3,0.0095064
-0.855828,6.5,-0.00461951
-0.855828,6.7,-0.0188468
-0.855828,6.9,-0.0313196
-0.855828,7.1,-0.0396337
-0.855828,7.3,-0.0423713
-0.855828,7.5,-0.0401782
-0.855828,7.7,-0.0350728
-0.855828,7.9,-0.0290209
-0.855828,8.1,-0.0232302
-0.855828,8.3,-0.0182117
-0.855828,8.5,-0.0140702
-0.855828,8.7,-0.0107322
-0.855828,8.9,-0.00806817
-0.855828,9.1,-0.00594731
-0.855828,9.3,-0.00425612
-0.855828,9.5,-0.00290243
-0.855828,9.7,-0.00181359
-0.855828,9.9,-0.000933044
-0.846707,2.1,0.00363264
-0.846707,2.3,0.00376634
-0.846707,2.5,0.00317259
-0.846707,2.7,0.00344417
-0.846707,2.9,0.00611449
-0.846707,3.1,0.00421408
-0.846707,3.3,-0.00986516
-0.846707,3.5,-0.0309766
-0.846707,3.7,-0.0462554
-0.846707,3.9,-0.0455483
-0.846707,4.1,-0.0246855
-0.846707,4.3,0.0110538
-0.846707,4.5,0.0463136
-0.846707,4.7,0.0677794
-0.846707,4.9,0.0740244
-0.846707,5.1,0.0704209
-0.846707,5.3,0.0620232
-0.846707,5.5,0.051637
-0.846707,5.7,0.0403898
-0.846707,5.9,0.0285154
-0.846707,6.1,0.0158791
-0.846707,6.3,0.0023648
-0.846707,6.5,-0.01171
-0.846707,6.7,-0.0251637
-0.846707,6.9,-0.0359069
-0.846707,7.1,-0.0418592
-0.846707,7.3,-0.0424123
-0.846707,7.5,-0.038833
-0.846707,7.7,-0.0331781
-0.846707,7.9,-0.0271146
-0.846707,8.1,-0.021554
-0.846707,8.3,-0.01683
-0.846707,8.5,-0.0129681
-0.846707,8.7,-0.00986839
-0.846707,8.9,-0.00739879
-0.846707,9.1,-0.00543381
-0.846707,9.3,-0.00386724
-0.846707,9.5,-0.00261366
-0.846707,9.7,-0.00160595
-0.846707,9.9,-0.000791922
-0.837585,2.1,0.00352504
-0.837585,2.3,0.00369813
-0.837585,2.5,0.00323736
-0.837585,2.7,0.00348413
-0.837585,2.9,0.00578922
-0.837585,3.1,0.00372369
-0.837585,3.3,-0.00940033
-0.837585,3.5,-0.0285157
-0.837585,3.7,-0.041755
-0.837585,3.9,-0.0397275
-0.837585,4.1,-0.0189758
-0.837585,4.3,0.0143817
-0.837585,4.5,0.0455827
-0.837585,4.7,0.0634731
-0.837585,4.9,0.0677902
-0.837585,5.1,0.0635504
-0.837585,5.3,0.0551167
-0.837585,5.5,0.044847
-0.837585,5.7,0.0336676
-0.837585,5.9,0.0217648
-0.837585,6.1,0.00906772
-0.837585,6.3,-0.00435403
-0.837585,6.5,-0.0178718
-0.837585,6.7,-0.0299856
-0.837585,6.9,-0.0386012
-0.837585,7.1,-0.0421849
-0.837585,7.3,-0.0408911
-0.837585,7.5,-0.0363509
-0.837585,7.7,-0.030476
-0.837585,7.9,-0.0246068
-0.837585,8.1,-0.0193969
-0.837585,8.3,-0.0150414
-0.837585,8.5,-0.0115091
-0.837585,8.7,-0.00868502
-0.837585,8.9,-0.00643943
-0.837585,9.1,-0.00465469
-0.837585,9.3,-0.00323312
-0.837585,9.5,-0.00209678
-0.837585,9.7,-0.00118462
-0.837585,9.9,-0.000449246
-0.828464,2.1,0.00338891
-0.828464,2.3,0.00359164
-0.828464,2.5,0.00324961
-0.828464,2.7,0.00346725
-0.828464,2.9,0.00542869
-0.828464,3.1,0.00327861
-0.828464,3.3,-0.00879833
-0.828464,3.5,-0.0259179
-0.828464,3.7,-0.0372145
-0.828464,3.9,-0.0340897
-0.828464,4.1,-0.013874
-0.828464,4.3,0.0166573
-0.828464,4.5,0.0437283
-0.828464,4.7,0.0583086
-0.828464,4.9,0.0609886
-0.828464,5.1,0.0563107
-0.828464,5.3,0.0479757
-0.828464,5.5,0.03794
-0.828464,5.7,0.0269632
-0.828464,5.9,0.0152132
-0.828464,6.1,0.00271572
-0.828464,6.3,-0.0102479
-0.828464,6.5,-0.0227583
-0.828464,6.7,-0.0331285
-0.828464,6.9,-0.0394788
-0.828464,7.1,-0.0409235
-0.828464,7.3,-0.0382205
-0.828464,7.5,-0.0331267
-0.828464,7.7,-0.0273029
-0.828464,7.9,-0.0217784
-0.828464,8.1,-0.0169974
-0.828464,8.3,-0.013052
-0.828464,8.5,-0.00987379
-0.828464,8.7,-0.00734198
-0.828464,8.9,-0.00533294
-0.828464,9.1,-0.00373854
-0.828464,9.3,-0.00247032
-0.828464,9.5,-0.00145816
-0.828464,9.7,-0.000647311
-0.828464,9.9,4.72919e-06
-0.819343,2.1,0.00322976
-0.819343,2.3,0.00345267
-0.819343,2.5,0.0032142
-0.819343,2.7,0.00340031
-0.819343,2.9,0.0050457
-0.819343,3.1,0.00288063
-0.819343,3.3,-0.00810396
-0.819343,3.5,-0.0232812
-0.819343,3.7,-0.0327673
-0.819343,3.9,-0.0287803
-0.819343,4.1,-0.00947332
-0.819343,4.3,0.017953
-0.819343,4.5,0.0410113
-0.819343,4.7,0.0526369
-0.819343,4.9,0.0539817
-0.819343,5.1,0.0490499
-0.819343,5.3,0.0409327
-0.819343,5.5,0.0312381
-0.819343,5.7,0.0205936
-0.819343,5.9,0.00917624
-0.819343,6.1,-0.00286829
-0.819343,6.3,-0.0150427
-0.819343,6.5,-0.0261956
-0.819343,6.7,-0.0346083
-0.819343,6.9,-0.0387813
-0.819343,7.1,-0.038461
-0.819343,7.3,-0.0348014
-0.819343,7.5,-0.0295033
-0.819343,7.7,-0.0239355
-0.819343,7.9,-0.0188559
-0.819343,8.1,-0.0145466
-0.819343,8.3,-0.0110277
-0.819343,8.5,-0.00820904
-0.819343,8.7,-0.0059709
-0.819343,8.9,-0.00419855
-0.819343,9.1,-0.00279427
-0.819343,9.3,-0.00167909
-0.819343,9.5,-0.000790752
-0.819343,9.7,-8.07555e-05
-0.819343,9.9,0.000488542
-0.810221,2.1,0.00305301
-0.810221,2.3,0.0032873
-0.810221,2.5,0.00313701
-0.810221,2.7,0.0032909
-0.810221,2.9,0.0046515
-0.810221,3.1,0.00252863
-0.810221,3.3,-0.00735686
-0.810221,3.5,-0.020684
-0.810221,3.7,-0.0285156
-0.810221,3.9,-0.0239032
-0.810221,4.1,-0.00581119
-0.810221,4.3,0.0183919
-0.810221,4.5,0.0377001
-0.810221,4.7,0.0467727
-0.810221,4.9,0.0470729
-0.810221,5.1,0.0420493
-0.810221,5.3,0.0342504
-0.810221,5.5,0.0249898
-0.810221,5.7,0.0147967
-0.810221,5.9,0.00387947
-0.810221,6.1,-0.0074841
-0.810221,6.3,-0.0185995
-0.810221,6.5,-0.0281695
-0.810221,6.7,-0.0345934
-0.810221,6.9,-0.0368403
-0.810221,7.1,-0.0351871
-0.810221,7.3,-0.0309825
-0.810221,7.5,-0.0257556
-0.810221,7.7,-0.0205856
-0.810221,7.9,-0.0160082
-0.810221,8.1,-0.0121856
-0.810221,8.3,-0.00909066
-0.810221,8.5,-0.00662334
-0.810221,8.7,-0.00466966
-0.810221,8.9,-0.00312557
-0.810221,9.1,-0.00190418
-0.810221,9.3,-0.000935924
-0.810221,9.5,-0.000166192
-0.810221,9.7,0.00044749
-0.810221,9.9,0.000938068
-0.8011,2.1,0.00286381
-0.8011,2.3,0.0031016
-0.8011,2.5,0.00302455
-0.8011,2.7,0.00314692
-0.8011,2.9,0.00425568
-0.8011,3.1,0.00221962
-0.8011,3.3,-0.00659046
-0.8011,3.5,-0.0181863
-0.8011,3.7,-0.0245347
-0.8011,3.9,-0.0195251
-0.8011,4.1,-0.00287791
-0.8011,4.3,0.0181278
-0.8011,4.5,0.0340468
-0.8011,4.7,0.0409765
-0.8011,4.9,0.0404959
-0.8011,5.1,0.0355157
-0.8011,5.3,0.0281152
-0.8011,5.5,0.0193657
-0.8011,5.7,0.00972728
-0.8011,5.9,-0.000543666
-0.8011,6.1,-0.0110379
-0.8011,6.3,-0.0209022
-0.8011,6.5,-0.0287933
-0.8011,6.7,-0.0333469
-0.8011,6.9,-0.0340125
-0.8011,7.1,-0.0314521
-0.8011,7.3,-0.0270441
-0.8011,7.5,-0.0220883
-0.8011,7.7,-0.0174035
-0.8011,7.9,-0.0133512
-0.8011,8.1,-0.0100094
-0.8011,8.3,-0.00732221
-0.8011,8.5,-0.00518834
-0.8011,8.7,-0.0035028
-0.8011,8.9,-0.00217299
-0.8011,9.1,-0.00112279
-0.8011,9.3,-0.000291693
-0.8011,9.5,0.000367639
-0.8011,9.7,0.000891984
-0.8011,9.9,0.00130987
-0.791979,2.1,0.0026669
-0.791979,2.3,0.00290145
-0.791979,2.5,0.00288361
-0.791979,2.7,0.00297625
-0.791979,2.9,0.00386612
-0.791979,3.1,0.00194951
-0.791979,3.3,-0.00583162
-0.791979,3.5,-0.015832
-0.791979,3.7,-0.0208756
-0.791979,3.9,-0.01568
-0.791979,4.1,-0.000626449
-0.791979,4.3,0.0173255
-0.791979,4.5,0.0302689
-0.791979,4.7,0.0354467
-0.791979,4.9,0.0344131
-0.791979,5.1,0.0295838
-0.791979,5.3,0.0226414
-0.791979,5.5,0.0144626
-0.791979,5.7,0.00546332
-0.791979,5.9,-0.00404322
-0.791979,6.1,-0.0135285
-0.791979,6.3,-0.0220337
-0.791979,6.5,-0.0282663
-0.791979,6.7,-0.0311735
-0.791979,6.9,-0.030635
-0.791979,7.1,-0.0275449
-0.791979,7.3,-0.0231958
-0.791979,7.5,-0.018643
-0.791979,7.7,-0.0144859
-0.791979,7.9,-0.0109556
-0.791979,8.1,-0.00807321
-0.791979,8.3,-0.00576826
-0.791979,8.5,-0.00394378
-0.791979,8.7,-0.00250557
-0.791979,8.9,-0.00137269
-0.791979,9.1,-0.000479367
-0.791979,9.3,0.000226387
-0.791979,9.5,0.000785147
-0.791979,9.7,0.00122841
-0.791979,9.9,0.00158062
-0.782857,2.1,0.00246655
-0.782857,2.3,0.0026923
-0.782857,2.5,0.00272085
-0.782857,2.7,0.00278635
-0.782857,2.9,0.00348907
-0.782857,3.1,0.0017138
-0.782857,3.3,-0.00510096
-0.782857,3.5,-0.013651
-0.782857,3.7,-0.017569
-0.782857,3.9,-0.0123733
-0.782857,4.1,0.00101653
-0.782857,4.3,0.0161452
-0.782857,4.5,0.0265409
-0.782857,4.7,0.0303199
-0.782857,4.9,0.0289221
-0.782857,5.1,0.0243239
-0.782857,5.3,0.0178804
-0.782857,5.5,0.0103148
-0.782857,5.7,0.00201799
-0.782857,5.9,-0.00663766
-0.782857,6.1,-0.0150268
-0.782857,6.3,-0.0221452
-0.782857,6.5,-0.0268333
-0.782857,6.7,-0.0283771
-0.782857,6.9,-0.0269984
-0.782857,7.1,-0.0236874
-0.782857,7.3,-0.0195824
-0.782857,7.5,-0.0155076
-0.782857,7.7,-0.0118865
-0.782857,7.9,-0.00885585
-0.782857,8.1,-0.00640109
-0.782857,8.3,-0.00444682
-0.782857,8.5,-0.00290393
-0.782857,8.7,-0.00168977
-0.782857,8.9,-0.000734702
-0.782857,9.1,1.73506e-05
-0.782857,9.3,0.000610535
-0.782857,9.5,0.00107925
-0.782857,9.7,0.00145018
-0.782857,9.9,0.00174406
-0.773736,2.1,0.00226648
-0.773736,2.3,0.00247911
-0.773736,2.5,0.00254265
-0.773736,2.7,0.00258413
-0.773736,2.9,0.0031293
-0.773736,3.1,0.001508
-0.773736,3.3,-0.0044134
-0.773736,3.5,-0.0116617
-0.773736,3.7,-0.014628
-0.773736,3.9,-0.00958757
-0.773736,4.1,0.00213978
-0.773736,4.3,0.0147305
-0.773736,4.5,0.0229913
-0.773736,4.7,0.0256774
-0.773736,4.9,0.0240657
-0.773736,5.1,0.0197552
-0.773736,5.3,0.0138341
-0.773736,5.5,0.00690753
-0.773736,5.7,-0.000644949
-0.773736,5.9,-0.00839606
-0.773736,6.1,-0.0156534
-0.773736,6.3,-0.0214274
-0.773736,6.5,-0.0247504
-0.773736,6.7,-0.025233
-0.773736,6.9,-0.0233347
-0.773736,7.1,-0.0200374
-0.773736,7.3,-0.0162944
-0.773736,7.5,-0.0127278
-0.773736,7.7,-0.00962562
-0.773736,7.9,-0.00705933
-0.773736,8.1,-0.00499389
-0.773736,8.3,-0.00335537
-0.773736,8.5,-0.00206446
-0.773736,8.7,-0.00105004
-0.773736,8.9,-0.000253055
-0.773736,9.1,0.000373701
-0.773736,9.3,0.00086729
-0.773736,9.5,0.00125656
-0.773736,9.7,0.00156389
-0.773736,9.9,0.00180669
-0.764615,2.1,0.00206987
-0.764615,2.3,0.00226621
-0.764615,2.5,0.00235484
-0.764615,2.7,0.00237569
-0.764615,2.9,0.00279022
-0.764615,3.1,0.0013279
-0.764615,3.3,-0.00377889
-0.764615,3.5,-0.00987263
-0.764615,3.7,-0.0120518
-0.764615,3.9,-0.00728788
-0.764615,4.1,0.00283762
-0.764615,4.3,0.0132014
-0.764615,4.5,0.0197056
-0.764615,4.7,0.021555
-0.764615,4.9,0.0198451
-0.764615,5.1,0.015858
-0.764615,5.3,0.0104684
-0.764615,5.5,0.00419133
-0.764615,5.7,-0.00259579
-0.764615,5.9,-0.00942056
-0.764615,6.1,-0.0155574
-0.764615,6.3,-0.0200853
-0.764615,6.5,-0.0222597
-0.764615,6.7,-0.0219713
-0.764615,6.9,-0.019816
-0.764615,7.1,-0.0166965
-0.764615,7.3,-0.0133788
-0.764615,7.5,-0.0103173
-0.764615,7.7,-0.00769975
-0.764615,7.9,-0.00555446
-0.764615,8.1,-0.00383661
-0.764615,8.3,-0.00247765
-0.764615,8.5,-0.00140877
-0.764615,8.7,-0.000569801
-0.764615,8.9,8.86198e-05
-0.764615,9.1,0.000605776
-0.764615,9.3,0.00101244
-0.764615,9.5,0.00133254
-0.764615,9.7,0.00158467
-0.764615,9.9,0.00178328
-0.755494,2.1,0.00187931
-0.755494,2.3,0.00205726
-0.755494,2.5,0.00216262
-0.755494,2.7,0.00216629
-0.755494,2.9,0.0024741
-0.755494,3.1,0.00116975
-0.755494,3.3,-0.00320328
-0.755494,3.5,-0.00828462
-0.755494,3.7,-0.00982753
-0.755494,3.9,-0.00542704
-0.755494,4.1,0.00320196
-0.755494,4.3,0.0116519
-0.755494,4.5,0.0167329
-0.755494,4.7,0.0179544
-0.755494,4.9,0.0162319
-0.755494,5.1,0.012587
-0.755494,5.3,0.00772555
-0.755494,5.5,0.00209495
-0.755494,5.7,-0.00392512
-0.755494,5.9,-0.00983097
-0.755494,6.1,-0.0148987
-0.755494,6.3,-0.0183178
-0.755494,6.5,-0.0195727
-0.755494,6.7,-0.0187711
-0.755494,6.9,-0.0165594
-0.755494,7.1,-0.013721
-0.755494,7.3,-0.0108496
-0.755494,7.5,-0.00826702
-0.755494,7.7,-0.00608914
-0.755494,7.9,-0.00431751
-0.755494,8.1,-0.00290458
-0.755494,8.3,-0.0017893
-0.755494,8.5,-0.000913235
-0.755494,8.7,-0.000226293
-0.755494,8.9,0.000312289
-0.755494,9.1,0.000734818
-0.755494,9.3,0.00106657
-0.755494,9.5,0.0013272
-0.755494,9.7,0.00153199
-0.755494,9.9,0.00169285
-0.746372,2.1,0.00169687
-0.746372,2.3,0.00185527
-0.746372,2.5,0.00197047
-0.746372,2.7,0.0019603
-0.746372,2.9,0.0021822
-0.746372,3.1,0.00103031
-0.746372,3.3,-0.00268901
-0.746372,3.5,-0.00689246
-0.746372,3.7,-0.00793402
-0.746372,3.9,-0.003951
-0.746372,4.1,0.00331659
-0.746372,4.3,0.0101506
-0.746372,4.5,0.0140934
-0.746372,4.7,0.0148527
-0.746372,4.9,0.0131784
-0.746372,5.1,0.00988122
-0.746372,5.3,0.00553477
-0.746372,5.5,0.000536011
-0.746372,5.7,-0.00473259
-0.746372,5.9,-0.00975244
-0.746372,6.1,-0.0138338
-0.746372,6.3,-0.0163047
-0.746372,6.5,-0.0168615
-0.746372,6.7,-0.0157609
-0.746372,6.9,-0.0136346
-0.746372,7.1,-0.0111316
-0.746372,7.3,-0.00869732
-0.746372,7.5,-0.00655269
-0.746372,7.7,-0.0047642
-0.746372,7.9,-0.00331801
-0.746372,8.1,-0.00216829
-0.746372,8.3,-0.00126233
-0.746372,8.5,-0.000551441
-0.746372,8.7,5.5104e-06
-0.746372,8.9,0.00044177
-0.746372,9.1,0.000783618
-0.746372,9.3,0.0010516
-0.746372,9.5,0.00126172
-0.746372,9.7,0.0014264
-0.746372,9.9,0.00155536
-0.737251,2.1,0.00152408
-0.737251,2.3,0.00166261
-0.737251,2.5,0.00178209
-0.737251,2.7,0.00176123
-0.737251,2.9,0.00191501
-0.737251,3.1,0.000906885
-0.737251,3.3,-0.00223595
-0.737251,3.5,-0.00568638
-0.737251,3.7,-0.0063437
-0.737251,3.9,-0.00280332
-0.737251,4.1,0.00325384
-0.737251,4.3,0.00874357
-0.737251,4.5,0.0117858
-0.737251,4.7,0.012212
-0.737251,4.9,0.0106269
-0.737251,5.1,0.00767271
-0.737251,5.3,0.0038204
-0.737251,5.5,-0.000570911
-0.737251,5.7,-0.0051184
-0.737251,5.9,-0.00930631
-0.737251,6.1,-0.0125066
-0.737251,6.3,-0.014198
-0.737251,6.5,-0.0142565
-0.737251,6.7,-0.0130235
-0.737251,6.9,-0.0110736
-0.737251,7.1,-0.00892307
-0.737251,7.3,-0.00689678
-0.737251,7.5,-0.00514128
-0.737251,7.7,-0.00369044
-0.737251,7.9,-0.00252287
-0.737251,8.1,-0.00159697
-0.737251,8.3,-0.000868352
-0.737251,8.5,-0.000297107
-0.737251,8.7,0.000150096
-0.737251,8.9,0.000500068
-0.737251,9.1,0.000773966
-0.737251,9.3,0.000988329
-0.737251,9.5,0.00115604
-0.737251,9.7,0.00128714
-0.737251,9.9,0.00138946
-0.72813,2.1,0.00136205
-0.72813,2.3,0.00148103
-0.72813,2.5,0.00160045
-0.72813,2.7,0.00157172
-0.72813,2.9,0.00167236
-0.72813,3.1,0.00079723
-0.72813,3.3,-0.00184197
-0.72813,3.5,-0.0046533
-0.72813,3.7,-0.00502525
-0.72813,3.9,-0.00192882
-0.72813,4.1,0.00307319
-0.72813,4.3,0.00745842
-0.72813,4.5,0.00979415
-0.72813,4.7,0.00998614
-0.72813,4.9,0.00851575
-0.72813,5.1,0.00589234
-0.72813,5.3,0.00250756
-0.72813,5.5,-0.00130851
-0.72813,5.7,-0.00517747
-0.72813,5.9,-0.00860377
-0.72813,6.1,-0.0110413
-0.72813,6.3,-0.012118
-0.72813,6.5,-0.0118478
-0.72813,6.7,-0.0106038
-0.72813,6.9,-0.00887968
-0.72813,7.1,-0.0070729
-0.72813,7.3,-0.00541357
-0.72813,7.5,-0.0039955
-0.72813,7.7,-0.00283204
-0.72813,7.9,-0.0018993
-0.72813,8.1,-0.00116105
-0.72813,8.3,-0.000580721
-0.72813,8.5,-0.000126055
-0.72813,8.7,0.000229627
-0.72813,8.9,0.000507712
-0.72813,9.1,0.000725063
-0.72813,9.3,0.000894869
-0.72813,9.5,0.00102741
-0.72813,9.7,0.00113072
-0.72813,9.9,0.00121106
-0.719008,2.1,0.00121147
-0.719008,2.3,0.00131173
-0.719008,2.5,0.00142785
-0.719008,2.7,0.00139369
-0.719008,2.9,0.00145358
-0.719008,3.1,0.000699537
-0.719008,3.3,-0.00150354
-0.719008,3.5,-0.00377805
-0.719008,3.7,-0.00394564
-0.719008,3.9,-0.00127627
-0.719008,4.1,0.00282141
-0.719008,4.3,0.00630833
-0.719008,4.5,0.00809384
-0.719008,4.7,0.00812586
-0.719008,4.9,0.00678408
-0.719008,5.1,0.00447395
-0.719008,5.3,0.00152602
-0.719008,5.5,-0.00175311
-0.719008,5.7,-0.00499569
-0.719008,5.9,-0.00774197
-0.719008,6.1,-0.00954012
-0.719008,6.3,-0.0101531
-0.719008,6.5,-0.00969017
-0.719008,6.7,-0.0085161
-0.719008,6.9,-0.00703641
-0.719008,7.1,-0.0055477
-0.719008,7.3,-0.00420881
-0.719008,7.5,-0.00307729
-0.719008,7.7,-0.00215437
-0.719008,7.9,-0.00141668
-0.719008,8.1,-0.0008337
-0.719008,8.3,-0.000375797
-0.719008,8.5,-1.72744e-05
-0.719008,8.7,0.000262991
-0.719008,8.9,0.000481891
-0.719008,9.1,0.000652738
-0.719008,9.3,0.000785953
-0.719008,9.5,0.000889672
-0.719008,9.7,0.000970251
-0.719008,9.9,0.00103266
-0.709887,2.1,0.00107266
-0.709887,2.3,0.00115542
-0.709887,2.5,0.00126589
-0.709887,2.7,0.0012284
-0.709887,2.9,0.00125767
-0.709887,3.1,0.000612344
-0.709887,3.3,-0.00121621
-0.709887,3.5,-0.00304427
-0.709887,3.7,-0.00307197
-0.709887,3.9,-0.000800035
-0.709887,4.1,0.00253369
-0.709887,4.3,0.00529599
-0.709887,4.5,0.00665542
-0.709887,4.7,0.00658241
-0.709887,4.9,0.0053746
-0.709887,5.1,0.0033568
-0.709887,5.3,0.000812352
-0.709887,5.5,-0.00197255
-0.709887,5.7,-0.00464781
-0.709887,5.9,-0.00680208
-0.709887,6.1,-0.00808145
-0.709887,6.3,-0.00836216
-0.709887,6.5,-0.00780906
-0.709887,6.7,-0.00675296
-0.709887,6.9,-0.00551436
-0.709887,7.1,-0.00430867
-0.709887,7.3,-0.00324279
-0.709887,7.5,-0.00235015
-0.709887,7.7,-0.00162551
-0.709887,7.9,-0.00104767
-0.709887,8.1,-0.00059154
-0.709887,8.3,-0.000233515
-0.709887,8.5,4.66414e-05
-0.709887,8.7,0.000265479
-0.709887,8.9,0.000436211
-0.709887,9.1,0.000569252
-0.709887,9.3,0.000672766
-0.709887,9.5,0.000753134
-0.709887,9.7,0.000815349
-0.709887,9.9,0.000863325
-0.700766,2.1,0.000945666
-0.700766,2.3,0.00101242
-0.700766,2.5,0.00111564
-0.700766,2.7,0.00107655
-0.700766,2.9,0.00108332
-0.700766,3.1,0.000534472
-0.700766,3.3,-0.000974985
-0.700766,3.5,-0.00243527
-0.700766,3.7,-0.00237274
-0.700766,3.9,-0.000460872
-0.700766,4.1,0.00223532
-0.700766,4.3,0.00441694
-0.700766,4.5,0.00544795
-0.700766,4.7,0.00530989
-0.700766,4.9,0.0042353
-0.700766,5.1,0.00248684
-0.700766,5.3,0.000310973
-0.700766,5.5,-0.00202538
-0.700766,5.7,-0.00419664
-0.700766,5.9,-0.00584861
-0.700766,6.1,-0.00672131
-0.700766,6.3,-0.00677819
-0.700766,6.5,-0.00620729
-0.700766,6.7,-0.00529189
-0.700766,6.9,-0.00427709
-0.700766,7.1,-0.00331554
-0.700766,7.3,-0.00247739
-0.700766,7.5,-0.00178065
-0.700766,7.7,-0.00121716
-0.700766,7.9,-0.000768656
-0.700766,8.1,-0.000414947
-0.700766,8.3,-0.00013747
-0.700766,8.5,7.95299e-05
-0.700766,8.7,0.000248892
-0.700766,8.9,0.00038086
-0.700766,9.1,0.000483514
-0.700766,9.3,0.000563194
-0.700766,9.5,0.000624865
-0.700766,9.7,0.000672417
-0.700766,9.9,0.000708906
-0.691644,2.1,0.000830289
-0.691644,2.3,0.000882666
-0.691644,2.5,0.000977688
-0.691644,2.7,0.00093834
-0.691644,2.9,0.000929102
-0.691644,3.1,0.000464958
-0.691644,3.3,-0.000774654
-0.691644,3.5,-0.00193468
-0.691644,3.7,-0.00181893
-0.691644,3.9,-0.000226061
-0.691644,4.1,0.00194353
-0.691644,4.3,0.00366221
-0.691644,4.5,0.00444104
-0.691644,4.7,0.00426646
-0.691644,4.9,0.00332022
-0.691644,5.1,0.00181715
-0.691644,5.3,-2.56294e-05
-0.691644,5.5,-0.00196069
-0.691644,5.7,-0.00369307
-0.691644,5.9,-0.00493
-0.691644,6.1,-0.00549534
-0.691644,6.3,-0.00541342
-0.691644,6.5,-0.00487163
-0.691644,6.7,-0.00410163
-0.691644,6.9,-0.00328555
-0.691644,7.1,-0.00252925
-0.691644,7.3,-0.00187759
-0.691644,7.5,-0.00133913
-0.691644,7.7,-0.000904946
-0.691644,7.9,-0.000559862
-0.691644,8.1,-0.00028791
-0.691644,8.3,-7.46798e-05
-0.691644,8.5,9.19713e-05
-0.691644,8.7,0.000221916
-0.691644,8.9,0.000323028
-0.691644,9.1,0.000401526
-0.691644,9.3,0.000462294
-0.691644,9.5,0.000509166
-0.691644,9.7,0.000545148
-0.691644,9.9,0.000572607
-0.682523,2.1,0.000726141
-0.682523,2.3,0.000765846
-0.682523,2.5,0.000852191
-0.682523,2.7,0.000813645
-0.682523,2.9,0.000793454
-0.682523,3.1,0.000403003
-0.682523,3.3,-0.000610026
-0.682523,3.5,-0.00152696
-0.682523,3.7,-0.00138454
-0.682523,3.9,-6.90499e-05
-0.682523,4.1,0.00166927
-0.682523,4.3,0.00302035
-0.682523,4.5,0.00360614
-0.682523,4.7,0.00341501
-0.682523,4.9,0.00258952
-0.682523,5.1,0.00130776
-0.682523,5.3,-0.000237233
-0.682523,5.5,-0.00181859
-0.682523,5.7,-0.00317662
-0.682523,5.9,-0.00407987
-0.682523,6.1,-0.00442193
-0.682523,6.3,-0.00426436
-0.682523,6.5,-0.00377853
-0.682523,6.7,-0.00314682
-0.682523,6.9,-0.00250124
-0.682523,7.1,-0.00191377
-0.682523,7.3,-0.00141237
-0.682523,7.5,-0.00100006
-0.682523,7.7,-0.000668393
-0.682523,7.9,-0.000405083
-0.682523,8.1,-0.0001977
-0.682523,8.3,-3.51789e-05
-0.682523,8.5,9.17521e-05
-0.682523,8.7,0.00019062
-0.682523,8.9,0.00026743
-0.682523,9.1,0.000326931
-0.682523,9.3,0.000372858
-0.682523,9.5,0.000408147
-0.682523,9.7,0.000435106
-0.682523,9.9,0.000455553
-0.673402,2.1,0.000632693
-0.673402,2.3,0.000661426
-0.673402,2.5,0.000738997
-0.673402,2.7,0.000702028
-0.673402,2.9,0.000674793
-0.673402,3.1,0.000347925
-0.673402,3.3,-0.00047612
-0.673402,3.5,-0.00119775
-0.673402,3.7,-0.00104687
-0.673402,3.9,3.11879e-05
-0.673402,4.1,0.00141882
-0.673402,4.3,0.00247887
-0.673402,4.5,0.0029173
-0.673402,4.7,0.00272319
-0.673402,4.9,0.00200926
-0.673402,5.1,0.000925212
-0.673402,5.3,-0.0003565
-0.673402,5.5,-0.00163095
-0.673402,5.7,-0.00267643
-0.673402,5.9,-0.00331886
-0.673402,6.1,-0.00350574
-0.673402,6.3,-0.00331666
-0.673402,6.5,-0.00289891
-0.673402,6.7,-0.00239154
-0.673402,6.9,-0.00188823
-0.673402,7.1,-0.00143704
-0.673402,7.3,-0.00105494
-0.673402,7.5,-0.000741956
-0.673402,7.7,-0.000490661
-0.673402,7.9,-0.000291335
-0.673402,8.1,-0.000134428
-0.673402,8.3,-1.15301e-05
-0.673402,8.5,8.4379e-05
-0.673402,8.7,0.000158993
-0.673402,8.9,0.000216859
-0.673402,9.1,0.000261575
-0.673402,9.3,0.000295979
-0.673402,9.5,0.000322304
-0.673402,9.7,0.000342306
-0.673402,9.9,0.000357373
-0.66428,2.1,0.000549315
-0.66428,2.3,0.000568716
-0.66428,2.5,0.000637701
-0.66428,2.7,0.000602849
-0.66428,2.9,0.000571537
-0.66428,3.1,0.000299125
-0.66428,3.3,-0.000368287
-0.66428,3.5,-0.000934085
-0.66428,3.7,-0.000786578
-0.66428,3.9,9.09377e-05
-0.66428,4.1,0.00119505
-0.66428,4.3,0.00202523
-0.66428,4.5,0.00235145
-0.66428,4.7,0.00216329
-0.66428,4.9,0.00155091
-0.66428,5.1,0.000641856
-0.66428,5.3,-0.000409753
-0.66428,5.5,-0.00142222
-0.66428,5.7,-0.00221248
-0.66428,5.9,-0.00265687
-0.66428,6.1,-0.00274131
-0.66428,6.3,-0.0025494
-0.66428,6.5,-0.00220179
-0.66428,6.7,-0.00180168
-0.66428,6.9,-0.00141433
-0.66428,7.1,-0.00107137
-0.66428,7.3,-0.000782754
-0.66428,7.5,-0.000547087
-0.66428,7.7,-0.00035815
-0.66428,7.9,-0.000208395
-0.66428,8.1,-9.05687e-05
-0.66428,8.3,1.66448e-06
-0.66428,8.5,7.35774e-05
-0.66428,8.7,0.000129447
-0.66428,8.9,0.00017269
-0.66428,9.1,0.000206017
-0.66428,9.3,0.000231568
-0.66428,9.5,0.000251027
-0.66428,9.7,0.000265726
-0.66428,9.9,0.000276714
-0.655159,2.1,0.00047531
-0.655159,2.3,0.000486921
-0.655159,2.5,0.000547708
-0.655159,2.7,0.000515321
-0.655159,2.9,0.000482143
-0.655159,3.1,0.000256063
-0.655159,3.3,-0.000282298
-0.655159,3.5,-0.000724516
-0.655159,3.7,-0.000587482
-0.655159,3.9,0.00012255
-0.655159,4.1,0.000998547
-0.655159,4.3,0.00164748
-0.655159,4.5,0.00188847
-0.655159,4.7,0.00171181
-0.655159,4.9,0.00119073
-0.655159,5.1,0.000435158
-0.655159,5.3,-0.00041779
-0.655159,5.5,-0.00121045
-0.655159,5.7,-0.00179694
-0.655159,5.9,-0.00209538
-0.655159,6.1,-0.00211638
-0.655159,6.3,-0.00193851
-0.655159,6.5,-0.00165687
-0.655159,6.7,-0.00134633
-0.655159,6.9,-0.00105166
-0.655159,7.1,-0.000793405
-0.655159,7.3,-0.000577186
-0.655159,7.5,-0.000401077
-0.655159,7.7,-0.000260056
-0.655159,7.9,-0.000148349
-0.655159,8.1,-6.05027e-05
-0.655159,8.3,8.21495e-06
-0.655159,8.5,6.17371e-05
-0.655159,8.7,0.000103254
-0.655159,8.9,0.000135319
-0.655159,9.1,0.000159958
-0.655159,9.3,0.000178774
-0.655159,9.5,0.000193033
-0.655159,9.7,0.000203733
-0.655159,9.9,0.000211664
-0.646038,2.1,0.000409948
-0.646038,2.3,0.000415185
-0.646038,2.5,0.000468297
-0.646038,2.7,0.000438568
-0.646038,2.9,0.000405135
-0.646038,3.1,0.000218236
-0.646038,3.3,-0.000214385
-0.646038,3.5,-0.000559118
-0.646038,3.7,-0.000436285
-0.646038,3.9,0.000135205
-0.646038,4.1,0.000828381
-0.646038,4.3,0.00133459
-0.646038,4.5,0.00151102
-0.646038,4.7,0.00134905
-0.646038,4.9,0.000909177
-0.646038,5.1,0.00028695
-0.646038,5.3,-0.000396686
-0.646038,5.5,-0.0010082
-0.646038,5.7,-0.00143567
-0.646038,5.9,-0.00162978
-0.646038,6.1,-0.00161482
-0.646038,6.3,-0.00145943
-0.646038,6.5,-0.00123623
-0.646038,6.7,-0.00099854
-0.646038,6.9,-0.000776696
-0.646038,7.1,-0.000583878
-0.646038,7.3,-0.00042312
-0.646038,7.5,-0.000292448
-0.646038,7.7,-0.000187912
-0.646038,7.9,-0.000105153
-0.646038,8.1,-4.01076e-05
-0.646038,8.3,1.07339e-05
-0.646038,8.5,5.02855e-05
-0.646038,8.7,8.09122e-05
-0.646038,8.9,0.000104509
-0.646038,9.1,0.000122583
-0.646038,9.3,0.000136327
-0.646038,9.5,0.000146686
-0.646038,9.7,0.000154403
-0.646038,9.9,0.000160069
-0.636916,2.1,0.000352483
-0.636916,2.3,0.000352622
-0.636916,2.5,0.000398666
-0.636916,2.7,0.000371668
-0.636916,2.9,0.000339116
-0.636916,3.1,0.000185171
-0.636916,3.3,-0.000161254
-0.636916,3.5,-0.000429435
-0.636916,3.7,-0.000322226
-0.636916,3.9,0.000135587
-0.636916,4.1,0.00068272
-0.636916,4.3,0.00107667
-0.636916,4.5,0.00120437
-0.636916,4.7,0.00105859
-0.636916,4.9,0.000690255
-0.636916,5.1,0.000182755
-0.636916,5.3,-0.000358546
-0.636916,5.5,-0.000823472
-0.636916,5.7,-0.00112965
-0.636916,5.9,-0.00125147
-0.636916,6.1,-0.00121891
-0.636916,6.3,-0.00108879
-0.636916,6.5,-0.00091519
-0.636916,6.7,-0.000735472
-0.636916,6.9,-0.000570002
-0.636916,7.1,-0.000427163
-0.636916,7.3,-0.000308478
-0.636916,7.5,-0.000212162
-0.636916,7.7,-0.000135173
-0.636916,7.9,-7.42561e-05
-0.636916,8.1,-2.64082e-05
-0.636916,8.3,1.09569e-05
-0.636916,8.5,3.99851e-05
-0.636916,8.7,6.24196e-05
-0.636916,8.9,7.9659e-05
-0.636916,9.1,9.28171e-05
-0.636916,9.3,0.000102777
-0.636916,9.5,0.000110239
-0.636916,9.7,0.000115755
-0.636916,9.9,0.000119762
-0.627795,2.1,0.000302182
-0.627795,2.3,0.00029835
-0.627795,2.5,0.000337974
-0.627795,2.7,0.000313684
-0.627795,2.9,0.000282785
-0.627795,3.1,0.000156419
-0.627795,3.3,-0.000120075
-0.627795,3.5,-0.000328368
-0.627795,3.7,-0.00023672
-0.627795,3.9,0.000128464
-0.627795,4.1,0.000559253
-0.627795,4.3,0.000865003
-0.627795,4.5,0.000956074
-0.627795,4.7,0.000826878
-0.627795,4.9,0.000520969
-0.627795,5.1,0.000111167
-0.627795,5.3,-0.000312182
-0.627795,5.5,-0.000660676
-0.627795,5.7,-0.000876363
-0.627795,5.9,-0.000949706
-0.627795,6.1,-0.000911048
-0.627795,6.3,-0.000805571
-0.627795,6.5,-0.000672673
-0.627795,6.7,-0.000538246
-0.627795,6.9,-0.000415856
-0.627795,7.1,-0.000310795
-0.627795,7.3,-0.000223739
-0.627795,7.5,-0.000153186
-0.627795,7.7,-9.68315e-05
-0.627795,7.9,-5.22675e-05
-0.627795,8.1,-1.72895e-05
-0.627795,8.3,9.9964e-06
-0.627795,8.5,3.11617e-05
-0.627795,8.7,4.74844e-05
-0.627795,8.9,5.99911e-05
-0.627795,9.1,6.95008e-05
-0.627795,9.3,7.66637e-05
-0.627795,9.5,8.19947e-05
-0.627795,9.7,8.59015e-05
-0.627795,9.9,8.87066e-05
