-0.983527,2.1,0.0024794
-0.983527,2.3,0.00276148
-0.983527,2.5,-0.000132643
-0.983527,2.7,-0.0051003
-0.983527,2.9,-0.00291454
-0.983527,3.1,0.0112012
-0.983527,3.3,0.0279186
-0.983527,3.5,0.0343398
-0.983527,3.7,0.0281211
-0.983527,3.9,0.0159716
-0.983527,4.1,0.00380274
-0.983527,4.3,-0.00660023
-0.983527,4.5,-0.0154803
-0.983527,4.7,-0.0228003
-0.983527,4.9,-0.0271739
-0.983527,5.1,-0.0275354
-0.983527,5.3,-0.0253668
-0.983527,5.5,-0.0228495
-0.983527,5.7,-0.0209531
-0.983527,5.9,-0.0197841
-0.983527,6.1,-0.0192073
-0.983527,6.3,-0.0190829
-0.983527,6.5,-0.0193101
-0.983527,6.7,-0.0198137
-0.983527,6.9,-0.0205127
-0.983527,7.1,-0.0212687
-0.983527,7.3,-0.021796
-0.983527,7.5,-0.0215306
-0.983527,7.7,-0.0195756
-0.983527,7.9,-0.0151396
-0.983527,8.1,-0.00869121
-0.983527,8.3,-0.00227832
-0.983527,8.5,0.00230468
-0.983527,8.7,0.00480163
-0.983527,8.9,0.00582756
-0.983527,9.1,0.00602626
-0.983527,9.3,0.00581781
-0.983527,9.5,0.00543312
-0.983527,9.7,0.00498952
-0.983527,9.9,0.00454361
-0.974405,2.1,0.00321245
-0.974405,2.3,0.00319741
-0.974405,2.5,-0.000726548
-0.974405,2.7,-0.00589663
-0.974405,2.9,-0.000819058
-0.974405,3.1,0.0180171
-0.974405,3.3,0.0373451
-0.974405,3.5,0.0421282
-0.974405,3.7,0.0310192
-0.974405,3.9,0.0132236
-0.974405,4.1,-0.00370289
-0.974405,4.3,-0.0174945
-0.974405,4.5,-0.0281203
-0.974405,4.7,-0.0349795
-0.974405,4.9,-0.036838
-0.974405,5.1,-0.0345622
-0.974405,5.3,-0.0311508
-0.974405,5.5,-0.0285728
-0.974405,5.7,-0.0271846
-0.974405,5.9,-0.0267514
-0.974405,6.1,-0.0270059
-0.974405,6.3,-0.0277645
-0.974405,6.5,-0.0289066
-0.974405,6.7,-0.0303247
-0.974405,6.9,-0.0318569
-0.974405,7.1,-0.0331769
-0.974405,7.3,-0.0336192
-0.974405,7.5,-0.0319942
-0.974405,7.7,-0.0267768
-0.974405,7.9,-0.0173917
-0.974405,8.1,-0.0059419
-0.974405,8.3,0.00386954
-0.974405,8.5,0.0100513
-0.974405,8.7,0.0129826
-0.974405,8.9,0.013851
-0.974405,9.1,0.0136301
-0.974405,9.3,0.012907
-0.974405,9.5,0.0119929
-0.974405,9.7,0.0110417
-0.974405,9.9,0.0101249
-0.965284,2.1,0.0039458
-0.965284,2.3,0.00360059
-0.965284,2.5,-0.00114764
-0.965284,2.7,-0.00596999
-0.965284,2.9,0.00215686
-0.965284,3.1,0.0247002
-0.965284,3.3,0.0449007
-0.965284,3.5,0.0465162
-0.965284,3.7,0.0298252
-0.965284,3.9,0.00655874
-0.965284,4.1,-0.0143173
-0.965284,4.3,-0.0300429
-0.965284,4.5,-0.0401016
-0.965284,4.7,-0.0436912
-0.965284,4.9,-0.0412611
-0.965284,5.1,-0.0363821
-0.965284,5.3,-0.0325796
-0.965284,5.5,-0.030805
-0.965284,5.7,-0.0306282
-0.965284,5.9,-0.0314928
-0.965284,6.1,-0.0330364
-0.965284,6.3,-0.0350552
-0.965284,6.5,-0.037414
-0.965284,6.7,-0.0399549
-0.965284,6.9,-0.0423794
-0.965284,7.1,-0.0440612
-0.965284,7.3,-0.0437843
-0.965284,7.5,-0.0396183
-0.965284,7.7,-0.029696
-0.965284,7.9,-0.0145472
-0.965284,8.1,0.00152786
-0.965284,8.3,0.0137627
-0.965284,8.5,0.0207055
-0.965284,8.7,0.0235495
-0.965284,8.9,0.0239671
-0.965284,9.1,0.0231604
-0.965284,9.3,0.0218211
-0.965284,9.5,0.0203082
-0.965284,9.7,0.0187961
-0.965284,9.9,0.0173636
-0.956163,2.1,0.0046698
-0.956163,2.3,0.00400312
-0.956163,2.5,-0.00133541
-0.956163,2.7,-0.00538364
-0.956163,2.9,0.00569189
-0.956163,3.1,0.0308561
-0.956163,3.3,0.0504053
-0.956163,3.5,0.0477515
-0.956163,3.7,0.0253967
-0.956163,3.9,-0.00248983
-0.956163,4.1,-0.0258739
-0.956163,4.3,-0.0415916
-0.956163,4.5,-0.0487948
-0.956163,4.7,-0.0474714
-0.956163,4.9,-0.0409009
-0.956163,5.1,-0.0346471
-0.956163,5.3,-0.0315213
-0.956163,5.5,-0.0312072
-0.956163,5.7,-0.032641
-0.956163,5.9,-0.0350703
-0.956163,6.1,-0.0380977
-0.956163,6.3,-0.04152
-0.956163,6.5,-0.045183
-0.956163,6.7,-0.0488475
-0.956163,6.9,-0.0520086
-0.956163,7.1,-0.0536228
-0.956163,7.3,-0.0517964
-0.956163,7.5,-0.0439205
-0.956163,7.7,-0.0283745
-0.956163,7.9,-0.00761812
-0.956163,8.1,0.0119809
-0.956163,8.3,0.0255166
-0.956163,8.5,0.0325287
-0.956163,8.7,0.0349564
-0.956163,8.9,0.0347974
-0.956163,9.1,0.0333773
-0.956163,9.3,0.031437
-0.956163,9.5,0.0293565
-0.956163,9.7,0.0273185
-0.956163,9.9,0.0254039
-0.947041,2.1,0.00537213
-0.947041,2.3,0.00442207
-0.947041,2.5,-0.00127242
-0.947041,2.7,-0.00425005
-0.947041,2.9,0.00949671
-0.947041,3.1,0.0362332
-0.947041,3.3,0.053914
-0.947041,3.5,0.0464473
-0.947041,3.7,0.0190578
-0.947041,3.9,-0.0119525
-0.947041,4.1,-0.0359842
-0.947041,4.3,-0.0497761
-0.947041,4.5,-0.0527464
-0.947041,4.7,-0.0467605
-0.947041,4.9,-0.0378762
-0.947041,5.1,-0.0320492
-0.947041,5.3,-0.0306046
-0.947041,5.5,-0.0321823
-0.947041,5.7,-0.0353887
-0.947041,5.9,-0.0394339
-0.947041,6.1,-0.0439495
-0.947041,6.3,-0.0487491
-0.947041,6.5,-0.053646
-0.947041,6.7,-0.0582739
-0.947041,6.9,-0.0618364
-0.947041,7.1,-0.0627489
-0.947041,7.3,-0.0583687
-0.947041,7.5,-0.0456613
-0.947041,7.7,-0.0240154
-0.947041,7.9,0.00167194
-0.947041,8.1,0.0236091
-0.947041,8.3,0.037575
-0.947041,8.5,0.0442369
-0.947041,8.7,0.0461073
-0.947041,8.9,0.0453648
-0.947041,9.1,0.0433814
-0.947041,9.3,0.0409107
-0.947041,9.5,0.0383371
-0.947041,9.7,0.0358447
-0.947041,9.9,0.0335135
-0.93792,2.1,0.00603866
-0.93792,2.3,0.00486125
-0.93792,2.5,-0.000973872
-0.93792,2.7,-0.00270604
-0.93792,2.9,0.0133262
-0.93792,3.1,0.0406937
-0.93792,3.3,0.0556533
-0.93792,3.5,0.0434391
-0.93792,3.7,0.0123034
-0.93792,3.9,-0.0198876
-0.93792,4.1,-0.0426324
-0.93792,4.3,-0.0531225
-0.93792,4.5,-0.0518957
-0.93792,4.7,-0.0432533
-0.93792,4.9,-0.0348051
-0.93792,5.1,-0.0312938
-0.93792,5.3,-0.0324011
-0.93792,5.5,-0.0361754
-0.93792,5.7,-0.0412169
-0.93792,5.9,-0.0468485
-0.93792,6.1,-0.0527883
-0.93792,6.3,-0.0588755
-0.93792,6.5,-0.0648639
-0.93792,6.7,-0.0701937
-0.93792,6.9,-0.0736602
-0.93792,7.1,-0.0729978
-0.93792,7.3,-0.0648063
-0.93792,7.5,-0.0460701
-0.93792,7.7,-0.0180159
-0.93792,7.9,0.0118921
-0.93792,8.1,0.0352909
-0.93792,8.3,0.04919
-0.93792,8.5,0.0553268
-0.93792,8.7,0.0566204
-0.93792,8.9,0.0553359
-0.93792,9.1,0.0528514
-0.93792,9.3,0.0499165
-0.93792,9.5,0.0469135
-0.93792,9.7,0.0440251
-0.93792,9.9,0.0413303
-0.928799,2.1,0.00665468
-0.928799,2.3,0.00531418
-0.928799,2.5,-0.000477027
-0.928799,2.7,-0.000894121
-0.928799,2.9,0.0169828
-0.928799,3.1,0.0441863
-0.928799,3.3,0.0559549
-0.928799,3.5,0.0396231
-0.928799,3.7,0.00650061
-0.928799,3.9,-0.0247778
-0.928799,4.1,-0.0445699
-0.928799,4.3,-0.0512369
-0.928799,4.5,-0.0472396
-0.928799,4.7,-0.0390563
-0.928799,4.9,-0.0340213
-0.928799,5.1,-0.034563
-0.928799,5.3,-0.0389927
-0.928799,5.5,-0.0452541
-0.928799,5.7,-0.0522191
-0.928799,5.9,-0.0594483
-0.928799,6.1,-0.0667898
-0.928799,6.3,-0.0741038
-0.928799,6.5,-0.0810358
-0.928799,6.7,-0.0867289
-0.928799,6.9,-0.0894047
-0.928799,7.1,-0.0859528
-0.928799,7.3,-0.0723035
-0.928799,7.5,-0.0461292
-0.928799,7.7,-0.0113074
-0.928799,7.9,0.0223454
-0.928799,8.1,0.0467397
-0.928799,8.3,0.0603975
-0.928799,8.5,0.0659972
-0.928799,8.7,0.0667491
-0.928799,8.9,0.0649627
-0.928799,9.1,0.0620115
-0.928799,9.3,0.0586401
-0.928799,9.5,0.0552295
-0.928799,9.7,0.0519627
-0.928799,9.9,0.0489186
-0.919677,2.1,0.00720604
-0.919677,2.3,0.00576741
-0.919677,2.5,0.000168248
-0.919677,2.7,0.00105042
-0.919677,2.9,0.0203154
-0.919677,3.1,0.0467229
-0.919677,3.3,0.055193
-0.919677,3.5,0.0358102
-0.919677,3.7,0.00266803
-0.919677,3.9,-0.0257481
-0.919677,4.1,-0.0414195
-0.919677,4.3,-0.044637
-0.919677,4.5,-0.0402949
-0.919677,4.7,-0.0360762
-0.919677,4.9,-0.0372109
-0.919677,5.1,-0.0433085
-0.919677,5.3,-0.0517778
-0.919677,5.5,-0.0608775
-0.919677,5.7,-0.0699623
-0.919677,5.9,-0.0789194
-0.919677,6.1,-0.0877504
-0.919677,6.3,-0.0963097
-0.919677,6.5,-0.104051
-0.919677,6.7,-0.109659
-0.919677,6.9,-0.110556
-0.919677,7.1,-0.102623
-0.919677,7.3,-0.0813985
-0.919677,7.5,-0.0461728
-0.919677,7.7,-0.0041618
-0.919677,7.9,0.0330015
-0.919677,8.1,0.0582419
-0.919677,8.3,0.0716888
-0.919677,8.5,0.0768265
-0.919677,8.7,0.0770902
-0.919677,8.9,0.0748257
-0.919677,9.1,0.0714096
-0.919677,9.3,0.06759
-0.919677,9.5,0.0637521
-0.919677,9.7,0.0600829
-0.919677,9.9,0.0566638
-0.910556,2.1,0.0076802
-0.910556,2.3,0.00620375
-0.910556,2.5,0.000907267
-0.910556,2.7,0.00300765
-0.910556,2.9,0.0232154
-0.910556,3.1,0.0483582
-0.910556,3.3,0.053731
-0.910556,3.5,0.0326235
-0.910556,3.7,0.00137398
-0.910556,3.9,-0.0225872
-0.910556,4.1,-0.0335478
-0.910556,4.3,-0.0344142
-0.910556,4.5,-0.0326326
-0.910556,4.7,-0.0357066
-0.910556,4.9,-0.0453077
-0.910556,5.1,-0.058202
-0.910556,5.3,-0.0713946
-0.910556,5.5,-0.0837732
-0.910556,5.7,-0.0953125
-0.910556,5.9,-0.106276
-0.910556,6.1,-0.116814
-0.910556,6.3,-0.126714
-0.910556,6.5,-0.135102
-0.910556,6.7,-0.139977
-0.910556,6.9,-0.137682
-0.910556,7.1,-0.123019
-0.910556,7.3,-0.0917244
-0.910556,7.5,-0.0458725
-0.910556,7.7,0.00362085
-0.910556,7.9,0.0441452
-0.910556,8.1,0.0702356
-0.910556,8.3,0.0835958
-0.910556,8.5,0.0883874
-0.910556,8.7,0.0882295
-0.910556,8.9,0.0855096
-0.910556,9.1,0.0816212
-0.910556,9.3,0.0773268
-0.910556,9.5,0.0730241
-0.910556,9.7,0.0689088
-0.910556,9.9,0.065068
-0.901435,2.1,0.00806704
-0.901435,2.3,0.00660498
-0.901435,2.5,0.00168643
-0.901435,2.7,0.00487743
-0.901435,2.9,0.0256115
-0.901435,3.1,0.0491742
-0.901435,3.3,0.0518827
-0.901435,3.5,0.0304505
-0.901435,3.7,0.00274744
-0.901435,3.9,-0.0156302
-0.901435,4.1,-0.0218268
-0.901435,4.3,-0.0218987
-0.901435,4.5,-0.0255858
-0.901435,4.7,-0.0387282
-0.901435,4.9,-0.0585113
-0.901435,5.1,-0.0791573
-0.901435,5.3,-0.0977094
-0.901435,5.5,-0.113883
-0.901435,5.7,-0.128336
-0.901435,5.9,-0.141714
-0.901435,6.1,-0.154274
-0.901435,6.3,-0.165632
-0.901435,6.5,-0.174386
-0.901435,6.7,-0.177554
-0.901435,6.9,-0.17013
-0.901435,7.1,-0.145999
-0.901435,7.3,-0.102119
-0.901435,7.5,-0.0445272
-0.901435,7.7,0.0123519
-0.901435,7.9,0.055994
-0.901435,8.1,0.0829515
-0.901435,8.3,0.0963684
-0.901435,8.5,0.10095
-0.901435,8.7,0.100462
-0.901435,8.9,0.097335
-0.901435,9.1,0.0929903
-0.901435,9.3,0.0882145
-0.901435,9.5,0.0834249
-0.901435,9.7,0.0788317
-0.901435,9.9,0.0745309
-0.892313,2.1,0.00835938
-0.892313,2.3,0.00695407
-0.892313,2.5,0.00245736
-0.892313,2.7,0.00658125
-0.892313,2.9,0.0274653
-0.892313,3.1,0.0492668
-0.892313,3.3,0.0498896
-0.892313,3.5,0.0294463
-0.892313,3.7,0.00656432
-0.892313,3.9,-0.0055799
-0.892313,4.1,-0.00738977
-0.892313,4.3,-0.00841121
-0.892313,4.5,-0.0201128
-0.892313,4.7,-0.0453236
-0.892313,4.9,-0.0763617
-0.892313,5.1,-0.105399
-0.892313,5.3,-0.129858
-0.892313,5.5,-0.15037
-0.892313,5.7,-0.16827
-0.892313,5.9,-0.184543
-0.892313,6.1,-0.199466
-0.892313,6.3,-0.212323
-0.892313,6.5,-0.220924
-0.892313,6.7,-0.220975
-0.892313,6.9,-0.205982
-0.892313,7.1,-0.169475
-0.892313,7.3,-0.111026
-0.892313,7.5,-0.0414666
-0.892313,7.7,0.022143
-0.892313,7.9,0.0684641
-0.892313,8.1,0.0962396
-0.892313,8.3,0.109836
-0.892313,8.5,0.114356
-0.892313,8.7,0.113662
-0.892313,8.9,0.110221
-0.892313,9.1,0.105485
-0.892313,9.3,0.100268
-0.892313,9.5,0.095013
-0.892313,9.7,0.0899489
-0.892313,9.9,0.0851847
-0.883192,2.1,0.00855326
-0.883192,2.3,0.0072367
-0.883192,2.5,0.00317944
-0.883192,2.7,0.00806216
-0.883192,2.9,0.0287659
-0.883192,3.1,0.0487367
-0.883192,3.3,0.0479143
-0.883192,3.5,0.029573
-0.883192,3.7,0.0123642
-0.883192,3.9,0.00666782
-0.883192,4.1,0.00856059
-0.883192,4.3,0.00488693
-0.883192,4.5,-0.0167629
-0.883192,4.7,-0.0551536
-0.883192,4.9,-0.097854
-0.883192,5.1,-0.135573
-0.883192,5.3,-0.166347
-0.883192,5.5,-0.191703
-0.883192,5.7,-0.213581
-0.883192,5.9,-0.233215
-0.883192,6.1,-0.250768
-0.883192,6.3,-0.264976
-0.883192,6.5,-0.272555
-0.883192,6.7,-0.267621
-0.883192,6.9,-0.242326
-0.883192,7.1,-0.190905
-0.883192,7.3,-0.117014
-0.883192,7.5,-0.0363602
-0.883192,7.7,0.0327702
-0.883192,7.9,0.0811306
-0.883192,8.1,0.109585
-0.883192,8.3,0.123443
-0.883192,8.5,0.128051
-0.883192,8.7,0.127307
-0.883192,8.9,0.123692
-0.883192,9.1,0.118683
-0.883192,9.3,0.113123
-0.883192,9.5,0.107481
-0.883192,9.7,0.102007
-0.883192,9.9,0.0968256
-0.874071,2.1,0.00864801
-0.874071,2.3,0.00744219
-0.874071,2.5,0.0038211
-0.874071,2.7,0.00928345
-0.874071,2.9,0.0295256
-0.874071,3.1,0.0476833
-0.874071,3.3,0.0460464
-0.874071,3.5,0.0306556
-0.874071,3.7,0.0195635
-0.874071,3.9,0.0201633
-0.874071,4.1,0.0248821
-0.874071,4.3,0.0170685
-0.874071,4.5,-0.0157029
-0.874071,4.7,-0.0674689
-0.874071,4.9,-0.121587
-0.874071,5.1,-0.167914
-0.874071,5.3,-0.205212
-0.874071,5.5,-0.235804
-0.874071,5.7,-0.262104
-0.874071,5.9,-0.285454
-0.874071,6.1,-0.305723
-0.874071,6.3,-0.320846
-0.874071,6.5,-0.32614
-0.874071,6.7,-0.314012
-0.874071,6.9,-0.275811
-0.874071,7.1,-0.207918
-0.874071,7.3,-0.11917
-0.874071,7.5,-0.0293256
-0.874071,7.7,0.0437135
-0.874071,7.9,0.0933312
-0.874071,8.1,0.122243
-0.874071,8.3,0.136397
-0.874071,8.5,0.141227
-0.874071,8.7,0.140602
-0.874071,8.9,0.136986
-0.874071,9.1,0.131867
-0.874071,9.3,0.126112
-0.874071,9.5,0.120213
-0.874071,9.7,0.114441
-0.874071,9.9,0.10894
-0.864949,2.1,0.008646
-0.864949,2.3,0.00756396
-0.864949,2.5,0.00436009
-0.864949,2.7,0.0102266
-0.864949,2.9,0.029775
-0.864949,3.1,0.0462002
-0.864949,3.3,0.0443163
-0.864949,3.5,0.0324395
-0.864949,3.7,0.0275464
-0.864949,3.9,0.0339991
-0.864949,4.1,0.04057
-0.864949,4.3,0.0274665
-0.864949,4.5,-0.0167776
-0.864949,4.7,-0.0812468
-0.864949,4.9,-0.145942
-0.864949,5.1,-0.200437
-0.864949,5.3,-0.244232
-0.864949,5.5,-0.280272
-0.864949,5.7,-0.311265
-0.864949,5.9,-0.338485
-0.864949,6.1,-0.361294
-0.864949,6.3,-0.376552
-0.864949,6.5,-0.377961
-0.864949,6.7,-0.356367
-0.864949,6.9,-0.303311
-0.864949,7.1,-0.218834
-0.864949,7.3,-0.117264
-0.864949,7.5,-0.020854
-0.864949,7.7,0.0542937
-0.864949,7.9,0.104323
-0.864949,8.1,0.133407
-0.864949,8.3,0.147839
-0.864949,8.5,0.152994
-0.864949,8.7,0.152647
-0.864949,8.9,0.149212
-0.864949,9.1,0.144169
-0.864949,9.3,0.138396
-0.864949,9.5,0.132405
-0.864949,9.7,0.126487
-0.864949,9.9,0.120802
-0.855828,2.1,0.00855237
-0.855828,2.3,0.00759953
-0.855828,2.5,0.00478305
-0.855828,2.7,0.0108886
-0.855828,2.9,0.0295591
-0.855828,3.1,0.0443733
-0.855828,3.3,0.0427119
-0.855828,3.5,0.0346406
-0.855828,3.7,0.0357289
-0.855828,3.9,0.0473686
-0.855828,4.1,0.0547985
-0.855828,4.3,0.0356719
-0.855828,4.5,-0.0195907
-0.855828,4.7,-0.095341
-0.855828,4.9,-0.169273
-0.855828,5.1,-0.231163
-0.855828,5.3,-0.281167
-0.855828,5.5,-0.322634
-0.855828,5.7,-0.358356
-0.855828,5.9,-0.389336
-0.855828,6.1,-0.414197
-0.855828,6.3,-0.428494
-0.855828,6.5,-0.424243
-0.855828,6.7,-0.39123
-0.855828,6.9,-0.322498
-0.855828,7.1,-0.222914
-0.855828,7.3,-0.11167
-0.855828,7.5,-0.0116429
-0.855828,7.7,0.0638249
-0.855828,7.9,0.113429
-0.855828,8.1,0.142361
-0.855828,8.3,0.156998
-0.855828,8.5,0.162537
-0.855828,8.7,0.162596
-0.855828,8.9,0.159508
-0.855828,9.1,0.154722
-0.855828,9.3,0.149114
-0.855828,9.5,0.14321
-0.855828,9.7,0.137314
-0.855828,9.9,0.131601
-0.846707,2.1,0.00837458
-0.846707,2.3,0.00755019
-0.846707,2.5,0.00508461
-0.846707,2.7,0.0112793
-0.846707,2.9,0.0289328
-0.846707,3.1,0.0422796
-0.846707,3.3,0.0411959
-0.846707,3.5,0.0369815
-0.846707,3.7,0.043598
-0.846707,3.9,0.0595982
-0.846707,4.1,0.066941
-0.846707,4.3,0.0415138
-0.846707,4.5,-0.0235965
-0.846707,4.7,-0.108631
-0.846707,4.9,-0.19009
-0.846707,5.1,-0.258319
-0.846707,5.3,-0.313987
-0.846707,5.5,-0.360601
-0.846707,5.7,-0.400816
-0.846707,5.9,-0.435153
-0.846707,6.1,-0.461279
-0.846707,6.3,-0.473293
-0.846707,6.5,-0.46168
-0.846707,6.7,-0.416005
-0.846707,6.9,-0.33216
-0.846707,7.1,-0.220329
-0.846707,7.3,-0.103165
-0.846707,7.5,-0.002426
-0.846707,7.7,0.0717307
-0.846707,7.9,0.120131
-0.846707,8.1,0.14857
-0.846707,8.3,0.163292
-0.846707,8.5,0.169222
-0.846707,8.7,0.169772
-0.846707,8.9,0.167161
-0.846707,9.1,0.162787
-0.846707,9.3,0.157512
-0.846707,9.5,0.151862
-0.846707,9.7,0.146152
-0.846707,9.9,0.14057
-0.837585,2.1,0.00812184
-0.837585,2.3,0.00742053
-0.837585,2.5,0.0052661
-0.837585,2.7,0.0114185
-0.837585,2.9,0.0279577
-0.837585,3.1,0.0399879
-0.837585,3.3,0.0397201
-0.837585,3.5,0.0392167
-0.837585,3.7,0.0507327
-0.837585,3.9,0.0701632
-0.837585,4.1,0.0765767
-0.837585,4.3,0.0450268
-0.837585,4.5,-0.0281927
-0.837585,4.7,-0.120147
-0.837585,4.9,-0.207204
-0.837585,5.1,-0.280508
-0.837585,5.3,-0.34106
-0.837585,5.5,-0.392285
-0.837585,5.7,-0.436483
-0.837585,5.9,-0.473492
-0.837585,6.1,-0.499856
-0.837585,6.3,-0.508192
-0.837585,6.5,-0.487862
-0.837585,6.7,-0.429259
-0.837585,6.9,-0.332227
-0.837585,7.1,-0.211934
-0.837585,7.3,-0.0926936
-0.837585,7.5,0.00615299
-0.837585,7.7,0.0776103
-0.837585,7.9,0.124123
-0.837585,8.1,0.151731
-0.837585,8.3,0.166382
-0.837585,8.5,0.17266
-0.837585,8.7,0.173734
-0.837585,8.9,0.171684
-0.837585,9.1,0.167837
-0.837585,9.3,0.163027
-0.837585,9.5,0.157774
-0.837585,9.7,0.152396
-0.837585,9.9,0.147085
-0.828464,2.1,0.00780465
-0.828464,2.3,0.00721779
-0.828464,2.5,0.00533427
-0.828464,2.7,0.0113332
-0.828464,2.9,0.0266979
-0.828464,3.1,0.0375583
-0.828464,3.3,0.0382361
-0.828464,3.5,0.0411458
-0.828464,3.7,0.0568118
-0.828464,3.9,0.0786921
-0.828464,4.1,0.0834872
-0.828464,4.3,0.0464095
-0.828464,4.5,-0.0328036
-0.828464,4.7,-0.129168
-0.828464,4.9,-0.219815
-0.828464,5.1,-0.296805
-0.828464,5.3,-0.361273
-0.828464,5.5,-0.416343
-0.828464,5.7,-0.463767
-0.828464,5.9,-0.502532
-0.828464,6.1,-0.527964
-0.828464,6.3,-0.53133
-0.828464,6.5,-0.501496
-0.828464,6.7,-0.430779
-0.828464,6.9,-0.323561
-0.828464,7.1,-0.198971
-0.828464,7.3,-0.0811909
-0.828464,7.5,0.0136087
-0.828464,7.7,0.0812587
-0.828464,7.9,0.125314
-0.828464,8.1,0.151775
-0.828464,8.3,0.166178
-0.828464,8.5,0.172718
-0.828464,8.7,0.174301
-0.828464,8.9,0.172846
-0.828464,9.1,0.169596
-0.828464,9.3,0.165344
-0.828464,9.5,0.160592
-0.828464,9.7,0.155657
-0.828464,9.9,0.150733
-0.819343,2.1,0.00743424
-0.819343,2.3,0.00695112
-0.819343,2.5,0.00529986
-0.819343,2.7,0.011055
-0.819343,2.9,0.0252178
-0.819343,3.1,0.0350435
-0.819343,3.3,0.0367029
-0.819343,3.5,0.0426192
-0.819343,3.7,0.0616141
-0.819343,3.9,0.0849652
-0.819343,4.1,0.0876435
-0.819343,4.3,0.0459759
-0.819343,4.5,-0.0369443
-0.819343,4.7,-0.135257
-0.819343,4.9,-0.227542
-0.819343,5.1,-0.306782
-0.819343,5.3,-0.374067
-0.819343,5.5,-0.432035
-0.819343,5.7,-0.481734
-0.819343,5.9,-0.521185
-0.819343,6.1,-0.544487
-0.819343,6.3,-0.541854
-0.819343,6.5,-0.502431
-0.819343,6.7,-0.421392
-0.819343,6.9,-0.307642
-0.819343,7.1,-0.182807
-0.819343,7.3,-0.0694653
-0.819343,7.5,0.019636
-0.819343,7.7,0.0826561
-0.819343,7.9,0.12381
-0.819343,8.1,0.148844
-0.819343,8.3,0.162814
-0.819343,8.5,0.169505
-0.819343,8.7,0.17154
-0.819343,8.9,0.17067
-0.819343,9.1,0.16804
-0.819343,9.3,0.164394
-0.819343,9.5,0.160208
-0.819343,9.7,0.15579
-0.819343,9.9,0.151334
-0.810221,2.1,0.00702209
-0.810221,2.3,0.00663097
-0.810221,2.5,0.00517631
-0.810221,2.7,0.0106179
-0.810221,2.9,0.0235788
-0.810221,3.1,0.0324895
-0.810221,3.3,0.0350907
-0.810221,3.5,0.0435383
-0.810221,3.7,0.0650129
-0.810221,3.9,0.088907
-0.810221,4.1,0.0891829
-0.810221,4.3,0.0441048
-0.810221,4.5,-0.0402604
-0.810221,4.7,-0.138269
-0.810221,4.9,-0.230393
-0.810221,5.1,-0.310476
-0.810221,5.3,-0.379409
-0.810221,5.5,-0.439209
-0.810221,5.7,-0.490108
-0.810221,5.9,-0.529101
-0.810221,6.1,-0.549164
-0.810221,6.3,-0.539887
-0.810221,6.5,-0.491509
-0.810221,6.7,-0.402678
-0.810221,6.9,-0.286244
-0.810221,7.1,-0.164749
-0.810221,7.3,-0.0581474
-0.810221,7.5,0.0241003
-0.810221,7.7,0.0819379
-0.810221,7.9,0.119872
-0.810221,8.1,0.14325
-0.810221,8.3,0.156612
-0.810221,8.5,0.163324
-0.810221,8.7,0.165726
-0.810221,8.9,0.165394
-0.810221,9.1,0.163369
-0.810221,9.3,0.160336
-0.810221,9.5,0.156743
-0.810221,9.7,0.152881
-0.810221,9.9,0.148939
-0.8011,2.1,0.0065795
-0.8011,2.3,0.00626838
-0.8011,2.5,0.00497856
-0.8011,2.7,0.0100561
-0.8011,2.9,0.0218379
-0.8011,3.1,0.0299356
-0.8011,3.3,0.0333824
-0.8011,3.5,0.0438513
-0.8011,3.7,0.066968
-0.8011,3.9,0.0905728
-0.8011,4.1,0.0883769
-0.8011,4.3,0.0411929
-0.8011,4.5,-0.042541
-0.8011,4.7,-0.138307
-0.8011,4.9,-0.228695
-0.8011,5.1,-0.308305
-0.8011,5.3,-0.377711
-0.8011,5.5,-0.438222
-0.8011,5.7,-0.489191
-0.8011,5.9,-0.5266
-0.8011,6.1,-0.542494
-0.8011,6.3,-0.526373
-0.8011,6.5,-0.470311
-0.8011,6.7,-0.376647
-0.8011,6.9,-0.261178
-0.8011,7.1,-0.145926
-0.8011,7.3,-0.04768
-0.8011,7.5,0.0270098
-0.8011,7.7,0.0793559
-0.8011,7.9,0.113874
-0.8011,8.1,0.135426
-0.8011,8.3,0.148024
-0.8011,8.5,0.154626
-0.8011,8.7,0.157295
-0.8011,8.9,0.157428
-0.8011,9.1,0.155961
-0.8011,9.3,0.153517
-0.8011,9.5,0.150508
-0.8011,9.7,0.147207
-0.8011,9.9,0.143793
-0.791979,2.1,0.0061172
-0.791979,2.3,0.00587447
-0.791979,2.5,0.00472206
-0.791979,2.7,0.00940294
-0.791979,2.9,0.0200461
-0.791979,3.1,0.0274157
-0.791979,3.3,0.0315737
-0.791979,3.5,0.0435483
-0.791979,3.7,0.0675153
-0.791979,3.9,0.0901301
-0.791979,4.1,0.0855909
-0.791979,4.3,0.0376159
-0.791979,4.5,-0.0437098
-0.791979,4.7,-0.135665
-0.791979,4.9,-0.223003
-0.791979,5.1,-0.300957
-0.791979,5.3,-0.369711
-0.791979,5.5,-0.42982
-0.791979,5.7,-0.479747
-0.791979,5.9,-0.514534
-0.791979,6.1,-0.525583
-0.791979,6.3,-0.502874
-0.791979,6.5,-0.440883
-0.791979,6.7,-0.345447
-0.791979,6.9,-0.234112
-0.791979,7.1,-0.127244
-0.791979,7.3,-0.0383349
-0.791979,7.5,0.0284815
-0.791979,7.7,0.0752379
-0.791979,7.9,0.106258
-0.791979,8.1,0.125874
-0.791979,8.3,0.137584
-0.791979,8.5,0.143954
-0.791979,8.7,0.146782
-0.791979,8.9,0.147293
-0.791979,9.1,0.146317
-0.791979,9.3,0.144413
-0.791979,9.5,0.141953
-0.791979,9.7,0.139191
-0.791979,9.9,0.136293
-0.782857,2.1,0.00564515
-0.782857,2.3,0.00545992
-0.782857,2.5,0.00442194
-0.782857,2.7,0.00868899
-0.782857,2.9,0.0182473
-0.782857,3.1,0.0249584
-0.782857,3.3,0.0296712
-0.782857,3.5,0.042654
-0.782857,3.7,0.0667543
-0.782857,3.9,0.0878346
-0.782857,4.1,0.0812426
-0.782857,4.3,0.033701
-0.782857,4.5,-0.0438012
-0.782857,4.7,-0.130763
-0.782857,4.9,-0.214008
-0.782857,5.1,-0.289287
-0.782857,5.3,-0.356355
-0.782857,5.5,-0.415012
-0.782857,5.7,-0.462861
-0.782857,5.9,-0.494144
-0.782857,6.1,-0.499963
-0.782857,6.3,-0.471332
-0.782857,6.5,-0.405461
-0.782857,6.7,-0.311147
-0.782857,6.9,-0.206468
-0.782857,7.1,-0.109379
-0.782857,7.3,-0.0302412
-0.782857,7.5,0.0287052
-0.782857,7.7,0.0699494
-0.782857,7.9,0.0974911
-0.782857,8.1,0.115122
-0.782857,8.3,0.125854
-0.782857,8.5,0.131887
-0.782857,8.7,0.13477
-0.782857,8.9,0.135567
-0.782857,9.1,0.135003
-0.782857,9.3,0.133573
-0.782857,9.5,0.131612
-0.782857,9.7,0.129348
-0.782857,9.9,0.126934
-0.773736,2.1,0.00517223
-0.773736,2.3,0.00503468
-0.773736,2.5,0.00409236
-0.773736,2.7,0.00794168
-0.773736,2.9,0.0164786
-0.773736,3.1,0.0225873
-0.773736,3.3,0.0276905
-0.773736,3.5,0.0412209
-0.773736,3.7,0.0648344
-0.773736,3.9,0.0840023
-0.773736,4.1,0.0757614
-0.773736,4.3,0.029712
-0.773736,4.5,-0.0429292
-0.773736,4.7,-0.124075
-0.773736,4.9,-0.202451
-0.773736,5.1,-0.274217
-0.773736,5.3,-0.338693
-0.773736,5.5,-0.39495
-0.773736,5.7,-0.439811
-0.773736,5.9,-0.466902
-0.773736,6.1,-0.467416
-0.773736,6.3,-0.433865
-0.773736,6.5,-0.366262
-0.773736,6.7,-0.275589
-0.773736,6.9,-0.179383
-0.773736,7.1,-0.0927965
-0.773736,7.3,-0.0234184
-0.773736,7.5,0.0279111
-0.773736,7.7,0.0638604
-0.773736,7.9,0.088028
-0.773736,8.1,0.103682
-0.773736,8.3,0.113381
-0.773736,8.5,0.118996
-0.773736,8.7,0.121842
-0.773736,8.9,0.122834
-0.773736,9.1,0.122601
-0.773736,9.3,0.121573
-0.773736,9.5,0.120048
-0.773736,9.7,0.118228
-0.773736,9.9,0.116253
-0.764615,2.1,0.00470618
-0.764615,2.3,0.00460763
-0.764615,2.5,0.00374609
-0.764615,2.7,0.00718465
-0.764615,2.9,0.0147694
-0.764615,3.1,0.0203217
-0.764615,3.3,0.0256538
-0.764615,3.5,0.0393217
-0.764615,3.7,0.0619405
-0.764615,3.9,0.0789803
-0.764615,4.1,0.0695544
-0.764615,4.3,0.025845
-0.764615,4.5,-0.0412558
-0.764615,4.7,-0.116086
-0.764615,4.9,-0.18906
-0.764615,5.1,-0.256658
-0.764615,5.3,-0.317779
-0.764615,5.5,-0.370828
-0.764615,5.7,-0.411949
-0.764615,5.9,-0.434389
-0.764615,6.1,-0.429813
-0.764615,6.3,-0.392585
-0.764615,6.5,-0.325323
-0.764615,6.7,-0.240309
-0.764615,6.9,-0.153701
-0.764615,7.1,-0.0777784
-0.764615,7.3,-0.0178072
-0.764615,7.5,0.0263429
-0.764615,7.7,0.0573197
-0.764615,7.9,0.0782864
-0.764615,8.1,0.0920192
-0.764615,8.3,0.100669
-0.764615,8.5,0.105805
-0.764615,8.7,0.108539
-0.764615,8.9,0.109645
-0.764615,9.1,0.109663
-0.764615,9.3,0.108964
-0.764615,9.5,0.107807
-0.764615,9.7,0.106372
-0.764615,9.9,0.104783
-0.755494,2.1,0.00425351
-0.755494,2.3,0.0041865
-0.755494,2.5,0.00339421
-0.755494,2.7,0.00643747
-0.755494,2.9,0.0131427
-0.755494,3.1,0.0181765
-0.755494,3.3,0.0235876
-0.755494,3.5,0.0370427
-0.755494,3.7,0.0582779
-0.755494,3.9,0.0731196
-0.755494,4.1,0.0629819
-0.755494,4.3,0.0222324
-0.755494,4.5,-0.0389633
-0.755494,4.7,-0.10725
-0.755494,4.9,-0.174503
-0.755494,5.1,-0.237454
-0.755494,5.3,-0.294616
-0.755494,5.5,-0.343801
-0.755494,5.7,-0.380617
-0.755494,5.9,-0.398182
-0.755494,6.1,-0.388997
-0.755494,6.3,-0.349462
-0.755494,6.5,-0.284397
-0.755494,6.7,-0.206501
-0.755494,6.9,-0.130002
-0.755494,7.1,-0.0644608
-0.755494,7.3,-0.0132981
-0.755494,7.5,0.0242363
-0.755494,7.7,0.0506359
-0.755494,7.9,0.0686259
-0.755494,8.1,0.0805338
-0.755494,8.3,0.0881476
-0.755494,8.5,0.0927717
-0.755494,8.7,0.0953337
-0.755494,8.9,0.0964851
-0.755494,9.1,0.0966818
-0.755494,9.3,0.0962419
-0.755494,9.5,0.0953883
-0.755494,9.7,0.0942771
-0.755494,9.9,0.0930179
-0.746372,2.1,0.0038195
-0.746372,2.3,0.0037777
-0.746372,2.5,0.00304598
-0.746372,2.7,0.00571573
-0.746372,2.9,0.011615
-0.746372,3.1,0.016163
-0.746372,3.3,0.0215206
-0.746372,3.5,0.034477
-0.746372,3.7,0.0540579
-0.746372,3.9,0.066751
-0.746372,4.1,0.0563426
-0.746372,4.3,0.0189526
-0.746372,4.5,-0.0362337
-0.746372,4.7,-0.0979657
-0.746372,4.9,-0.159362
-0.746372,5.1,-0.217352
-0.746372,5.3,-0.270107
-0.746372,5.5,-0.314939
-0.746372,5.7,-0.347078
-0.746372,5.9,-0.359779
-0.746372,6.1,-0.34668
-0.746372,6.3,-0.306231
-0.746372,6.5,-0.2449
-0.746372,6.7,-0.175029
-0.746372,6.9,-0.108632
-0.746372,7.1,-0.0528663
-0.746372,7.3,-0.00975347
-0.746372,7.5,0.0218044
-0.746372,7.7,0.0440656
-0.746372,7.9,0.0593375
-0.746372,8.1,0.0695469
-0.746372,8.3,0.0761648
-0.746372,8.5,0.080265
-0.746372,8.7,0.0826143
-0.746372,8.9,0.0837548
-0.746372,9.1,0.0840687
-0.746372,9.3,0.083825
-0.746372,9.5,0.0832135
-0.746372,9.7,0.0823685
-0.746372,9.9,0.0813854
-0.737251,2.1,0.00340824
-0.737251,2.3,0.00338639
-0.737251,2.5,0.00270883
-0.737251,2.7,0.00503125
-0.737251,2.9,0.0101972
-0.737251,3.1,0.0142888
-0.737251,3.3,0.0194812
-0.737251,3.5,0.031719
-0.737251,3.7,0.0494848
-0.737251,3.9,0.0601681
-0.737251,4.1,0.0498689
-0.737251,4.3,0.0160411
-0.737251,4.5,-0.0332338
-0.737251,4.7,-0.088567
-0.737251,4.9,-0.14412
-0.737251,5.1,-0.196981
-0.737251,5.3,-0.245032
-0.737251,5.5,-0.285189
-0.737251,5.7,-0.312475
-0.737251,5.9,-0.320543
-0.737251,6.1,-0.304378
-0.737251,6.3,-0.264332
-0.737251,6.5,-0.207894
-0.737251,6.7,-0.146448
-0.737251,6.9,-0.0897485
-0.737251,7.1,-0.0429357
-0.737251,7.3,-0.00702577
-0.737251,7.5,0.019228
-0.737251,7.7,0.037809
-0.737251,7.9,0.0506399
-0.737251,8.1,0.0592978
-0.737251,8.3,0.0649806
-0.737251,8.5,0.068564
-0.737251,8.7,0.0706761
-0.737251,8.9,0.0717638
-0.737251,9.1,0.0721444
-0.737251,9.3,0.0720427
-0.737251,9.5,0.0716191
-0.737251,9.7,0.0709877
-0.737251,9.9,0.0702304
-0.72813,2.1,0.00302268
-0.72813,2.3,0.00301648
-0.72813,2.5,0.00238842
-0.72813,2.7,0.00439237
-0.72813,2.9,0.00889555
-0.72813,3.1,0.0125583
-0.72813,3.3,0.0174967
-0.72813,3.5,0.028859
-0.72813,3.7,0.0447457
-0.72813,3.9,0.0536154
-0.72813,4.1,0.0437284
-0.72813,4.3,0.0135023
-0.72813,4.5,-0.0301076
-0.72813,4.7,-0.0793193
-0.72813,4.9,-0.129161
-0.72813,5.1,-0.176854
-0.72813,5.3,-0.220046
-0.72813,5.5,-0.255366
-0.72813,5.7,-0.277813
-0.72813,5.9,-0.281667
-0.72813,6.1,-0.263368
-0.72813,6.3,-0.224882
-0.72813,6.5,-0.174102
-0.72813,6.7,-0.121051
-0.72813,6.9,-0.0733593
-0.72813,7.1,-0.0345542
-0.72813,7.3,-0.00496996
-0.72813,7.5,0.0166517
-0.72813,7.7,0.0320095
-0.72813,7.9,0.0426823
-0.72813,8.1,0.049947
-0.72813,8.3,0.05477
-0.72813,8.5,0.0578589
-0.72813,8.7,0.0597238
-0.72813,8.9,0.0607298
-0.72813,9.1,0.0611375
-0.72813,9.3,0.0611335
-0.72813,9.5,0.0608515
-0.72813,9.7,0.0603877
-0.72813,9.9,0.0598115
-0.719008,2.1,0.00266478
-0.719008,2.3,0.00267074
-0.719008,2.5,0.00208882
-0.719008,2.7,0.00380441
-0.719008,2.9,0.00771232
-0.719008,3.1,0.0109731
-0.719008,3.3,0.0155912
-0.719008,3.5,0.0259794
-0.719008,3.7,0.0400027
-0.719008,3.9,0.0472848
-0.719008,4.1,0.0380312
-0.719008,4.3,0.0113195
-0.719008,4.5,-0.0269724
-0.719008,4.7,-0.0704232
-0.719008,4.9,-0.114777
-0.719008,5.1,-0.157369
-0.719008,5.3,-0.195674
-0.719008,5.5,-0.226148
-0.719008,5.7,-0.243942
-0.719008,5.9,-0.24415
-0.719008,6.1,-0.224663
-0.719008,6.3,-0.188676
-0.719008,6.5,-0.143941
-0.719008,6.7,-0.0989187
-0.719008,6.9,-0.0593638
-0.719008,7.1,-0.0275737
-0.719008,7.3,-0.00345216
-0.719008,7.5,0.014184
-0.719008,7.7,0.0267583
-0.719008,7.9,0.0355506
-0.719008,8.1,0.0415842
-0.719008,8.3,0.0456315
-0.719008,8.5,0.0482597
-0.719008,8.7,0.0498791
-0.719008,8.9,0.0507855
-0.719008,9.1,0.0511914
-0.719008,9.3,0.0512498
-0.719008,9.5,0.0510714
-0.719008,9.7,0.0507363
-0.719008,9.9,0.0503027
-0.709887,2.1,0.00233559
-0.709887,2.3,0.00235091
-0.709887,2.5,0.00181266
-0.709887,2.7,0.00327015
-0.709887,2.9,0.00664648
-0.709887,3.1,0.00953233
-0.709887,3.3,0.0137853
-0.709887,3.5,0.0231515
-0.709887,3.7,0.0353884
-0.709887,3.9,0.0413156
-0.709887,4.1,0.0328396
-0.709887,4.3,0.0094635
-0.709887,4.5,-0.0239188
-0.709887,4.7,-0.0620214
-0.709887,4.9,-0.101178
-0.709887,5.1,-0.138826
-0.709887,5.3,-0.172327
-0.709887,5.5,-0.198082
-0.709887,5.7,-0.211558
-0.709887,5.9,-0.20879
-0.709887,6.1,-0.189007
-0.709887,6.3,-0.156204
-0.709887,6.5,-0.117568
-0.709887,6.7,-0.0799665
-0.709887,6.9,-0.0475873
-0.709887,7.1,-0.0218302
-0.709887,7.3,-0.0023544
-0.709887,7.5,0.0118992
-0.709887,7.7,0.0221015
-0.709887,7.9,0.0292775
-0.709887,8.1,0.0342392
-0.709887,8.3,0.037599
-0.709887,8.5,0.0398073
-0.709887,8.7,0.041192
-0.709887,8.9,0.0419905
-0.709887,9.1,0.0423745
-0.709887,9.3,0.0424686
-0.709887,9.5,0.0423635
-0.709887,9.7,0.0421251
-0.709887,9.9,0.041802
-0.700766,2.1,0.0020354
-0.700766,2.3,0.00205786
-0.700766,2.5,0.00156135
-0.700766,2.7,0.00279025
-0.700766,2.9,0.00569454
-0.700766,3.1,0.00823274
-0.700766,3.3,0.0120952
-0.700766,3.5,0.0204341
-0.700766,3.7,0.0310047
-0.700766,3.9,0.0357996
-0.700766,4.1,0.0281784
-0.700766,4.3,0.00789865
-0.700766,4.5,-0.0210133
-0.700766,4.7,-0.0542074
-0.700766,4.9,-0.0885017
-0.700766,5.1,-0.121433
-0.700766,5.3,-0.150311
-0.700766,5.5,-0.171594
-0.700766,5.7,-0.181206
-0.700766,5.9,-0.176181
-0.700766,6.1,-0.156884
-0.700766,6.3,-0.127687
-0.700766,6.5,-0.0949327
-0.700766,6.7,-0.0639948
-0.700766,6.9,-0.0378108
-0.700766,7.1,-0.0171566
-0.700766,7.3,-0.00157676
-0.700766,7.5,0.00984235
-0.700766,7.7,0.0180483
-0.700766,7.9,0.0238527
-0.700766,8.1,0.0278943
-0.700766,8.3,0.0306542
-0.700766,8.5,0.0324879
-0.700766,8.7,0.0336549
-0.700766,8.9,0.0343444
-0.700766,9.1,0.0346941
-0.700766,9.3,0.0348045
-0.700766,9.5,0.0347491
-0.700766,9.7,0.0345821
-0.700766,9.9,0.0343432
-0.691644,2.1,0.00176386
-0.691644,2.3,0.00179167
-0.691644,2.5,0.00133532
-0.691644,2.7,0.00236374
-0.691644,2.9,0.00485114
-0.691644,3.1,0.00706933
-0.691644,3.3,0.0105326
-0.691644,3.5,0.0178725
-0.691644,3.7,0.0269233
-0.691644,3.9,0.0307882
-0.691644,4.1,0.0240445
-0.691644,4.3,0.00658755
-0.691644,4.5,-0.0183005
-0.691644,4.7,-0.0470345
-0.691644,4.9,-0.0768314
-0.691644,5.1,-0.105329
-0.691644,5.3,-0.129843
-0.691644,5.5,-0.146999
-0.691644,5.7,-0.153286
-0.691644,5.9,-0.146718
-0.691644,6.1,-0.128538
-0.691644,6.3,-0.103125
-0.691644,6.5,-0.0758352
-0.691644,6.7,-0.0507303
-0.691644,6.9,-0.0297947
-0.691644,7.1,-0.0133919
-0.691644,7.3,-0.00103739
-0.691644,7.5,0.00803469
-0.691644,7.7,0.0145799
-0.691644,7.9,0.0192345
-0.691644,8.1,0.0224963
-0.691644,8.3,0.0247408
-0.691644,8.5,0.0262462
-0.691644,8.7,0.0272164
-0.691644,8.9,0.0278012
-0.691644,9.1,0.02811
-0.691644,9.3,0.0282234
-0.691644,9.5,0.0282004
-0.691644,9.7,0.0280849
-0.691644,9.9,0.0279094
-0.682523,2.1,0.0015201
-0.682523,2.3,0.00155186
-0.682523,2.5,0.00113417
-0.682523,2.7,0.00198841
-0.682523,2.9,0.00410955
-0.682523,3.1,0.00603561
-0.682523,3.3,0.0091047
-0.682523,3.5,0.0154986
-0.682523,3.7,0.0231893
-0.682523,3.9,0.0263004
-0.682523,4.1,0.0204157
-0.682523,4.3,0.0054938
-0.682523,4.5,-0.0158079
-0.682523,4.7,-0.0405247
-0.682523,4.9,-0.0662039
-0.682523,5.1,-0.0905888
-0.682523,5.3,-0.111064
-0.682523,5.5,-0.124513
-0.682523,5.7,-0.128059
-0.682523,5.9,-0.120613
-0.682523,6.1,-0.104007
-0.682523,6.3,-0.0823455
-0.682523,6.5,-0.0599726
-0.682523,6.7,-0.0398607
-0.682523,6.9,-0.0232966
-0.682523,7.1,-0.0103876
-0.682523,7.3,-0.00067131
-0.682523,7.5,0.0064789
-0.682523,7.7,0.0116578
-0.682523,7.9,0.0153593
-0.682523,8.1,0.0179685
-0.682523,8.3,0.0197763
-0.682523,8.5,0.0209988
-0.682523,8.7,0.0217952
-0.682523,8.9,0.0222831
-0.682523,9.1,0.022549
-0.682523,9.3,0.0226566
-0.682523,9.5,0.0226534
-0.682523,9.7,0.0225744
-0.682523,9.9,0.022446
-0.673402,2.1,0.00130286
-0.673402,2.3,0.00133743
-0.673402,2.5,0.000956938
-0.673402,2.7,0.00166115
-0.673402,2.9,0.00346222
-0.673402,3.1,0.00512384
-0.673402,3.3,0.00781434
-0.673402,3.5,0.0133323
-0.673402,3.7,0.0198245
-0.673402,3.9,0.0223306
-0.673402,4.1,0.0172576
-0.673402,4.3,0.00458383
-0.673402,4.5,-0.0135485
-0.673402,4.7,-0.0346757
-0.673402,4.9,-0.0566213
-0.673402,5.1,-0.0772436
-0.673402,5.3,-0.0940517
-0.673402,5.5,-0.104264
-0.673402,5.7,-0.10566
-0.673402,5.9,-0.0979111
-0.673402,6.1,-0.0831627
-0.673402,6.3,-0.0650541
-0.673402,6.5,-0.0469849
-0.673402,6.7,-0.0310626
-0.673402,6.9,-0.0180842
-0.673402,7.1,-0.00801029
-0.673402,7.3,-0.00042834
-0.673402,7.5,0.0051645
-0.673402,7.7,0.00923085
-0.673402,7.9,0.0121509
-0.673402,8.1,0.0142204
-0.673402,8.3,0.015663
-0.673402,8.5,0.0166454
-0.673402,8.7,0.0172914
-0.673402,8.9,0.0176924
-0.673402,9.1,0.0179162
-0.673402,9.3,0.0180132
-0.673402,9.5,0.0180209
-0.673402,9.7,0.0179674
-0.673402,9.9,0.0178736
-0.66428,2.1,0.0011106
-0.66428,2.3,0.00114708
-0.66428,2.5,0.000802201
-0.66428,2.7,0.0013783
-0.66428,2.9,0.00290111
-0.66428,3.1,0.00432549
-0.66428,3.3,0.00666068
-0.66428,3.5,0.0113825
-0.66428,3.7,0.0168324
-0.66428,3.9,0.0188557
-0.66428,4.1,0.0145291
-0.66428,4.3,0.00382766
-0.66428,4.5,-0.0115247
-0.66428,4.7,-0.029468
-0.66428,4.9,-0.0480599
-0.66428,5.1,-0.065286
-0.66428,5.3,-0.0788304
-0.66428,5.5,-0.0863006
-0.66428,5.7,-0.0861116
-0.66428,5.9,-0.0785206
-0.66428,6.1,-0.0657517
-0.66428,6.3,-0.0508838
-0.66428,6.5,-0.0364902
-0.66428,6.7,-0.0240213
-0.66428,6.9,-0.0139434
-0.66428,7.1,-0.00614382
-0.66428,7.3,-0.000270771
-0.66428,7.5,0.00407239
-0.66428,7.7,0.00724179
-0.66428,7.9,0.00952772
-0.66428,8.1,0.0111557
-0.66428,8.3,0.0122965
-0.66428,8.5,0.0130783
-0.66428,8.7,0.0135962
-0.66428,8.9,0.0139211
-0.66428,9.1,0.0141059
-0.66428,9.3,0.01419
-0.66428,9.5,0.0142029
-0.66428,9.7,0.0141667
-0.66428,9.9,0.0140982
-0.655159,2.1,0.000941574
-0.655159,2.3,0.000979207
-0.655159,2.5,0.000668267
-0.655159,2.7,0.00113586
-0.655159,2.9,0.002418
-0.655159,3.1,0.00363142
-0.655159,3.3,0.0056397
-0.655159,3.5,0.00964962
-0.655159,3.7,0.0142025
-0.655159,3.9,0.0158417
-0.655159,4.1,0.0121863
-0.655159,4.3,0.00319929
-0.655159,4.5,-0.00973107
-0.655159,4.7,-0.0248702
-0.655159,4.9,-0.0404778
-0.655159,5.1,-0.0546809
-0.655159,5.3,-0.0653809
-0.655159,5.5,-0.0706034
-0.655159,5.7,-0.0693352
-0.655159,5.9,-0.0622406
-0.655159,6.1,-0.05144
-0.655159,6.3,-0.0394337
-0.655159,6.5,-0.0281117
-0.655159,6.7,-0.018444
-0.655159,6.9,-0.0106832
-0.655159,7.1,-0.00468882
-0.655159,7.3,-0.000170994
-0.655159,7.5,0.0031786
-0.655159,7.7,0.00563155
-0.655159,7.9,0.00740786
-0.655159,8.1,0.00867838
-0.655159,8.3,0.00957292
-0.655159,8.5,0.010189
-0.655159,8.7,0.0105998
-0.655159,8.9,0.0108597
-0.655159,9.1,0.0110096
-0.655159,9.3,0.0110803
-0.655159,9.5,0.0110946
-0.655159,9.7,0.0110701
-0.655159,9.9,0.0110198
-0.646038,2.1,0.000793929
-0.646038,2.3,0.000832101
-0.646038,2.5,0.00055328
-0.646038,2.7,0.000929719
-0.646038,2.9,0.00200477
-0.646038,3.1,0.00303224
-0.646038,3.3,0.00474482
-0.646038,3.5,0.00812678
-0.646038,3.7,0.0119146
-0.646038,3.9,0.013248
-0.646038,4.1,0.0101852
-0.646038,4.3,0.00267657
-0.646038,4.5,-0.0081567
-0.646038,4.7,-0.0208428
-0.646038,4.9,-0.0338204
-0.646038,5.1,-0.0453717
-0.646038,5.3,-0.0536471
-0.646038,5.5,-0.0570918
-0.646038,5.7,-0.0551739
-0.646038,5.9,-0.0487938
-0.646038,6.1,-0.0398497
-0.646038,6.3,-0.0303002
-0.646038,6.5,-0.0214961
-0.646038,6.7,-0.0140683
-0.646038,6.9,-0.00813735
-0.646038,7.1,-0.00356194
-0.646038,7.3,-0.000109314
-0.646038,7.5,0.00245717
-0.646038,7.7,0.00434286
-0.646038,7.9,0.0057134
-0.646038,8.1,0.00669745
-0.646038,8.3,0.00739308
-0.646038,8.5,0.00787427
-0.646038,8.7,0.00819665
-0.646038,8.9,0.008402
-0.646038,9.1,0.00852173
-0.646038,9.3,0.0085795
-0.646038,9.5,0.00859319
-0.646038,9.7,0.00857635
-0.646038,9.9,0.00853929
-0.636916,2.1,0.000665759
-0.636916,2.3,0.000703961
-0.636916,2.5,0.000455321
-0.636916,2.7,0.000755795
-0.636916,2.9,0.00165355
-0.636916,3.1,0.00251853
-0.636916,3.3,0.0039676
-0.636916,3.5,0.00680224
-0.636916,3.7,0.0099421
-0.636916,3.9,0.0110312
-0.636916,4.1,0.00848392
-0.636916,4.3,0.00224095
-0.636916,4.5,-0.00678707
-0.636916,4.7,-0.0173421
-0.636916,4.9,-0.0280252
-0.636916,5.1,-0.0372859
-0.636916,5.3,-0.0435427
-0.636916,5.5,-0.0456366
-0.636916,5.7,-0.0434104
-0.636916,5.9,-0.0378571
-0.636916,6.1,-0.0305915
-0.636916,6.3,-0.0231
-0.636916,6.5,-0.0163248
-0.636916,6.7,-0.0106652
-0.636916,6.9,-0.00616445
-0.636916,7.1,-0.00269439
-0.636916,7.3,-7.20513e-05
-0.636916,7.5,0.00188222
-0.636916,7.7,0.00332253
-0.636916,7.9,0.0043728
-0.636916,8.1,0.00512944
-0.636916,8.3,0.00566611
-0.636916,8.5,0.00603864
-0.636916,8.7,0.00628919
-0.636916,8.9,0.00644955
-0.636916,9.1,0.00654373
-0.636916,9.3,0.00658991
-0.636916,9.5,0.00660186
-0.636916,9.7,0.00659005
-0.636916,9.9,0.00656249
-0.627795,2.1,0.000555169
-0.627795,2.3,0.000592973
-0.627795,2.5,0.000372482
-0.627795,2.7,0.00061016
-0.627795,2.9,0.00135689
-0.627795,3.1,0.00208104
-0.627795,3.3,0.00329835
-0.627795,3.5,0.00566086
-0.627795,3.7,0.00825516
-0.627795,3.9,0.00914791
-0.627795,4.1,0.00704332
-0.627795,4.3,0.00187703
-0.627795,4.5,-0.00560559
-0.627795,4.7,-0.0143223
-0.627795,4.9,-0.0230246
-0.627795,5.1,-0.0303391
-0.627795,5.3,-0.0349568
-0.627795,5.5,-0.0360705
-0.627795,5.7,-0.0337888
-0.627795,5.9,-0.0290894
-0.627795,6.1,-0.0232889
-0.627795,6.3,-0.0174845
-0.627795,6.5,-0.0123195
-0.627795,6.7,-0.00803952
-0.627795,6.9,-0.00464621
-0.627795,7.1,-0.00203013
-0.627795,7.3,-4.99572e-05
-0.627795,7.5,0.00142938
-0.627795,7.7,0.00252274
-0.627795,7.9,0.00332236
-0.627795,8.1,0.00390007
-0.627795,8.3,0.00431097
-0.627795,8.5,0.00459698
-0.627795,8.7,0.00478987
-0.627795,8.9,0.00491372
-0.627795,9.1,0.00498678
-0.627795,9.3,0.00502293
-0.627795,9.5,0.00503271
-0.627795,9.7,0.00502417
-0.627795,9.9,0.00500347
