-0.978966,2.2,-0.0115762
-0.978966,2.6,-0.0355054
-0.978966,3,-0.046958
-0.978966,3.4,-0.0521881
-0.978966,3.8,-0.0704668
-0.978966,4.2,-0.0823897
-0.978966,4.6,-0.0522506
-0.978966,5,0.00358625
-0.978966,5.4,0.0464126
-0.978966,5.8,0.0622614
-0.978966,6.2,0.0539056
-0.978966,6.6,0.0286591
-0.978966,7,-0.00538728
-0.978966,7.4,-0.0405007
-0.978966,7.8,-0.0703912
-0.978966,8.2,-0.0911985
-0.978966,8.6,-0.10176
-0.978966,9,-0.103061
-0.978966,9.4,-0.0972964
-0.978966,9.8,-0.0869784
-0.960723,2.2,-0.0180119
-0.960723,2.6,-0.0502364
-0.960723,3,-0.0619256
-0.960723,3.4,-0.0675902
-0.960723,3.8,-0.0940585
-0.960723,4.2,-0.120239
-0.960723,4.6,-0.0959004
-0.960723,5,-0.0221871
-0.960723,5.4,0.051005
-0.960723,5.8,0.0896032
-0.960723,6.2,0.0886765
-0.960723,6.6,0.0574098
-0.960723,7,0.00849533
-0.960723,7.4,-0.0462548
-0.960723,7.8,-0.0975893
-0.960723,8.2,-0.13938
-0.960723,8.6,-0.168513
-0.960723,9,-0.184377
-0.960723,9.4,-0.188184
-0.960723,9.8,-0.182242
-0.942481,2.2,-0.0237232
-0.942481,2.6,-0.0589353
-0.942481,3,-0.0667671
-0.942481,3.4,-0.0713211
-0.942481,3.8,-0.100253
-0.942481,4.2,-0.132442
-0.942481,4.6,-0.119129
-0.942481,5,-0.0508708
-0.942481,5.4,0.0306712
-0.942481,5.8,0.0834186
-0.942481,6.2,0.0931075
-0.942481,6.6,0.0662904
-0.942481,7,0.0168457
-0.942481,7.4,-0.041823
-0.942481,7.8,-0.0995647
-0.942481,8.2,-0.149804
-0.942481,8.6,-0.188965
-0.942481,9,-0.215731
-0.942481,9.4,-0.230409
-0.942481,9.8,-0.234392
-0.924238,2.2,-0.0284494
-0.924238,2.6,-0.062013
-0.924238,3,-0.0636697
-0.924238,3.4,-0.0677853
-0.924238,3.8,-0.0953848
-0.924238,4.2,-0.121832
-0.924238,4.6,-0.110196
-0.924238,5,-0.0557057
-0.924238,5.4,0.0107323
-0.924238,5.8,0.0548034
-0.924238,6.2,0.0621369
-0.924238,6.6,0.0371014
-0.924238,7,-0.00810057
-0.924238,7.4,-0.0614101
-0.924238,7.8,-0.113957
-0.924238,8.2,-0.160272
-0.924238,8.6,-0.197525
-0.924238,9,-0.224704
-0.924238,9.4,-0.242
-0.924238,9.8,-0.250373
-0.905995,2.2,-0.0321163
-0.905995,2.6,-0.0606552
-0.905995,3,-0.0556304
-0.905995,3.4,-0.0617758
-0.905995,3.8,-0.0866681
-0.905995,4.2,-0.0965383
-0.905995,4.6,-0.07133
-0.905995,5,-0.0244745
-0.905995,5.4,0.0155573
-0.905995,5.8,0.0284182
-0.905995,6.2,0.0108049
-0.905995,6.6,-0.028719
-0.905995,7,-0.0784799
-0.905995,7.4,-0.128958
-0.905995,7.8,-0.174167
-0.905995,8.2,-0.211115
-0.905995,8.6,-0.238819
-0.905995,9,-0.257486
-0.905995,9.4,-0.267981
-0.905995,9.8,-0.271506
-0.887753,2.2,-0.0347365
-0.887753,2.6,-0.0562434
-0.887753,3,-0.0454576
-0.887753,3.4,-0.0568336
-0.887753,3.8,-0.0794227
-0.887753,4.2,-0.06507
-0.887753,4.6,-0.012503
-0.887753,5,0.0380417
-0.887753,5.4,0.0522119
-0.887753,5.8,0.0225939
-0.887753,6.2,-0.0379143
-0.887753,6.6,-0.110727
-0.887753,7,-0.181078
-0.887753,7.4,-0.240495
-0.887753,7.8,-0.285625
-0.887753,8.2,-0.316285
-0.887753,8.6,-0.333926
-0.887753,9,-0.340666
-0.887753,9.4,-0.338756
-0.887753,9.8,-0.330326
-0.86951,2.2,-0.036354
-0.86951,2.6,-0.0500462
-0.86951,3,-0.0352806
-0.86951,3.4,-0.0546598
-0.86951,3.8,-0.0762202
-0.86951,4.2,-0.0341968
-0.86951,4.6,0.0541525
-0.86951,5,0.117707
-0.86951,5.4,0.112024
-0.86951,5.8,0.0405469
-0.86951,6.2,-0.0678822
-0.86951,6.6,-0.183503
-0.86951,7,-0.286452
-0.86951,7.4,-0.367204
-0.86951,7.8,-0.423363
-0.86951,8.2,-0.456496
-0.86951,8.6,-0.469995
-0.86951,9,-0.467838
-0.86951,9.4,-0.453911
-0.86951,9.8,-0.431689
-0.851267,2.2,-0.0370241
-0.851267,2.6,-0.0430875
-0.851267,3,-0.0264079
-0.851267,3.4,-0.0552816
-0.851267,3.8,-0.0771674
-0.851267,4.2,-0.0083653
-0.851267,4.6,0.117502
-0.851267,5,0.198504
-0.851267,5.4,0.179722
-0.851267,5.8,0.0743989
-0.851267,6.2,-0.0752239
-0.851267,6.6,-0.230565
-0.851267,7,-0.367437
-0.851267,7.4,-0.474578
-0.851267,7.8,-0.549165
-0.851267,8.2,-0.59306
-0.851267,8.6,-0.610407
-0.851267,9,-0.606226
-0.851267,9.4,-0.585593
-0.851267,9.8,-0.553195
-0.833025,2.2,-0.0368133
-0.833025,2.6,-0.0361124
-0.833025,3,-0.0194075
-0.833025,3.4,-0.0576419
-0.833025,3.8,-0.0807514
-0.833025,4.2,0.0102317
-0.833025,4.6,0.169033
-0.833025,5,0.267004
-0.833025,5.4,0.240872
-0.833025,5.8,0.112864
-0.833025,6.2,-0.0647452
-0.833025,6.6,-0.248037
-0.833025,7,-0.4106
-0.833025,7.4,-0.54009
-0.833025,7.8,-0.632947
-0.833025,8.2,-0.690522
-0.833025,8.6,-0.716738
-0.833025,9,-0.716713
-0.833025,9.4,-0.695925
-0.833025,9.8,-0.659689
-0.814782,2.2,-0.0358063
-0.814782,2.6,-0.0296067
-0.814782,3,-0.014304
-0.814782,3.4,-0.0602907
-0.814782,3.8,-0.0848288
-0.814782,4.2,0.0212793
-0.814782,4.6,0.203642
-0.814782,5,0.314435
-0.814782,5.4,0.285477
-0.814782,5.8,0.14641
-0.814782,6.2,-0.0442693
-0.814782,6.6,-0.240608
-0.814782,7,-0.416007
-0.814782,7.4,-0.558065
-0.814782,7.8,-0.662855
-0.814782,8.2,-0.731157
-0.814782,8.6,-0.766307
-0.814782,9,-0.772979
-0.814782,9.4,-0.756423
-0.814782,9.8,-0.721965
-0.796539,2.2,-0.0341106
-0.796539,2.6,-0.0238404
-0.796539,3,-0.0108046
-0.796539,3.4,-0.0619414
-0.796539,3.8,-0.0874566
-0.796539,4.2,0.0257868
-0.796539,4.6,0.219782
-0.796539,5,0.337199
-0.796539,5.4,0.308827
-0.796539,5.8,0.169189
-0.796539,6.2,-0.0209412
-0.796539,6.6,-0.216283
-0.796539,7,-0.391518
-0.796539,7.4,-0.534998
-0.796539,7.8,-0.642914
-0.796539,8.2,-0.715734
-0.796539,8.6,-0.756273
-0.796539,9,-0.768628
-0.796539,9.4,-0.757536
-0.796539,9.8,-0.727942
-0.778297,2.2,-0.0318561
-0.778297,2.6,-0.0189215
-0.778297,3,-0.00849345
-0.778297,3.4,-0.0617809
-0.778297,3.8,-0.0873867
-0.778297,4.2,0.0254659
-0.778297,4.6,0.218967
-0.778297,5,0.33629
-0.778297,5.4,0.310847
-0.778297,5.8,0.179028
-0.778297,6.2,0.000225423
-0.778297,6.6,-0.182991
-0.778297,7,-0.347498
-0.778297,7.4,-0.482875
-0.778297,7.8,-0.585767
-0.778297,8.2,-0.6566
-0.778297,8.6,-0.697845
-0.778297,9,-0.713092
-0.778297,9.4,-0.706514
-0.778297,9.8,-0.682504
-0.760054,2.2,-0.0291882
-0.760054,2.6,-0.0148473
-0.760054,3,-0.00696619
-0.760054,3.4,-0.0595401
-0.760054,3.8,-0.0842021
-0.760054,4.2,0.0221728
-0.760054,4.6,0.204787
-0.760054,5,0.315989
-0.760054,5.4,0.294782
-0.760054,5.8,0.176593
-0.760054,6.2,0.0164894
-0.760054,6.6,-0.147077
-0.760054,7,-0.293685
-0.760054,7.4,-0.414356
-0.760054,7.8,-0.506348
-0.760054,8.2,-0.570201
-0.760054,8.6,-0.608179
-0.760054,9,-0.623458
-0.760054,9.4,-0.619679
-0.760054,9.8,-0.600647
-0.741812,2.2,-0.026258
-0.741812,2.6,-0.0115487
-0.741812,3,-0.00590019
-0.741812,3.4,-0.0554013
-0.741812,3.8,-0.078186
-0.741812,4.2,0.017517
-0.741812,4.6,0.181743
-0.741812,5,0.28226
-0.741812,5.4,0.265681
-0.741812,5.8,0.164332
-0.741812,6.2,0.0269612
-0.741812,6.6,-0.112924
-0.741812,7,-0.237823
-0.741812,7.4,-0.340247
-0.741812,7.8,-0.418105
-0.741812,8.2,-0.472092
-0.741812,8.6,-0.504322
-0.741812,9,-0.517615
-0.741812,9.4,-0.515114
-0.741812,9.8,-0.50005
-0.723569,2.2,-0.0232104
-0.723569,2.6,-0.00892439
-0.723569,3,-0.00507537
-0.723569,3.4,-0.0498315
-0.723569,3.8,-0.0700619
-0.723569,4.2,0.0126717
-0.723569,4.6,0.154228
-0.723569,5,0.241278
-0.723569,5.4,0.229036
-0.723569,5.8,0.145475
-0.723569,6.2,0.0320186
-0.723569,6.6,-0.0830958
-0.723569,7,-0.1853
-0.723569,7.4,-0.268542
-0.723569,7.8,-0.331333
-0.723569,8.2,-0.374501
-0.723569,8.6,-0.400009
-0.723569,9,-0.410335
-0.723569,9.4,-0.408149
-0.723569,9.8,-0.396136
-0.705326,2.2,-0.0201746
-0.705326,2.6,-0.00686352
-0.705326,3,-0.0043641
-0.705326,3.4,-0.0434135
-0.705326,3.8,-0.0607244
-0.705326,4.2,0.00835147
-0.705326,4.6,0.125864
-0.705326,5,0.198379
-0.705326,5.4,0.189784
-0.705326,5.8,0.12326
-0.705326,6.2,0.0327439
-0.705326,6.6,-0.0587074
-0.705326,7,-0.139314
-0.705326,7.4,-0.204341
-0.705326,7.8,-0.252814
-0.705326,8.2,-0.285639
-0.705326,8.6,-0.304596
-0.705326,9,-0.311818
-0.705326,9.4,-0.309529
-0.705326,9.8,-0.299898
-0.687084,2.2,-0.0172568
-0.687084,2.6,-0.00526033
-0.687084,3,-0.00370738
-0.687084,3.4,-0.036714
-0.687084,3.8,-0.051032
-0.687084,4.2,0.00488926
-0.687084,4.6,0.0992173
-0.687084,5,0.157521
-0.687084,5.4,0.151744
-0.687084,5.8,0.100422
-0.687084,6.2,0.0304689
-0.687084,6.6,-0.0398465
-0.687084,7,-0.101275
-0.687084,7.4,-0.150236
-0.687084,7.8,-0.186167
-0.687084,8.2,-0.209986
-0.687084,8.6,-0.22326
-0.687084,9,-0.227776
-0.687084,9.4,-0.225335
-0.687084,9.8,-0.217642
-0.668841,2.2,-0.0145371
-0.668841,2.6,-0.00402128
-0.668841,3,-0.00308903
-0.668841,3.4,-0.0302027
-0.668841,3.8,-0.0416813
-0.668841,4.2,0.0023516
-0.668841,4.6,0.0758061
-0.668841,5,0.121186
-0.668841,5.4,0.117435
-0.668841,5.8,0.0789523
-0.668841,6.2,0.0264621
-0.668841,6.6,-0.0259691
-0.668841,7,-0.0712922
-0.668841,7.4,-0.106896
-0.668841,7.8,-0.132527
-0.668841,8.2,-0.149056
-0.668841,8.6,-0.157817
-0.668841,9,-0.160263
-0.668841,9.4,-0.157807
-0.668841,9.8,-0.151748
-0.650598,2.2,-0.0120691
-0.650598,2.6,-0.00306773
-0.650598,3,-0.00251446
-0.650598,3.4,-0.024216
-0.650598,3.8,-0.0331574
-0.650598,4.2,0.000648244
-0.650598,4.6,0.0562887
-0.650598,5,0.0905664
-0.650598,5.4,0.088188
-0.650598,5.8,0.06007
-0.650598,6.2,0.0217543
-0.650598,6.6,-0.0162237
-0.650598,7,-0.0486504
-0.650598,7.4,-0.0736965
-0.650598,7.8,-0.091318
-0.650598,8.2,-0.1023
-0.650598,8.6,-0.107738
-0.650598,9,-0.108774
-0.650598,9.4,-0.106483
-0.650598,9.8,-0.101822
-0.632356,2.2,-0.00988216
-0.632356,2.6,-0.00233583
-0.632356,3,-0.00199586
-0.632356,3.4,-0.0189558
-0.632356,3.8,-0.025738
-0.632356,4.2,-0.000382641
-0.632356,4.6,0.0407058
-0.632356,5,0.0658848
-0.632356,5.4,0.0643899
-0.632356,5.8,0.0443288
-0.632356,6.2,0.0170765
-0.632356,6.6,-0.00968331
-0.632356,7,-0.0322094
-0.632356,7.4,-0.0492751
-0.632356,7.8,-0.0609661
-0.632356,8.2,-0.0679553
-0.632356,8.6,-0.0711104
-0.632356,9,-0.0713008
-0.632356,9.4,-0.069316
-0.632356,9.8,-0.0658362
