-0.978966,2.2,-0.0104913
-0.978966,2.6,-0.0239616
-0.978966,3,-0.0237133
-0.978966,3.4,-0.0207821
-0.978966,3.8,-0.0308629
-0.978966,4.2,-0.0487229
-0.978966,4.6,-0.0495739
-0.978966,5,-0.0268338
-0.978966,5.4,0.00158926
-0.978966,5.8,0.0221122
-0.978966,6.2,0.0308439
-0.978966,6.6,0.02856
-0.978966,7,0.0179584
-0.978966,7.4,0.00261252
-0.978966,7.8,-0.0138013
-0.978966,8.2,-0.0282821
-0.978966,8.6,-0.0390123
-0.978966,9,-0.0454059
-0.978966,9.4,-0.0478054
-0.978966,9.8,-0.0470554
-0.960723,2.2,-0.0164632
-0.960723,2.6,-0.0371316
-0.960723,3,-0.0346055
-0.960723,3.4,-0.0298708
-0.960723,3.8,-0.0468107
-0.960723,4.2,-0.0805545
-0.960723,4.6,-0.0939956
-0.960723,5,-0.0642433
-0.960723,5.4,-0.0122965
-0.960723,5.8,0.0325059
-0.960723,6.2,0.0561445
-0.960723,6.6,0.0572563
-0.960723,7,0.0404838
-0.960723,7.4,0.0124828
-0.960723,7.8,-0.0201462
-0.960723,8.2,-0.0519539
-0.960723,8.6,-0.0791283
-0.960723,9,-0.0995482
-0.960723,9.4,-0.112563
-0.960723,9.8,-0.118621
-0.942481,2.2,-0.0216576
-0.942481,2.6,-0.0463924
-0.942481,3,-0.0396324
-0.942481,3.4,-0.0331337
-0.942481,3.8,-0.053766
-0.942481,4.2,-0.095783
-0.942481,4.6,-0.12028
-0.942481,5,-0.0959222
-0.942481,5.4,-0.0363147
-0.942481,5.8,0.0234465
-0.942481,6.2,0.0598342
-0.942481,6.6,0.0671064
-0.942481,7,0.0501102
-0.942481,7.4,0.0173068
-0.942481,7.8,-0.0230107
-0.942481,8.2,-0.0642104
-0.942481,8.6,-0.101639
-0.942481,9,-0.132458
-0.942481,9.4,-0.155339
-0.942481,9.8,-0.170119
-0.924238,2.2,-0.0257542
-0.924238,2.6,-0.0511351
-0.924238,3,-0.0388968
-0.924238,3.4,-0.0317611
-0.924238,3.8,-0.0533301
-0.924238,4.2,-0.0928601
-0.924238,4.6,-0.117477
-0.924238,5,-0.101562
-0.924238,5.4,-0.0526797
-0.924238,5.8,0.000515313
-0.924238,6.2,0.0346599
-0.924238,6.6,0.0420067
-0.924238,7,0.0261599
-0.924238,7.4,-0.0049545
-0.924238,7.8,-0.0434608
-0.924238,8.2,-0.0832052
-0.924238,8.6,-0.119983
-0.924238,9,-0.151249
-0.924238,9.4,-0.175749
-0.924238,9.8,-0.193187
-0.905995,2.2,-0.0286711
-0.905995,2.6,-0.0517765
-0.905995,3,-0.0338135
-0.905995,3.4,-0.0281603
-0.905995,3.8,-0.0493314
-0.905995,4.2,-0.0766449
-0.905995,4.6,-0.0877405
-0.905995,5,-0.0741516
-0.905995,5.4,-0.0453009
-0.905995,5.8,-0.019023
-0.905995,6.2,-0.00821935
-0.905995,6.6,-0.0158915
-0.905995,7,-0.0381182
-0.905995,7.4,-0.0686942
-0.905995,7.8,-0.102
-0.905995,8.2,-0.133975
-0.905995,8.6,-0.162096
-0.905995,9,-0.185032
-0.905995,9.4,-0.202305
-0.905995,9.8,-0.214023
-0.887753,2.2,-0.0304587
-0.887753,2.6,-0.0492354
-0.887753,3,-0.0262685
-0.887753,3.4,-0.0246183
-0.887753,3.8,-0.0453842
-0.887753,4.2,-0.0538375
-0.887753,4.6,-0.0402143
-0.887753,5,-0.0199448
-0.887753,5.4,-0.0108956
-0.887753,5.8,-0.0212777
-0.887753,6.2,-0.0491797
-0.887753,6.6,-0.0875093
-0.887753,7,-0.128759
-0.887753,7.4,-0.167352
-0.887753,7.8,-0.200038
-0.887753,8.2,-0.225426
-0.887753,8.6,-0.243347
-0.887753,9,-0.254334
-0.887753,9.4,-0.259276
-0.887753,9.8,-0.259205
-0.86951,2.2,-0.0312278
-0.86951,2.6,-0.0445684
-0.86951,3,-0.0180289
-0.86951,3.4,-0.0225483
-0.86951,3.8,-0.0436514
-0.86951,4.2,-0.0303861
-0.86951,4.6,0.0142254
-0.86951,5,0.0481267
-0.86951,5.4,0.04224
-0.86951,5.8,-0.00380443
-0.86951,6.2,-0.0738582
-0.86951,6.6,-0.149965
-0.86951,7,-0.219415
-0.86951,7.4,-0.275553
-0.86951,7.8,-0.316172
-0.86951,8.2,-0.341727
-0.86951,8.6,-0.354032
-0.86951,9,-0.355451
-0.86951,9.4,-0.348421
-0.86951,9.8,-0.335204
-0.851267,2.2,-0.0311104
-0.851267,2.6,-0.0387536
-0.851267,3,-0.0104165
-0.851267,3.4,-0.022318
-0.851267,3.8,-0.0446118
-0.851267,4.2,-0.0104342
-0.851267,4.6,0.0658677
-0.851267,5,0.116348
-0.851267,5.4,0.101117
-0.851267,5.8,0.0268187
-0.851267,6.2,-0.0787069
-0.851267,6.6,-0.189035
-0.851267,7,-0.287103
-0.851267,7.4,-0.364624
-0.851267,7.8,-0.419214
-0.851267,8.2,-0.451887
-0.851267,8.6,-0.46539
-0.851267,9,-0.463196
-0.851267,9.4,-0.44889
-0.851267,9.8,-0.425829
-0.833025,2.2,-0.0302443
-0.833025,2.6,-0.0325822
-0.833025,3,-0.00420649
-0.833025,3.4,-0.0234885
-0.833025,3.8,-0.0474633
-0.833025,4.2,0.00388077
-0.833025,4.6,0.10756
-0.833025,5,0.173649
-0.833025,5.4,0.153802
-0.833025,5.8,0.0611
-0.833025,6.2,-0.0680399
-0.833025,6.6,-0.202017
-0.833025,7,-0.321389
-0.833025,7.4,-0.416806
-0.833025,7.8,-0.485369
-0.833025,8.2,-0.527873
-0.833025,8.6,-0.547098
-0.833025,9,-0.546781
-0.833025,9.4,-0.53097
-0.833025,9.8,-0.503615
-0.814782,2.2,-0.0287678
-0.814782,2.6,-0.0266233
-0.814782,3,0.00031787
-0.814782,3.4,-0.0252308
-0.814782,3.8,-0.0507957
-0.814782,4.2,0.0121684
-0.814782,4.6,0.135283
-0.814782,5,0.213135
-0.814782,5.4,0.192247
-0.814782,5.8,0.0910109
-0.814782,6.2,-0.0489004
-0.814782,6.6,-0.193726
-0.814782,7,-0.32351
-0.814782,7.4,-0.42873
-0.814782,7.8,-0.506224
-0.814782,8.2,-0.556435
-0.814782,8.6,-0.581798
-0.814782,9,-0.585807
-0.814782,9.4,-0.572419
-0.814782,9.8,-0.545652
-0.796539,2.2,-0.0268193
-0.796539,2.6,-0.0212335
-0.796539,3,0.00322902
-0.796539,3.4,-0.0267134
-0.796539,3.8,-0.0532302
-0.796539,4.2,0.0152725
-0.796539,4.6,0.148115
-0.796539,5,0.232334
-0.796539,5.4,0.212906
-0.796539,5.8,0.111699
-0.796539,6.2,-0.0276523
-0.796539,6.6,-0.171623
-0.796539,7,-0.301079
-0.796539,7.4,-0.407035
-0.796539,7.8,-0.486443
-0.796539,8.2,-0.539556
-0.796539,8.6,-0.568467
-0.796539,9,-0.576276
-0.796539,9.4,-0.566583
-0.796539,9.8,-0.543137
-0.778297,2.2,-0.024535
-0.778297,2.6,-0.0165925
-0.778297,3,0.00480125
-0.778297,3.4,-0.0273499
-0.778297,3.8,-0.0538353
-0.778297,4.2,0.0146708
-0.778297,4.6,0.147657
-0.778297,5,0.232561
-0.778297,5.4,0.216112
-0.778297,5.8,0.121491
-0.778297,6.2,-0.00865163
-0.778297,6.6,-0.142784
-0.778297,7,-0.263425
-0.778297,7.4,-0.362547
-0.778297,7.8,-0.437484
-0.778297,8.2,-0.488495
-0.778297,8.6,-0.51744
-0.778297,9,-0.527055
-0.778297,9.4,-0.52052
-0.778297,9.8,-0.501164
-0.760054,2.2,-0.0220459
-0.760054,2.6,-0.0127483
-0.760054,3,0.00538187
-0.760054,3.4,-0.0268818
-0.760054,3.8,-0.0522686
-0.760054,4.2,0.0119428
-0.760054,4.6,0.137092
-0.760054,5,0.217694
-0.760054,5.4,0.204872
-0.760054,5.8,0.121134
-0.760054,6.2,0.00583972
-0.760054,6.6,-0.112643
-0.760054,7,-0.218944
-0.760054,7.4,-0.306187
-0.760054,7.8,-0.37222
-0.760054,8.2,-0.417416
-0.760054,8.6,-0.443494
-0.760054,9,-0.452881
-0.760054,9.4,-0.448346
-0.760054,9.8,-0.432762
-0.741812,2.2,-0.0194719
-0.741812,2.6,-0.00966189
-0.741812,3,0.00530454
-0.741812,3.4,-0.0253421
-0.741812,3.8,-0.0487019
-0.741812,4.2,0.00841281
-0.741812,4.6,0.120163
-0.741812,5,0.192778
-0.741812,5.4,0.183542
-0.741812,5.8,0.112829
-0.741812,6.2,0.0152166
-0.741812,6.6,-0.0847583
-0.741812,7,-0.174029
-0.741812,7.4,-0.246917
-0.741812,7.8,-0.301806
-0.741812,8.2,-0.339212
-0.741812,8.6,-0.360744
-0.741812,9,-0.368552
-0.741812,9.4,-0.365013
-0.741812,9.8,-0.352546
-0.723569,2.2,-0.0169179
-0.723569,2.6,-0.00724589
-0.723569,3,0.00484401
-0.723569,3.4,-0.0229579
-0.723569,3.8,-0.0436364
-0.723569,4.2,0.00499207
-0.723569,4.6,0.10035
-0.723569,5,0.162809
-0.723569,5.4,0.156663
-0.723569,5.8,0.0993484
-0.723569,6.2,0.019956
-0.723569,6.6,-0.0610406
-0.723569,7,-0.132882
-0.723569,7.4,-0.191041
-0.723569,7.8,-0.234395
-0.723569,8.2,-0.263571
-0.723569,8.6,-0.28006
-0.723569,9,-0.285737
-0.723569,9.4,-0.282604
-0.723569,9.8,-0.272647
-0.705326,2.2,-0.014469
-0.705326,2.6,-0.00539265
-0.705326,3,0.00420217
-0.705326,3.4,-0.0200433
-0.705326,3.8,-0.0377029
-0.705326,4.2,0.00218009
-0.705326,4.6,0.0803792
-0.705326,5,0.131925
-0.705326,5.4,0.128167
-0.705326,5.8,0.083369
-0.705326,6.2,0.0210886
-0.705326,6.6,-0.042154
-0.705326,7,-0.0977747
-0.705326,7.4,-0.142291
-0.705326,7.8,-0.174992
-0.705326,8.2,-0.196567
-0.705326,8.6,-0.208358
-0.705326,9,-0.211961
-0.705326,9.4,-0.20902
-0.705326,9.8,-0.201115
-0.687084,2.2,-0.0121893
-0.687084,2.6,-0.00399352
-0.687084,3,0.00351297
-0.687084,3.4,-0.0169147
-0.687084,3.8,-0.0315068
-0.687084,4.2,0.000153359
-0.687084,4.6,0.0620628
-0.687084,5,0.103044
-0.687084,5.4,0.100961
-0.687084,5.8,0.0670639
-0.687084,6.2,0.0197938
-0.687084,6.6,-0.0279347
-0.687084,7,-0.0694845
-0.687084,7.4,-0.102274
-0.687084,7.8,-0.125914
-0.687084,8.2,-0.141098
-0.687084,8.6,-0.148994
-0.687084,9,-0.150917
-0.687084,9.4,-0.148177
-0.687084,9.8,-0.141991
-0.668841,2.2,-0.0101216
-0.668841,2.6,-0.00294967
-0.668841,3,0.00285597
-0.668841,3.4,-0.013837
-0.668841,3.8,-0.025535
-0.668841,4.2,-0.00111984
-0.668841,4.6,0.0463728
-0.668841,5,0.0778697
-0.668841,5.4,0.0768549
-0.668841,5.8,0.0519432
-0.668841,6.2,0.0171407
-0.668841,6.6,-0.0177557
-0.668841,7,-0.0477731
-0.668841,7.4,-0.0710711
-0.668841,7.8,-0.0874926
-0.668841,8.2,-0.0976882
-0.668841,8.6,-0.102634
-0.668841,9,-0.103381
-0.668841,9.4,-0.100936
-0.668841,9.8,-0.0962036
-0.650598,2.2,-0.00828938
-0.650598,2.6,-0.00217724
-0.650598,3,0.00227174
-0.650598,3.4,-0.0109998
-0.650598,3.8,-0.0201205
-0.650598,4.2,-0.00177747
-0.650598,4.6,0.0336316
-0.650598,5,0.0571002
-0.650598,5.4,0.0566994
-0.650598,5.8,0.0388692
-0.650598,6.2,0.01396
-0.650598,6.6,-0.010806
-0.650598,7,-0.0318177
-0.650598,7.4,-0.0478172
-0.650598,7.8,-0.0587994
-0.650598,8.2,-0.065339
-0.650598,8.6,-0.068222
-0.650598,9,-0.0682573
-0.650598,9.4,-0.066192
-0.650598,9.8,-0.0626769
-0.632356,2.2,-0.00669975
-0.632356,2.6,-0.00160838
-0.632356,3,0.00177546
-0.632356,3.4,-0.0085159
-0.632356,3.8,-0.0154471
-0.632356,4.2,-0.00199049
-0.632356,4.6,0.0237306
-0.632356,5,0.0407241
-0.632356,5.4,0.0406331
-0.632356,5.8,0.0281761
-0.632356,6.2,0.0108135
-0.632356,6.6,-0.00627478
-0.632356,7,-0.0205476
-0.632356,7.4,-0.0311838
-0.632356,7.8,-0.0382651
-0.632356,8.2,-0.0422736
-0.632356,8.6,-0.0438183
-0.632356,9,-0.0434998
-0.632356,9.4,-0.041853
-0.632356,9.8,-0.0393283
