129.618,2.2,-0.00594235
129.618,2.6,-0.00264293
129.618,3,-0.000168617
129.618,3.4,-0.0153263
129.618,3.8,-0.0224716
129.618,4.2,0.000330802
129.618,4.6,0.0384004
129.618,5,0.0616229
129.618,5.4,0.0596067
129.618,5.8,0.0401033
129.618,6.2,0.013977
129.618,6.6,-0.0114771
129.618,7,-0.0327431
129.618,7.4,-0.0486992
129.618,7.8,-0.0594657
129.618,8.2,-0.0657154
129.618,8.6,-0.0683014
129.618,9,-0.0680735
129.618,9.4,-0.0657997
129.618,9.8,-0.0621381
131.747,2.2,-0.00794194
131.747,2.6,-0.00410453
131.747,3,-0.000187991
131.747,3.4,-0.0219804
131.747,3.8,-0.0323827
131.747,4.2,0.00321365
131.747,4.6,0.0633043
131.747,5,0.0998622
131.747,5.4,0.0956126
131.747,5.8,0.062852
131.747,6.2,0.0189686
131.747,6.6,-0.0243439
131.747,7,-0.0613191
131.747,7.4,-0.0899174
131.747,7.8,-0.11006
131.747,8.2,-0.122589
131.747,8.6,-0.128708
131.747,9,-0.129694
131.747,9.4,-0.126765
131.747,9.8,-0.121018
133.877,2.2,-0.0101241
133.877,2.6,-0.00621043
133.877,3,-0.000138916
133.877,3.4,-0.0292202
133.877,3.8,-0.0431504
133.877,4.2,0.00852179
133.877,4.6,0.0960792
133.877,5,0.148767
133.877,5.4,0.140501
133.877,5.8,0.0895159
133.877,6.2,0.0215726
133.877,6.6,-0.0460515
133.877,7,-0.104712
133.877,7.4,-0.151128
133.877,7.8,-0.184857
133.877,8.2,-0.20684
133.877,8.6,-0.218628
133.877,9,-0.221975
133.877,9.4,-0.218638
133.877,9.8,-0.21028
136.007,2.2,-0.0123027
136.007,2.6,-0.00914014
136.007,3,-6.13701e-05
136.007,3.4,-0.035944
136.007,3.8,-0.0530328
136.007,4.2,0.0165115
136.007,4.6,0.133889
136.007,5,0.203201
136.007,5.4,0.188679
136.007,5.8,0.115346
136.007,6.2,0.0184162
136.007,6.6,-0.0785276
136.007,7,-0.163546
136.007,7.4,-0.231873
136.007,7.8,-0.282544
136.007,8.2,-0.316507
136.007,8.6,-0.335618
136.007,9,-0.342115
136.007,9.4,-0.338354
136.007,9.8,-0.326652
138.136,2.2,-0.0142452
138.136,2.6,-0.0130572
138.136,3,-0.000143493
138.136,3.4,-0.040871
138.136,3.8,-0.0599968
138.136,4.2,0.0264274
138.136,4.6,0.170632
138.136,5,0.253584
138.136,5.4,0.230745
138.136,5.8,0.133511
138.136,6.2,0.00615679
138.136,6.6,-0.1215
138.136,7,-0.234148
138.136,7.4,-0.325425
138.136,7.8,-0.393756
138.136,8.2,-0.440022
138.136,8.6,-0.466347
138.136,9,-0.475459
138.136,9.4,-0.470344
138.136,9.8,-0.454036
140.266,2.2,-0.0157132
140.266,2.6,-0.0180626
140.266,3,-0.000784269
140.266,3.4,-0.0430123
140.266,3.8,-0.0624968
140.266,4.2,0.0361191
140.266,4.6,0.197768
140.266,5,0.28778
140.266,5.4,0.2557
140.266,5.8,0.137136
140.266,6.2,-0.0168257
140.266,6.6,-0.171163
140.266,7,-0.307518
140.266,7.4,-0.418022
140.266,7.8,-0.50051
140.266,8.2,-0.555828
140.266,8.6,-0.586408
140.266,9,-0.595517
140.266,9.4,-0.586822
140.266,9.8,-0.564104
142.396,2.2,-0.0165105
142.396,2.6,-0.0241374
142.396,3,-0.00257768
142.396,3.4,-0.0421837
142.396,3.8,-0.0603232
142.396,4.2,0.0422159
142.396,4.6,0.20676
142.396,5,0.294996
142.396,5.4,0.25474
142.396,5.8,0.12217
142.396,6.2,-0.0486984
142.396,6.6,-0.219586
142.396,7,-0.369861
142.396,7.4,-0.490491
142.396,7.8,-0.578962
142.396,8.2,-0.636284
142.396,8.6,-0.665371
142.396,9,-0.670151
142.396,9.4,-0.655023
142.396,9.8,-0.624483
144.526,2.2,-0.0165249
144.526,2.6,-0.0310884
144.526,3,-0.00617162
144.526,3.4,-0.0392787
144.526,3.8,-0.055025
144.526,4.2,0.0410603
144.526,4.6,0.192255
144.526,5,0.27006
144.526,5.4,0.225015
144.526,5.8,0.0898218
144.526,6.2,-0.0832794
144.526,6.6,-0.255446
144.526,7,-0.405068
144.526,7.4,-0.522663
144.526,7.8,-0.605867
144.526,8.2,-0.656228
144.526,8.6,-0.677383
144.526,9,-0.674004
144.526,9.4,-0.651134
144.526,9.8,-0.613745
146.655,2.2,-0.0157494
146.655,2.6,-0.0385192
146.655,3,-0.0120159
146.655,3.4,-0.0360635
146.655,3.8,-0.0495047
146.655,4.2,0.0301141
146.655,4.6,0.154378
146.655,5,0.215844
146.655,5.4,0.171483
146.655,5.8,0.0473295
146.655,6.2,-0.110727
146.655,6.6,-0.266526
146.655,7,-0.399371
146.655,7.4,-0.500419
146.655,7.8,-0.568083
146.655,8.2,-0.604743
146.655,8.6,-0.61475
146.655,9,-0.603249
146.655,9.4,-0.575461
146.655,9.8,-0.536245
148.785,2.2,-0.0142764
148.785,2.6,-0.0458453
148.785,3,-0.0200939
148.785,3.4,-0.0344976
148.785,3.8,-0.0468538
148.785,4.2,0.00913274
148.785,4.6,0.098885
148.785,5,0.142604
148.785,5.4,0.105954
148.785,5.8,0.00645109
148.785,6.2,-0.120233
148.785,6.6,-0.244144
148.785,7,-0.347733
148.785,7.4,-0.423861
148.785,7.8,-0.471931
148.785,8.2,-0.49481
148.785,8.6,-0.496877
148.785,9,-0.482892
148.785,9.4,-0.457373
148.785,9.8,-0.424284
150.915,2.2,-0.0122718
150.915,2.6,-0.0523617
150.915,3,-0.0297737
150.915,3.4,-0.0358866
150.915,3.8,-0.0490125
150.915,4.2,-0.0195031
150.915,4.6,0.0353079
150.915,5,0.0648089
150.915,5.4,0.0436654
150.915,5.8,-0.0202655
150.915,6.2,-0.10457
150.915,6.6,-0.188545
150.915,7,-0.259397
150.915,7.4,-0.311762
150.915,7.8,-0.345144
150.915,8.2,-0.361612
150.915,8.6,-0.364272
150.915,9,-0.356406
150.915,9.4,-0.341043
150.915,9.8,-0.320774
153.045,2.2,-0.00993891
153.045,2.6,-0.0573512
153.045,3,-0.0398746
153.045,3.4,-0.0403115
153.045,3.8,-0.0559642
153.045,4.2,-0.0513897
153.045,4.6,-0.0257641
153.045,5,-0.00301354
153.045,5.4,-0.00153528
153.045,5.8,-0.0245961
153.045,6.2,-0.0648473
153.045,6.6,-0.111896
153.045,7,-0.157237
153.045,7.4,-0.195741
153.045,7.8,-0.22521
153.045,8.2,-0.245387
153.045,8.6,-0.257078
153.045,9,-0.261556
153.045,9.4,-0.260229
153.045,9.8,-0.254467
155.174,2.2,-0.00748545
155.174,2.6,-0.0602132
155.174,3,-0.0489393
155.174,3.4,-0.0466194
155.174,3.8,-0.0658169
155.174,4.2,-0.0812711
155.174,4.6,-0.0751779
155.174,5,-0.0500986
155.174,5.4,-0.0219832
155.174,5.8,-0.0069616
155.174,6.2,-0.01197
155.174,6.6,-0.0345579
155.174,7,-0.0677973
155.174,7.4,-0.104636
155.174,7.8,-0.139856
155.174,8.2,-0.170316
155.174,8.6,-0.194493
155.174,9,-0.211955
155.174,9.4,-0.222964
155.174,9.8,-0.228206
157.304,2.2,-0.0050988
157.304,2.6,-0.0605803
157.304,3,-0.0556074
157.304,3.4,-0.0529286
157.304,3.8,-0.0756121
157.304,4.2,-0.104325
157.304,4.6,-0.106994
157.304,5,-0.0720749
157.304,5.4,-0.0189693
157.304,5.8,0.0232475
157.304,6.2,0.0380044
157.304,6.6,0.0248086
157.304,7,-0.0081064
157.304,7.4,-0.0508892
157.304,7.8,-0.0955205
157.304,8.2,-0.136605
157.304,8.6,-0.171023
157.304,9,-0.197329
157.304,9.4,-0.215259
157.304,9.8,-0.225341
159.434,2.2,-0.00293132
159.434,2.6,-0.058397
159.434,3,-0.0589492
159.434,3.4,-0.0573528
159.434,3.8,-0.082414
159.434,4.2,-0.117248
159.434,4.6,-0.119433
159.434,5,-0.0716517
159.434,5.4,-0.00154698
159.434,5.8,0.0526834
159.434,6.2,0.0721118
159.434,6.6,0.0577441
159.434,7,0.0199627
159.434,7.4,-0.0295146
159.434,7.8,-0.0811576
159.434,8.2,-0.128425
159.434,8.6,-0.167436
159.434,9,-0.19637
159.434,9.4,-0.214922
159.434,9.8,-0.223845
161.564,2.2,-0.00109235
161.564,2.6,-0.0539394
161.564,3,-0.0586578
161.564,3.4,-0.0586102
161.564,3.8,-0.0842325
161.564,4.2,-0.118931
161.564,4.6,-0.114855
161.564,5,-0.0568002
161.564,5.4,0.018527
161.564,5.8,0.0711025
161.564,6.2,0.0858529
161.564,6.6,0.06677
161.564,7,0.0252245
161.564,7.4,-0.0268749
161.564,7.8,-0.0798497
161.564,8.2,-0.126964
161.564,8.6,-0.16424
161.564,9,-0.189965
161.564,9.4,-0.204154
161.564,9.8,-0.208029
163.693,2.2,0.000355731
163.693,2.6,-0.0477665
163.693,3,-0.0550623
163.693,3.4,-0.0563201
163.693,3.8,-0.0804998
163.693,4.2,-0.110565
163.693,4.6,-0.0986278
163.693,5,-0.0369773
163.693,5.4,0.0325111
163.693,5.8,0.0752538
163.693,6.2,0.0825083
163.693,6.6,0.0602479
163.693,7,0.0191702
163.693,7.4,-0.0299603
163.693,7.8,-0.0782576
163.693,8.2,-0.119467
163.693,8.6,-0.150032
163.693,9,-0.168743
163.693,9.4,-0.176192
163.693,9.8,-0.174143
165.823,2.2,0.00139802
165.823,2.6,-0.0406149
165.823,3,-0.0489878
165.823,3.4,-0.050962
165.823,3.8,-0.0720308
165.823,4.2,-0.0951173
165.823,4.6,-0.0771473
165.823,5,-0.0193955
165.823,5.4,0.0373616
165.823,5.8,0.0678964
165.823,6.2,0.068969
165.823,6.6,0.0468728
165.823,7,0.0105551
165.823,7.4,-0.031038
165.823,7.8,-0.0703477
165.823,8.2,-0.102085
165.823,8.6,-0.123527
165.823,9,-0.134236
165.823,9.4,-0.13543
165.823,9.8,-0.129236
167.953,2.2,0.00206337
167.953,2.6,-0.0332608
167.953,3,-0.0415244
167.953,3.4,-0.0435977
167.953,3.8,-0.0605759
167.953,4.2,-0.0763394
167.953,4.6,-0.0558311
167.953,5,-0.00733743
167.953,5.4,0.0346711
167.953,5.8,0.0543708
167.953,6.2,0.0519125
167.953,6.6,0.0327842
167.953,7,0.0038625
167.953,7.4,-0.0278959
167.953,7.8,-0.0565217
167.953,8.2,-0.0780038
167.953,8.6,-0.0906738
167.953,9,-0.0948708
167.953,9.4,-0.0922003
167.953,9.8,-0.0847561
170.082,2.2,0.00241555
170.082,2.6,-0.02639
170.082,3,-0.0337808
170.082,3.4,-0.0355031
170.082,3.8,-0.0481962
170.082,4.2,-0.0576981
170.082,4.6,-0.0379785
170.082,5,-0.000790538
170.082,5.4,0.0279476
170.082,5.8,0.0396279
170.082,6.2,0.0359242
170.082,6.6,0.0211204
170.082,7,0.000185645
170.082,7.4,-0.0217968
170.082,7.8,-0.0404951
170.082,8.2,-0.0532497
170.082,8.6,-0.0593729
170.082,9,-0.0596996
170.082,9.4,-0.0558174
170.082,9.8,-0.0494044
