-0.978966,2.2,-0.0111576
-0.978966,2.6,-0.0261126
-0.978966,3,-0.0271423
-0.978966,3.4,-0.025407
-0.978966,3.8,-0.0374223
-0.978966,4.2,-0.0552232
-0.978966,4.6,-0.0512834
-0.978966,5,-0.0225248
-0.978966,5.4,0.00916499
-0.978966,5.8,0.0296666
-0.978966,6.2,0.0359961
-0.978966,6.6,0.029968
-0.978966,7,0.0152098
-0.978966,7.4,-0.00392426
-0.978966,7.8,-0.0232016
-0.978966,8.2,-0.0393562
-0.978966,8.6,-0.0505856
-0.978966,9,-0.0565139
-0.978966,9.4,-0.05778
-0.978966,9.8,-0.0555219
-0.960723,2.2,-0.0172733
-0.960723,2.6,-0.0396806
-0.960723,3,-0.0388719
-0.960723,3.4,-0.0358171
-0.960723,3.8,-0.0551587
-0.960723,4.2,-0.0886919
-0.960723,4.6,-0.0959263
-0.960723,5,-0.0577285
-0.960723,5.4,-0.000774284
-0.960723,5.8,0.0440209
-0.960723,6.2,0.0638726
-0.960723,6.6,0.0592221
-0.960723,7,0.0362381
-0.960723,7.4,0.00265978
-0.960723,7.8,-0.0342596
-0.960723,8.2,-0.06879
-0.960723,8.6,-0.0971258
-0.960723,9,-0.117344
-0.960723,9.4,-0.129101
-0.960723,9.8,-0.133184
-0.942481,2.2,-0.0225604
-0.942481,2.6,-0.0489156
-0.942481,3,-0.0440393
-0.942481,3.4,-0.0394708
-0.942481,3.8,-0.0623734
-0.942481,4.2,-0.103656
-0.942481,4.6,-0.121614
-0.942481,5,-0.0884743
-0.942481,5.4,-0.0235073
-0.942481,5.8,0.0361059
-0.942481,6.2,0.0680916
-0.942481,6.6,0.0689216
-0.942481,7,0.045272
-0.942481,7.4,0.00674104
-0.942481,7.8,-0.0378309
-0.942481,8.2,-0.0816679
-0.942481,8.6,-0.120216
-0.942481,9,-0.150866
-0.942481,9.4,-0.172577
-0.942481,9.8,-0.185488
-0.924238,2.2,-0.0267365
-0.924238,2.6,-0.0533768
-0.924238,3,-0.0430206
-0.924238,3.4,-0.0379873
-0.924238,3.8,-0.0613975
-0.924238,4.2,-0.0993772
-0.924238,4.6,-0.117462
-0.924238,5,-0.093612
-0.924238,5.4,-0.0402246
-0.924238,5.8,0.0122666
-0.924238,6.2,0.0417702
-0.924238,6.6,0.0427934
-0.924238,7,0.0207498
-0.924238,7.4,-0.0154234
-0.924238,7.8,-0.0574733
-0.924238,8.2,-0.09925
-0.924238,8.6,-0.136739
-0.924238,9,-0.167657
-0.924238,9.4,-0.191027
-0.924238,9.8,-0.206807
-0.905995,2.2,-0.0297406
-0.905995,2.6,-0.0536269
-0.905995,3,-0.0374776
-0.905995,3.4,-0.0341452
-0.905995,3.8,-0.0566681
-0.905995,4.2,-0.0814128
-0.905995,4.6,-0.0858036
-0.905995,5,-0.0653013
-0.905995,5.4,-0.0333241
-0.905995,5.8,-0.00875708
-0.905995,6.2,-0.00301368
-0.905995,6.6,-0.0169101
-0.905995,7,-0.0448846
-0.905995,7.4,-0.0799058
-0.905995,7.8,-0.116133
-0.905995,8.2,-0.149618
-0.905995,8.6,-0.178085
-0.905995,9,-0.200485
-0.905995,9.4,-0.216605
-0.905995,9.8,-0.226779
-0.887753,2.2,-0.031628
-0.887753,2.6,-0.0506846
-0.887753,3,-0.029463
-0.887753,3.4,-0.0304506
-0.887753,3.8,-0.0521465
-0.887753,4.2,-0.0568858
-0.887753,4.6,-0.036017
-0.887753,5,-0.00951608
-0.887753,5.4,0.00131143
-0.887753,5.8,-0.012031
-0.887753,6.2,-0.0457948
-0.887753,6.6,-0.0907157
-0.887753,7,-0.137789
-0.887753,7.4,-0.180747
-0.887753,7.8,-0.216214
-0.887753,8.2,-0.242964
-0.887753,8.6,-0.261106
-0.887753,9,-0.271468
-0.887753,9.4,-0.275205
-0.887753,9.8,-0.27357
-0.86951,2.2,-0.0325028
-0.86951,2.6,-0.0456624
-0.86951,3,-0.0208276
-0.86951,3.4,-0.0283838
-0.86951,3.8,-0.0501091
-0.86951,4.2,-0.03195
-0.86951,4.6,0.0207664
-0.86951,5,0.0606356
-0.86951,5.4,0.0554361
-0.86951,5.8,0.0051843
-0.86951,6.2,-0.0717615
-0.86951,6.6,-0.155234
-0.86951,7,-0.231102
-0.86951,7.4,-0.29208
-0.86951,7.8,-0.335857
-0.86951,8.2,-0.363053
-0.86951,8.6,-0.375759
-0.86951,9,-0.376635
-0.86951,9.4,-0.368393
-0.86951,9.8,-0.35353
-0.851267,2.2,-0.0324851
-0.851267,2.6,-0.0395612
-0.851267,3,-0.0129145
-0.851267,3.4,-0.0282725
-0.851267,3.8,-0.0509949
-0.851267,4.2,-0.0108273
-0.851267,4.6,0.0745795
-0.851267,5,0.131053
-0.851267,5.4,0.115696
-0.851267,5.8,0.0361209
-0.851267,6.2,-0.0772867
-0.851267,6.6,-0.195851
-0.851267,7,-0.301138
-0.851267,7.4,-0.38425
-0.851267,7.8,-0.442678
-0.851267,8.2,-0.477565
-0.851267,8.6,-0.491902
-0.851267,9,-0.48944
-0.851267,9.4,-0.474042
-0.851267,9.8,-0.449311
-0.833025,2.2,-0.031699
-0.833025,2.6,-0.0331738
-0.833025,3,-0.00648269
-0.833025,3.4,-0.0295872
-0.833025,3.8,-0.0538889
-0.833025,4.2,0.00433344
-0.833025,4.6,0.118038
-0.833025,5,0.190257
-0.833025,5.4,0.169712
-0.833025,5.8,0.0709475
-0.833025,6.2,-0.0668055
-0.833025,6.6,-0.209691
-0.833025,7,-0.336954
-0.833025,7.4,-0.438655
-0.833025,7.8,-0.511745
-0.833025,8.2,-0.5571
-0.833025,8.6,-0.577696
-0.833025,9,-0.577517
-0.833025,9.4,-0.56087
-0.833025,9.8,-0.531954
-0.814782,2.2,-0.0302724
-0.814782,2.6,-0.0270602
-0.814782,3,-0.00178457
-0.814782,3.4,-0.0314045
-0.814782,3.8,-0.0572572
-0.814782,4.2,0.0131646
-0.814782,4.6,0.146946
-0.814782,5,0.231026
-0.814782,5.4,0.209074
-0.814782,5.8,0.101335
-0.814782,6.2,-0.0475408
-0.814782,6.6,-0.201581
-0.814782,7,-0.339596
-0.814782,7.4,-0.45151
-0.814782,7.8,-0.534002
-0.814782,8.2,-0.587556
-0.814782,8.6,-0.614762
-0.814782,9,-0.619323
-0.814782,9.4,-0.605426
-0.814782,9.8,-0.577323
-0.796539,2.2,-0.0283368
-0.796539,2.6,-0.0215635
-0.796539,3,0.00128221
-0.796539,3.4,-0.0328263
-0.796539,3.8,-0.0596252
-0.796539,4.2,0.0165526
-0.796539,4.6,0.160294
-0.796539,5,0.250703
-0.796539,5.4,0.230025
-0.796539,5.8,0.122233
-0.796539,6.2,-0.0260231
-0.796539,6.6,-0.179102
-0.796539,7,-0.316733
-0.796539,7.4,-0.429428
-0.796539,7.8,-0.513983
-0.796539,8.2,-0.570676
-0.796539,8.6,-0.601722
-0.796539,9,-0.610394
-0.796539,9.4,-0.600496
-0.796539,9.8,-0.575989
-0.778297,2.2,-0.0260271
-0.778297,2.6,-0.0168498
-0.778297,3,0.00301293
-0.778297,3.4,-0.0332368
-0.778297,3.8,-0.0600104
-0.778297,4.2,0.0160292
-0.778297,4.6,0.15969
-0.778297,5,0.250563
-0.778297,5.4,0.232831
-0.778297,5.8,0.131872
-0.778297,6.2,-0.00673806
-0.778297,6.6,-0.149495
-0.778297,7,-0.27789
-0.778297,7.4,-0.383448
-0.778297,7.8,-0.463365
-0.778297,8.2,-0.517918
-0.778297,8.6,-0.549072
-0.778297,9,-0.55971
-0.778297,9.4,-0.553188
-0.778297,9.8,-0.533024
-0.760054,2.2,-0.0234767
-0.760054,2.6,-0.0129559
-0.760054,3,0.00376489
-0.760054,3.4,-0.0323839
-0.760054,3.8,-0.0580624
-0.760054,4.2,0.013232
-0.760054,4.6,0.14841
-0.760054,5,0.234578
-0.760054,5.4,0.220557
-0.760054,5.8,0.13099
-0.760054,6.2,0.00796624
-0.760054,6.6,-0.118361
-0.760054,7,-0.23171
-0.760054,7.4,-0.324814
-0.760054,7.8,-0.395406
-0.760054,8.2,-0.443879
-0.760054,8.6,-0.472046
-0.760054,9,-0.482465
-0.760054,9.4,-0.478057
-0.760054,9.8,-0.461861
-0.741812,2.2,-0.0208114
-0.741812,2.6,-0.0098344
-0.741812,3,0.00387237
-0.741812,3.4,-0.0303326
-0.741812,3.8,-0.0539779
-0.741812,4.2,0.00954065
-0.741812,4.6,0.130347
-0.741812,5,0.207977
-0.741812,5.4,0.197696
-0.741812,5.8,0.121844
-0.741812,6.2,0.0174394
-0.741812,6.6,-0.0894058
-0.741812,7,-0.184831
-0.741812,7.4,-0.262829
-0.741812,7.8,-0.321689
-0.741812,8.2,-0.361953
-0.741812,8.6,-0.385319
-0.741812,9,-0.394053
-0.741812,9.4,-0.390666
-0.741812,9.8,-0.377722
-0.723569,2.2,-0.0181438
-0.723569,2.6,-0.00739212
-0.723569,3,0.00360463
-0.723569,3.4,-0.0273545
-0.723569,3.8,-0.0483015
-0.723569,4.2,0.00591409
-0.723569,4.6,0.109153
-0.723569,5,0.175977
-0.723569,5.4,0.168974
-0.723569,5.8,0.107299
-0.723569,6.2,0.0221479
-0.723569,6.6,-0.0646533
-0.723569,7,-0.141672
-0.723569,7.4,-0.204106
-0.723569,7.8,-0.250763
-0.723569,8.2,-0.282302
-0.723569,8.6,-0.300297
-0.723569,9,-0.306728
-0.723569,9.4,-0.303716
-0.723569,9.8,-0.293366
-0.705326,2.2,-0.0155672
-0.705326,2.6,-0.00551785
-0.705326,3,0.00315529
-0.705326,3.4,-0.0238108
-0.705326,3.8,-0.041713
-0.705326,4.2,0.00288833
-0.705326,4.6,0.0877139
-0.705326,5,0.142934
-0.705326,5.4,0.138506
-0.705326,5.8,0.0901363
-0.705326,6.2,0.0231375
-0.705326,6.6,-0.0448438
-0.705326,7,-0.104665
-0.705326,7.4,-0.152621
-0.705326,7.8,-0.187953
-0.705326,8.2,-0.211386
-0.705326,8.6,-0.22434
-0.705326,9,-0.228504
-0.705326,9.4,-0.225624
-0.705326,9.8,-0.217382
-0.687084,2.2,-0.0131537
-0.687084,2.6,-0.00410086
-0.687084,3,0.00264994
-0.687084,3.4,-0.0200595
-0.687084,3.8,-0.0348628
-0.687084,4.2,0.000664504
-0.687084,4.6,0.0679706
-0.687084,5,0.111948
-0.687084,5.4,0.109362
-0.687084,5.8,0.0726323
-0.687084,6.2,0.0216179
-0.687084,6.6,-0.0298537
-0.687084,7,-0.0746952
-0.687084,7.4,-0.110151
-0.687084,7.8,-0.135801
-0.687084,8.2,-0.152378
-0.687084,8.6,-0.161119
-0.687084,9,-0.163423
-0.687084,9.4,-0.160684
-0.687084,9.8,-0.154203
-0.668841,2.2,-0.0109529
-0.668841,2.6,-0.00304132
-0.668841,3,0.00216131
-0.668841,3.4,-0.0163979
-0.668841,3.8,-0.0282733
-0.668841,4.2,-0.000775307
-0.668841,4.6,0.0509843
-0.668841,5,0.08485
-0.668841,5.4,0.0834703
-0.668841,5.8,0.0563783
-0.668841,6.2,0.0186939
-0.668841,6.6,-0.0190672
-0.668841,7,-0.0515789
-0.668841,7.4,-0.0768696
-0.668841,7.8,-0.094766
-0.668841,8.2,-0.105957
-0.668841,8.6,-0.111483
-0.668841,9,-0.112462
-0.668841,9.4,-0.109972
-0.668841,9.8,-0.104984
-0.650598,2.2,-0.00899359
-0.650598,2.6,-0.00225487
-0.650598,3,0.00172548
-0.650598,3.4,-0.0130369
-0.650598,3.8,-0.0223019
-0.650598,4.2,-0.00156388
-0.650598,4.6,0.0371273
-0.650598,5,0.0624151
-0.650598,5.4,0.0617557
-0.650598,5.8,0.0422931
-0.650598,6.2,0.015229
-0.650598,6.6,-0.0116634
-0.650598,7,-0.0345047
-0.650598,7.4,-0.0519419
-0.650598,7.8,-0.0639645
-0.650598,8.2,-0.071184
-0.650598,8.6,-0.07444
-0.650598,9,-0.0745984
-0.650598,9.4,-0.0724618
-0.650598,9.8,-0.0687317
-0.632356,2.2,-0.00728661
-0.632356,2.6,-0.00167348
-0.632356,3,0.00135548
-0.632356,3.4,-0.0101008
-0.632356,3.8,-0.0171458
-0.632356,4.2,-0.00187298
-0.632356,4.6,0.0263084
-0.632356,5,0.0446607
-0.632356,5.4,0.0443896
-0.632356,5.8,0.0307415
-0.632356,6.2,0.0118114
-0.632356,6.6,-0.00680965
-0.632356,7,-0.0223829
-0.632356,7.4,-0.0340213
-0.632356,7.8,-0.0418087
-0.632356,8.2,-0.0462606
-0.632356,8.6,-0.0480299
-0.632356,9,-0.0477625
-0.632356,9.4,-0.0460358
-0.632356,9.8,-0.0433377
