-0.978966,2.2,-0.00196899
-0.978966,2.6,-0.0065908
-0.978966,3,0.0177715
-0.978966,3.4,0.0265786
-0.978966,3.8,-0.0143083
-0.978966,4.2,-0.0374854
-0.978966,4.6,-0.035241
-0.978966,5,-0.0151571
-0.978966,5.4,-0.00423193
-0.978966,5.8,-0.00421165
-0.978966,6.2,-0.00601565
-0.978966,6.6,-0.00733953
-0.978966,7,-0.00733251
-0.978966,7.4,-0.00399608
-0.978966,7.8,0.0059928
-0.978966,8.2,0.0172186
-0.978966,8.6,0.0186459
-0.978966,9,0.0151887
-0.978966,9.4,0.0117575
-0.978966,9.8,0.00919546
-0.960723,2.2,-0.00330681
-0.960723,2.6,-0.00741611
-0.960723,3,0.0348218
-0.960723,3.4,0.0363841
-0.960723,3.8,-0.0441939
-0.960723,4.2,-0.0829657
-0.960723,4.6,-0.0579487
-0.960723,5,-0.00618557
-0.960723,5.4,0.00668762
-0.960723,5.8,-0.000191578
-0.960723,6.2,-0.00834564
-0.960723,6.6,-0.0141865
-0.960723,7,-0.0153872
-0.960723,7.4,-0.00511716
-0.960723,7.8,0.0234022
-0.960723,8.2,0.0475398
-0.960723,8.6,0.0488605
-0.960723,9,0.041478
-0.960723,9.4,0.0340806
-0.960723,9.8,0.0282527
-0.942481,2.2,-0.0042956
-0.942481,2.6,-0.00543692
-0.942481,3,0.0498508
-0.942481,3.4,0.0367487
-0.942481,3.8,-0.0776896
-0.942481,4.2,-0.118371
-0.942481,4.6,-0.0567067
-0.942481,5,0.0144785
-0.942481,5.4,0.0202829
-0.942481,5.8,0.00435391
-0.942481,6.2,-0.0114743
-0.942481,6.6,-0.0231346
-0.942481,7,-0.0257701
-0.942481,7.4,-0.00566928
-0.942481,7.8,0.0418868
-0.942481,8.2,0.0739232
-0.942481,8.6,0.0753645
-0.942481,9,0.0663539
-0.942481,9.4,0.0568662
-0.942481,9.8,0.0490055
-0.924238,2.2,-0.00485016
-0.924238,2.6,-0.00154742
-0.924238,3,0.0601977
-0.924238,3.4,0.0300973
-0.924238,3.8,-0.100495
-0.924238,4.2,-0.128224
-0.924238,4.6,-0.0400216
-0.924238,5,0.0253549
-0.924238,5.4,0.0188577
-0.924238,5.8,-0.00518951
-0.924238,6.2,-0.0275944
-0.924238,6.6,-0.0441396
-0.924238,7,-0.0455913
-0.924238,7.4,-0.0105143
-0.924238,7.8,0.0540505
-0.924238,8.2,0.0899685
-0.924238,8.6,0.0923107
-0.924238,9,0.0835288
-0.924238,9.4,0.0735916
-0.924238,9.8,0.0649531
-0.905995,2.2,-0.00503862
-0.905995,2.6,0.0030758
-0.905995,3,0.0649484
-0.905995,3.4,0.020883
-0.905995,3.8,-0.105292
-0.905995,4.2,-0.11449
-0.905995,4.6,-0.0269384
-0.905995,5,0.0106401
-0.905995,5.4,-0.0108968
-0.905995,5.8,-0.0419692
-0.905995,6.2,-0.0694318
-0.905995,6.6,-0.0877481
-0.905995,7,-0.0791422
-0.905995,7.4,-0.0165797
-0.905995,7.8,0.0660403
-0.905995,8.2,0.104088
-0.905995,8.6,0.106718
-0.905995,9,0.0978606
-0.905995,9.4,0.0873629
-0.905995,9.8,0.0779196
-0.887753,2.2,-0.00499372
-0.887753,2.6,0.00740563
-0.887753,3,0.0644527
-0.887753,3.4,0.0128844
-0.887753,3.8,-0.0935478
-0.887753,4.2,-0.0886848
-0.887753,4.6,-0.0305246
-0.887753,5,-0.0341466
-0.887753,5.4,-0.0725534
-0.887753,5.8,-0.110741
-0.887753,6.2,-0.141853
-0.887753,6.6,-0.155182
-0.887753,7,-0.118865
-0.887753,7.4,-0.0131933
-0.887753,7.8,0.0868631
-0.887753,8.2,0.125319
-0.887753,8.6,0.126825
-0.887753,9,0.116634
-0.887753,9.4,0.104595
-0.887753,9.8,0.0935853
-0.86951,2.2,-0.00484517
-0.86951,2.6,0.0107554
-0.86951,3,0.0598184
-0.86951,3.4,0.00789225
-0.86951,3.8,-0.071433
-0.86951,4.2,-0.0622884
-0.86951,4.6,-0.0534118
-0.86951,5,-0.102255
-0.86951,5.4,-0.158519
-0.86951,5.8,-0.204653
-0.86951,6.2,-0.236952
-0.86951,6.6,-0.233287
-0.86951,7,-0.147837
-0.86951,7.4,0.00591069
-0.86951,7.8,0.116875
-0.86951,8.2,0.153831
-0.86951,8.6,0.153532
-0.86951,9,0.141515
-0.86951,9.4,0.127538
-0.86951,9.8,0.114613
-0.851267,2.2,-0.00468401
-0.851267,2.6,0.0128064
-0.851267,3,0.0524634
-0.851267,3.4,0.00590682
-0.851267,3.8,-0.0456592
-0.851267,4.2,-0.0425121
-0.851267,4.6,-0.089445
-0.851267,5,-0.17906
-0.851267,5.4,-0.252704
-0.851267,5.8,-0.306959
-0.851267,6.2,-0.335508
-0.851267,6.6,-0.299565
-0.851267,7,-0.15291
-0.851267,7.4,0.036536
-0.851267,7.8,0.148799
-0.851267,8.2,0.18287
-0.851267,8.6,0.181156
-0.851267,9,0.167981
-0.851267,9.4,0.152701
-0.851267,9.8,0.138387
-0.833025,2.2,-0.00455374
-0.833025,2.6,0.0135469
-0.833025,3,0.0437725
-0.833025,3.4,0.00599061
-0.833025,3.8,-0.0214278
-0.833025,4.2,-0.0317791
-0.833025,4.6,-0.127993
-0.833025,5,-0.24811
-0.833025,5.4,-0.336731
-0.833025,5.8,-0.397409
-0.833025,6.2,-0.414935
-0.833025,6.6,-0.334751
-0.833025,7,-0.13368
-0.833025,7.4,0.0690444
-0.833025,7.8,0.174174
-0.833025,8.2,0.204606
-0.833025,8.6,0.202352
-0.833025,9,0.189254
-0.833025,9.4,0.173903
-0.833025,9.8,0.159303
-0.814782,2.2,-0.00445848
-0.814782,2.6,0.0131738
-0.814782,3,0.0348826
-0.814782,3.4,0.00702705
-0.814782,3.8,-0.00193646
-0.814782,4.2,-0.028812
-0.814782,4.6,-0.159054
-0.814782,5,-0.297171
-0.814782,5.4,-0.396521
-0.814782,5.8,-0.459792
-0.814782,6.2,-0.458788
-0.814782,6.6,-0.332384
-0.814782,7,-0.0995075
-0.814782,7.4,0.0949462
-0.814782,7.8,0.187488
-0.814782,8.2,0.213938
-0.814782,8.6,0.211923
-0.814782,9,0.200048
-0.814782,9.4,0.185851
-0.814782,9.8,0.172126
-0.796539,2.2,-0.00437835
-0.796539,2.6,0.0119918
-0.796539,3,0.0265939
-0.796539,3.4,0.00813418
-0.796539,3.8,0.0114587
-0.796539,4.2,-0.0304086
-0.796539,4.6,-0.176824
-0.796539,5,-0.321209
-0.796539,5.4,-0.425773
-0.796539,5.8,-0.486397
-0.796539,6.2,-0.461816
-0.796539,6.6,-0.298793
-0.796539,7,-0.0617703
-0.796539,7.4,0.109707
-0.796539,7.8,0.187137
-0.796539,8.2,0.209522
-0.796539,8.6,0.20819
-0.796539,9,0.198268
-0.796539,9.4,0.186076
-0.796539,9.8,0.174091
-0.778297,2.2,-0.00428499
-0.778297,2.6,0.0103282
-0.778297,3,0.0193762
-0.778297,3.4,0.00879073
-0.778297,3.8,0.0188589
-0.778297,4.2,-0.0332458
-0.778297,4.6,-0.180383
-0.778297,5,-0.321666
-0.778297,5.4,-0.425499
-0.778297,5.8,-0.478011
-0.778297,6.2,-0.429018
-0.778297,6.6,-0.246822
-0.778297,7,-0.0288348
-0.778297,7.4,0.11266
-0.778297,7.8,0.174708
-0.778297,8.2,0.193156
-0.778297,8.6,0.19263
-0.778297,9,0.184925
-0.778297,9.4,0.175125
-0.778297,9.8,0.165323
-0.760054,2.2,-0.00415322
-0.760054,2.6,0.008474
-0.760054,3,0.0134302
-0.760054,3.4,0.00880334
-0.760054,3.8,0.0213406
-0.760054,4.2,-0.0350499
-0.760054,4.6,-0.172208
-0.760054,5,-0.303749
-0.760054,5.4,-0.401298
-0.760054,5.8,-0.441162
-0.760054,6.2,-0.371436
-0.760054,6.6,-0.189469
-0.760054,7,-0.00477003
-0.760054,7.4,0.105807
-0.760054,7.8,0.153695
-0.760054,8.2,0.168505
-0.760054,8.6,0.168692
-0.760054,9,0.163108
-0.760054,9.4,0.155688
-0.760054,9.8,0.148131
-0.741812,2.2,-0.00396758
-0.741812,2.6,0.00665208
-0.741812,3,0.00876553
-0.741812,3.4,0.00821188
-0.741812,3.8,0.0204315
-0.741812,4.2,-0.0348804
-0.741812,4.6,-0.156135
-0.741812,5,-0.273758
-0.741812,5.4,-0.360481
-0.741812,5.8,-0.384957
-0.741812,6.2,-0.301763
-0.741812,6.6,-0.136298
-0.741812,7,0.00988085
-0.741812,7.4,0.0924378
-0.741812,7.8,0.128192
-0.741812,8.2,0.139785
-0.741812,8.6,0.140483
-0.741812,9,0.136706
-0.741812,9.4,0.131394
-0.741812,9.8,0.125875
-0.723569,2.2,-0.00372423
-0.723569,2.6,0.00500835
-0.723569,3,0.0052733
-0.723569,3.4,0.00718575
-0.723569,3.8,0.0176439
-0.723569,4.2,-0.032796
-0.723569,4.6,-0.135884
-0.723569,5,-0.237387
-0.723569,5.4,-0.310131
-0.723569,5.8,-0.31877
-0.723569,6.2,-0.231218
-0.723569,6.6,-0.0925113
-0.723569,7,0.0166972
-0.723569,7.4,0.0759786
-0.723569,7.8,0.101898
-0.723569,8.2,0.110753
-0.723569,8.6,0.111737
-0.723569,9,0.10936
-0.723569,9.4,0.105754
-0.723569,9.8,0.101922
-0.705326,2.2,-0.00342943
-0.705326,2.6,0.00361924
-0.705326,3,0.0027835
-0.705326,3.4,0.00593599
-0.705326,3.8,0.0141719
-0.705326,4.2,-0.0293487
-0.705326,4.6,-0.114363
-0.705326,5,-0.199036
-0.705326,5.4,-0.256203
-0.705326,5.8,-0.250908
-0.705326,6.2,-0.167834
-0.705326,6.6,-0.0596052
-0.705326,7,0.0180783
-0.705326,7.4,0.0592423
-0.705326,7.8,0.0775412
-0.705326,8.2,0.0841396
-0.705326,8.6,0.0852099
-0.705326,9,0.0838319
-0.705326,9.4,0.0815078
-0.705326,9.8,0.0789706
-0.687084,2.2,-0.00309641
-0.687084,2.6,0.0025073
-0.687084,3,0.00110473
-0.687084,3.4,0.00465376
-0.687084,3.8,0.0107854
-0.687084,4.2,-0.0251923
-0.687084,4.6,-0.0935297
-0.687084,5,-0.161751
-0.687084,5.4,-0.203312
-0.687084,5.8,-0.187877
-0.687084,6.2,-0.115949
-0.687084,6.6,-0.0366658
-0.687084,7,0.0163407
-0.687084,7.4,0.044105
-0.687084,7.8,0.0567127
-0.687084,8.2,0.0615081
-0.687084,8.6,0.0625196
-0.687084,9,0.0617977
-0.687084,9.4,0.0603733
-0.687084,9.8,0.0587683
-0.668841,2.2,-0.00274176
-0.668841,2.6,0.00165887
-0.668841,3,4.99982e-05
-0.668841,3.4,0.00347741
-0.668841,3.8,0.00787601
-0.668841,4.2,-0.020876
-0.668841,4.6,-0.0745344
-0.668841,5,-0.127465
-0.668841,5.4,-0.154824
-0.668841,5.8,-0.133981
-0.668841,6.2,-0.0766436
-0.668841,6.6,-0.0216561
-0.668841,7,0.0132638
-0.668841,7.4,0.0315187
-0.668841,7.8,0.0400087
-0.668841,8.2,0.0434047
-0.668841,8.6,0.0442719
-0.668841,9,0.0439448
-0.668841,9.4,0.0431141
-0.668841,9.8,0.0421414
-0.650598,2.2,-0.00238234
-0.650598,2.6,0.00103983
-0.650598,3,-0.000548317
-0.650598,3.4,0.00248445
-0.650598,3.8,0.00556918
-0.650598,4.2,-0.0167784
-0.650598,4.6,-0.0579372
-0.650598,5,-0.0972927
-0.650598,5.4,-0.112971
-0.650598,5.8,-0.0912075
-0.650598,6.2,-0.0487575
-0.650598,6.6,-0.0123496
-0.650598,7,0.00998486
-0.650598,7.4,0.0217181
-0.650598,7.8,0.0273112
-0.650598,8.2,0.0296529
-0.650598,8.6,0.0303421
-0.650598,9,0.0302296
-0.650598,9.4,0.0297679
-0.650598,9.8,0.0292015
-0.632356,2.2,-0.00203304
-0.632356,2.6,0.00060777
-0.632356,3,-0.00083093
-0.632356,3.4,0.00170031
-0.632356,3.8,0.00383881
-0.632356,4.2,-0.0131183
-0.632356,4.6,-0.043913
-0.632356,5,-0.0717801
-0.632356,5.4,-0.0789193
-0.632356,5.8,-0.0594971
-0.632356,6.2,-0.0300313
-0.632356,6.6,-0.00683654
-0.632356,7,0.00709658
-0.632356,7.4,0.0144851
-0.632356,7.8,0.0180921
-0.632356,8.2,0.0196636
-0.632356,8.6,0.0201778
-0.632356,9,0.0201671
-0.632356,9.4,0.0199219
-0.632356,9.8,0.0196034
