-0.978966,2.2,-0.0114447
-0.978966,2.6,-0.0361273
-0.978966,3,-0.0485905
-0.978966,3.4,-0.05456
-0.978966,3.8,-0.0732793
-0.978966,4.2,-0.0843383
-0.978966,4.6,-0.0517061
-0.978966,5,0.00630273
-0.978966,5.4,0.0496829
-0.978966,5.8,0.0647107
-0.978966,6.2,0.0547854
-0.978966,6.6,0.0277488
-0.978966,7,-0.00791598
-0.978966,7.4,-0.0442134
-0.978966,7.8,-0.0747293
-0.978966,8.2,-0.0956145
-0.978966,8.6,-0.105816
-0.978966,9,-0.106473
-0.978966,9.4,-0.0999293
-0.978966,9.8,-0.0888157
-0.960723,2.2,-0.0178783
-0.960723,2.6,-0.0508849
-0.960723,3,-0.0636967
-0.960723,3.4,-0.0701725
-0.960723,3.8,-0.0970711
-0.960723,4.2,-0.122294
-0.960723,4.6,-0.0952266
-0.960723,5,-0.0189199
-0.960723,5.4,0.0550413
-0.960723,5.8,0.0926401
-0.960723,6.2,0.0897568
-0.960723,6.6,0.0563244
-0.960723,7,0.00552644
-0.960723,7.4,-0.0505674
-0.960723,7.8,-0.102626
-0.960723,8.2,-0.144562
-0.960723,8.6,-0.173373
-0.960723,9,-0.188587
-0.960723,9.4,-0.191558
-0.960723,9.8,-0.184712
-0.942481,2.2,-0.0236119
-0.942481,2.6,-0.0595167
-0.942481,3,-0.0684161
-0.942481,3.4,-0.073715
-0.942481,3.8,-0.102955
-0.942481,4.2,-0.134185
-0.942481,4.6,-0.118431
-0.942481,5,-0.0478145
-0.942481,5.4,0.0344772
-0.942481,5.8,0.0862842
-0.942481,6.2,0.0941152
-0.942481,6.6,0.0653018
-0.942481,7,0.0142006
-0.942481,7.4,-0.045587
-0.942481,7.8,-0.103893
-0.942481,8.2,-0.154218
-0.942481,8.6,-0.1931
-0.942481,9,-0.219339
-0.942481,9.4,-0.233349
-0.942481,9.8,-0.236609
-0.924238,2.2,-0.0283773
-0.924238,2.6,-0.0624945
-0.924238,3,-0.0650953
-0.924238,3.4,-0.0698511
-0.924238,3.8,-0.0976172
-0.924238,4.2,-0.123105
-0.924238,4.6,-0.109404
-0.924238,5,-0.0530267
-0.924238,5.4,0.0139587
-0.924238,5.8,0.0571718
-0.924238,6.2,0.0628976
-0.924238,6.6,0.0361897
-0.924238,7,-0.0103449
-0.924238,7.4,-0.0645096
-0.924238,7.8,-0.117455
-0.924238,8.2,-0.163801
-0.924238,8.6,-0.200821
-0.924238,9,-0.227599
-0.924238,9.4,-0.244404
-0.924238,9.8,-0.252257
-0.905995,2.2,-0.0320935
-0.905995,2.6,-0.061041
-0.905995,3,-0.0568313
-0.905995,3.4,-0.0635337
-0.905995,3.8,-0.0884737
-0.905995,4.2,-0.0973341
-0.905995,4.6,-0.0703013
-0.905995,5,-0.0219585
-0.905995,5.4,0.0183609
-0.905995,5.8,0.030342
-0.905995,6.2,0.0112612
-0.905995,6.6,-0.0297377
-0.905995,7,-0.0806497
-0.905995,7.4,-0.131855
-0.905995,7.8,-0.177403
-0.905995,8.2,-0.214386
-0.905995,8.6,-0.241912
-0.905995,9,-0.260269
-0.905995,9.4,-0.270384
-0.905995,9.8,-0.273505
-0.887753,2.2,-0.0347669
-0.887753,2.6,-0.0565544
-0.887753,3,-0.0464803
-0.887753,3.4,-0.0583763
-0.887753,3.8,-0.0809261
-0.887753,4.2,-0.0654449
-0.887753,4.6,-0.0111052
-0.887753,5,0.0406981
-0.887753,5.4,0.0549231
-0.887753,5.8,0.0242948
-0.887753,6.2,-0.0377259
-0.887753,6.6,-0.112031
-0.887753,7,-0.18356
-0.887753,7.4,-0.243753
-0.887753,7.8,-0.289285
-0.887753,8.2,-0.320052
-0.887753,8.6,-0.337585
-0.887753,9,-0.344073
-0.887753,9.4,-0.341829
-0.887753,9.8,-0.333024
-0.86951,2.2,-0.0364366
-0.86951,2.6,-0.0503066
-0.86951,3,-0.0361832
-0.86951,3.4,-0.0560911
-0.86951,3.8,-0.0775538
-0.86951,4.2,-0.0342277
-0.86951,4.6,0.0559962
-0.86951,5,0.12073
-0.86951,5.4,0.114919
-0.86951,5.8,0.0422406
-0.86951,6.2,-0.0678744
-0.86951,6.6,-0.185159
-0.86951,7,-0.289465
-0.86951,7.4,-0.371173
-0.86951,7.8,-0.427899
-0.86951,8.2,-0.461272
-0.86951,8.6,-0.474759
-0.86951,9,-0.472406
-0.86951,9.4,-0.458161
-0.86951,9.8,-0.435547
-0.851267,2.2,-0.0371541
-0.851267,2.6,-0.043318
-0.851267,3,-0.0272396
-0.851267,3.4,-0.0566821
-0.851267,3.8,-0.0784348
-0.851267,4.2,-0.00813147
-0.851267,4.6,0.1198
-0.851267,5,0.201994
-0.851267,5.4,0.182942
-0.851267,5.8,0.0762203
-0.851267,6.2,-0.0752981
-0.851267,6.6,-0.232522
-0.851267,7,-0.370981
-0.851267,7.4,-0.479306
-0.851267,7.8,-0.554669
-0.851267,8.2,-0.598977
-0.851267,8.6,-0.616438
-0.851267,9,-0.612137
-0.851267,9.4,-0.591214
-0.851267,9.8,-0.558409
-0.833025,2.2,-0.0369834
-0.833025,2.6,-0.0363272
-0.833025,3,-0.0202
-0.833025,3.4,-0.059056
-0.833025,3.8,-0.0820143
-0.833025,4.2,0.0106544
-0.833025,4.6,0.171724
-0.833025,5,0.270935
-0.833025,5.4,0.24443
-0.833025,5.8,0.114861
-0.833025,6.2,-0.0648162
-0.833025,6.6,-0.250172
-0.833025,7,-0.414515
-0.833025,7.4,-0.545389
-0.833025,7.8,-0.639215
-0.833025,8.2,-0.697375
-0.833025,8.6,-0.723843
-0.833025,9,-0.723796
-0.833025,9.4,-0.702773
-0.833025,9.8,-0.666146
-0.814782,2.2,-0.0360072
-0.814782,2.6,-0.0298134
-0.814782,3,-0.0150714
-0.814782,3.4,-0.0617274
-0.814782,3.8,-0.0861096
-0.814782,4.2,0.0218208
-0.814782,4.6,0.206615
-0.814782,5,0.318692
-0.814782,5.4,0.289293
-0.814782,5.8,0.148566
-0.814782,6.2,-0.0442766
-0.814782,6.6,-0.242776
-0.814782,7,-0.420066
-0.814782,7.4,-0.563633
-0.814782,7.8,-0.669528
-0.814782,8.2,-0.738548
-0.814782,8.6,-0.774071
-0.814782,9,-0.78082
-0.814782,9.4,-0.764104
-0.814782,9.8,-0.729302
-0.796539,2.2,-0.0343324
-0.796539,2.6,-0.0240415
-0.796539,3,-0.0115467
-0.796539,3.4,-0.0633832
-0.796539,3.8,-0.088747
-0.796539,4.2,0.026385
-0.796539,4.6,0.222894
-0.796539,5,0.34161
-0.796539,5.4,0.312764
-0.796539,5.8,0.171444
-0.796539,6.2,-0.0208516
-0.796539,6.6,-0.218354
-0.796539,7,-0.395495
-0.796539,7.4,-0.540522
-0.796539,7.8,-0.649601
-0.796539,8.2,-0.723213
-0.796539,8.6,-0.764206
-0.796539,9,-0.776721
-0.796539,9.4,-0.765544
-0.796539,9.8,-0.735669
-0.778297,2.2,-0.0320888
-0.778297,2.6,-0.0191158
-0.778297,3,-0.00920174
-0.778297,3.4,-0.0631951
-0.778297,3.8,-0.0886602
-0.778297,4.2,0.0260693
-0.778297,4.6,0.222066
-0.778297,5,0.340663
-0.778297,5.4,0.31475
-0.778297,5.8,0.181302
-0.778297,6.2,0.000420146
-0.778297,6.6,-0.184867
-0.778297,7,-0.351207
-0.778297,7.4,-0.488087
-0.778297,7.8,-0.592126
-0.778297,8.2,-0.663763
-0.778297,8.6,-0.705496
-0.778297,9,-0.720953
-0.778297,9.4,-0.714349
-0.778297,9.8,-0.690123
-0.760054,2.2,-0.0294227
-0.760054,2.6,-0.0150318
-0.760054,3,-0.0076287
-0.760054,3.4,-0.0608896
-0.760054,3.8,-0.0854251
-0.760054,4.2,0.0227419
-0.760054,4.6,0.207736
-0.760054,5,0.320146
-0.760054,5.4,0.298502
-0.760054,5.8,0.178801
-0.760054,6.2,0.0167774
-0.760054,6.6,-0.148698
-0.760054,7,-0.296997
-0.760054,7.4,-0.419059
-0.760054,7.8,-0.512123
-0.760054,8.2,-0.576738
-0.760054,8.6,-0.615194
-0.760054,9,-0.630701
-0.760054,9.4,-0.626934
-0.760054,9.8,-0.60774
-0.741812,2.2,-0.0264863
-0.741812,2.6,-0.0117202
-0.741812,3,-0.00650543
-0.741812,3.4,-0.0566524
-0.741812,3.8,-0.0793262
-0.741812,4.2,0.0180253
-0.741812,4.6,0.184434
-0.741812,5,0.286058
-0.741812,5.4,0.269095
-0.741812,5.8,0.166397
-0.741812,6.2,0.0273174
-0.741812,6.6,-0.114263
-0.741812,7,-0.240663
-0.741812,7.4,-0.344323
-0.741812,7.8,-0.423135
-0.741812,8.2,-0.477804
-0.741812,8.6,-0.510469
-0.741812,9,-0.523978
-0.741812,9.4,-0.521506
-0.741812,9.8,-0.506319
-0.723569,2.2,-0.0234263
-0.723569,2.6,-0.00907994
-0.723569,3,-0.00561481
-0.723569,3.4,-0.0509587
-0.723569,3.8,-0.0710938
-0.723569,4.2,0.0131048
-0.723569,4.6,0.156592
-0.723569,5,0.244623
-0.723569,5.4,0.232058
-0.723569,5.8,0.147338
-0.723569,6.2,0.0324121
-0.723569,6.6,-0.0841575
-0.723569,7,-0.187647
-0.723569,7.4,-0.271944
-0.723569,7.8,-0.335547
-0.723569,8.2,-0.379295
-0.723569,8.6,-0.405174
-0.723569,9,-0.415684
-0.723569,9.4,-0.413529
-0.723569,9.8,-0.40142
-0.705326,2.2,-0.0203735
-0.705326,2.6,-0.0070013
-0.705326,3,-0.0048332
-0.705326,3.4,-0.0444015
-0.705326,3.8,-0.0616321
-0.705326,4.2,0.00870493
-0.705326,4.6,0.12787
-0.705326,5,0.201225
-0.705326,5.4,0.192371
-0.705326,5.8,0.124883
-0.705326,6.2,0.0331437
-0.705326,6.6,-0.059516
-0.705326,7,-0.141185
-0.705326,7.4,-0.20708
-0.705326,7.8,-0.256216
-0.705326,8.2,-0.28951
-0.705326,8.6,-0.308764
-0.705326,9,-0.316133
-0.705326,9.4,-0.313865
-0.705326,9.8,-0.304155
-0.687084,2.2,-0.0174359
-0.687084,2.6,-0.00537958
-0.687084,3,-0.00410568
-0.687084,3.4,-0.0375578
-0.687084,3.8,-0.0518091
-0.687084,4.2,0.00516639
-0.687084,4.6,0.100863
-0.687084,5,0.159866
-0.687084,5.4,0.153887
-0.687084,5.8,0.101789
-0.687084,6.2,0.0308491
-0.687084,6.6,-0.0404382
-0.687084,7,-0.102717
-0.687084,7.4,-0.152365
-0.687084,7.8,-0.188816
-0.687084,8.2,-0.212998
-0.687084,8.6,-0.226497
-0.687084,9,-0.231119
-0.687084,9.4,-0.228687
-0.687084,9.8,-0.220926
-0.668841,2.2,-0.0146951
-0.668841,2.6,-0.00412224
-0.668841,3,-0.00341956
-0.668841,3.4,-0.0309056
-0.668841,3.8,-0.0423297
-0.668841,4.2,0.00256058
-0.668841,4.6,0.077117
-0.668841,5,0.12306
-0.668841,5.4,0.119157
-0.668841,5.8,0.080067
-0.668841,6.2,0.0268039
-0.668841,6.6,-0.0263854
-0.668841,7,-0.072366
-0.668841,7.4,-0.108496
-0.668841,7.8,-0.134519
-0.668841,8.2,-0.151316
-0.668841,8.6,-0.160238
-0.668841,9,-0.162754
-0.668841,9.4,-0.160296
-0.668841,9.8,-0.154177
-0.650598,2.2,-0.0122058
-0.650598,2.6,-0.00315146
-0.650598,3,-0.00278281
-0.650598,3.4,-0.0247881
-0.650598,3.8,-0.0336856
-0.650598,4.2,0.000799834
-0.650598,4.6,0.0573033
-0.650598,5,0.0920218
-0.650598,5.4,0.0895317
-0.650598,5.8,0.0609512
-0.650598,6.2,0.022047
-0.650598,6.6,-0.016505
-0.650598,7,-0.0494246
-0.650598,7.4,-0.0748596
-0.650598,7.8,-0.0927656
-0.650598,8.2,-0.103937
-0.650598,8.6,-0.109483
-0.650598,9,-0.110561
-0.650598,9.4,-0.10826
-0.650598,9.8,-0.103547
-0.632356,2.2,-0.00999841
-0.632356,2.6,-0.00240395
-0.632356,3,-0.00220923
-0.632356,3.4,-0.0194112
-0.632356,3.8,-0.0261584
-0.632356,4.2,-0.000276999
-0.632356,4.6,0.0414703
-0.632356,5,0.0669849
-0.632356,5.4,0.0654094
-0.632356,5.8,0.0450048
-0.632356,6.2,0.0173164
-0.632356,6.6,-0.00986558
-0.632356,7,-0.0327499
-0.632356,7.4,-0.0500935
-0.632356,7.8,-0.0619832
-0.632356,8.2,-0.0691005
-0.632356,8.6,-0.0723244
-0.632356,9,-0.0725359
-0.632356,9.4,-0.0705355
-0.632356,9.8,-0.0670134
