129.618,2.2,-0.00326592
129.618,2.6,-0.0021695
129.618,3,0.00255598
129.618,3.4,-0.00678869
129.618,3.8,-0.0137061
129.618,4.2,-0.000875636
129.618,4.6,0.0240078
129.618,5,0.0402385
129.618,5.4,0.0396285
129.618,5.8,0.0269276
129.618,6.2,0.00951627
129.618,6.6,-0.00752533
129.618,7,-0.0217234
129.618,7.4,-0.0322877
129.618,7.8,-0.0393069
129.618,8.2,-0.0432598
129.618,8.6,-0.0447495
129.618,9,-0.0443718
129.618,9.4,-0.0426593
129.618,9.8,-0.0400618
131.747,2.2,-0.00445784
131.747,2.6,-0.00348904
131.747,3,0.00379481
131.747,3.4,-0.00961336
131.747,3.8,-0.0197522
131.747,4.2,0.000757187
131.747,4.6,0.0405946
131.747,5,0.066378
131.747,5.4,0.0644913
131.747,5.8,0.0426214
131.747,6.2,0.0127691
131.747,6.6,-0.0167968
131.747,7,-0.0419574
131.747,7.4,-0.0612557
131.747,7.8,-0.0746473
131.747,8.2,-0.0827517
131.747,8.6,-0.0864449
131.747,9,-0.0866476
131.747,9.4,-0.0842278
131.747,9.8,-0.079957
133.877,2.2,-0.00581971
133.877,2.6,-0.00544732
133.877,3,0.0053175
133.877,3.4,-0.0124645
133.877,3.8,-0.026168
133.877,4.2,0.00428913
133.877,4.6,0.0630933
133.877,5,0.100515
133.877,5.4,0.0959534
133.877,5.8,0.0610593
133.877,6.2,0.013885
133.877,6.6,-0.0331753
133.877,7,-0.0738578
133.877,7.4,-0.105786
133.877,7.8,-0.12866
133.877,8.2,-0.143197
133.877,8.6,-0.150558
133.877,9,-0.152042
133.877,9.4,-0.148934
133.877,9.8,-0.142435
136.007,2.2,-0.00726414
136.007,2.6,-0.00822942
136.007,3,0.00696127
136.007,3.4,-0.0147006
136.007,3.8,-0.0317192
136.007,4.2,0.0101247
136.007,4.6,0.0898151
136.007,5,0.139223
136.007,5.4,0.130041
136.007,5.8,0.0786194
136.007,6.2,0.00998215
136.007,6.6,-0.0587371
136.007,7,-0.11878
136.007,7.4,-0.166648
136.007,7.8,-0.201668
136.007,8.2,-0.224589
136.007,8.6,-0.236837
136.007,9,-0.24011
136.007,9.4,-0.23617
136.007,9.8,-0.22673
138.136,2.2,-0.00866805
138.136,2.6,-0.0119903
138.136,3,0.00838521
138.136,3.4,-0.0156362
138.136,3.8,-0.0349954
138.136,4.2,0.0178743
138.136,4.6,0.116499
138.136,5,0.175519
138.136,5.4,0.159676
138.136,5.8,0.0899174
138.136,6.2,-0.00190975
138.136,6.6,-0.0939229
138.136,7,-0.174784
138.136,7.4,-0.239785
138.136,7.8,-0.2878
138.136,8.2,-0.319558
138.136,8.6,-0.336728
138.136,9,-0.341417
138.136,9.4,-0.335901
138.136,9.8,-0.322463
140.266,2.2,-0.00988985
140.266,2.6,-0.0167969
140.266,3,0.00906515
140.266,3.4,-0.0148436
140.266,3.8,-0.0349899
140.266,4.2,0.0259362
140.266,4.6,0.13668
140.266,5,0.200033
140.266,5.4,0.176196
140.266,5.8,0.0893671
140.266,6.2,-0.0233746
140.266,6.6,-0.136164
140.266,7,-0.23534
140.266,7.4,-0.315052
140.266,7.8,-0.373748
140.266,8.2,-0.412155
140.266,8.6,-0.432209
140.266,9,-0.436464
140.266,9.4,-0.427749
140.266,9.8,-0.408944
142.396,2.2,-0.0107943
142.396,2.6,-0.0225639
142.396,3,0.00837433
142.396,3.4,-0.0124588
142.396,3.8,-0.0317182
142.396,4.2,0.0315517
142.396,4.6,0.143423
142.396,5,0.203913
142.396,5.4,0.172304
142.396,5.8,0.0735437
142.396,6.2,-0.0529983
142.396,6.6,-0.179032
142.396,7,-0.289228
142.396,7.4,-0.376894
142.396,7.8,-0.440239
142.396,8.2,-0.480137
142.396,8.6,-0.498912
142.396,9,-0.499641
142.396,9.4,-0.485732
142.396,9.8,-0.460627
144.526,2.2,-0.0112779
144.526,2.6,-0.0290059
144.526,3,0.00576267
144.526,3.4,-0.00929997
144.526,3.8,-0.0264884
144.526,4.2,0.0315749
144.526,4.6,0.131909
144.526,5,0.182348
144.526,5.4,0.145223
144.526,5.8,0.0433197
144.526,6.2,-0.0854356
144.526,6.6,-0.212592
144.526,7,-0.322294
144.526,7.4,-0.407629
144.526,7.8,-0.466967
144.526,8.2,-0.501605
144.526,8.6,-0.514404
144.526,9,-0.50899
144.526,9.4,-0.489242
144.526,9.8,-0.458954
146.655,2.2,-0.0112873
146.655,2.6,-0.0356294
146.655,3,0.0009898
146.655,3.4,-0.00665387
146.655,3.8,-0.0215282
146.655,4.2,0.0237448
146.655,4.6,0.101582
146.655,5,0.136875
146.655,5.4,0.0984802
146.655,5.8,0.00465518
146.655,6.2,-0.111924
146.655,6.6,-0.225507
146.655,7,-0.321423
146.655,7.4,-0.393494
146.655,7.8,-0.440753
146.655,8.2,-0.465089
146.655,8.6,-0.469824
146.655,9,-0.458845
146.655,9.4,-0.436072
146.655,9.8,-0.405132
148.785,2.2,-0.010825
148.785,2.6,-0.0417827
148.785,3,-0.00568826
148.785,3.4,-0.0057652
148.785,3.8,-0.0190529
148.785,4.2,0.00780475
148.785,4.6,0.0566533
148.785,5,0.0752624
148.785,5.4,0.0413969
148.785,5.8,-0.0325976
148.785,6.2,-0.122709
148.785,6.6,-0.209132
148.785,7,-0.280465
148.785,7.4,-0.332215
148.785,7.8,-0.364207
148.785,8.2,-0.378549
148.785,8.6,-0.378354
148.785,9,-0.366983
148.785,9.4,-0.347616
148.785,9.8,-0.32304
150.915,2.2,-0.00994442
150.915,2.6,-0.0467595
150.915,3,-0.0134858
150.915,3.4,-0.00727582
150.915,3.8,-0.0202678
150.915,4.2,-0.0141518
150.915,4.6,0.00484215
150.915,5,0.00920409
150.915,5.4,-0.0135554
150.915,5.8,-0.0578654
150.915,6.2,-0.111226
150.915,6.6,-0.162724
150.915,7,-0.205816
150.915,7.4,-0.237815
150.915,7.8,-0.258536
150.915,8.2,-0.269139
150.915,8.6,-0.271366
150.915,9,-0.267081
150.915,9.4,-0.258034
150.915,9.8,-0.245751
153.045,2.2,-0.0087365
153.045,2.6,-0.0499321
153.045,3,-0.0212504
153.045,3.4,-0.0109254
153.045,3.8,-0.0248608
153.045,4.2,-0.0382503
153.045,4.6,-0.0448579
153.045,5,-0.0490307
153.045,5.4,-0.0546797
153.045,5.8,-0.0641988
153.045,6.2,-0.0784356
153.045,6.6,-0.0965702
153.045,7,-0.116675
153.045,7.4,-0.136602
153.045,7.8,-0.154623
153.045,8.2,-0.169654
153.045,8.6,-0.181193
153.045,9,-0.189157
153.045,9.4,-0.193744
153.045,9.8,-0.195324
155.174,2.2,-0.00731492
155.174,2.6,-0.0508807
155.174,3,-0.0277681
155.174,3.4,-0.0156734
155.174,3.8,-0.0312154
155.174,4.2,-0.0599824
155.174,4.6,-0.0844266
155.174,5,-0.0898523
155.174,5.4,-0.0750075
155.174,5.8,-0.0518216
155.174,6.2,-0.0340231
155.174,6.6,-0.0288785
155.174,7,-0.0367103
155.174,7.4,-0.0540897
155.174,7.8,-0.0767283
155.174,8.2,-0.100936
155.174,8.6,-0.124036
155.174,9,-0.144307
155.174,9.4,-0.160808
155.174,9.8,-0.173193
157.304,2.2,-0.00580164
157.304,2.6,-0.0494824
157.304,3,-0.0320857
157.304,3.4,-0.0201484
157.304,3.8,-0.037148
157.304,4.2,-0.0754578
157.304,4.6,-0.108559
157.304,5,-0.108743
157.304,5.4,-0.0746544
157.304,5.8,-0.0282091
157.304,6.2,0.00798039
157.304,6.6,0.0232657
157.304,7,0.0178495
157.304,7.4,-0.00281124
157.304,7.8,-0.0322384
157.304,8.2,-0.0648939
157.304,8.6,-0.0967095
157.304,9,-0.125012
157.304,9.4,-0.148281
157.304,9.8,-0.165896
159.434,2.2,-0.00431419
159.434,2.6,-0.0459378
159.434,3,-0.0337328
159.434,3.4,-0.0231703
159.434,3.8,-0.0407581
159.434,4.2,-0.0823845
159.434,4.6,-0.115677
159.434,5,-0.107124
159.434,5.4,-0.0600657
159.434,5.8,-0.00383298
159.434,6.2,0.0366336
159.434,6.6,0.0519108
159.434,7,0.0439346
159.434,7.4,0.0194398
159.434,7.8,-0.0141924
159.434,8.2,-0.0507445
159.434,8.6,-0.0856533
159.434,9,-0.115941
159.434,9.4,-0.139979
159.434,9.8,-0.157206
161.564,2.2,-0.0029541
161.564,2.6,-0.040729
161.564,3,-0.0327799
161.564,3.4,-0.0241056
161.564,3.8,-0.0410286
161.564,4.2,-0.0805395
161.564,4.6,-0.107991
161.564,5,-0.0911781
161.564,5.4,-0.0402605
161.564,5.8,0.0134589
161.564,6.2,0.048617
161.564,6.6,0.0591767
161.564,7,0.0483215
161.564,7.4,0.0227582
161.564,7.8,-0.0104691
161.564,8.2,-0.0454133
161.564,8.6,-0.0777036
161.564,9,-0.104557
161.564,9.4,-0.124593
161.564,9.8,-0.137555
163.693,2.2,-0.00179663
163.693,2.6,-0.0345176
163.693,3,-0.0297423
163.693,3.4,-0.0229559
163.693,3.8,-0.0379996
163.693,4.2,-0.0716131
163.693,4.6,-0.0904811
163.693,5,-0.0689457
163.693,5.4,-0.0225053
163.693,5.8,0.0212282
163.693,6.2,0.0472216
163.693,6.6,0.0526174
163.693,7,0.0408203
163.693,7.4,0.0175703
163.693,7.8,-0.0111523
163.693,8.2,-0.0402385
163.693,8.6,-0.0659672
163.693,9,-0.0861127
163.693,9.4,-0.0997955
163.693,9.8,-0.107181
165.823,2.2,-0.000883636
165.823,2.6,-0.0280124
165.823,3,-0.0253908
165.823,3.4,-0.0202153
165.823,3.8,-0.0325485
165.823,4.2,-0.0584871
165.823,4.6,-0.0690255
165.823,5,-0.0472001
165.823,5.4,-0.0101649
165.823,5.8,0.021371
165.823,6.2,0.0384186
165.823,6.6,0.0401421
165.823,7,0.0294646
165.823,7.4,0.0108143
165.823,7.8,-0.0111465
165.823,8.2,-0.0324127
165.823,8.6,-0.050175
165.823,9,-0.0629632
165.823,9.4,-0.0704774
165.823,9.8,-0.0732407
167.953,2.2,-0.000221647
167.953,2.6,-0.0218416
167.953,3,-0.0205403
167.953,3.4,-0.0166154
167.953,3.8,-0.025947
167.953,4.2,-0.0442392
167.953,4.6,-0.0485235
167.953,5,-0.0297438
167.953,5.4,-0.00325035
167.953,5.8,0.017393
167.953,6.2,0.0275371
167.953,6.6,0.0273193
167.953,7,0.0189509
167.953,7.4,0.00560265
167.953,7.8,-0.00935309
167.953,8.2,-0.0230654
167.953,8.6,-0.0336947
167.953,9,-0.040507
167.953,9.4,-0.0436462
167.953,9.8,-0.0437729
170.082,2.2,0.000213669
170.082,2.6,-0.0164633
170.082,3,-0.015882
170.082,3.4,-0.0128755
170.082,3.8,-0.01941
170.082,4.2,-0.0312869
170.082,4.6,-0.0318401
170.082,5,-0.0175463
170.082,5.4,-0.000176968
170.082,5.8,0.0123133
170.082,6.2,0.0178606
170.082,6.6,0.0169437
170.082,7,0.0111134
170.082,7.4,0.00250552
170.082,7.8,-0.00662379
170.082,8.2,-0.0144567
170.082,8.6,-0.0199805
170.082,9,-0.0229861
170.082,9.4,-0.0238101
170.082,9.8,-0.0230268
