-0.978966,2.2,0.00331762
-0.978966,2.6,-0.0102901
-0.978966,3,0.0172839
-0.978966,3.4,0.080981
-0.978966,3.8,0.0450635
-0.978966,4.2,-0.012665
-0.978966,4.6,-0.0509955
-0.978966,5,-0.0649674
-0.978966,5.4,-0.0561259
-0.978966,5.8,-0.0494795
-0.978966,6.2,-0.0482291
-0.978966,6.6,-0.0501607
-0.978966,7,-0.0534227
-0.978966,7.4,-0.0533028
-0.978966,7.8,-0.0364937
-0.978966,8.2,-0.00106841
-0.978966,8.6,0.0195326
-0.978966,9,0.0222929
-0.978966,9.4,0.0195855
-0.978966,9.8,0.0162368
-0.960723,2.2,0.00285622
-0.960723,2.6,-0.0136003
-0.960723,3,0.0370181
-0.960723,3.4,0.111512
-0.960723,3.8,0.0402062
-0.960723,4.2,-0.049663
-0.960723,4.6,-0.0903087
-0.960723,5,-0.0818324
-0.960723,5.4,-0.0696597
-0.960723,5.8,-0.0711125
-0.960723,6.2,-0.0792639
-0.960723,6.6,-0.0904907
-0.960723,7,-0.100626
-0.960723,7.4,-0.0944891
-0.960723,7.8,-0.0426696
-0.960723,8.2,0.0279113
-0.960723,8.6,0.0569378
-0.960723,9,0.0577318
-0.960723,9.4,0.050998
-0.960723,9.8,0.0436743
-0.942481,2.2,0.00186647
-0.942481,2.6,-0.0136572
-0.942481,3,0.0539228
-0.942481,3.4,0.120381
-0.942481,3.8,0.0176448
-0.942481,4.2,-0.0833835
-0.942481,4.6,-0.101506
-0.942481,5,-0.0725553
-0.942481,5.4,-0.0669996
-0.942481,5.8,-0.079872
-0.942481,6.2,-0.0987655
-0.942481,6.6,-0.119375
-0.942481,7,-0.13311
-0.942481,7.4,-0.110362
-0.942481,7.8,-0.0209389
-0.942481,8.2,0.0642032
-0.942481,8.6,0.0912447
-0.942481,9,0.0890468
-0.942481,9.4,0.0795682
-0.942481,9.8,0.0697422
-0.924238,2.2,0.000641183
-0.924238,2.6,-0.0115224
-0.924238,3,0.0653339
-0.924238,3.4,0.113182
-0.924238,3.8,-0.00524693
-0.924238,4.2,-0.0966425
-0.924238,4.6,-0.0953178
-0.924238,5,-0.0702238
-0.924238,5.4,-0.0769857
-0.924238,5.8,-0.0987783
-0.924238,6.2,-0.124723
-0.924238,6.6,-0.149558
-0.924238,7,-0.156704
-0.924238,7.4,-0.102907
-0.924238,7.8,0.0159356
-0.924238,8.2,0.0972004
-0.924238,8.6,0.116883
-0.924238,9,0.11129
-0.924238,9.4,0.0998821
-0.924238,9.8,0.0885919
-0.905995,2.2,-0.000699349
-0.905995,2.6,-0.00850779
-0.905995,3,0.0707079
-0.905995,3.4,0.0986723
-0.905995,3.8,-0.0157472
-0.905995,4.2,-0.0898614
-0.905995,4.6,-0.0958672
-0.905995,5,-0.0993037
-0.905995,5.4,-0.121299
-0.905995,5.8,-0.149312
-0.905995,6.2,-0.178038
-0.905995,6.6,-0.198853
-0.905995,7,-0.181246
-0.905995,7.4,-0.0772991
-0.905995,7.8,0.0631963
-0.905995,8.2,0.133042
-0.905995,8.6,0.143511
-0.905995,9,0.133309
-0.905995,9.4,0.119111
-0.905995,9.8,0.105795
-0.887753,2.2,-0.00212056
-0.887753,2.6,-0.00567147
-0.887753,3,0.0707251
-0.887753,3.4,0.0840874
-0.887753,3.8,-0.0112935
-0.887753,4.2,-0.0741395
-0.887753,4.6,-0.118871
-0.887753,5,-0.166826
-0.887753,5.4,-0.206469
-0.887753,5.8,-0.240177
-0.887753,6.2,-0.268144
-0.887753,6.6,-0.272719
-0.887753,7,-0.203743
-0.887753,7.4,-0.0335199
-0.887753,7.8,0.121175
-0.887753,8.2,0.17887
-0.887753,8.6,0.180336
-0.887753,9,0.164547
-0.887753,9.4,0.146309
-0.887753,9.8,0.12981
-0.86951,2.2,-0.00360043
-0.86951,2.6,-0.00364237
-0.86951,3,0.0666413
-0.86951,3.4,0.0730468
-0.86951,3.8,0.00358485
-0.86951,4.2,-0.0609497
-0.86951,4.6,-0.166034
-0.86951,5,-0.263737
-0.86951,5.4,-0.323043
-0.86951,5.8,-0.3635
-0.86951,6.2,-0.386381
-0.86951,6.6,-0.356923
-0.86951,7,-0.209369
-0.86951,7.4,0.026231
-0.86951,7.8,0.185252
-0.86951,8.2,0.232366
-0.86951,8.6,0.226651
-0.86951,9,0.205802
-0.86951,9.4,0.183436
-0.86951,9.8,0.163424
-0.851267,2.2,-0.00509162
-0.851267,2.6,-0.00263781
-0.851267,3,0.0598559
-0.851267,3.4,0.0660026
-0.851267,3.8,0.0222242
-0.851267,4.2,-0.0569468
-0.851267,4.6,-0.22752
-0.851267,5,-0.370249
-0.851267,5.4,-0.449865
-0.851267,5.8,-0.497682
-0.851267,6.2,-0.508393
-0.851267,6.6,-0.424374
-0.851267,7,-0.186546
-0.851267,7.4,0.0927839
-0.851267,7.8,0.245636
-0.851267,8.2,0.28406
-0.851267,8.6,0.273833
-0.851267,9,0.249849
-0.851267,9.4,0.224686
-0.851267,9.8,0.20208
-0.833025,2.2,-0.00651597
-0.833025,2.6,-0.0025701
-0.833025,3,0.0516474
-0.833025,3.4,0.0617316
-0.833025,3.8,0.0389216
-0.833025,4.2,-0.0630179
-0.833025,4.6,-0.287984
-0.833025,5,-0.464228
-0.833025,5.4,-0.56255
-0.833025,5.8,-0.616097
-0.833025,6.2,-0.604936
-0.833025,6.6,-0.45174
-0.833025,7,-0.137613
-0.833025,7.4,0.153985
-0.833025,7.8,0.292445
-0.833025,8.2,0.323751
-0.833025,8.6,0.311609
-0.833025,9,0.286898
-0.833025,9.4,0.260991
-0.833025,9.8,0.23748
-0.814782,2.2,-0.00777897
-0.814782,2.6,-0.00317645
-0.814782,3,0.0430381
-0.814782,3.4,0.0586311
-0.814782,3.8,0.0501092
-0.814782,4.2,-0.0756366
-0.814782,4.6,-0.333598
-0.814782,5,-0.529297
-0.814782,5.4,-0.642238
-0.814782,5.8,-0.697137
-0.814782,6.2,-0.65457
-0.814782,6.6,-0.431998
-0.814782,7,-0.0756131
-0.814782,7.4,0.200053
-0.814782,7.8,0.319286
-0.814782,8.2,0.344653
-0.814782,8.6,0.332584
-0.814782,9,0.309251
-0.814782,9.4,0.284591
-0.814782,9.8,0.261956
-0.796539,2.2,-0.00879102
-0.796539,2.6,-0.00413535
-0.796539,3,0.0347555
-0.796539,3.4,0.0554287
-0.796539,3.8,0.0544743
-0.796539,4.2,-0.0894072
-0.796539,4.6,-0.356834
-0.796539,5,-0.55877
-0.796539,5.4,-0.680237
-0.796539,5.8,-0.730187
-0.796539,6.2,-0.650463
-0.796539,6.6,-0.374478
-0.796539,7,-0.0153395
-0.796539,7.4,0.225939
-0.796539,7.8,0.324242
-0.796539,8.2,0.344605
-0.796539,8.6,0.333874
-0.796539,9,0.313361
-0.796539,9.4,0.291429
-0.796539,9.8,0.271074
-0.778297,2.2,-0.00948597
-0.778297,2.6,-0.00515161
-0.778297,3,0.0272539
-0.778297,3.4,0.0514118
-0.778297,3.8,0.0525705
-0.778297,4.2,-0.0996413
-0.778297,4.6,-0.357184
-0.778297,5,-0.554667
-0.778297,5.4,-0.677494
-0.778297,5.8,-0.715785
-0.778297,6.2,-0.599307
-0.778297,6.6,-0.296687
-0.778297,7,0.0326594
-0.778297,7.4,0.231272
-0.778297,7.8,0.309328
-0.778297,8.2,0.325513
-0.778297,8.6,0.31677
-0.778297,9,0.299819
-0.778297,9.4,0.281446
-0.778297,9.8,0.26422
-0.760054,2.2,-0.00983185
-0.760054,2.6,-0.00600498
-0.760054,3,0.0207674
-0.760054,3.4,0.0463915
-0.760054,3.8,0.0461486
-0.760054,4.2,-0.103848
-0.760054,4.6,-0.338909
-0.760054,5,-0.524097
-0.760054,5.4,-0.641108
-0.760054,5.8,-0.66215
-0.760054,6.2,-0.515856
-0.760054,6.6,-0.215929
-0.760054,7,0.063724
-0.760054,7.4,0.219213
-0.760054,7.8,0.279227
-0.760054,8.2,0.292003
-0.760054,8.6,0.285437
-0.760054,9,0.272207
-0.760054,9.4,0.257634
-0.760054,9.8,0.243842
-0.741812,2.2,-0.00983288
-0.741812,2.6,-0.00656622
-0.741812,3,0.0153698
-0.741812,3.4,0.0405571
-0.741812,3.8,0.0373821
-0.741812,4.2,-0.101809
-0.741812,4.6,-0.308089
-0.741812,5,-0.475697
-0.741812,5.4,-0.580598
-0.741812,5.8,-0.58114
-0.741812,6.2,-0.41714
-0.741812,6.6,-0.144535
-0.741812,7,0.0781586
-0.741812,7.4,0.194915
-0.741812,7.8,0.239825
-0.741812,8.2,0.24988
-0.741812,8.6,0.245362
-0.741812,9,0.235591
-0.741812,9.4,0.224614
-0.741812,9.8,0.21413
-0.723569,2.2,-0.00952429
-0.723569,2.6,-0.00678971
-0.723569,3,0.0110286
-0.723569,3.4,0.0343054
-0.723569,3.8,0.0282069
-0.723569,4.2,-0.0947734
-0.723569,4.6,-0.270531
-0.723569,5,-0.417364
-0.723569,5.4,-0.505385
-0.723569,5.8,-0.48528
-0.723569,6.2,-0.318262
-0.723569,6.6,-0.0886505
-0.723569,7,0.0793462
-0.723569,7.4,0.16402
-0.723569,7.8,0.196883
-0.723569,8.2,0.204783
-0.723569,8.6,0.201988
-0.723569,9,0.195161
-0.723569,9.4,0.187298
-0.723569,9.8,0.179716
-0.705326,2.2,-0.00896302
-0.705326,2.6,-0.00669302
-0.705326,3,0.00764731
-0.705326,3.4,0.0280878
-0.705326,3.8,0.0199471
-0.705326,4.2,-0.0845327
-0.705326,4.6,-0.230793
-0.705326,5,-0.355315
-0.705326,5.4,-0.423609
-0.705326,5.8,-0.385999
-0.705326,6.2,-0.230024
-0.705326,6.6,-0.0492446
-0.705326,7,0.0718447
-0.705326,7.4,0.131493
-0.705326,7.8,0.155095
-0.705326,8.2,0.161277
-0.705326,8.6,0.159792
-0.705326,9,0.155287
-0.705326,9.4,0.149926
-0.705326,9.8,0.144705
-0.687084,2.2,-0.0082171
-0.687084,2.6,-0.00633292
-0.687084,3,0.00509673
-0.687084,3.4,0.0222966
-0.687084,3.8,0.0132556
-0.687084,4.2,-0.0727783
-0.687084,4.6,-0.192001
-0.687084,5,-0.294002
-0.687084,5.4,-0.341852
-0.687084,5.8,-0.292598
-0.687084,6.2,-0.158189
-0.687084,6.6,-0.0240545
-0.687084,7,0.0599631
-0.687084,7.4,0.100971
-0.687084,7.8,0.117642
-0.687084,8.2,0.122434
-0.687084,8.6,0.121846
-0.687084,9,0.119048
-0.687084,9.4,0.115569
-0.687084,9.8,0.112145
-0.668841,2.2,-0.007356
-0.668841,2.6,-0.00578372
-0.668841,3,0.00323598
-0.668841,3.4,0.0172016
-0.668841,3.8,0.00826157
-0.668841,4.2,-0.0608136
-0.668841,4.6,-0.156067
-0.668841,5,-0.236411
-0.668841,5.4,-0.265233
-0.668841,5.8,-0.211565
-0.668841,6.2,-0.104055
-0.668841,6.6,-0.00949363
-0.668841,7,0.0469886
-0.668841,7.4,0.0746
-0.668841,7.8,0.0861922
-0.668841,8.2,0.0898454
-0.668841,8.6,0.0897989
-0.668841,9,0.088173
-0.668841,9.4,0.0860242
-0.668841,9.8,0.0838852
-0.650598,2.2,-0.00644329
-0.650598,2.6,-0.00512106
-0.650598,3,0.00192678
-0.650598,3.4,0.0129342
-0.650598,3.8,0.00478276
-0.650598,4.2,-0.049504
-0.650598,4.6,-0.124006
-0.650598,5,-0.184456
-0.650598,5.4,-0.1975
-0.650598,5.8,-0.146233
-0.650598,6.2,-0.0658571
-0.650598,6.6,-0.00200485
-0.650598,7,0.0349852
-0.650598,7.4,0.0532382
-0.650598,7.8,0.0611702
-0.650598,8.2,0.0638933
-0.650598,8.6,0.0641207
-0.650598,9,0.0632451
-0.650598,9.4,0.0619834
-0.650598,9.8,0.0607113
-0.632356,2.2,-0.00553204
-0.632356,2.6,-0.0044117
-0.632356,3,0.00104248
-0.632356,3.4,0.00950669
-0.632356,3.8,0.00250795
-0.632356,4.2,-0.0393436
-0.632356,4.6,-0.096238
-0.632356,5,-0.139309
-0.632356,5.4,-0.14099
-0.632356,5.8,-0.0969817
-0.632356,6.2,-0.0403547
-0.632356,6.6,0.0012573
-0.632356,7,0.0249585
-0.632356,7.4,0.0368236
-0.632356,7.8,0.0421599
-0.632356,8.2,0.0441357
-0.632356,8.6,0.0444591
-0.632356,9,0.0440302
-0.632356,9.4,0.0433262
-0.632356,9.8,0.0426062
