129.618,2.2,-0.00872676
129.618,2.6,-0.00706137
129.618,3,0.00352497
129.618,3.4,0.0146174
129.618,3.8,0.000246383
129.618,4.2,-0.0592863
129.618,4.6,-0.134392
129.618,5,-0.188962
129.618,5.4,-0.188933
129.618,5.8,-0.127794
129.618,6.2,-0.0491872
129.618,6.6,0.00825982
129.618,7,0.0403751
129.618,7.4,0.0559454
129.618,7.8,0.0625698
129.618,8.2,0.0647059
129.618,8.6,0.0647088
129.618,9,0.0637929
129.618,9.4,0.0625881
129.618,9.8,0.061429
131.747,2.2,-0.0108611
131.747,2.6,-0.00891965
131.747,3,0.00609491
131.747,3.4,0.0228568
131.747,3.8,0.00484648
131.747,4.2,-0.081863
131.747,4.6,-0.192378
131.747,5,-0.280232
131.747,5.4,-0.303874
131.747,5.8,-0.231871
131.747,6.2,-0.1043
131.747,6.6,0.0027096
131.747,7,0.0647608
131.747,7.4,0.0942551
131.747,7.8,0.106081
131.747,8.2,0.109308
131.747,8.6,0.108621
131.747,9,0.106338
131.747,9.4,0.103601
131.747,9.8,0.100979
133.877,2.2,-0.0128037
133.877,2.6,-0.010585
133.877,3,0.00987505
133.877,3.4,0.0333829
133.877,3.8,0.0136191
133.877,4.2,-0.105731
133.877,4.6,-0.258822
133.877,5,-0.383351
133.877,5.4,-0.438807
133.877,5.8,-0.373432
133.877,6.2,-0.197355
133.877,6.6,-0.0192033
133.877,7,0.091931
133.877,7.4,0.144706
133.877,7.8,0.164838
133.877,8.2,0.169436
133.877,8.6,0.167266
133.877,9,0.162501
133.877,9.4,0.157094
133.877,9.8,0.151952
136.007,2.2,-0.0142717
136.007,2.6,-0.0117721
136.007,3,0.0150693
136.007,3.4,0.0453612
136.007,3.8,0.0271265
136.007,4.2,-0.126942
136.007,4.6,-0.328423
136.007,5,-0.489254
136.007,5.4,-0.577089
136.007,5.8,-0.535349
136.007,6.2,-0.330015
136.007,6.6,-0.0693881
136.007,7,0.112749
136.007,7.4,0.201475
136.007,7.8,0.234285
136.007,8.2,0.240717
136.007,8.6,0.236105
136.007,9,0.227521
136.007,9.4,0.218106
136.007,9.8,0.209224
138.136,2.2,-0.0150129
138.136,2.6,-0.0122509
138.136,3,0.0217563
138.136,3.4,0.0573513
138.136,3.8,0.0439814
138.136,4.2,-0.140117
138.136,4.6,-0.392083
138.136,5,-0.585078
138.136,5.4,-0.698802
138.136,5.8,-0.689101
138.136,6.2,-0.486438
138.136,6.6,-0.155209
138.136,7,0.114271
138.136,7.4,0.253216
138.136,7.8,0.304229
138.136,8.2,0.313336
138.136,8.6,0.305457
138.136,9,0.291832
138.136,9.4,0.27722
138.136,9.8,0.263546
140.266,2.2,-0.0148697
140.266,2.6,-0.011945
140.266,3,0.0298256
140.266,3.4,0.0677997
140.266,3.8,0.0603289
140.266,4.2,-0.140269
140.266,4.6,-0.437131
140.266,5,-0.654178
140.266,5.4,-0.782568
140.266,5.8,-0.802941
140.266,6.2,-0.633646
140.266,6.6,-0.270425
140.266,7,0.0851079
140.266,7.4,0.285797
140.266,7.8,0.36082
140.266,8.2,0.373863
140.266,8.6,0.362365
140.266,9,0.343026
140.266,9.4,0.32261
140.266,9.8,0.303673
142.396,2.2,-0.013821
142.396,2.6,-0.0109991
142.396,3,0.0389219
142.396,3.4,0.0757037
142.396,3.8,0.0710036
142.396,4.2,-0.126026
142.396,4.6,-0.450235
142.396,5,-0.679022
142.396,5.4,-0.808984
142.396,5.8,-0.850164
142.396,6.2,-0.732303
142.396,6.6,-0.390867
142.396,7,0.0226168
142.396,7.4,0.287466
142.396,7.8,0.390917
142.396,8.2,0.409361
142.396,8.6,0.394593
142.396,9,0.369775
142.396,9.4,0.343905
142.396,9.8,0.32015
144.526,2.2,-0.0119835
144.526,2.6,-0.00976948
144.526,3,0.0484148
144.526,3.4,0.0811216
144.526,3.8,0.0720744
144.526,4.2,-0.102126
144.526,4.6,-0.42354
144.526,5,-0.647823
144.526,5.4,-0.767377
144.526,5.8,-0.817506
144.526,6.2,-0.75288
144.526,6.6,-0.480894
144.526,7,-0.0625001
144.526,7.4,0.253821
144.526,7.8,0.3868
144.526,8.2,0.412011
144.526,8.6,0.395137
144.526,9,0.366172
144.526,9.4,0.336313
144.526,9.8,0.30922
146.655,2.2,-0.00957306
146.655,2.6,-0.00872483
146.655,3,0.0574216
146.655,3.4,0.0852972
146.655,3.8,0.0630558
146.655,4.2,-0.0780492
146.655,4.6,-0.361198
146.655,5,-0.562518
146.655,5.4,-0.663282
146.655,5.8,-0.712307
146.655,6.2,-0.690088
146.655,6.6,-0.510301
146.655,7,-0.147988
146.655,7.4,0.18995
146.655,7.8,0.348893
146.655,8.2,0.382061
146.655,8.6,0.365107
146.655,9,0.334383
146.655,9.4,0.302979
146.655,9.8,0.274853
148.785,2.2,-0.00684348
148.785,2.6,-0.00828736
148.785,3,0.0649066
148.785,3.4,0.0902804
148.785,3.8,0.0474016
148.785,4.2,-0.0626835
148.785,4.6,-0.280271
148.785,5,-0.441933
148.785,5.4,-0.520247
148.785,5.8,-0.562656
148.785,6.2,-0.567254
148.785,6.6,-0.472883
148.785,7,-0.209434
148.785,7.4,0.108918
148.785,7.8,0.285388
148.785,8.2,0.327768
148.785,8.6,0.313567
148.785,9,0.284166
148.785,9.4,0.254118
148.785,9.8,0.227517
150.915,2.2,-0.00402874
150.915,2.6,-0.0086807
150.915,3,0.0698506
150.915,3.4,0.0980469
150.915,3.8,0.03129
150.915,4.2,-0.0592505
150.915,4.6,-0.203023
150.915,5,-0.315255
150.915,5.4,-0.371671
150.915,5.8,-0.406619
150.915,6.2,-0.425008
150.915,6.6,-0.391527
150.915,7,-0.234008
150.915,7.4,0.0271705
150.915,7.8,0.209217
150.915,8.2,0.262383
150.915,8.6,0.254194
150.915,9,0.229135
150.915,9.4,0.202943
150.915,9.8,0.17986
153.045,2.2,-0.0013102
153.045,2.6,-0.00984625
153.045,3,0.0714586
153.045,3.4,0.10936
153.045,3.8,0.0213859
153.045,4.2,-0.0642216
153.045,4.6,-0.146022
153.045,5,-0.209194
153.045,5.4,-0.24685
153.045,5.8,-0.276057
153.045,6.2,-0.300522
153.045,6.6,-0.302308
153.045,7,-0.228129
153.045,7.4,-0.0418352
153.045,7.8,0.133406
153.045,8.2,0.199097
153.045,8.6,0.199841
153.045,9,0.181128
153.045,9.4,0.160043
153.045,9.8,0.141228
155.174,2.2,0.00118576
155.174,2.6,-0.0114593
155.174,3,0.0693425
155.174,3.4,0.122948
155.174,3.8,0.0222262
155.174,4.2,-0.0700014
155.174,4.6,-0.11417
155.174,5,-0.138066
155.174,5.4,-0.16091
155.174,5.8,-0.186066
155.174,6.2,-0.212632
155.174,6.6,-0.231597
155.174,7,-0.209454
155.174,7.4,-0.0924375
155.174,7.8,0.0665789
155.174,8.2,0.145866
155.174,8.6,0.157319
155.174,9,0.145415
155.174,9.4,0.129202
155.174,9.8,0.11414
157.304,2.2,0.0033703
157.304,2.6,-0.0130352
157.304,3,0.0636271
157.304,3.4,0.13566
157.304,3.8,0.0340895
157.304,4.2,-0.0691547
157.304,4.6,-0.101851
157.304,5,-0.102082
157.304,5.4,-0.113717
157.304,5.8,-0.135039
157.304,6.2,-0.160936
157.304,6.6,-0.186247
157.304,7,-0.191153
157.304,7.4,-0.125625
157.304,7.8,0.0114727
157.304,8.2,0.103213
157.304,8.6,0.125639
157.304,9,0.119821
157.304,9.4,0.107412
157.304,9.8,0.0950437
159.434,2.2,0.00517302
159.434,2.6,-0.0140843
159.434,3,0.0549481
159.434,3.4,0.143709
159.434,3.8,0.0526227
159.434,4.2,-0.0581606
159.434,4.6,-0.0981182
159.434,5,-0.0916404
159.434,5.4,-0.0951134
159.434,5.8,-0.111473
159.434,6.2,-0.134005
159.434,6.6,-0.159149
159.434,7,-0.175339
159.434,7.4,-0.143457
159.434,7.8,-0.032024
159.434,8.2,0.0671576
159.434,8.6,0.0992632
159.434,9,0.0984826
159.434,9.4,0.0889475
159.434,9.8,0.0785276
161.564,2.2,0.00653557
161.564,2.6,-0.0142605
161.564,3,0.0443421
161.564,3.4,0.144313
161.564,3.8,0.0709334
161.564,4.2,-0.0389459
161.564,4.6,-0.0926081
161.564,5,-0.0932509
161.564,5.4,-0.0914801
161.564,5.8,-0.101505
161.564,6.2,-0.118382
161.564,6.6,-0.139384
161.564,7,-0.157812
161.564,7.4,-0.146213
161.564,7.8,-0.0628735
161.564,8.2,0.0348062
161.564,8.6,0.0736861
161.564,9,0.0770204
161.564,9.4,0.0700127
161.564,9.8,0.0614243
163.693,2.2,0.00742089
163.693,2.6,-0.0134528
163.693,3,0.0330527
163.693,3.4,0.136723
163.693,3.8,0.0830034
163.693,4.2,-0.0172112
163.693,4.6,-0.0800446
163.693,5,-0.0946881
163.693,5.4,-0.090775
163.693,5.8,-0.0940637
163.693,6.2,-0.104202
163.693,6.6,-0.11914
163.693,7,-0.135028
163.693,7.4,-0.134412
163.693,7.8,-0.0787492
163.693,8.2,0.00721131
163.693,8.6,0.0485204
163.693,9,0.0550003
163.693,9.4,0.050492
163.693,9.8,0.0439493
165.823,2.2,0.00782997
165.823,2.6,-0.0117944
165.823,3,0.0222947
165.823,3.4,0.122224
165.823,3.8,0.0861036
165.823,4.2,0.00121943
165.823,4.6,-0.0614331
165.823,5,-0.0887035
165.823,5.4,-0.0855035
165.823,5.8,-0.0831973
165.823,6.2,-0.0871299
165.823,6.6,-0.0959452
165.823,7,-0.107384
165.823,7.4,-0.11142
165.823,7.8,-0.0791547
165.823,8.2,-0.0123918
165.823,8.6,0.0264377
165.823,9,0.0347759
165.823,9.4,0.0325898
165.823,9.8,0.0281842
167.953,2.2,0.00781395
167.953,2.6,-0.00959486
167.953,3,0.0130309
167.953,3.4,0.103402
167.953,3.8,0.0809794
167.953,4.2,0.0132044
167.953,4.6,-0.0414477
167.953,5,-0.0744764
167.953,5.4,-0.0736358
167.953,5.8,-0.0680288
167.953,6.2,-0.0675489
167.953,6.6,-0.0715234
167.953,7,-0.0785323
167.953,7.4,-0.0833456
167.953,7.8,-0.0675597
167.953,8.2,-0.0220687
167.953,8.6,0.0102364
167.953,9,0.018914
167.953,9.4,0.0185204
167.953,9.8,0.0159991
170.082,2.2,0.00747324
170.082,2.6,-0.00723053
170.082,3,0.00581878
170.082,3.4,0.0832303
170.082,3.8,0.0704793
170.082,4.2,0.0186954
170.082,4.6,-0.02448
170.082,5,-0.0559627
170.082,5.4,-0.0574609
170.082,5.8,-0.0509614
170.082,6.2,-0.0482339
170.082,6.6,-0.0491676
170.082,7,-0.0527932
170.082,7.4,-0.0565763
170.082,7.8,-0.0502789
170.082,8.2,-0.0230157
170.082,8.6,0.000795629
170.082,9,0.00847003
170.082,9.4,0.00912132
170.082,9.8,0.00796406
