129.618,2.2,-0.000751088
129.618,2.6,0.00265059
129.618,3,0.00111813
129.618,3.4,-0.0015783
129.618,3.8,0.00164378
129.618,4.2,-0.000526299
129.618,4.6,-0.0118232
129.618,5,-0.0256873
129.618,5.4,-0.0331353
129.618,5.8,-0.0287359
129.618,6.2,-0.0175633
129.618,6.6,-0.00743464
129.618,7,-0.000845163
129.618,7.4,0.00288428
129.618,7.8,0.00484588
129.618,8.2,0.00580593
129.618,8.6,0.00621743
129.618,9,0.00633613
129.618,9.4,0.00630548
129.618,9.8,0.00620651
131.747,2.2,-0.000962469
131.747,2.6,0.00427226
131.747,3,0.00221364
131.747,3.4,-0.00274674
131.747,3.8,0.00237659
131.747,4.2,-0.000426057
131.747,4.6,-0.0184764
131.747,5,-0.0419847
131.747,5.4,-0.0585523
131.747,5.8,-0.0563165
131.747,6.2,-0.0373436
131.747,6.6,-0.0166061
131.747,7,-0.00234129
131.747,7.4,0.00572986
131.747,7.8,0.00988298
131.747,8.2,0.0118517
131.747,8.6,0.0126553
131.747,9,0.0128539
131.747,9.4,0.0127519
131.747,9.8,0.0125156
133.877,2.2,-0.00117124
133.877,2.6,0.00652045
133.877,3,0.00404268
133.877,3.4,-0.00467501
133.877,3.8,0.00280198
133.877,4.2,0.000235293
133.877,4.6,-0.026384
133.877,5,-0.0621461
133.877,5.4,-0.0914841
133.877,5.8,-0.0967026
133.877,6.2,-0.070779
133.877,6.6,-0.0338128
133.877,7,-0.00589783
133.877,7.4,0.0101223
133.877,7.8,0.0181972
133.877,8.2,0.0218801
133.877,8.6,0.0232843
133.877,9,0.0235438
133.877,9.4,0.023254
133.877,9.8,0.0227287
136.007,2.2,-0.00135819
136.007,2.6,0.00940807
136.007,3,0.00684731
136.007,3.4,-0.00770254
136.007,3.8,0.00202837
136.007,4.2,0.00193587
136.007,4.6,-0.0341554
136.007,5,-0.0838639
136.007,5.4,-0.127875
136.007,5.8,-0.14574
136.007,6.2,-0.11834
136.007,6.6,-0.0620306
136.007,7,-0.0132823
136.007,7.4,0.0157018
136.007,7.8,0.0300922
136.007,8.2,0.0363813
136.007,8.6,0.0385779
136.007,9,0.0387934
136.007,9.4,0.0380989
136.007,9.8,0.037036
138.136,2.2,-0.00151053
138.136,2.6,0.0128099
138.136,3,0.0108047
138.136,3.4,-0.0121515
138.136,3.8,-0.00139033
138.136,4.2,0.00508209
138.136,4.6,-0.0391333
138.136,5,-0.102864
138.136,5.4,-0.161061
138.136,5.8,-0.194071
138.136,6.2,-0.17373
138.136,6.6,-0.101514
138.136,7,-0.0264872
138.136,7.4,0.0210098
138.136,7.8,0.0444755
138.136,8.2,0.0542946
138.136,8.6,0.0573763
138.136,9,0.0573247
138.136,9.4,0.0559063
138.136,9.8,0.053977
140.266,2.2,-0.0016275
140.266,2.6,0.0164303
140.266,3,0.0159373
140.266,3.4,-0.0181916
140.266,3.8,-0.00913182
140.266,4.2,0.00952009
140.266,4.6,-0.0375166
140.266,5,-0.112946
140.266,5.4,-0.182462
140.266,5.8,-0.229391
140.266,6.2,-0.223711
140.266,6.6,-0.147003
140.266,7,-0.0465049
140.266,7.4,0.0235203
140.266,7.8,0.0584729
140.266,8.2,0.0725165
140.266,8.6,0.0764106
140.266,9,0.0757783
140.266,9.4,0.0732868
140.266,9.8,0.0701707
142.396,2.2,-0.00172123
142.396,2.6,0.0198213
142.396,3,0.0220225
142.396,3.4,-0.0256792
142.396,3.8,-0.0223694
142.396,4.2,0.013946
142.396,4.6,-0.0255301
142.396,5,-0.107311
142.396,5.4,-0.183465
142.396,5.8,-0.240009
142.396,6.2,-0.25218
142.396,6.6,-0.186866
142.396,7,-0.071527
142.396,7.4,0.0205659
142.396,7.8,0.0680185
142.396,8.2,0.0864621
142.396,8.6,0.090934
142.396,9,0.0894376
142.396,9.4,0.0856527
142.396,9.8,0.0812025
144.526,2.2,-0.00181099
144.526,2.6,0.0224639
144.526,3,0.0285404
144.526,3.4,-0.0340179
144.526,3.8,-0.0410007
144.526,4.2,0.0158308
144.526,4.6,-0.00179656
144.526,5,-0.0815655
144.526,5.4,-0.158889
144.526,5.8,-0.219296
144.526,6.2,-0.247014
144.526,6.6,-0.206249
144.526,7,-0.0955978
144.526,7.4,0.0110105
144.526,7.8,0.0694869
144.526,8.2,0.0917847
144.526,8.6,0.0965396
144.526,9,0.0941144
144.526,9.4,0.0891405
144.526,9.8,0.0835583
146.655,2.2,-0.00191272
146.655,2.6,0.0238949
146.655,3,0.0347089
146.655,3.4,-0.0421103
146.655,3.8,-0.0633072
146.655,4.2,0.0124209
146.655,4.6,0.0303295
146.655,5,-0.0372925
146.655,5.4,-0.110761
146.655,5.8,-0.169721
146.655,6.2,-0.2067
146.655,6.6,-0.194344
146.655,7,-0.109351
146.655,7.4,-0.00317125
146.655,7.8,0.0616457
146.655,8.2,0.0864844
146.655,8.6,0.091316
146.655,9,0.0882671
146.655,9.4,0.0826409
146.655,9.8,0.0765417
148.785,2.2,-0.00202846
148.785,2.6,0.0238341
148.785,3,0.0396304
148.785,3.4,-0.0484792
148.785,3.8,-0.0861556
148.785,4.2,0.00238143
148.785,4.6,0.0628734
148.785,5,0.0166508
148.785,5.4,-0.0493514
148.785,5.8,-0.103422
148.785,6.2,-0.14259
148.785,6.6,-0.152211
148.785,7,-0.104258
148.785,7.4,-0.0166091
148.785,7.8,0.0468183
148.785,8.2,0.0721928
148.785,8.6,0.0770348
148.785,9,0.0739952
148.785,9.4,0.0685657
148.785,9.8,0.0628147
150.915,2.2,-0.00214164
150.915,2.6,0.0222639
150.915,3,0.0425188
150.915,3.4,-0.0516219
150.915,3.8,-0.105572
150.915,4.2,-0.0131568
150.915,4.6,0.0867153
150.915,5,0.0672699
150.915,5.4,0.0105803
150.915,5.8,-0.0373663
150.915,6.2,-0.0737649
150.915,6.6,-0.0941849
150.915,7,-0.0792688
150.915,7.4,-0.0226732
150.915,7.8,0.0303679
150.915,8.2,0.0537434
150.915,8.6,0.0585028
150.915,9,0.056116
150.915,9.4,0.051674
150.915,9.8,0.0470161
153.045,2.2,-0.00222114
153.045,2.6,0.019434
153.045,3,0.0429198
153.045,3.4,-0.0505477
153.045,3.8,-0.117605
153.045,4.2,-0.0308201
153.045,4.6,0.0959605
153.045,5,0.103281
153.045,5.4,0.0562883
153.045,5.8,0.0142479
153.045,6.2,-0.0173718
153.045,6.6,-0.0394681
153.045,7,-0.0437932
153.045,7.4,-0.0179385
153.045,7.8,0.0182167
153.045,8.2,0.0369719
153.045,8.6,0.0412437
153.045,9,0.0397301
153.045,9.4,0.0365895
153.045,9.8,0.0332915
155.174,2.2,-0.00223288
155.174,2.6,0.0157929
155.174,3,0.0408284
155.174,3.4,-0.0452669
155.174,3.8,-0.119463
155.174,4.2,-0.0461699
155.174,4.6,0.0900039
155.174,5,0.119358
155.174,5.4,0.081653
155.174,5.8,0.0449586
155.174,6.2,0.01824
155.174,6.6,-0.00106101
155.174,7,-0.0116543
155.174,7.4,-0.00562976
155.174,7.8,0.0133411
155.174,8.2,0.0257413
155.174,8.6,0.0287827
155.174,9,0.027774
155.174,9.4,0.0256513
155.174,9.8,0.0234455
157.304,2.2,-0.00215345
157.304,2.6,0.0118734
157.304,3,0.0366624
157.304,3.4,-0.0369013
157.304,3.8,-0.110672
157.304,4.2,-0.0552809
157.304,4.6,0.0727369
157.304,5,0.116538
157.304,5.4,0.0875119
157.304,5.8,0.0559628
157.304,6.2,0.0337571
157.304,6.6,0.0183826
157.304,7,0.00843033
157.304,7.4,0.00666674
157.304,7.8,0.0139349
157.304,8.2,0.0201538
157.304,8.6,0.0213476
157.304,9,0.0202189
157.304,9.4,0.0185484
157.304,9.8,0.0169347
159.434,2.2,-0.0019795
159.434,2.6,0.00817019
159.434,3,0.0311211
159.434,3.4,-0.0272647
159.434,3.8,-0.0935353
159.434,4.2,-0.0562469
159.434,4.6,0.0503605
159.434,5,0.100017
159.434,5.4,0.0790698
159.434,5.8,0.0528879
159.434,6.2,0.034956
159.434,6.6,0.0232966
159.434,7,0.0159892
159.434,7.4,0.0133169
159.434,7.8,0.0154939
159.434,8.2,0.0174959
159.434,8.6,0.016894
159.434,9,0.0152965
159.434,9.4,0.0136847
159.434,9.8,0.0123038
161.564,2.2,-0.00172901
161.564,2.6,0.00504438
161.564,3,0.0249984
161.564,3.4,-0.018148
161.564,3.8,-0.0723072
161.564,4.2,-0.0499316
161.564,4.6,0.0290419
161.564,5,0.0765114
161.564,5.4,0.0628757
161.564,5.8,0.042362
161.564,6.2,0.0285909
161.564,6.6,0.0201461
161.564,7,0.0153272
161.564,7.4,0.0137633
161.564,7.8,0.0148195
161.564,8.2,0.0149781
161.564,8.6,0.0133025
161.564,9,0.0113716
161.564,9.4,0.00978033
161.564,9.8,0.00854704
163.693,2.2,-0.00143467
163.693,2.6,0.00267745
163.693,3,0.0190142
163.693,3.4,-0.0107467
163.693,3.8,-0.0514097
163.693,4.2,-0.0393412
163.693,4.6,0.0129648
163.693,5,0.0522696
163.693,5.4,0.0447221
163.693,5.8,0.0298451
163.693,6.2,0.0199915
163.693,6.6,0.014231
163.693,7,0.0112395
163.693,7.4,0.010632
163.693,7.8,0.0117233
163.693,8.2,0.0115756
163.693,8.6,0.00971035
163.693,9,0.00784249
163.693,9.4,0.00644425
163.693,9.8,0.00543232
165.823,2.2,-0.00113336
165.823,2.6,0.00107903
165.823,3,0.0137026
165.823,3.4,-0.00548989
165.823,3.8,-0.0338749
165.823,4.2,-0.0279449
165.823,4.6,0.00336682
165.823,5,0.0317902
165.823,5.4,0.0286107
165.823,5.8,0.0187812
165.823,6.2,0.0123123
165.823,6.6,0.00867066
165.823,7,0.00690796
165.823,7.4,0.00673788
165.823,7.8,0.00775493
165.823,8.2,0.00780643
165.823,8.6,0.00632977
165.823,9,0.00485443
165.823,9.4,0.00380494
165.823,9.8,0.00308257
167.953,2.2,-0.000856427
167.953,2.6,0.000134555
167.953,3,0.00936633
167.953,3.4,-0.00220918
167.953,3.8,-0.0208653
167.953,4.2,-0.0181818
167.953,4.6,-0.000945359
167.953,5,0.0171675
167.953,5.4,0.0165024
167.953,5.8,0.0106448
167.953,6.2,0.00678246
167.953,6.6,0.00467186
167.953,7,0.00369395
167.953,7.4,0.00365086
167.953,7.8,0.00436702
167.953,8.2,0.00456325
167.953,8.6,0.0036357
167.953,9,0.00266134
167.953,9.4,0.00198988
167.953,9.8,0.00154661
170.082,2.2,-0.000624106
170.082,2.6,-0.000330909
170.082,3,0.00609027
170.082,3.4,-0.000433123
170.082,3.8,-0.0121269
170.082,4.2,-0.0110149
170.082,4.6,-0.00210151
170.082,5,0.00824521
170.082,5.4,0.00862055
170.082,5.8,0.0054786
170.082,6.2,0.00338332
170.082,6.6,0.00226475
170.082,7,0.00175849
170.082,7.4,0.00173634
170.082,7.8,0.00213242
170.082,8.2,0.00232165
170.082,8.6,0.00183716
170.082,9,0.00128914
170.082,9.4,0.00092009
170.082,9.8,0.000685533
