129.618,2.2,-0.00585707
129.618,2.6,-0.00715668
129.618,3,0.00337297
129.618,3.4,0.0146178
129.618,3.8,0.00461075
129.618,4.2,-0.0499981
129.618,4.6,-0.122602
129.618,5,-0.178055
129.618,5.4,-0.182592
129.618,5.8,-0.127827
129.618,6.2,-0.0540919
129.618,6.6,0.00103055
129.618,7,0.0324954
129.618,7.4,0.0481734
129.618,7.8,0.0551704
129.618,8.2,0.0577308
129.618,8.6,0.0581276
129.618,9,0.0575486
129.618,9.4,0.0566182
129.618,9.8,0.0556727
131.747,2.2,-0.00777403
131.747,2.6,-0.00890593
131.747,3,0.00597757
131.747,3.4,0.0223658
131.747,3.8,0.00998097
131.747,4.2,-0.0698906
131.747,4.6,-0.176715
131.747,5,-0.264839
131.747,5.4,-0.293219
131.747,5.8,-0.229515
131.747,6.2,-0.10972
131.747,6.6,-0.00700914
131.747,7,0.0536615
131.747,7.4,0.0832214
131.747,7.8,0.0956389
131.747,8.2,0.0995734
131.747,8.6,0.0995555
131.747,9,0.0978537
131.747,9.4,0.0956015
131.747,9.8,0.0933735
133.877,2.2,-0.00983947
133.877,2.6,-0.0102763
133.877,3,0.00979299
133.877,3.4,0.0319144
133.877,3.8,0.0189753
133.877,4.2,-0.0907458
133.877,4.6,-0.238209
133.877,5,-0.361916
133.877,5.4,-0.421499
133.877,5.8,-0.36543
133.877,6.2,-0.200433
133.877,6.6,-0.0299851
133.877,7,0.0779223
133.877,7.4,0.130183
133.877,7.8,0.150933
133.877,8.2,0.156485
133.877,8.6,0.155283
133.877,9,0.151389
133.877,9.4,0.146726
133.877,9.8,0.142206
136.007,2.2,-0.0118675
136.007,2.6,-0.0109001
136.007,3,0.0149879
136.007,3.4,0.0423184
136.007,3.8,0.0318276
136.007,4.2,-0.108521
136.007,4.6,-0.301131
136.007,5,-0.459464
136.007,5.4,-0.550192
136.007,5.8,-0.517558
136.007,6.2,-0.326117
136.007,6.6,-0.0781381
136.007,7,0.0969225
136.007,7.4,0.18331
136.007,7.8,0.216195
136.007,8.2,0.223614
136.007,8.6,0.220213
136.007,9,0.212797
136.007,9.4,0.204418
136.007,9.8,0.196422
138.136,2.2,-0.0136322
138.136,2.6,-0.0104888
138.136,3,0.0215991
138.136,3.4,0.0521658
138.136,3.8,0.0469921
138.136,4.2,-0.117761
138.136,4.6,-0.355744
138.136,5,-0.544031
138.136,5.4,-0.659244
138.136,5.8,-0.657666
138.136,6.2,-0.47059
138.136,6.6,-0.157836
138.136,7,0.0981014
138.136,7.4,0.23083
138.136,7.8,0.280382
138.136,8.2,0.290148
138.136,8.6,0.283646
138.136,9,0.271516
138.136,9.4,0.258293
138.136,9.8,0.245834
140.266,2.2,-0.014901
140.266,2.6,-0.00896244
140.266,3,0.0294832
140.266,3.4,0.0601071
140.266,3.8,0.0607945
140.266,4.2,-0.11361
140.266,4.6,-0.389203
140.266,5,-0.599057
140.266,5.4,-0.727967
140.266,5.8,-0.755517
140.266,6.2,-0.602581
140.266,6.6,-0.263516
140.266,7,0.0696466
140.266,7.4,0.257718
140.266,7.8,0.328528
140.266,8.2,0.34159
140.266,8.6,0.331693
140.266,9,0.314347
140.266,9.4,0.295856
140.266,9.8,0.278625
142.396,2.2,-0.0154675
142.396,2.6,-0.00654192
142.396,3,0.0382792
142.396,3.4,0.0654904
142.396,3.8,0.0685959
142.396,4.2,-0.0952286
142.396,4.6,-0.389079
142.396,5,-0.608274
142.396,5.4,-0.738745
142.396,5.8,-0.786852
142.396,6.2,-0.685792
142.396,6.6,-0.373318
142.396,7,0.00782544
142.396,7.4,0.25144
142.396,7.8,0.346927
142.396,8.2,0.36478
142.396,8.6,0.352227
142.396,9,0.330325
142.396,9.4,0.307281
142.396,9.8,0.286014
144.526,2.2,-0.0151763
144.526,2.6,-0.00374559
144.526,3,0.04739
144.526,3.4,0.0687929
144.526,3.8,0.0671221
144.526,4.2,-0.0682689
144.526,4.6,-0.349853
144.526,5,-0.562562
144.526,5.4,-0.683769
144.526,5.8,-0.741473
144.526,6.2,-0.693964
144.526,6.6,-0.454294
144.526,7,-0.0775703
144.526,7.4,0.20784
144.526,7.8,0.328777
144.526,8.2,0.35337
144.526,8.6,0.34009
144.526,9,0.315606
144.526,9.4,0.289949
144.526,9.8,0.266469
146.655,2.2,-0.0139406
146.655,2.6,-0.00126175
146.655,3,0.0560034
146.655,3.4,0.0716496
146.655,3.8,0.0563894
146.655,4.2,-0.0431211
146.655,4.6,-0.278954
146.655,5,-0.467424
146.655,5.4,-0.57193
146.655,5.8,-0.629857
146.655,6.2,-0.62467
146.655,6.6,-0.478136
146.655,7,-0.164025
146.655,7.4,0.133997
146.655,7.8,0.277277
146.655,8.2,0.310798
146.655,8.6,0.299715
146.655,9,0.275623
146.655,9.4,0.250137
146.655,9.8,0.226934
148.785,2.2,-0.011762
148.785,2.6,0.000269515
148.785,3,0.0631697
148.785,3.4,0.0763821
148.785,3.8,0.0400509
148.785,4.2,-0.0291158
148.785,4.6,-0.196185
148.785,5,-0.344753
148.785,5.4,-0.42931
148.785,5.8,-0.482145
148.785,6.2,-0.503021
148.785,6.6,-0.439599
148.785,7,-0.225664
148.785,7.4,0.0465281
148.785,7.8,0.204652
148.785,8.2,0.249205
148.785,8.6,0.24365
148.785,9,0.223144
148.785,9.4,0.20062
148.785,9.8,0.180051
150.915,2.2,-0.00875414
150.915,2.6,0.000475222
150.915,3,0.0679412
150.915,3.4,0.085045
150.915,3.8,0.0242188
150.915,4.2,-0.0292728
150.915,4.6,-0.124537
150.915,5,-0.224669
150.915,5.4,-0.289539
150.915,5.8,-0.336023
150.915,6.2,-0.369239
150.915,6.6,-0.36163
150.915,7,-0.248425
150.915,7.4,-0.0345524
150.915,7.8,0.127566
150.915,8.2,0.184737
150.915,8.6,0.187538
150.915,9,0.172957
150.915,9.4,0.155176
150.915,9.8,0.138581
153.045,2.2,-0.00515899
153.045,2.6,-0.000629009
153.045,3,0.0695501
153.045,3.4,0.0982477
153.045,3.8,0.0153445
153.045,4.2,-0.0393656
153.045,4.6,-0.079025
153.045,5,-0.132114
153.045,5.4,-0.179519
153.045,5.8,-0.220412
153.045,6.2,-0.257643
153.045,6.6,-0.279036
153.045,7,-0.239112
153.045,7.4,-0.0947599
153.045,7.8,0.0604687
153.045,8.2,0.130963
153.045,8.6,0.143579
153.045,9,0.135545
153.045,9.4,0.122615
153.045,9.8,0.109847
155.174,2.2,-0.00133221
155.174,2.6,-0.00266368
155.174,3,0.0675828
155.174,3.4,0.114358
155.174,3.8,0.0176964
155.174,4.2,-0.0508781
155.174,4.6,-0.0617193
155.174,5,-0.0779726
155.174,5.4,-0.11062
155.174,5.8,-0.146475
155.174,6.2,-0.183298
155.174,6.6,-0.215919
155.174,7,-0.216861
155.174,7.4,-0.131406
155.174,7.8,0.00973132
155.174,8.2,0.0932122
155.174,8.6,0.115516
155.174,9,0.112962
155.174,9.4,0.10356
155.174,9.8,0.0933478
157.304,2.2,0.00231786
157.304,2.6,-0.00503312
157.304,3,0.0620996
157.304,3.4,0.129755
157.304,3.8,0.031267
157.304,4.2,-0.0554883
157.304,4.6,-0.0641646
157.304,5,-0.0590144
157.304,5.4,-0.079367
157.304,5.8,-0.109527
157.304,6.2,-0.14304
157.304,6.6,-0.177173
157.304,7,-0.195919
157.304,7.4,-0.150547
157.304,7.8,-0.0270414
157.304,8.2,0.067514
157.304,8.6,0.0983724
157.304,9,0.0995928
157.304,9.4,0.0920788
157.304,9.8,0.0830536
159.434,2.2,0.00542207
159.434,2.6,-0.0071232
159.434,3,0.0536609
159.434,3.4,0.140227
159.434,3.8,0.0514181
159.434,4.2,-0.0490285
159.434,4.6,-0.0733307
159.434,5,-0.0632799
159.434,5.4,-0.073669
159.434,5.8,-0.0966339
159.434,6.2,-0.124367
159.434,6.6,-0.154822
159.434,7,-0.17856
159.434,7.4,-0.157799
159.434,7.8,-0.0549678
159.434,8.2,0.0458244
159.434,8.6,0.083611
159.434,9,0.0874332
159.434,9.4,0.0809469
159.434,9.8,0.0725156
161.564,2.2,0.00773261
161.564,2.6,-0.00847158
161.564,3,0.0432453
161.564,3.4,0.142723
161.564,3.8,0.0710202
161.564,4.2,-0.0331474
161.564,4.6,-0.0777494
161.564,5,-0.0762037
161.564,5.4,-0.0793522
161.564,5.8,-0.0938538
161.564,6.2,-0.113989
161.564,6.6,-0.13798
161.564,7,-0.160231
161.564,7.4,-0.154083
161.564,7.8,-0.075277
161.564,8.2,0.0233785
161.564,8.6,0.065709
161.564,9,0.0717185
161.564,9.4,0.0663795
161.564,9.8,0.0588198
163.693,2.2,0.00916029
163.693,2.6,-0.00886175
163.693,3,0.0320717
163.693,3.4,0.136417
163.693,3.8,0.0839284
163.693,4.2,-0.0136224
163.693,4.6,-0.0719468
163.693,5,-0.0854683
163.693,5.4,-0.084709
163.693,5.8,-0.0907424
163.693,6.2,-0.102746
163.693,6.6,-0.119259
163.693,7,-0.136977
163.693,7.4,-0.138809
163.693,7.8,-0.0851545
163.693,8.2,0.00154735
163.693,8.6,0.0448593
163.693,9,0.052772
163.693,9.4,0.0490831
163.693,9.8,0.0430059
165.823,2.2,0.00976172
165.823,2.6,-0.00833032
165.823,3,0.0213633
165.823,3.4,0.122662
165.823,3.8,0.0874227
165.823,4.2,0.00344255
165.823,4.6,-0.0574029
165.823,5,-0.084322
165.823,5.4,-0.0829661
165.823,5.8,-0.0821731
165.823,6.2,-0.0870721
165.823,6.6,-0.096658
165.823,7,-0.108935
165.823,7.4,-0.114011
165.823,7.8,-0.0824959
165.823,8.2,-0.015108
165.823,8.6,0.0248983
165.823,9,0.0339767
165.823,9.4,0.0321601
165.823,9.8,0.0279372
167.953,2.2,0.00969609
167.953,2.6,-0.007106
167.953,3,0.0121118
167.953,3.4,0.104181
167.953,3.8,0.0823542
167.953,4.2,0.0146044
167.953,4.6,-0.0395882
167.953,5,-0.0727159
167.953,5.4,-0.072883
167.953,5.8,-0.0680198
167.953,6.2,-0.0679844
167.953,6.6,-0.0723034
167.953,7,-0.079678
167.953,7.4,-0.0849167
167.953,7.8,-0.0693633
167.953,8.2,-0.023384
167.953,8.6,0.00963335
167.953,9,0.018694
167.953,9.4,0.018456
167.953,9.8,0.0159934
170.082,2.2,0.0091754
170.082,2.6,-0.00551353
170.082,3,0.00490575
170.082,3.4,0.0840908
170.082,3.8,0.0717097
170.082,4.2,0.0195922
170.082,4.6,-0.0236625
170.082,5,-0.0554117
170.082,5.4,-0.0574414
170.082,5.8,-0.0512657
170.082,6.2,-0.048714
170.082,6.6,-0.0497838
170.082,7,-0.0535572
170.082,7.4,-0.0575063
170.082,7.8,-0.0512614
170.082,8.2,-0.0236673
170.082,8.6,0.000571842
170.082,9,0.00844565
170.082,9.4,0.00915824
170.082,9.8,0.00801278
