129.618,2.2,-0.00546778
129.618,2.6,-0.00666405
129.618,3,0.00292869
129.618,3.4,0.0136011
129.618,3.8,0.00453435
129.618,4.2,-0.0474172
129.618,4.6,-0.117121
129.618,5,-0.17071
129.618,5.4,-0.175529
129.618,5.8,-0.12326
129.618,6.2,-0.0525271
129.618,6.6,0.00047095
129.618,7,0.0307776
129.618,7.4,0.0459087
129.618,7.8,0.0526815
129.618,8.2,0.0551759
129.618,8.6,0.0555797
129.618,9,0.0550374
129.618,9.4,0.0541513
129.618,9.8,0.0532461
131.747,2.2,-0.00727637
131.747,2.6,-0.0082554
131.747,3,0.00535324
131.747,3.4,0.0208597
131.747,3.8,0.00971766
131.747,4.2,-0.0663106
131.747,4.6,-0.168983
131.747,5,-0.254211
131.747,5.4,-0.282228
131.747,5.8,-0.221576
131.747,6.2,-0.106586
131.747,6.6,-0.00771494
131.747,7,0.0508133
131.747,7.4,0.0793995
131.747,7.8,0.0914557
131.747,8.2,0.0953164
131.747,8.6,0.0953493
131.747,9,0.0937443
131.747,9.4,0.0915974
131.747,9.8,0.0894649
133.877,2.2,-0.00923819
133.877,2.6,-0.00945918
133.877,3,0.00897344
133.877,3.4,0.0298191
133.877,3.8,0.0183404
133.877,4.2,-0.0861275
133.877,4.6,-0.227994
133.877,5,-0.347766
133.877,5.4,-0.406154
133.877,5.8,-0.353146
133.877,6.2,-0.194737
133.877,6.6,-0.0305048
133.877,7,0.073727
133.877,7.4,0.124351
133.877,7.8,0.144551
133.877,8.2,0.150043
133.877,8.6,0.148981
133.877,9,0.145293
133.877,9.4,0.140841
133.877,9.8,0.136511
136.007,2.2,-0.0111833
136.007,2.6,-0.00992431
136.007,3,0.0139836
136.007,3.4,0.0395891
136.007,3.8,0.0305716
136.007,4.2,-0.103029
136.007,4.6,-0.28844
136.007,5,-0.441901
136.007,5.4,-0.530662
136.007,5.8,-0.500563
136.007,6.2,-0.316838
136.007,6.6,-0.0777403
136.007,7,0.091523
136.007,7.4,0.175308
136.007,7.8,0.207379
136.007,8.2,0.214775
136.007,8.6,0.211653
136.007,9,0.204604
136.007,9.4,0.196589
136.007,9.8,0.188919
138.136,2.2,-0.0129029
138.136,2.6,-0.00938214
138.136,3,0.0204516
138.136,3.4,0.0488352
138.136,3.8,0.0448525
138.136,4.2,-0.11185
138.136,4.6,-0.340942
138.136,5,-0.523584
138.136,5.4,-0.636282
138.136,5.8,-0.636415
138.136,6.2,-0.457099
138.136,6.6,-0.155435
138.136,7,0.0921897
138.136,7.4,0.221012
138.136,7.8,0.269379
138.136,8.2,0.279159
138.136,8.6,0.273107
138.136,9,0.261538
138.136,9.4,0.248862
138.136,9.8,0.23689
140.266,2.2,-0.0141801
140.266,2.6,-0.00777154
140.266,3,0.0282657
140.266,3.4,0.0562848
140.266,3.8,0.0575818
140.266,4.2,-0.108027
140.266,4.6,-0.373107
140.266,5,-0.576719
140.266,5.4,-0.702857
140.266,5.8,-0.73127
140.266,6.2,-0.585061
140.266,6.6,-0.258008
140.266,7,0.0644463
140.266,7.4,0.247032
140.266,7.8,0.316139
140.266,8.2,0.329208
140.266,8.6,0.319921
140.266,9,0.303328
140.266,9.4,0.285561
140.266,9.8,0.26897
142.396,2.2,-0.0148201
142.396,2.6,-0.00532664
142.396,3,0.0370893
142.396,3.4,0.0613337
142.396,3.8,0.0642628
142.396,4.2,-0.0908738
142.396,4.6,-0.37294
142.396,5,-0.585475
142.396,5.4,-0.713179
142.396,5.8,-0.761465
142.396,6.2,-0.665407
142.396,6.6,-0.36413
142.396,7,0.00478018
142.396,7.4,0.241263
142.396,7.8,0.334374
142.396,8.2,0.352136
142.396,8.6,0.34029
142.396,9,0.319277
142.396,9.4,0.297085
142.396,9.8,0.276568
144.526,2.2,-0.0146734
144.526,2.6,-0.0025693
144.526,3,0.0463365
144.526,3.4,0.0644599
144.526,3.8,0.0617585
144.526,4.2,-0.0659245
144.526,4.6,-0.335148
144.526,5,-0.540964
144.526,5.4,-0.659595
144.526,5.8,-0.717041
144.526,6.2,-0.672658
144.526,6.6,-0.441849
144.526,7,-0.0773168
144.526,7.4,0.199627
144.526,7.8,0.317403
144.526,8.2,0.341683
144.526,8.6,0.329101
144.526,9,0.305546
144.526,9.4,0.280785
144.526,9.8,0.258089
146.655,2.2,-0.0136527
146.655,2.6,-0.000179651
146.655,3,0.0551901
146.655,3.4,0.0672467
146.655,3.8,0.050137
146.655,4.2,-0.043208
146.655,4.6,-0.266995
146.655,5,-0.448553
146.655,5.4,-0.550752
146.655,5.8,-0.608222
146.655,6.2,-0.604594
146.655,6.6,-0.463875
146.655,7,-0.160126
146.655,7.4,0.128881
146.655,7.8,0.268218
146.655,8.2,0.301076
146.655,8.6,0.290554
146.655,9,0.267319
146.655,9.4,0.242671
146.655,9.8,0.220201
148.785,2.2,-0.0117509
148.785,2.6,0.00122011
148.785,3,0.0626797
148.785,3.4,0.0719198
148.785,3.8,0.0329888
148.785,4.2,-0.0316529
148.785,4.6,-0.187742
148.785,5,-0.329583
148.785,5.4,-0.412083
148.785,5.8,-0.464415
148.785,6.2,-0.485798
148.785,6.6,-0.425398
148.785,7,-0.218745
148.785,7.4,0.045046
148.785,7.8,0.19862
148.785,8.2,0.242056
148.785,8.6,0.236798
148.785,9,0.216966
148.785,9.4,0.195133
148.785,9.8,0.175173
150.915,2.2,-0.00906419
150.915,2.6,0.00127947
150.915,3,0.0678278
150.915,3.4,0.0804196
150.915,3.8,0.0162821
150.915,4.2,-0.0340404
150.915,4.6,-0.119709
150.915,5,-0.213406
150.915,5.4,-0.276374
150.915,5.8,-0.322346
150.915,6.2,-0.355476
150.915,6.6,-0.348908
150.915,7,-0.239719
150.915,7.4,-0.0324948
150.915,7.8,0.124818
150.915,8.2,0.180342
150.915,8.6,0.183062
150.915,9,0.168882
150.915,9.4,0.15158
150.915,9.8,0.135424
153.045,2.2,-0.00580851
153.045,2.6,3.46468e-05
153.045,3,0.0698347
153.045,3.4,0.0932654
153.045,3.8,0.00632239
153.045,4.2,-0.0461112
153.045,4.6,-0.0774122
153.045,5,-0.124294
153.045,5.4,-0.169809
153.045,5.8,-0.210141
153.045,6.2,-0.246956
153.045,6.6,-0.268218
153.045,7,-0.22972
153.045,7.4,-0.0896539
153.045,7.8,0.0609523
153.045,8.2,0.129204
153.045,8.6,0.141251
153.045,9,0.133276
153.045,9.4,0.120579
153.045,9.8,0.108064
155.174,2.2,-0.00230754
155.174,2.6,-0.00212145
155.174,3,0.0682601
155.174,3.4,0.108808
155.174,3.8,0.00733009
155.174,4.2,-0.0594108
155.174,4.6,-0.0627241
155.174,5,-0.0727732
155.174,5.4,-0.103385
155.174,5.8,-0.13856
155.174,6.2,-0.174748
155.174,6.6,-0.206587
155.174,7,-0.207255
155.174,7.4,-0.123782
155.174,7.8,0.0133049
155.174,8.2,0.0938753
155.174,8.6,0.114997
155.174,9,0.112106
155.174,9.4,0.102679
155.174,9.8,0.0925453
157.304,2.2,0.00106236
157.304,2.6,-0.00458921
157.304,3,0.0631439
157.304,3.4,0.12351
157.304,3.8,0.0194237
157.304,4.2,-0.0656196
157.304,4.6,-0.0672062
157.304,5,-0.055572
157.304,5.4,-0.0736054
157.304,5.8,-0.102927
157.304,6.2,-0.135635
157.304,6.6,-0.168612
157.304,7,-0.18607
157.304,7.4,-0.140815
157.304,7.8,-0.0205029
157.304,8.2,0.0704376
157.304,8.6,0.0993688
157.304,9,0.099808
157.304,9.4,0.0920137
157.304,9.8,0.0829113
159.434,2.2,0.00395709
159.434,2.6,-0.00675893
159.434,3,0.0550317
159.434,3.4,0.133324
159.434,3.8,0.0382598
159.434,4.2,-0.0604284
159.434,4.6,-0.0779026
159.434,5,-0.0609007
159.434,5.4,-0.0685971
159.434,5.8,-0.0905829
159.434,6.2,-0.117406
159.434,6.6,-0.146513
159.434,7,-0.168405
159.434,7.4,-0.146418
159.434,7.8,-0.0457117
159.434,8.2,0.0508836
159.434,8.6,0.0859215
159.434,9,0.0884876
159.434,9.4,0.0814732
159.434,9.8,0.0728292
161.564,2.2,0.00614201
161.564,2.6,-0.00817739
161.564,3,0.0448896
161.564,3.4,0.13538
161.564,3.8,0.057058
161.564,4.2,-0.0452481
161.564,4.6,-0.0833643
161.564,5,-0.0744464
161.564,5.4,-0.0745201
161.564,5.8,-0.0879723
161.564,6.2,-0.107196
161.564,6.6,-0.129814
161.564,7,-0.150011
161.564,7.4,-0.141804
161.564,7.8,-0.0639398
161.564,8.2,0.0303113
161.564,8.6,0.0691445
161.564,9,0.0734456
161.564,9.4,0.0673547
161.564,9.8,0.0594674
163.693,2.2,0.007528
163.693,2.6,-0.00863746
163.693,3,0.0339237
163.693,3.4,0.128987
163.693,3.8,0.0699164
163.693,4.2,-0.0256719
163.693,4.6,-0.0780754
163.693,5,-0.0841305
163.693,5.4,-0.0800071
163.693,5.8,-0.0850198
163.693,6.2,-0.0962245
163.693,6.6,-0.111502
163.693,7,-0.127253
163.693,7.4,-0.126691
163.693,7.8,-0.0728668
163.693,8.2,0.00977948
163.693,8.6,0.049126
163.693,9,0.0549873
163.693,9.4,0.0503767
163.693,9.8,0.0438859
165.823,2.2,0.00816088
165.823,2.6,-0.00818169
165.823,3,0.023346
165.823,3.4,0.115545
165.823,3.8,0.074151
165.823,4.2,-0.00780322
165.823,4.6,-0.0634947
165.823,5,-0.0833612
165.823,5.4,-0.0785452
165.823,5.8,-0.0768497
165.823,6.2,-0.0811472
165.823,6.6,-0.0897538
165.823,7,-0.100371
165.823,7.4,-0.103152
165.823,7.8,-0.0706612
165.823,8.2,-0.00646942
165.823,8.6,0.0295475
165.823,9,0.0364275
165.823,9.4,0.0336085
165.823,9.8,0.028928
167.953,2.2,0.00818184
167.953,2.6,-0.0070394
167.953,3,0.0141416
167.953,3.4,0.0977296
167.953,3.8,0.070453
167.953,4.2,0.00472187
167.953,4.6,-0.0451727
167.953,5,-0.0721409
167.953,5.4,-0.0690056
167.953,5.8,-0.0634091
167.953,6.2,-0.0629941
167.953,6.6,-0.0666342
167.953,7,-0.0727651
167.953,7.4,-0.0761063
167.953,7.8,-0.0592148
167.953,8.2,-0.0153396
167.953,8.6,0.0141288
167.953,9,0.0210835
167.953,9.4,0.0198709
167.953,9.8,0.0169581
170.082,2.2,0.00778128
170.082,2.6,-0.00553107
170.082,3,0.00690318
170.082,3.4,0.0785383
170.082,3.8,0.0615357
170.082,4.2,0.0113398
170.082,4.6,-0.0284489
170.082,5,-0.0551978
170.082,5.4,-0.0543182
170.082,5.8,-0.0475846
170.082,6.2,-0.0448416
170.082,6.6,-0.0455029
170.082,7,-0.048444
170.082,7.4,-0.0510105
170.082,7.8,-0.0434721
170.082,8.2,-0.0170042
170.082,8.6,0.0044417
170.082,9,0.0105115
170.082,9.4,0.0103759
170.082,9.8,0.00883511
