-0.987807,1.23171,1.1008e-25
-0.987807,1.69512,4.56511e-26
-0.987807,2.15854,3.66293e-27
-0.987807,2.62195,1.72339e-25
-0.987807,3.08537,1.28572e-25
-0.987807,3.54878,6.92338e-26
-0.987807,4.0122,1.30543e-27
-0.987807,4.47561,2.58851e-26
-0.987807,4.93902,6.32491e-26
-0.987807,5.40244,6.54806e-26
-0.987807,5.86585,4.61926e-26
-0.987807,6.32927,2.53386e-26
-0.987807,6.79268,1.1067e-26
-0.987807,7.2561,3.59295e-27
-0.987807,7.71951,6.25367e-28
-0.987807,8.18293,2.04804e-29
-0.987807,8.64634,3.93021e-28
-0.987807,9.10976,1.00562e-27
-0.987807,9.57317,1.53313e-27
-0.987807,10.0366,1.87789e-27
-0.987807,10.5,2.04354e-27
-0.987807,10.9634,2.06695e-27
-0.987807,11.4268,1.9925e-27
-0.987807,11.8902,1.85821e-27
-0.987807,12.3537,1.69239e-27
-0.987807,12.8171,1.51532e-27
-0.987807,13.2805,1.33995e-27
-0.987807,13.7439,1.1739e-27
-0.987807,14.2073,1.02122e-27
-0.987807,14.6707,8.83297e-28
-0.987807,15.1341,7.61243e-28
-0.987807,15.5976,6.54384e-28
-0.987807,16.061,5.61534e-28
-0.987807,16.5244,4.81318e-28
-0.987807,16.9878,4.12328e-28
-0.987807,17.4512,3.53167e-28
-0.987807,17.9146,3.02549e-28
-0.987807,18.378,2.59309e-28
-0.987807,18.8415,2.22376e-28
-0.987807,19.3049,1.90839e-28
-0.987807,19.7683,1.6391e-28
-0.963421,1.23171,2.08651e-26
-0.963421,1.69512,1.70653e-26
-0.963421,2.15854,3.19173e-27
-0.963421,2.62195,1.39756e-25
-0.963421,3.08537,1.24305e-25
-0.963421,3.54878,1.04309e-25
-0.963421,4.0122,2.60163e-26
-0.963421,4.47561,7.71686e-28
-0.963421,4.93902,2.39365e-26
-0.963421,5.40244,4.38368e-26
-0.963421,5.86585,4.54254e-26
-0.963421,6.32927,3.59632e-26
-0.963421,6.79268,2.41523e-26
-0.963421,7.2561,1.44064e-26
-0.963421,7.71951,7.73565e-27
-0.963421,8.18293,3.69091e-27
-0.963421,8.64634,1.49566e-27
-0.963421,9.10976,4.52358e-28
-0.963421,9.57317,6.20504e-29
-0.963421,10.0366,4.84533e-30
-0.963421,10.5,9.30299e-29
-0.963421,10.9634,2.2581e-28
-0.963421,11.4268,3.53957e-28
-0.963421,11.8902,4.57049e-28
-0.963421,12.3537,5.29578e-28
-0.963421,12.8171,5.73371e-28
-0.963421,13.2805,5.93091e-28
-0.963421,13.7439,5.93996e-28
-0.963421,14.2073,5.80987e-28
-0.963421,14.6707,5.57997e-28
-0.963421,15.1341,5.28879e-28
-0.963421,15.5976,4.96241e-28
-0.963421,16.061,4.61992e-28
-0.963421,16.5244,4.27515e-28
-0.963421,16.9878,3.93789e-28
-0.963421,17.4512,3.61445e-28
-0.963421,17.9146,3.30882e-28
-0.963421,18.378,3.02329e-28
-0.963421,18.8415,2.7584e-28
-0.963421,19.3049,2.51422e-28
-0.963421,19.7683,2.2902e-28
-0.939035,1.23171,2.21786e-26
-0.939035,1.69512,2.76546e-27
-0.939035,2.15854,6.20056e-27
-0.939035,2.62195,1.44522e-25
-0.939035,3.08537,1.10804e-25
-0.939035,3.54878,1.07665e-25
-0.939035,4.0122,5.82069e-26
-0.939035,4.47561,8.86544e-27
-0.939035,4.93902,1.54501e-27
-0.939035,5.40244,1.55194e-26
-0.939035,5.86585,2.7408e-26
-0.939035,6.32927,3.05973e-26
-0.939035,6.79268,2.74204e-26
-0.939035,7.2561,2.16559e-26
-0.939035,7.71951,1.57536e-26
-0.939035,8.18293,1.07848e-26
-0.939035,8.64634,7.03334e-27
-0.939035,9.10976,4.38675e-27
-0.939035,9.57317,2.61403e-27
-0.939035,10.0366,1.48212e-27
-0.939035,10.5,7.88827e-28
-0.939035,10.9634,3.83186e-28
-0.939035,11.4268,1.60642e-28
-0.939035,11.8902,5.07027e-29
-0.939035,12.3537,7.33031e-30
-0.939035,12.8171,1.24833e-30
-0.939035,13.2805,1.43109e-29
-0.939035,13.7439,3.5617e-29
-0.939035,14.2073,5.88719e-29
-0.939035,14.6707,8.06218e-29
-0.939035,15.1341,9.92529e-29
-0.939035,15.5976,1.14169e-28
-0.939035,16.061,1.25357e-28
-0.939035,16.5244,1.33115e-28
-0.939035,16.9878,1.3788e-28
-0.939035,17.4512,1.40129e-28
-0.939035,17.9146,1.40326e-28
-0.939035,18.378,1.38896e-28
-0.939035,18.8415,1.36201e-28
-0.939035,19.3049,1.32555e-28
-0.939035,19.7683,1.28218e-28
-0.914649,1.23171,5.65824e-26
-0.914649,1.69512,6.35589e-28
-0.914649,2.15854,7.4801e-27
-0.914649,2.62195,1.61397e-25
-0.914649,3.08537,7.82963e-26
-0.914649,3.54878,8.42727e-26
-0.914649,4.0122,8.40862e-26
-0.914649,4.47561,4.19769e-26
-0.914649,4.93902,7.70334e-27
-0.914649,5.40244,2.03361e-28
-0.914649,5.86585,7.00214e-27
-0.914649,6.32927,1.51031e-26
-0.914649,6.79268,1.94267e-26
-0.914649,7.2561,1.99101e-26
-0.914649,7.71951,1.80038e-26
-0.914649,8.18293,1.50561e-26
-0.914649,8.64634,1.19581e-26
-0.914649,9.10976,9.15677e-27
-0.914649,9.57317,6.82469e-27
-0.914649,10.0366,4.99069e-27
-0.914649,10.5,3.59621e-27
-0.914649,10.9634,2.55832e-27
-0.914649,11.4268,1.79883e-27
-0.914649,11.8902,1.25037e-27
-0.914649,12.3537,8.58634e-28
-0.914649,12.8171,5.81651e-28
-0.914649,13.2805,3.8775e-28
-0.914649,13.7439,2.53474e-28
-0.914649,14.2073,1.61642e-28
-0.914649,14.6707,9.97932e-29
-0.914649,15.1341,5.90521e-29
-0.914649,15.5976,3.2981e-29
-0.914649,16.061,1.70013e-29
-0.914649,16.5244,7.87114e-30
-0.914649,16.9878,3.30943e-30
-0.914649,17.4512,1.72225e-30
-0.914649,17.9146,2.0034e-30
-0.914649,18.378,3.39268e-30
-0.914649,18.8415,5.37478e-30
-0.914649,19.3049,7.60659e-30
-0.914649,19.7683,9.86552e-30
-0.890263,1.23171,4.76091e-26
-0.890263,1.69512,1.81859e-26
-0.890263,2.15854,2.1386e-27
-0.890263,2.62195,1.6639e-25
-0.890263,3.08537,3.98528e-26
-0.890263,3.54878,4.90457e-26
-0.890263,4.0122,8.97209e-26
-0.890263,4.47561,7.98047e-26
-0.890263,4.93902,3.95162e-26
-0.890263,5.40244,1.02972e-26
-0.890263,5.86585,4.03665e-28
-0.890263,6.32927,1.63226e-27
-0.890263,6.79268,5.99132e-27
-0.890263,7.2561,9.59505e-27
-0.890263,7.71951,1.14273e-26
-0.890263,8.18293,1.17064e-26
-0.890263,8.64634,1.09787e-26
-0.890263,9.10976,9.7312e-27
-0.890263,9.57317,8.3052e-27
-0.890263,10.0366,6.91459e-27
-0.890263,10.5,5.6607e-27
-0.890263,10.9634,4.57981e-27
-0.890263,11.4268,3.67489e-27
-0.890263,11.8902,2.93213e-27
-0.890263,12.3537,2.33097e-27
-0.890263,12.8171,1.84862e-27
-0.890263,13.2805,1.46397e-27
-0.890263,13.7439,1.15859e-27
-0.890263,14.2073,9.16666e-28
-0.890263,14.6707,7.25104e-28
-0.890263,15.1341,5.73757e-28
-0.890263,15.5976,4.54187e-28
-0.890263,16.061,3.59727e-28
-0.890263,16.5244,2.85056e-28
-0.890263,16.9878,2.25944e-28
-0.890263,17.4512,1.79108e-28
-0.890263,17.9146,1.41957e-28
-0.890263,18.378,1.12456e-28
-0.890263,18.8415,8.90317e-29
-0.890263,19.3049,7.04222e-29
-0.890263,19.7683,5.56313e-29
-0.865877,1.23171,1.25925e-26
-0.865877,1.69512,6.93344e-26
-0.865877,2.15854,1.73434e-28
-0.865877,2.62195,1.36503e-25
-0.865877,3.08537,1.16324e-26
-0.865877,3.54878,1.49764e-26
-0.865877,4.0122,6.23459e-26
-0.865877,4.47561,9.06354e-26
-0.865877,4.93902,7.36443e-26
-0.865877,5.40244,4.15152e-26
-0.865877,5.86585,1.7106e-26
-0.865877,6.32927,4.61224e-27
-0.865877,6.79268,3.87612e-28
-0.865877,7.2561,2.38519e-28
-0.865877,7.71951,1.4852e-27
-0.865877,8.18293,2.82899e-27
-0.865877,8.64634,3.79717e-27
-0.865877,9.10976,4.31329e-27
-0.865877,9.57317,4.45351e-27
-0.865877,10.0366,4.33391e-27
-0.865877,10.5,4.05591e-27
-0.865877,10.9634,3.69572e-27
-0.865877,11.4268,3.30475e-27
-0.865877,11.8902,2.91604e-27
-0.865877,12.3537,2.54968e-27
-0.865877,12.8171,2.21493e-27
-0.865877,13.2805,1.91564e-27
-0.865877,13.7439,1.65232e-27
-0.865877,14.2073,1.42294e-27
-0.865877,14.6707,1.22438e-27
-0.865877,15.1341,1.05353e-27
-0.865877,15.5976,9.06988e-28
-0.865877,16.061,7.81676e-28
-0.865877,16.5244,6.74626e-28
-0.865877,16.9878,5.83061e-28
-0.865877,17.4512,5.04724e-28
-0.865877,17.9146,4.37609e-28
-0.865877,18.378,3.79992e-28
-0.865877,18.8415,3.3058e-28
-0.865877,19.3049,2.88145e-28
-0.865877,19.7683,2.51643e-28
-0.841491,1.23171,2.62939e-26
-0.841491,1.69512,6.06878e-26
-0.841491,2.15854,1.85586e-27
-0.841491,2.62195,6.13443e-26
-0.841491,3.08537,1.32504e-27
-0.841491,3.54878,3.18415e-27
-0.841491,4.0122,4.25139e-27
-0.841491,4.47561,3.57082e-26
-0.841491,4.93902,6.30411e-26
-0.841491,5.40244,6.6703e-26
-0.841491,5.86585,5.45846e-26
-0.841491,6.32927,3.83376e-26
-0.841491,6.79268,2.42864e-26
-0.841491,7.2561,1.42029e-26
-0.841491,7.71951,7.71451e-27
-0.841491,8.18293,3.86083e-27
-0.841491,8.64634,1.73268e-27
-0.841491,9.10976,6.53139e-28
-0.841491,9.57317,1.72802e-28
-0.841491,10.0366,1.35534e-29
-0.841491,10.5,1.20385e-29
-0.841491,10.9634,7.70961e-29
-0.841491,11.4268,1.60605e-28
-0.841491,11.8902,2.39135e-28
-0.841491,12.3537,3.03009e-28
-0.841491,12.8171,3.49586e-28
-0.841491,13.2805,3.79751e-28
-0.841491,13.7439,3.95957e-28
-0.841491,14.2073,4.00957e-28
-0.841491,14.6707,3.97353e-28
-0.841491,15.1341,3.87486e-28
-0.841491,15.5976,3.73248e-28
-0.841491,16.061,3.56214e-28
-0.841491,16.5244,3.37543e-28
-0.841491,16.9878,3.18017e-28
-0.841491,17.4512,2.9828e-28
-0.841491,17.9146,2.7876e-28
-0.841491,18.378,2.59739e-28
-0.841491,18.8415,2.4152e-28
-0.841491,19.3049,2.24233e-28
-0.841491,19.7683,2.07949e-28
-0.817105,1.23171,3.44616e-26
-0.817105,1.69512,1.37378e-26
-0.817105,2.15854,2.30413e-26
-0.817105,2.62195,2.51527e-26
-0.817105,3.08537,1.75431e-27
-0.817105,3.54878,2.3685e-26
-0.817105,4.0122,4.70096e-27
-0.817105,4.47561,6.03914e-27
-0.817105,4.93902,3.25862e-26
-0.817105,5.40244,5.34717e-26
-0.817105,5.86585,5.85425e-26
-0.817105,6.32927,5.24425e-26
-0.817105,6.79268,4.18948e-26
-0.817105,7.2561,3.11867e-26
-0.817105,7.71951,2.2162e-26
-0.817105,8.18293,1.52553e-26
-0.817105,8.64634,1.02591e-26
-0.817105,9.10976,6.77224e-27
-0.817105,9.57317,4.39791e-27
-0.817105,10.0366,2.81215e-27
-0.817105,10.5,1.76798e-27
-0.817105,10.9634,1.0898e-27
-0.817105,11.4268,6.55246e-28
-0.817105,11.8902,3.81267e-28
-0.817105,12.3537,2.12113e-28
-0.817105,12.8171,1.10593e-28
-0.817105,13.2805,5.22417e-29
-0.817105,13.7439,2.10107e-29
-0.817105,14.2073,6.43061e-30
-0.817105,14.6707,1.75602e-30
-0.817105,15.1341,2.68658e-30
-0.817105,15.5976,6.52005e-30
-0.817105,16.061,1.15973e-29
-0.817105,16.5244,1.69318e-29
-0.817105,16.9878,2.19626e-29
-0.817105,17.4512,2.63993e-29
-0.817105,17.9146,3.01175e-29
-0.817105,18.378,3.30917e-29
-0.817105,18.8415,3.53586e-29
-0.817105,19.3049,3.69824e-29
-0.817105,19.7683,3.80404e-29
-0.792719,1.23171,1.25794e-26
-0.792719,1.69512,1.90504e-26
-0.792719,2.15854,2.26961e-26
-0.792719,2.62195,2.6456e-26
-0.792719,3.08537,2.48699e-27
-0.792719,3.54878,2.43458e-26
-0.792719,4.0122,4.36784e-27
-0.792719,4.47561,6.21239e-27
-0.792719,4.93902,3.23431e-26
-0.792719,5.40244,5.30709e-26
-0.792719,5.86585,5.86927e-26
-0.792719,6.32927,5.34068e-26
-0.792719,6.79268,4.35076e-26
-0.792719,7.2561,3.31264e-26
-0.792719,7.71951,2.41442e-26
-0.792719,8.18293,1.70985e-26
-0.792719,8.64634,1.18702e-26
-0.792719,9.10976,8.12071e-27
-0.792719,9.57317,5.49127e-27
-0.792719,10.0366,3.67799e-27
-0.792719,10.5,2.4404e-27
-0.792719,10.9634,1.60348e-27
-0.792719,11.4268,1.04171e-27
-0.792719,11.8902,6.67416e-28
-0.792719,12.3537,4.20094e-28
-0.792719,12.8171,2.58291e-28
-0.792719,13.2805,1.53922e-28
-0.792719,13.7439,8.79183e-29
-0.792719,14.2073,4.73013e-29
-0.792719,14.6707,2.33262e-29
-0.792719,15.1341,1.01338e-29
-0.792719,15.5976,3.78844e-30
-0.792719,16.061,1.67497e-30
-0.792719,16.5244,2.06905e-30
-0.792719,16.9878,3.84685e-30
-0.792719,17.4512,6.28729e-30
-0.792719,17.9146,8.93874e-30
-0.792719,18.378,1.1529e-29
-0.792719,18.8415,1.39014e-29
-0.792719,19.3049,1.59763e-29
-0.792719,19.7683,1.77228e-29
-0.768333,1.23171,9.14288e-27
-0.768333,1.69512,3.25621e-26
-0.768333,2.15854,2.06989e-26
-0.768333,2.62195,2.81629e-26
-0.768333,3.08537,3.8307e-27
-0.768333,3.54878,2.53572e-26
-0.768333,4.0122,3.84988e-27
-0.768333,4.47561,6.64465e-27
-0.768333,4.93902,3.25962e-26
-0.768333,5.40244,5.29281e-26
-0.768333,5.86585,5.87106e-26
-0.768333,6.32927,5.39527e-26
-0.768333,6.79268,4.45836e-26
-0.768333,7.2561,3.454e-26
-0.768333,7.71951,2.56801e-26
-0.768333,8.18293,1.85991e-26
-0.768333,8.64634,1.32393e-26
-0.768333,9.10976,9.31243e-27
-0.768333,9.57317,6.49434e-27
-0.768333,10.0366,4.50235e-27
-0.768333,10.5,3.10532e-27
-0.768333,10.9634,2.13217e-27
-0.768333,11.4268,1.45724e-27
-0.768333,11.8902,9.90614e-28
-0.768333,12.3537,6.68774e-28
-0.768333,12.8171,4.47415e-28
-0.768333,13.2805,2.95878e-28
-0.768333,13.7439,1.92837e-28
-0.768333,14.2073,1.23304e-28
-0.768333,14.6707,7.68666e-29
-0.768333,15.1341,4.63541e-29
-0.768333,15.5976,2.67349e-29
-0.768333,16.061,1.45195e-29
-0.768333,16.5244,7.29029e-30
-0.768333,16.9878,3.37588e-30
-0.768333,17.4512,1.62466e-30
-0.768333,17.9146,1.24681e-30
-0.768333,18.378,1.70464e-30
-0.768333,18.8415,2.63532e-30
-0.768333,19.3049,3.79762e-30
-0.768333,19.7683,5.03416e-30
-0.743947,1.23171,5.63203e-26
-0.743947,1.69512,4.3629e-26
-0.743947,2.15854,1.49257e-26
-0.743947,2.62195,2.8739e-26
-0.743947,3.08537,6.39243e-27
-0.743947,3.54878,2.64241e-26
-0.743947,4.0122,3.14322e-27
-0.743947,4.47561,7.36538e-27
-0.743947,4.93902,3.32307e-26
-0.743947,5.40244,5.2908e-26
-0.743947,5.86585,5.85223e-26
-0.743947,6.32927,5.40644e-26
-0.743947,6.79268,4.51345e-26
-0.743947,7.2561,3.54444e-26
-0.743947,7.71951,2.67815e-26
-0.743947,8.18293,1.97573e-26
-0.743947,8.64634,1.43554e-26
-0.743947,9.10976,1.03291e-26
-0.743947,9.57317,7.38521e-27
-0.743947,10.0366,5.26196e-27
-0.743947,10.5,3.73972e-27
-0.743947,10.9634,2.65427e-27
-0.743947,11.4268,1.88228e-27
-0.743947,11.8902,1.33363e-27
-0.743947,12.3537,9.43383e-28
-0.743947,12.8171,6.65604e-28
-0.743947,13.2805,4.6798e-28
-0.743947,13.7439,3.27613e-28
-0.743947,14.2073,2.28e-28
-0.743947,14.6707,1.574e-28
-0.743947,15.1341,1.07591e-28
-0.743947,15.5976,7.26114e-29
-0.743947,16.061,4.82059e-29
-0.743947,16.5244,3.13356e-29
-0.743947,16.9878,1.98257e-29
-0.743947,17.4512,1.21157e-29
-0.743947,17.9146,7.08813e-30
-0.743947,18.378,3.94009e-30
-0.743947,18.8415,2.09424e-30
-0.743947,19.3049,1.14103e-30
-0.743947,19.7683,7.88062e-31
-0.719561,1.23171,8.04795e-26
-0.719561,1.69512,3.83984e-26
-0.719561,2.15854,6.66744e-27
-0.719561,2.62195,2.66588e-26
-0.719561,3.08537,1.06295e-26
-0.719561,3.54878,2.71053e-26
-0.719561,4.0122,2.29357e-27
-0.719561,4.47561,8.40256e-27
-0.719561,4.93902,3.41241e-26
-0.719561,5.40244,5.28737e-26
-0.719561,5.86585,5.80467e-26
-0.719561,6.32927,5.37105e-26
-0.719561,6.79268,4.51519e-26
-0.719561,7.2561,3.58404e-26
-0.719561,7.71951,2.74526e-26
-0.719561,8.18293,2.05717e-26
-0.719561,8.64634,1.52093e-26
-0.719561,9.10976,1.11569e-26
-0.719561,9.57317,8.14834e-27
-0.719561,10.0366,5.94056e-27
-0.719561,10.5,4.32714e-27
-0.719561,10.9634,3.15402e-27
-0.719561,11.4268,2.30197e-27
-0.719561,11.8902,1.68267e-27
-0.719561,12.3537,1.23159e-27
-0.719561,12.8171,9.02199e-28
-0.719561,13.2805,6.61253e-28
-0.719561,13.7439,4.84818e-28
-0.719561,14.2073,3.55356e-28
-0.719561,14.6707,2.60161e-28
-0.719561,15.1341,1.90144e-28
-0.719561,15.5976,1.38605e-28
-0.719561,16.061,1.00654e-28
-0.719561,16.5244,7.2726e-29
-0.719561,16.9878,5.22068e-29
-0.719561,17.4512,3.71678e-29
-0.719561,17.9146,2.61888e-29
-0.719561,18.378,1.82178e-29
-0.719561,18.8415,1.24678e-29
-0.719561,19.3049,8.36148e-30
-0.719561,19.7683,5.46934e-30
-0.695175,1.23171,3.37378e-26
-0.695175,1.69512,1.81739e-26
-0.695175,2.15854,5.3762e-28
-0.695175,2.62195,2.17359e-26
-0.695175,3.08537,1.60394e-26
-0.695175,3.54878,2.56538e-26
-0.695175,4.0122,1.10122e-27
-0.695175,4.47561,1.0567e-26
-0.695175,4.93902,3.62413e-26
-0.695175,5.40244,5.353e-26
-0.695175,5.86585,5.76623e-26
-0.695175,6.32927,5.30117e-26
-0.695175,6.79268,4.45861e-26
-0.695175,7.2561,3.55702e-26
-0.695175,7.71951,2.7473e-26
-0.695175,8.18293,2.08027e-26
-0.695175,8.64634,1.55672e-26
-0.695175,9.10976,1.15782e-26
-0.695175,9.57317,8.58728e-27
-0.695175,10.0366,6.36567e-27
-0.695175,10.5,4.71951e-27
-0.695175,10.9634,3.50584e-27
-0.695175,11.4268,2.61091e-27
-0.695175,11.8902,1.94996e-27
-0.695175,12.3537,1.46048e-27
-0.695175,12.8171,1.09675e-27
-0.695175,13.2805,8.25655e-28
-0.695175,13.7439,6.23094e-28
-0.695175,14.2073,4.71241e-28
-0.695175,14.6707,3.57024e-28
-0.695175,15.1341,2.7088e-28
-0.695175,15.5976,2.05728e-28
-0.695175,16.061,1.56315e-28
-0.695175,16.5244,1.18759e-28
-0.695175,16.9878,9.01747e-29
-0.695175,17.4512,6.83876e-29
-0.695175,17.9146,5.17672e-29
-0.695175,18.378,3.90839e-29
-0.695175,18.8415,2.94008e-29
-0.695175,19.3049,2.20135e-29
-0.695175,19.7683,1.63856e-29
-0.670789,1.23171,5.72097e-28
-0.670789,1.69512,1.03066e-27
-0.670789,2.15854,2.43884e-27
-0.670789,2.62195,1.4017e-26
-0.670789,3.08537,2.26857e-26
-0.670789,3.54878,2.36773e-26
-0.670789,4.0122,3.40016e-28
-0.670789,4.47561,1.27436e-26
-0.670789,4.93902,3.78339e-26
-0.670789,5.40244,5.34974e-26
-0.670789,5.86585,5.66419e-26
-0.670789,6.32927,5.1791e-26
-0.670789,6.79268,4.36104e-26
-0.670789,7.2561,3.49843e-26
-0.670789,7.71951,2.72547e-26
-0.670789,8.18293,2.0857e-26
-0.670789,8.64634,1.57978e-26
-0.670789,9.10976,1.19111e-26
-0.670789,9.57317,8.96807e-27
-0.670789,10.0366,6.75564e-27
-0.670789,10.5,5.09372e-27
-0.670789,10.9634,3.85183e-27
-0.670789,11.4268,2.92274e-27
-0.670789,11.8902,2.22606e-27
-0.670789,12.3537,1.70209e-27
-0.670789,12.8171,1.30644e-27
-0.670789,13.2805,1.00654e-27
-0.670789,13.7439,7.78409e-28
-0.670789,14.2073,6.04165e-28
-0.670789,14.6707,4.7058e-28
-0.670789,15.1341,3.67694e-28
-0.670789,15.5976,2.88145e-28
-0.670789,16.061,2.26384e-28
-0.670789,16.5244,1.78266e-28
-0.670789,16.9878,1.40676e-28
-0.670789,17.4512,1.11218e-28
-0.670789,17.9146,8.80632e-29
-0.670789,18.378,6.98133e-29
-0.670789,18.8415,5.53965e-29
-0.670789,19.3049,4.39825e-29
-0.670789,19.7683,3.49283e-29
-0.646403,1.23171,5.14422e-26
-0.646403,1.69512,7.25656e-27
-0.646403,2.15854,1.31199e-26
-0.646403,2.62195,6.16606e-27
-0.646403,3.08537,2.94147e-26
-0.646403,3.54878,2.07916e-26
-0.646403,4.0122,1.30438e-29
-0.646403,4.47561,1.49705e-26
-0.646403,4.93902,3.89745e-26
-0.646403,5.40244,5.28456e-26
-0.646403,5.86585,5.50222e-26
-0.646403,6.32927,5.00476e-26
-0.646403,6.79268,4.22008e-26
-0.646403,7.2561,3.40424e-26
-0.646403,7.71951,2.67471e-26
-0.646403,8.18293,2.06811e-26
-0.646403,8.64634,1.5849e-26
-0.646403,9.10976,1.21056e-26
-0.646403,9.57317,9.24329e-27
-0.646403,10.0366,7.06724e-27
-0.646403,10.5,5.41218e-27
-0.646403,10.9634,4.15972e-27
-0.646403,11.4268,3.21003e-27
-0.646403,11.8902,2.48787e-27
-0.646403,12.3537,1.93703e-27
-0.646403,12.8171,1.5151e-27
-0.646403,13.2805,1.19049e-27
-0.646403,13.7439,9.39644e-28
-0.646403,14.2073,7.44953e-28
-0.646403,14.6707,5.93262e-28
-0.646403,15.1341,4.74378e-28
-0.646403,15.5976,3.80792e-28
-0.646403,16.061,3.06755e-28
-0.646403,16.5244,2.4794e-28
-0.646403,16.9878,2.01073e-28
-0.646403,17.4512,1.6358e-28
-0.646403,17.9146,1.33465e-28
-0.646403,18.378,1.09181e-28
-0.646403,18.8415,8.95498e-29
-0.646403,19.3049,7.36281e-29
-0.646403,19.7683,6.06748e-29
-0.622017,1.23171,1.00696e-25
-0.622017,1.69512,3.40695e-26
-0.622017,2.15854,2.97678e-26
-0.622017,2.62195,1.07198e-27
-0.622017,3.08537,3.37762e-26
-0.622017,3.54878,1.5823e-26
-0.622017,4.0122,3.54411e-28
-0.622017,4.47561,1.84111e-26
-0.622017,4.93902,4.10697e-26
-0.622017,5.40244,5.27252e-26
-0.622017,5.86585,5.35478e-26
-0.622017,6.32927,4.81654e-26
-0.622017,6.79268,4.05096e-26
-0.622017,7.2561,3.27414e-26
-0.622017,7.71951,2.58499e-26
-0.622017,8.18293,2.01269e-26
-0.622017,8.64634,1.55557e-26
-0.622017,9.10976,1.19897e-26
-0.622017,9.57317,9.23984e-27
-0.622017,10.0366,7.13618e-27
-0.622017,10.5,5.52803e-27
-0.622017,10.9634,4.30004e-27
-0.622017,11.4268,3.35997e-27
-0.622017,11.8902,2.63796e-27
-0.622017,12.3537,2.08142e-27
-0.622017,12.8171,1.6506e-27
-0.622017,13.2805,1.31551e-27
-0.622017,13.7439,1.05355e-27
-0.622017,14.2073,8.47783e-28
-0.622017,14.6707,6.85409e-28
-0.622017,15.1341,5.56598e-28
-0.622017,15.5976,4.53932e-28
-0.622017,16.061,3.71633e-28
-0.622017,16.5244,3.05369e-28
-0.622017,16.9878,2.51875e-28
-0.622017,17.4512,2.08508e-28
-0.622017,17.9146,1.73201e-28
-0.622017,18.378,1.44333e-28
-0.622017,18.8415,1.2066e-28
-0.622017,19.3049,1.01176e-28
-0.622017,19.7683,8.50851e-29
-0.597631,1.23171,6.08642e-26
-0.597631,1.69512,5.96461e-26
-0.597631,2.15854,4.25997e-26
-0.597631,2.62195,3.1484e-28
-0.597631,3.08537,3.639e-26
-0.597631,3.54878,1.14077e-26
-0.597631,4.0122,1.36509e-27
-0.597631,4.47561,2.10441e-26
-0.597631,4.93902,4.17642e-26
-0.597631,5.40244,5.1356e-26
-0.597631,5.86585,5.11898e-26
-0.597631,6.32927,4.57215e-26
-0.597631,6.79268,3.84751e-26
-0.597631,7.2561,3.12352e-26
-0.597631,7.71951,2.48321e-26
-0.597631,8.18293,1.95038e-26
-0.597631,8.64634,1.52257e-26
-0.597631,9.10976,1.18577e-26
-0.597631,9.57317,9.2332e-27
-0.597631,10.0366,7.21009e-27
-0.597631,10.5,5.65416e-27
-0.597631,10.9634,4.45399e-27
-0.597631,11.4268,3.52561e-27
-0.597631,11.8902,2.80487e-27
-0.597631,12.3537,2.24312e-27
-0.597631,12.8171,1.80347e-27
-0.597631,13.2805,1.45765e-27
-0.597631,13.7439,1.18409e-27
-0.597631,14.2073,9.666e-28
-0.597631,14.6707,7.92767e-28
-0.597631,15.1341,6.53207e-28
-0.597631,15.5976,5.40621e-28
-0.597631,16.061,4.49206e-28
-0.597631,16.5244,3.74642e-28
-0.597631,16.9878,3.13708e-28
-0.597631,17.4512,2.63697e-28
-0.597631,17.9146,2.22471e-28
-0.597631,18.378,1.8834e-28
-0.597631,18.8415,1.5999e-28
-0.597631,19.3049,1.36355e-28
-0.597631,19.7683,1.16577e-28
-0.573245,1.23171,2.83037e-27
-0.573245,1.69512,5.95877e-26
-0.573245,2.15854,4.74009e-26
-0.573245,2.62195,4.2077e-27
-0.573245,3.08537,3.5141e-26
-0.573245,3.54878,6.73271e-27
-0.573245,4.0122,3.31433e-27
-0.573245,4.47561,2.41735e-26
-0.573245,4.93902,4.26471e-26
-0.573245,5.40244,5.00595e-26
-0.573245,5.86585,4.88324e-26
-0.573245,6.32927,4.32048e-26
-0.573245,6.79268,3.62976e-26
-0.573245,7.2561,2.95371e-26
-0.573245,7.71951,2.35978e-26
-0.573245,8.18293,1.86591e-26
-0.573245,8.64634,1.46828e-26
-0.573245,9.10976,1.15301e-26
-0.573245,9.57317,9.05222e-27
-0.573245,10.0366,7.13134e-27
-0.573245,10.5,5.64839e-27
-0.573245,10.9634,4.49522e-27
-0.573245,11.4268,3.59568e-27
-0.573245,11.8902,2.89125e-27
-0.573245,12.3537,2.33724e-27
-0.573245,12.8171,1.89982e-27
-0.573245,13.2805,1.55265e-27
-0.573245,13.7439,1.27541e-27
-0.573245,14.2073,1.05282e-27
-0.573245,14.6707,8.73051e-28
-0.573245,15.1341,7.27356e-28
-0.573245,15.5976,6.08703e-28
-0.573245,16.061,5.11379e-28
-0.573245,16.5244,4.31181e-28
-0.573245,16.9878,3.6503e-28
-0.573245,17.4512,3.10229e-28
-0.573245,17.9146,2.64634e-28
-0.573245,18.378,2.26538e-28
-0.573245,18.8415,1.94596e-28
-0.573245,19.3049,1.67712e-28
-0.573245,19.7683,1.45004e-28
-0.548859,1.23171,2.45316e-26
-0.548859,1.69512,3.68194e-26
-0.548859,2.15854,4.01086e-26
-0.548859,2.62195,1.14132e-26
-0.548859,3.08537,3.1569e-26
-0.548859,3.54878,3.31539e-27
-0.548859,4.0122,5.62119e-27
-0.548859,4.47561,2.6362e-26
-0.548859,4.93902,4.23487e-26
-0.548859,5.40244,4.78614e-26
-0.548859,5.86585,4.59078e-26
-0.548859,6.32927,4.03599e-26
-0.548859,6.79268,3.39243e-26
-0.548859,7.2561,2.77153e-26
-0.548859,7.71951,2.22783e-26
-0.548859,8.18293,1.77508e-26
-0.548859,8.64634,1.40896e-26
-0.548859,9.10976,1.11626e-26
-0.548859,9.57317,8.84013e-27
-0.548859,10.0366,7.02806e-27
-0.548859,10.5,5.6229e-27
-0.548859,10.9634,4.52088e-27
-0.548859,11.4268,3.65374e-27
-0.548859,11.8902,2.96865e-27
-0.548859,12.3537,2.42494e-27
-0.548859,12.8171,1.99188e-27
-0.548859,13.2805,1.64514e-27
-0.548859,13.7439,1.36564e-27
-0.548859,14.2073,1.1391e-27
-0.548859,14.6707,9.54287e-28
-0.548859,15.1341,8.03144e-28
-0.548859,15.5976,6.78946e-28
-0.548859,16.061,5.76089e-28
-0.548859,16.5244,4.90515e-28
-0.548859,16.9878,4.19318e-28
-0.548859,17.4512,3.59829e-28
-0.548859,17.9146,3.09912e-28
-0.548859,18.378,2.67856e-28
-0.548859,18.8415,2.32294e-28
-0.548859,19.3049,2.02111e-28
-0.548859,19.7683,1.76401e-28
-0.524473,1.23171,7.24328e-26
-0.524473,1.69512,9.93341e-27
-0.524473,2.15854,2.68521e-26
-0.524473,2.62195,1.88731e-26
-0.524473,3.08537,2.54646e-26
-0.524473,3.54878,9.88084e-28
-0.524473,4.0122,8.49234e-27
-0.524473,4.47561,2.84532e-26
-0.524473,4.93902,4.18745e-26
-0.524473,5.40244,4.5659e-26
-0.524473,5.86585,4.31182e-26
-0.524473,6.32927,3.76985e-26
-0.524473,6.79268,3.16502e-26
-0.524473,7.2561,2.59118e-26
-0.524473,7.71951,2.09126e-26
-0.524473,8.18293,1.67537e-26
-0.524473,8.64634,1.33834e-26
-0.524473,9.10976,1.0685e-26
-0.524473,9.57317,8.53814e-27
-0.524473,10.0366,6.85031e-27
-0.524473,10.5,5.52788e-27
-0.524473,10.9634,4.48319e-27
-0.524473,11.4268,3.65489e-27
-0.524473,11.8902,2.99539e-27
-0.524473,12.3537,2.46798e-27
-0.524473,12.8171,2.04467e-27
-0.524473,13.2805,1.70311e-27
-0.524473,13.7439,1.4257e-27
-0.524473,14.2073,1.19918e-27
-0.524473,14.6707,1.01309e-27
-0.524473,15.1341,8.59751e-28
-0.524473,15.5976,7.32791e-28
-0.524473,16.061,6.26932e-28
-0.524473,16.5244,5.38268e-28
-0.524473,16.9878,4.63936e-28
-0.524473,17.4512,4.01358e-28
-0.524473,17.9146,3.48436e-28
-0.524473,18.378,3.03477e-28
-0.524473,18.8415,2.65192e-28
-0.524473,19.3049,2.3247e-28
-0.524473,19.7683,2.04407e-28
-0.500087,1.23171,5.17341e-26
-0.500087,1.69512,1.70872e-27
-0.500087,2.15854,1.28031e-26
-0.500087,2.62195,2.4636e-26
-0.500087,3.08537,1.90952e-26
-0.500087,3.54878,1.50785e-28
-0.500087,4.0122,1.09917e-26
-0.500087,4.47561,2.92804e-26
-0.500087,4.93902,4.0269e-26
-0.500087,5.40244,4.27266e-26
-0.500087,5.86585,3.99215e-26
-0.500087,6.32927,3.48238e-26
-0.500087,6.79268,2.92691e-26
-0.500087,7.2561,2.40525e-26
-0.500087,7.71951,1.95143e-26
-0.500087,8.18293,1.57331e-26
-0.500087,8.64634,1.26569e-26
-0.500087,9.10976,1.01879e-26
-0.500087,9.57317,8.21664e-27
-0.500087,10.0366,6.65399e-27
-0.500087,10.5,5.41594e-27
-0.500087,10.9634,4.43042e-27
-0.500087,11.4268,3.64285e-27
-0.500087,11.8902,3.01079e-27
-0.500087,12.3537,2.50144e-27
-0.500087,12.8171,2.08946e-27
-0.500087,13.2805,1.75451e-27
-0.500087,13.7439,1.48043e-27
-0.500087,14.2073,1.25501e-27
-0.500087,14.6707,1.06861e-27
-0.500087,15.1341,9.1388e-28
-0.500087,15.5976,7.84843e-28
-0.500087,16.061,6.76573e-28
-0.500087,16.5244,5.85325e-28
-0.500087,16.9878,5.08277e-28
-0.500087,17.4512,4.42953e-28
-0.500087,17.9146,3.87302e-28
-0.500087,18.378,3.39649e-28
-0.500087,18.8415,2.98806e-28
-0.500087,19.3049,2.63676e-28
-0.500087,19.7683,2.33357e-28
-0.475701,1.23171,1.02689e-26
-0.475701,1.69512,1.3458e-26
-0.475701,2.15854,4.54408e-27
-0.475701,2.62195,2.67143e-26
-0.475701,3.08537,1.29224e-26
-0.475701,3.54878,4.26118e-28
-0.475701,4.0122,1.33294e-26
-0.475701,4.47561,2.96012e-26
-0.475701,4.93902,3.83673e-26
-0.475701,5.40244,3.97305e-26
-0.475701,5.86585,3.67727e-26
-0.475701,6.32927,3.20155e-26
-0.475701,6.79268,2.69364e-26
-0.475701,7.2561,2.22106e-26
-0.475701,7.71951,1.81046e-26
-0.475701,8.18293,1.46792e-26
-0.475701,8.64634,1.18831e-26
-0.475701,9.10976,9.63491e-27
-0.475701,9.57317,7.83554e-27
-0.475701,10.0366,6.39833e-27
-0.475701,10.5,5.24751e-27
-0.475701,10.9634,4.32518e-27
-0.475701,11.4268,3.58291e-27
-0.475701,11.8902,2.983e-27
-0.475701,12.3537,2.49627e-27
-0.475701,12.8171,2.0999e-27
-0.475701,13.2805,1.77549e-27
-0.475701,13.7439,1.50831e-27
-0.475701,14.2073,1.28718e-27
-0.475701,14.6707,1.10332e-27
-0.475701,15.1341,9.49727e-28
-0.475701,15.5976,8.20839e-28
-0.475701,16.061,7.12126e-28
-0.475701,16.5244,6.2004e-28
-0.475701,16.9878,5.41802e-28
-0.475701,17.4512,4.75069e-28
-0.475701,17.9146,4.1785e-28
-0.475701,18.378,3.68513e-28
-0.475701,18.8415,3.25994e-28
-0.475701,19.3049,2.89226e-28
-0.475701,19.7683,2.57326e-28
-0.451315,1.23171,1.91385e-26
-0.451315,1.69512,2.7407e-26
-0.451315,2.15854,2.78642e-27
-0.451315,2.62195,2.69057e-26
-0.451315,3.08537,9.50334e-27
-0.451315,3.54878,1.05444e-27
-0.451315,4.0122,1.33446e-26
-0.451315,4.47561,2.71589e-26
-0.451315,4.93902,3.432e-26
-0.451315,5.40244,3.5332e-26
-0.451315,5.86585,3.27839e-26
-0.451315,6.32927,2.87325e-26
-0.451315,6.79268,2.43558e-26
-0.451315,7.2561,2.02537e-26
-0.451315,7.71951,1.66556e-26
-0.451315,8.18293,1.36274e-26
-0.451315,8.64634,1.11327e-26
-0.451315,9.10976,9.11482e-27
-0.451315,9.57317,7.49033e-27
-0.451315,10.0366,6.17884e-27
-0.451315,10.5,5.11432e-27
-0.451315,10.9634,4.25336e-27
-0.451315,11.4268,3.5542e-27
-0.451315,11.8902,2.98413e-27
-0.451315,12.3537,2.51773e-27
-0.451315,12.8171,2.13481e-27
-0.451315,13.2805,1.81892e-27
-0.451315,13.7439,1.55676e-27
-0.451315,14.2073,1.33822e-27
-0.451315,14.6707,1.15535e-27
-0.451315,15.1341,1.00149e-27
-0.451315,15.5976,8.71475e-28
-0.451315,16.061,7.61173e-28
-0.451315,16.5244,6.67218e-28
-0.451315,16.9878,5.86855e-28
-0.451315,17.4512,5.17857e-28
-0.451315,17.9146,4.58287e-28
-0.451315,18.378,4.06535e-28
-0.451315,18.8415,3.61673e-28
-0.451315,19.3049,3.22657e-28
-0.451315,19.7683,2.88619e-28
-0.426929,1.23171,4.23864e-26
-0.426929,1.69512,2.70662e-26
-0.426929,2.15854,6.00614e-27
-0.426929,2.62195,2.6087e-26
-0.426929,3.08537,6.95603e-27
-0.426929,3.54878,1.92555e-27
-0.426929,4.0122,1.37495e-26
-0.426929,4.47561,2.56104e-26
-0.426929,4.93902,3.14194e-26
-0.426929,5.40244,3.19916e-26
-0.426929,5.86585,2.9597e-26
-0.426929,6.32927,2.59698e-26
-0.426929,6.79268,2.20947e-26
-0.426929,7.2561,1.84725e-26
-0.426929,7.71951,1.52923e-26
-0.426929,8.18293,1.26018e-26
-0.426929,8.64634,1.03716e-26
-0.426929,9.10976,8.55258e-27
-0.426929,9.57317,7.0755e-27
-0.426929,10.0366,5.87568e-27
-0.426929,10.5,4.89674e-27
-0.426929,10.9634,4.09978e-27
-0.426929,11.4268,3.44802e-27
-0.426929,11.8902,2.91287e-27
-0.426929,12.3537,2.47241e-27
-0.426929,12.8171,2.10881e-27
-0.426929,13.2805,1.80725e-27
-0.426929,13.7439,1.55553e-27
-0.426929,14.2073,1.34455e-27
-0.426929,14.6707,1.16716e-27
-0.426929,15.1341,1.01709e-27
-0.426929,15.5976,8.896e-28
-0.426929,16.061,7.80872e-28
-0.426929,16.5244,6.87779e-28
-0.426929,16.9878,6.07766e-28
-0.426929,17.4512,5.38744e-28
-0.426929,17.9146,4.78877e-28
-0.426929,18.378,4.26629e-28
-0.426929,18.8415,3.81139e-28
-0.426929,19.3049,3.41408e-28
-0.426929,19.7683,3.06602e-28
-0.402543,1.23171,2.55169e-26
-0.402543,1.69512,2.32593e-26
-0.402543,2.15854,1.00829e-26
-0.402543,2.62195,2.30727e-26
-0.402543,3.08537,4.28453e-27
-0.402543,3.54878,3.54892e-27
-0.402543,4.0122,1.56711e-26
-0.402543,4.47561,2.59361e-26
-0.402543,4.93902,3.03004e-26
-0.402543,5.40244,3.01009e-26
-0.402543,5.86585,2.74767e-26
-0.402543,6.32927,2.39338e-26
-0.402543,6.79268,2.02936e-26
-0.402543,7.2561,1.69554e-26
-0.402543,7.71951,1.40559e-26
-0.402543,8.18293,1.16114e-26
-0.402543,8.64634,9.58686e-27
-0.402543,9.10976,7.93098e-27
-0.402543,9.57317,6.581e-27
-0.402543,10.0366,5.4828e-27
-0.402543,10.5,4.58626e-27
-0.402543,10.9634,3.8543e-27
-0.402543,11.4268,3.2535e-27
-0.402543,11.8902,2.7583e-27
-0.402543,12.3537,2.34946e-27
-0.402543,12.8171,2.01108e-27
-0.402543,13.2805,1.72967e-27
-0.402543,13.7439,1.49399e-27
-0.402543,14.2073,1.29583e-27
-0.402543,14.6707,1.12879e-27
-0.402543,15.1341,9.8701e-28
-0.402543,15.5976,8.66165e-28
-0.402543,16.061,7.62746e-28
-0.402543,16.5244,6.73898e-28
-0.402543,16.9878,5.973e-28
-0.402543,17.4512,5.31026e-28
-0.402543,17.9146,4.73375e-28
-0.402543,18.378,4.2292e-28
-0.402543,18.8415,3.78866e-28
-0.402543,19.3049,3.40282e-28
-0.402543,19.7683,3.06389e-28
-0.378157,1.23171,1.35677e-26
-0.378157,1.69512,2.22837e-26
-0.378157,2.15854,1.35645e-26
-0.378157,2.62195,1.99572e-26
-0.378157,3.08537,2.6472e-27
-0.378157,3.54878,5.50544e-27
-0.378157,4.0122,1.75286e-26
-0.378157,4.47561,2.62243e-26
-0.378157,4.93902,2.92614e-26
-0.378157,5.40244,2.83611e-26
-0.378157,5.86585,2.55225e-26
-0.378157,6.32927,2.2046e-26
-0.378157,6.79268,1.86085e-26
-0.378157,7.2561,1.55197e-26
-0.378157,7.71951,1.28695e-26
-0.378157,8.18293,1.06465e-26
-0.378157,8.64634,8.80957e-27
-0.378157,9.10976,7.30467e-27
-0.378157,9.57317,6.07416e-27
-0.378157,10.0366,5.07273e-27
-0.378157,10.5,4.25556e-27
-0.378157,10.9634,3.5871e-27
-0.378157,11.4268,3.03687e-27
-0.378157,11.8902,2.58197e-27
-0.378157,12.3537,2.20553e-27
-0.378157,12.8171,1.89337e-27
-0.378157,13.2805,1.63325e-27
-0.378157,13.7439,1.41482e-27
-0.378157,14.2073,1.2307e-27
-0.378157,14.6707,1.0752e-27
-0.378157,15.1341,9.42836e-28
-0.378157,15.5976,8.29716e-28
-0.378157,16.061,7.32625e-28
-0.378157,16.5244,6.48974e-28
-0.378157,16.9878,5.76671e-28
-0.378157,17.4512,5.13957e-28
-0.378157,17.9146,4.59271e-28
-0.378157,18.378,4.11299e-28
-0.378157,18.8415,3.69313e-28
-0.378157,19.3049,3.32454e-28
-0.378157,19.7683,3.00001e-28
-0.353771,1.23171,4.05257e-26
-0.353771,1.69512,2.4474e-26
-0.353771,2.15854,1.753e-26
-0.353771,2.62195,1.77906e-26
-0.353771,3.08537,1.93192e-27
-0.353771,3.54878,7.1492e-27
-0.353771,4.0122,1.8531e-26
-0.353771,4.47561,2.57371e-26
-0.353771,4.93902,2.77033e-26
-0.353771,5.40244,2.63267e-26
-0.353771,5.86585,2.34226e-26
-0.353771,6.32927,2.00987e-26
-0.353771,6.79268,1.6908e-26
-0.353771,7.2561,1.40877e-26
-0.353771,7.71951,1.16923e-26
-0.353771,8.18293,9.69041e-27
-0.353771,8.64634,8.03847e-27
-0.353771,9.10976,6.68199e-27
-0.353771,9.57317,5.56898e-27
-0.353771,10.0366,4.66248e-27
-0.353771,10.5,3.92298e-27
-0.353771,10.9634,3.31676e-27
-0.353771,11.4268,2.81628e-27
-0.353771,11.8902,2.4012e-27
-0.353771,12.3537,2.05688e-27
-0.353771,12.8171,1.77082e-27
-0.353771,13.2805,1.53196e-27
-0.353771,13.7439,1.33085e-27
-0.353771,14.2073,1.16091e-27
-0.353771,14.6707,1.01711e-27
-0.353771,15.1341,8.94377e-28
-0.353771,15.5976,7.89202e-28
-0.353771,16.061,6.98671e-28
-0.353771,16.5244,6.20451e-28
-0.353771,16.9878,5.52674e-28
-0.353771,17.4512,4.93741e-28
-0.353771,17.9146,4.42231e-28
-0.353771,18.378,3.96943e-28
-0.353771,18.8415,3.57214e-28
-0.353771,19.3049,3.22258e-28
-0.353771,19.7683,2.91413e-28
-0.329385,1.23171,5.13092e-26
-0.329385,1.69512,2.12657e-26
-0.329385,2.15854,2.41324e-26
-0.329385,2.62195,1.47603e-26
-0.329385,3.08537,1.61347e-27
-0.329385,3.54878,9.64248e-27
-0.329385,4.0122,2.04072e-26
-0.329385,4.47561,2.60383e-26
-0.329385,4.93902,2.68195e-26
-0.329385,5.40244,2.48431e-26
-0.329385,5.86585,2.17528e-26
-0.329385,6.32927,1.84749e-26
-0.329385,6.79268,1.54416e-26
-0.329385,7.2561,1.2816e-26
-0.329385,7.71951,1.0615e-26
-0.329385,8.18293,8.78927e-27
-0.329385,8.64634,7.28971e-27
-0.329385,9.10976,6.06294e-27
-0.329385,9.57317,5.05879e-27
-0.329385,10.0366,4.24143e-27
-0.329385,10.5,3.57419e-27
-0.329385,10.9634,3.02701e-27
-0.329385,11.4268,2.57513e-27
-0.329385,11.8902,2.20015e-27
-0.329385,12.3537,1.88865e-27
-0.329385,12.8171,1.62938e-27
-0.329385,13.2805,1.41248e-27
-0.329385,13.7439,1.22956e-27
-0.329385,14.2073,1.07473e-27
-0.329385,14.6707,9.43564e-28
-0.329385,15.1341,8.31402e-28
-0.329385,15.5976,7.35104e-28
-0.329385,16.061,6.51992e-28
-0.329385,16.5244,5.79983e-28
-0.329385,16.9878,5.17487e-28
-0.329385,17.4512,4.6306e-28
-0.329385,17.9146,4.15393e-28
-0.329385,18.378,3.73377e-28
-0.329385,18.8415,3.36467e-28
-0.329385,19.3049,3.03946e-28
-0.329385,19.7683,2.75212e-28
-0.304999,1.23171,1.5451e-26
-0.304999,1.69512,1.11012e-26
-0.304999,2.15854,2.99518e-26
-0.304999,2.62195,9.33138e-27
-0.304999,3.08537,2.74245e-27
-0.304999,3.54878,1.40245e-26
-0.304999,4.0122,2.37106e-26
-0.304999,4.47561,2.73506e-26
-0.304999,4.93902,2.66595e-26
-0.304999,5.40244,2.3879e-26
-0.304999,5.86585,2.04521e-26
-0.304999,6.32927,1.71086e-26
-0.304999,6.79268,1.415e-26
-0.304999,7.2561,1.1658e-26
-0.304999,7.71951,9.6068e-27
-0.304999,8.18293,7.92545e-27
-0.304999,8.64634,6.55614e-27
-0.304999,9.10976,5.44439e-27
-0.304999,9.57317,4.53972e-27
-0.304999,10.0366,3.80549e-27
-0.304999,10.5,3.20669e-27
-0.304999,10.9634,2.71643e-27
-0.304999,11.4268,2.31226e-27
-0.304999,11.8902,1.97732e-27
-0.304999,12.3537,1.69908e-27
-0.304999,12.8171,1.46735e-27
-0.304999,13.2805,1.27333e-27
-0.304999,13.7439,1.10962e-27
-0.304999,14.2073,9.70997e-28
-0.304999,14.6707,8.53518e-28
-0.304999,15.1341,7.52978e-28
-0.304999,15.5976,6.6658e-28
-0.304999,16.061,5.91868e-28
-0.304999,16.5244,5.27006e-28
-0.304999,16.9878,4.7067e-28
-0.304999,17.4512,4.21568e-28
-0.304999,17.9146,3.78509e-28
-0.304999,18.378,3.40477e-28
-0.304999,18.8415,3.07045e-28
-0.304999,19.3049,2.77571e-28
-0.304999,19.7683,2.5151e-28
-0.280613,1.23171,1.20733e-26
-0.280613,1.69512,5.90517e-27
-0.280613,2.15854,3.17382e-26
-0.280613,2.62195,4.36048e-27
-0.280613,3.08537,5.89647e-27
-0.280613,3.54878,1.88543e-26
-0.280613,4.0122,2.65714e-26
-0.280613,4.47561,2.80672e-26
-0.280613,4.93902,2.60272e-26
-0.280613,5.40244,2.26018e-26
-0.280613,5.86585,1.89633e-26
-0.280613,6.32927,1.56382e-26
-0.280613,6.79268,1.28053e-26
-0.280613,7.2561,1.04766e-26
-0.280613,7.71951,8.5911e-27
-0.280613,8.18293,7.06255e-27
-0.280613,8.64634,5.82747e-27
-0.280613,9.10976,4.83188e-27
-0.280613,9.57317,4.02632e-27
-0.280613,10.0366,3.37436e-27
-0.280613,10.5,2.84313e-27
-0.280613,10.9634,2.40888e-27
-0.280613,11.4268,2.05152e-27
-0.280613,11.8902,1.75576e-27
-0.280613,12.3537,1.5101e-27
-0.280613,12.8171,1.30536e-27
-0.280613,13.2805,1.13383e-27
-0.280613,13.7439,9.89032e-28
-0.280613,14.2073,8.66367e-28
-0.280613,14.6707,7.62396e-28
-0.280613,15.1341,6.73347e-28
-0.280613,15.5976,5.96761e-28
-0.280613,16.061,5.3041e-28
-0.280613,16.5244,4.72693e-28
-0.280613,16.9878,4.22529e-28
-0.280613,17.4512,3.78776e-28
-0.280613,17.9146,3.4036e-28
-0.280613,18.378,3.06362e-28
-0.280613,18.8415,2.76461e-28
-0.280613,19.3049,2.50083e-28
-0.280613,19.7683,2.26747e-28
-0.256227,1.23171,6.13858e-26
-0.256227,1.69512,1.78866e-26
-0.256227,2.15854,2.79101e-26
-0.256227,2.62195,1.58121e-27
-0.256227,3.08537,1.04831e-26
-0.256227,3.54878,2.31185e-26
-0.256227,4.0122,2.82729e-26
-0.256227,4.47561,2.77666e-26
-0.256227,4.93902,2.4684e-26
-0.256227,5.40244,2.08762e-26
-0.256227,5.86585,1.72094e-26
-0.256227,6.32927,1.40197e-26
-0.256227,6.79268,1.13836e-26
-0.256227,7.2561,9.2593e-27
-0.256227,7.71951,7.56283e-27
-0.256227,8.18293,6.1999e-27
-0.256227,8.64634,5.10573e-27
-0.256227,9.10976,4.22908e-27
-0.256227,9.57317,3.52312e-27
-0.256227,10.0366,2.95299e-27
-0.256227,10.5,2.48859e-27
-0.256227,10.9634,2.1094e-27
-0.256227,11.4268,1.79775e-27
-0.256227,11.8902,1.54011e-27
-0.256227,12.3537,1.32605e-27
-0.256227,12.8171,1.14751e-27
-0.256227,13.2805,9.97767e-28
-0.256227,13.7439,8.71295e-28
-0.256227,14.2073,7.64089e-28
-0.256227,14.6707,6.73193e-28
-0.256227,15.1341,5.95273e-28
-0.256227,15.5976,5.28194e-28
-0.256227,16.061,4.69964e-28
-0.256227,16.5244,4.19207e-28
-0.256227,16.9878,3.75057e-28
-0.256227,17.4512,3.3652e-28
-0.256227,17.9146,3.0264e-28
-0.256227,18.378,2.72595e-28
-0.256227,18.8415,2.46154e-28
-0.256227,19.3049,2.22814e-28
-0.256227,19.7683,2.02154e-28
-0.231841,1.23171,7.30657e-26
-0.231841,1.69512,4.22994e-26
-0.231841,2.15854,1.63586e-26
-0.231841,2.62195,2.72967e-27
-0.231841,3.08537,1.79613e-26
-0.231841,3.54878,2.83539e-26
-0.231841,4.0122,3.02108e-26
-0.231841,4.47561,2.75432e-26
-0.231841,4.93902,2.3398e-26
-0.231841,5.40244,1.92191e-26
-0.231841,5.86585,1.55368e-26
-0.231841,6.32927,1.24884e-26
-0.231841,6.79268,1.00394e-26
-0.231841,7.2561,8.1067e-27
-0.231841,7.71951,6.5859e-27
-0.231841,8.18293,5.3782e-27
-0.231841,8.64634,4.41694e-27
-0.231841,9.10976,3.65168e-27
-0.231841,9.57317,3.03845e-27
-0.231841,10.0366,2.54489e-27
-0.231841,10.5,2.14416e-27
-0.231841,10.9634,1.8175e-27
-0.231841,11.4268,1.54927e-27
-0.231841,11.8902,1.3276e-27
-0.231841,12.3537,1.14354e-27
-0.231841,12.8171,9.89978e-28
-0.231841,13.2805,8.61131e-28
-0.231841,13.7439,7.52325e-28
-0.231841,14.2073,6.60069e-28
-0.231841,14.6707,5.81744e-28
-0.231841,15.1341,5.14601e-28
-0.231841,15.5976,4.56796e-28
-0.231841,16.061,4.06603e-28
-0.231841,16.5244,3.62836e-28
-0.231841,16.9878,3.24759e-28
-0.231841,17.4512,2.91515e-28
-0.231841,17.9146,2.6232e-28
-0.231841,18.378,2.3651e-28
-0.231841,18.8415,2.13775e-28
-0.231841,19.3049,1.93691e-28
-0.231841,19.7683,1.75896e-28
-0.207455,1.23171,2.0558e-26
-0.207455,1.69512,5.61618e-26
-0.207455,2.15854,4.71827e-27
-0.207455,2.62195,9.51648e-27
-0.207455,3.08537,2.64075e-26
-0.207455,3.54878,3.25414e-26
-0.207455,4.0122,3.09434e-26
-0.207455,4.47561,2.64501e-26
-0.207455,4.93902,2.1574e-26
-0.207455,5.40244,1.72583e-26
-0.207455,5.86585,1.37075e-26
-0.207455,6.32927,1.08865e-26
-0.207455,6.79268,8.67179e-27
-0.207455,7.2561,6.95548e-27
-0.207455,7.71951,5.62237e-27
-0.207455,8.18293,4.57507e-27
-0.207455,8.64634,3.74818e-27
-0.207455,9.10976,3.0935e-27
-0.207455,9.57317,2.5711e-27
-0.207455,10.0366,2.15197e-27
-0.207455,10.5,1.81293e-27
-0.207455,10.9634,1.53695e-27
-0.207455,11.4268,1.3104e-27
-0.207455,11.8902,1.12316e-27
-0.207455,12.3537,9.67777e-28
-0.207455,12.8171,8.3809e-28
-0.207455,13.2805,7.29228e-28
-0.207455,13.7439,6.37318e-28
-0.207455,14.2073,5.59365e-28
-0.207455,14.6707,4.93057e-28
-0.207455,15.1341,4.36228e-28
-0.207455,15.5976,3.87308e-28
-0.207455,16.061,3.44838e-28
-0.207455,16.5244,3.07809e-28
-0.207455,16.9878,2.75592e-28
-0.207455,17.4512,2.47459e-28
-0.207455,17.9146,2.22801e-28
-0.207455,18.378,2.01105e-28
-0.207455,18.8415,1.81976e-28
-0.207455,19.3049,1.65059e-28
-0.207455,19.7683,1.50056e-28
-0.183069,1.23171,7.1117e-27
-0.183069,1.69512,4.35644e-26
-0.183069,2.15854,1.24399e-27
-0.183069,2.62195,2.10319e-26
-0.183069,3.08537,3.41833e-26
-0.183069,3.54878,3.49267e-26
-0.183069,4.0122,3.02346e-26
-0.183069,4.47561,2.44513e-26
-0.183069,4.93902,1.92428e-26
-0.183069,5.40244,1.50355e-26
-0.183069,5.86585,1.17551e-26
-0.183069,6.32927,9.23597e-27
-0.183069,6.79268,7.2962e-27
-0.183069,7.2561,5.81645e-27
-0.183069,7.71951,4.68009e-27
-0.183069,8.18293,3.79594e-27
-0.183069,8.64634,3.10291e-27
-0.183069,9.10976,2.55693e-27
-0.183069,9.57317,2.12291e-27
-0.183069,10.0366,1.77572e-27
-0.183069,10.5,1.49583e-27
-0.183069,10.9634,1.26831e-27
-0.183069,11.4268,1.08156e-27
-0.183069,11.8902,9.27195e-28
-0.183069,12.3537,7.99162e-28
-0.183069,12.8171,6.92263e-28
-0.183069,13.2805,6.02488e-28
-0.183069,13.7439,5.2671e-28
-0.183069,14.2073,4.6242e-28
-0.183069,14.6707,4.07634e-28
-0.183069,15.1341,3.60689e-28
-0.183069,15.5976,3.20286e-28
-0.183069,16.061,2.85217e-28
-0.183069,16.5244,2.54647e-28
-0.183069,16.9878,2.28048e-28
-0.183069,17.4512,2.0482e-28
-0.183069,17.9146,1.845e-28
-0.183069,18.378,1.6671e-28
-0.183069,18.8415,1.5101e-28
-0.183069,19.3049,1.37112e-28
-0.183069,19.7683,1.24774e-28
-0.158683,1.23171,6.96856e-26
-0.158683,1.69512,1.53183e-26
-0.158683,2.15854,1.06396e-26
-0.158683,2.62195,3.42388e-26
-0.158683,3.08537,3.95219e-26
-0.158683,3.54878,3.49712e-26
-0.158683,4.0122,2.80294e-26
-0.158683,4.47561,2.16276e-26
-0.158683,4.93902,1.65017e-26
-0.158683,5.40244,1.26319e-26
-0.158683,5.86585,9.74051e-27
-0.158683,6.32927,7.58145e-27
-0.158683,6.79268,5.94529e-27
-0.158683,7.2561,4.71382e-27
-0.158683,7.71951,3.77735e-27
-0.158683,8.18293,3.05487e-27
-0.158683,8.64634,2.49218e-27
-0.158683,9.10976,2.05082e-27
-0.158683,9.57317,1.70114e-27
-0.158683,10.0366,1.42214e-27
-0.158683,10.5,1.19795e-27
-0.158683,10.9634,1.0159e-27
-0.158683,11.4268,8.66491e-28
-0.158683,11.8902,7.4295e-28
-0.158683,12.3537,6.40534e-28
-0.158683,12.8171,5.5499e-28
-0.158683,13.2805,4.83113e-28
-0.158683,13.7439,4.22456e-28
-0.158683,14.2073,3.7098e-28
-0.158683,14.6707,3.27032e-28
-0.158683,15.1341,2.89385e-28
-0.158683,15.5976,2.56989e-28
-0.158683,16.061,2.28879e-28
-0.158683,16.5244,2.0438e-28
-0.158683,16.9878,1.83064e-28
-0.158683,17.4512,1.64448e-28
-0.158683,17.9146,1.48196e-28
-0.158683,18.378,1.3404e-28
-0.158683,18.8415,1.21535e-28
-0.158683,19.3049,1.10456e-28
-0.158683,19.7683,1.00613e-28
-0.134297,1.23171,1.01513e-25
-0.134297,1.69512,5.54602e-28
-0.134297,2.15854,3.00578e-26
-0.134297,2.62195,4.48089e-26
-0.134297,3.08537,4.09514e-26
-0.134297,3.54878,3.24388e-26
-0.134297,4.0122,2.44025e-26
-0.134297,4.47561,1.81218e-26
-0.134297,4.93902,1.34898e-26
-0.134297,5.40244,1.01519e-26
-0.134297,5.86585,7.73381e-27
-0.134297,6.32927,5.96683e-27
-0.134297,6.79268,4.65091e-27
-0.134297,7.2561,3.67145e-27
-0.134297,7.71951,2.93274e-27
-0.134297,8.18293,2.36576e-27
-0.134297,8.64634,1.92591e-27
-0.134297,9.10976,1.58307e-27
-0.134297,9.57317,1.31301e-27
-0.134297,10.0366,1.09781e-27
-0.134297,10.5,9.24688e-28
-0.134297,10.9634,7.84253e-28
-0.134297,11.4268,6.69012e-28
-0.134297,11.8902,5.73702e-28
-0.134297,12.3537,4.94726e-28
-0.134297,12.8171,4.28866e-28
-0.134297,13.2805,3.73602e-28
-0.134297,13.7439,3.26947e-28
-0.134297,14.2073,2.87312e-28
-0.134297,14.6707,2.53357e-28
-0.134297,15.1341,2.24268e-28
-0.134297,15.5976,1.99233e-28
-0.134297,16.061,1.77515e-28
-0.134297,16.5244,1.58591e-28
-0.134297,16.9878,1.4212e-28
-0.134297,17.4512,1.2773e-28
-0.134297,17.9146,1.15178e-28
-0.134297,18.378,1.04276e-28
-0.134297,18.8415,9.46377e-29
-0.134297,19.3049,8.60907e-29
-0.134297,19.7683,7.849e-29
-0.109911,1.23171,4.67872e-26
-0.109911,1.69512,1.68574e-26
-0.109911,2.15854,4.99732e-26
-0.109911,2.62195,4.90358e-26
-0.109911,3.08537,3.8013e-26
-0.109911,3.54878,2.76753e-26
-0.109911,4.0122,1.97856e-26
-0.109911,4.47561,1.42547e-26
-0.109911,4.93902,1.04105e-26
-0.109911,5.40244,7.72829e-27
-0.109911,5.86585,5.82807e-27
-0.109911,6.32927,4.46205e-27
-0.109911,6.79268,3.46151e-27
-0.109911,7.2561,2.72339e-27
-0.109911,7.71951,2.1704e-27
-0.109911,8.18293,1.74712e-27
-0.109911,8.64634,1.41947e-27
-0.109911,9.10976,1.16584e-27
-0.109911,9.57317,9.67413e-28
-0.109911,10.0366,8.09339e-28
-0.109911,10.5,6.81713e-28
-0.109911,10.9634,5.78263e-28
-0.109911,11.4268,4.93372e-28
-0.109911,11.8902,4.23145e-28
-0.109911,12.3537,3.64974e-28
-0.109911,12.8171,3.16592e-28
-0.109911,13.2805,2.76088e-28
-0.109911,13.7439,2.4187e-28
-0.109911,14.2073,2.12753e-28
-0.109911,14.6707,1.87702e-28
-0.109911,15.1341,1.66234e-28
-0.109911,15.5976,1.47753e-28
-0.109911,16.061,1.31723e-28
-0.109911,16.5244,1.17758e-28
-0.109911,16.9878,1.05596e-28
-0.109911,17.4512,9.49651e-29
-0.109911,17.9146,8.56954e-29
-0.109911,18.378,7.76563e-29
-0.109911,18.8415,7.05427e-29
-0.109911,19.3049,6.42293e-29
-0.109911,19.7683,5.86103e-29
-0.0855255,1.23171,4.53858e-28
-0.0855255,1.69512,5.04191e-26
-0.0855255,2.15854,5.94721e-26
-0.0855255,2.62195,4.52618e-26
-0.0855255,3.08537,3.12863e-26
-0.0855255,3.54878,2.14187e-26
-0.0855255,4.0122,1.47376e-26
-0.0855255,4.47561,1.03815e-26
-0.0855255,4.93902,7.47705e-27
-0.0855255,5.40244,5.49514e-27
-0.0855255,5.86585,4.11287e-27
-0.0855255,6.32927,3.1308e-27
-0.0855255,6.79268,2.42082e-27
-0.0855255,7.2561,1.9004e-27
-0.0855255,7.71951,1.51236e-27
-0.0855255,8.18293,1.21572e-27
-0.0855255,8.64634,9.86323e-28
-0.0855255,9.10976,8.09809e-28
-0.0855255,9.57317,6.72545e-28
-0.0855255,10.0366,5.63162e-28
-0.0855255,10.5,4.74476e-28
-0.0855255,10.9634,4.02615e-28
-0.0855255,11.4268,3.43624e-28
-0.0855255,11.8902,2.94796e-28
-0.0855255,12.3537,2.54353e-28
-0.0855255,12.8171,2.20799e-28
-0.0855255,13.2805,1.9277e-28
-0.0855255,13.7439,1.69069e-28
-0.0855255,14.2073,1.48868e-28
-0.0855255,14.6707,1.31409e-28
-0.0855255,15.1341,1.16441e-28
-0.0855255,15.5976,1.03551e-28
-0.0855255,16.061,9.23712e-29
-0.0855255,16.5244,8.26334e-29
-0.0855255,16.9878,7.4148e-29
-0.0855255,17.4512,6.67265e-29
-0.0855255,17.9146,6.02568e-29
-0.0855255,18.378,5.46548e-29
-0.0855255,18.8415,4.96933e-29
-0.0855255,19.3049,4.52862e-29
-0.0855255,19.7683,4.13604e-29
-0.0611395,1.23171,3.38003e-26
-0.0611395,1.69512,7.42394e-26
-0.0611395,2.15854,5.58123e-26
-0.0611395,2.62195,3.59629e-26
-0.0611395,3.08537,2.29181e-26
-0.0611395,3.54878,1.49998e-26
-0.0611395,4.0122,1.00272e-26
-0.0611395,4.47561,6.94647e-27
-0.0611395,4.93902,4.9527e-27
-0.0611395,5.40244,3.61283e-27
-0.0611395,5.86585,2.68855e-27
-0.0611395,6.32927,2.03743e-27
-0.0611395,6.79268,1.57168e-27
-0.0611395,7.2561,1.2319e-27
-0.0611395,7.71951,9.79432e-28
-0.0611395,8.18293,7.86506e-28
-0.0611395,8.64634,6.37347e-28
-0.0611395,9.10976,5.23196e-28
-0.0611395,9.57317,4.3493e-28
-0.0611395,10.0366,3.6455e-28
-0.0611395,10.5,3.07231e-28
-0.0611395,10.9634,2.60794e-28
-0.0611395,11.4268,2.22655e-28
-0.0611395,11.8902,1.91066e-28
-0.0611395,12.3537,1.64902e-28
-0.0611395,12.8171,1.43248e-28
-0.0611395,13.2805,1.252e-28
-0.0611395,13.7439,1.09924e-28
-0.0611395,14.2073,9.68826e-29
-0.0611395,14.6707,8.55599e-29
-0.0611395,15.1341,7.58499e-29
-0.0611395,15.5976,6.74841e-29
-0.0611395,16.061,6.023e-29
-0.0611395,16.5244,5.39128e-29
-0.0611395,16.9878,4.84052e-29
-0.0611395,17.4512,4.35854e-29
-0.0611395,17.9146,3.93853e-29
-0.0611395,18.378,3.57543e-29
-0.0611395,18.8415,3.2536e-29
-0.0611395,19.3049,2.96748e-29
-0.0611395,19.7683,2.71242e-29
-0.0367535,1.23171,9.86388e-26
-0.0367535,1.69512,7.52857e-26
-0.0367535,2.15854,4.34253e-26
-0.0367535,2.62195,2.4974e-26
-0.0367535,3.08537,1.49993e-26
-0.0367535,3.54878,9.48574e-27
-0.0367535,4.0122,6.20175e-27
-0.0367535,4.47561,4.23766e-27
-0.0367535,4.93902,2.99423e-27
-0.0367535,5.40244,2.1682e-27
-0.0367535,5.86585,1.60482e-27
-0.0367535,6.32927,1.21147e-27
-0.0367535,6.79268,9.32059e-28
-0.0367535,7.2561,7.2901e-28
-0.0367535,7.71951,5.78544e-28
-0.0367535,8.18293,4.63995e-28
-0.0367535,8.64634,3.7569e-28
-0.0367535,9.10976,3.08304e-28
-0.0367535,9.57317,2.56345e-28
-0.0367535,10.0366,2.1492e-28
-0.0367535,10.5,1.81093e-28
-0.0367535,10.9634,1.53704e-28
-0.0367535,11.4268,1.31206e-28
-0.0367535,11.8902,1.12565e-28
-0.0367535,12.3537,9.71326e-29
-0.0367535,12.8171,8.43848e-29
-0.0367535,13.2805,7.37777e-29
-0.0367535,13.7439,6.4799e-29
-0.0367535,14.2073,5.71322e-29
-0.0367535,14.6707,5.0477e-29
-0.0367535,15.1341,4.4768e-29
-0.0367535,15.5976,3.98476e-29
-0.0367535,16.061,3.55759e-29
-0.0367535,16.5244,3.18511e-29
-0.0367535,16.9878,2.86031e-29
-0.0367535,17.4512,2.57605e-29
-0.0367535,17.9146,2.32795e-29
-0.0367535,18.378,2.11272e-29
-0.0367535,18.8415,1.922e-29
-0.0367535,19.3049,1.7525e-29
-0.0367535,19.7683,1.60145e-29
-0.0123675,1.23171,1.12433e-25
-0.0123675,1.69512,5.57641e-26
-0.0123675,2.15854,2.78472e-26
-0.0123675,2.62195,1.49839e-26
-0.0123675,3.08537,8.68261e-27
-0.0123675,3.54878,5.37589e-27
-0.0123675,4.0122,3.46814e-27
-0.0123675,4.47561,2.34931e-27
-0.0123675,4.93902,1.65001e-27
-0.0123675,5.40244,1.18822e-27
-0.0123675,5.86585,8.76228e-28
-0.0123675,6.32927,6.60037e-28
-0.0123675,6.79268,5.06855e-28
-0.0123675,7.2561,3.95755e-28
-0.0123675,7.71951,3.13502e-28
-0.0123675,8.18293,2.51231e-28
-0.0123675,8.64634,2.03433e-28
-0.0123675,9.10976,1.66958e-28
-0.0123675,9.57317,1.38828e-28
-0.0123675,10.0366,1.16404e-28
-0.0123675,10.5,9.80624e-29
-0.0123675,10.9634,8.32189e-29
-0.0123675,11.4268,7.10212e-29
-0.0123675,11.8902,6.09095e-29
-0.0123675,12.3537,5.25428e-29
-0.0123675,12.8171,4.56389e-29
-0.0123675,13.2805,3.98999e-29
-0.0123675,13.7439,3.50428e-29
-0.0123675,14.2073,3.08993e-29
-0.0123675,14.6707,2.73163e-29
-0.0123675,15.1341,2.42411e-29
-0.0123675,15.5976,2.15893e-29
-0.0123675,16.061,1.92811e-29
-0.0123675,16.5244,1.72628e-29
-0.0123675,16.9878,1.55029e-29
-0.0123675,17.4512,1.39626e-29
-0.0123675,17.9146,1.2614e-29
-0.0123675,18.378,1.14347e-29
-0.0123675,18.8415,1.03909e-29
-0.0123675,19.3049,9.46426e-30
-0.0123675,19.7683,8.63936e-30
