-0.987502,1.25,400.588
-0.987502,1.75,220.245
-0.987502,2.25,139.956
-0.987502,2.75,26.9322
-0.987502,3.25,23.7986
-0.987502,3.75,41.3805
-0.987502,4.25,34.9022
-0.987502,4.75,12.371
-0.987502,5.25,2.85443
-0.987502,5.75,4.18735
-0.987502,6.25,7.64196
-0.987502,6.75,9.53783
-0.987502,7.25,9.69674
-0.987502,7.75,8.86611
-0.987502,8.25,7.70367
-0.987502,8.75,6.55817
-0.987502,9.25,5.56967
-0.987502,9.75,4.76314
-0.987502,10.25,4.11266
-0.987502,10.75,3.58988
-0.987502,11.25,3.1713
-0.987502,11.75,2.8339
-0.987502,12.25,2.55458
-0.987502,12.75,2.31972
-0.987502,13.25,2.11949
-0.987502,13.75,1.94558
-0.987502,14.25,1.79244
-0.987502,14.75,1.65575
-0.987502,15.25,1.53362
-0.987502,15.75,1.42385
-0.987502,16.25,1.32336
-0.987502,16.75,1.23202
-0.987502,17.25,1.14901
-0.987502,17.75,1.07335
-0.987502,18.25,1.00141
-0.987502,18.75,0.935561
-0.987502,19.25,0.875331
-0.987502,19.75,0.820139
-0.987502,20.25,0.771047
-0.987502,20.75,0.72681
-0.962507,1.25,404.202
-0.962507,1.75,224.474
-0.962507,2.25,140.97
-0.962507,2.75,35.8106
-0.962507,3.25,25.7054
-0.962507,3.75,26.5881
-0.962507,4.25,36.3319
-0.962507,4.75,25.3528
-0.962507,5.25,11.2215
-0.962507,5.75,4.92075
-0.962507,6.25,4.3679
-0.962507,6.75,5.62065
-0.962507,7.25,6.67943
-0.962507,7.75,7.04851
-0.962507,8.25,6.86042
-0.962507,8.75,6.356
-0.962507,9.25,5.72802
-0.962507,9.75,5.08922
-0.962507,10.25,4.48872
-0.962507,10.75,3.95175
-0.962507,11.25,3.48952
-0.962507,11.75,3.09893
-0.962507,12.25,2.76694
-0.962507,12.75,2.48484
-0.962507,13.25,2.24457
-0.962507,13.75,2.03789
-0.962507,14.25,1.85861
-0.962507,14.75,1.70145
-0.962507,15.25,1.5636
-0.962507,15.75,1.44193
-0.962507,16.25,1.33256
-0.962507,16.75,1.2347
-0.962507,17.25,1.14701
-0.962507,17.75,1.06806
-0.962507,18.25,0.993932
-0.962507,18.75,0.926682
-0.962507,19.25,0.865646
-0.962507,19.75,0.810079
-0.962507,20.25,0.760903
-0.962507,20.75,0.716785
-0.937511,1.25,405.744
-0.937511,1.75,223.7
-0.937511,2.25,139.576
-0.937511,2.75,40.5288
-0.937511,3.25,33.2284
-0.937511,3.75,16.7839
-0.937511,4.25,27.137
-0.937511,4.75,29.367
-0.937511,5.25,20.0358
-0.937511,5.75,10.9525
-0.937511,6.25,6.26439
-0.937511,6.75,4.82705
-0.937511,7.25,4.81185
-0.937511,7.75,5.10652
-0.937511,8.25,5.27634
-0.937511,8.75,5.23121
-0.937511,9.25,5.0153
-0.937511,9.75,4.69451
-0.937511,10.25,4.31806
-0.937511,10.75,3.92759
-0.937511,11.25,3.55436
-0.937511,11.75,3.21243
-0.937511,12.25,2.90313
-0.937511,12.75,2.62711
-0.937511,13.25,2.38268
-0.937511,13.75,2.16662
-0.937511,14.25,1.97554
-0.937511,14.75,1.80594
-0.937511,15.25,1.65585
-0.937511,15.75,1.52268
-0.937511,16.25,1.40316
-0.937511,16.75,1.29629
-0.937511,17.25,1.20065
-0.937511,17.75,1.11476
-0.937511,18.25,1.0348
-0.937511,18.75,0.962536
-0.937511,19.25,0.897192
-0.937511,19.75,0.83793
-0.937511,20.25,0.785439
-0.937511,20.75,0.738381
-0.912515,1.25,414.656
-0.912515,1.75,224.341
-0.912515,2.25,140.332
-0.912515,2.75,46.6648
-0.912515,3.25,46.0184
-0.912515,3.75,16.3102
-0.912515,4.25,14.7967
-0.912515,4.75,23.9565
-0.912515,5.25,23.7764
-0.912515,5.75,17.6054
-0.912515,6.25,11.5692
-0.912515,6.75,7.69662
-0.912515,7.25,5.71932
-0.912515,7.75,4.85084
-0.912515,8.25,4.49443
-0.912515,8.75,4.3152
-0.912515,9.25,4.16657
-0.912515,9.75,3.99439
-0.912515,10.25,3.78331
-0.912515,10.75,3.54393
-0.912515,11.25,3.29567
-0.912515,11.75,3.04989
-0.912515,12.25,2.81288
-0.912515,12.75,2.58881
-0.912515,13.25,2.37981
-0.912515,13.75,2.18778
-0.912515,14.25,2.01243
-0.912515,14.75,1.85278
-0.912515,15.25,1.7082
-0.912515,15.75,1.57742
-0.912515,16.25,1.45891
-0.912515,16.75,1.35167
-0.912515,17.25,1.25461
-0.912515,17.75,1.16665
-0.912515,18.25,1.08474
-0.912515,18.75,1.01027
-0.912515,19.25,0.942585
-0.912515,19.75,0.880939
-0.912515,20.25,0.825753
-0.912515,20.75,0.775905
-0.88752,1.25,431.329
-0.88752,1.75,220.243
-0.88752,2.25,142.762
-0.88752,2.75,54.6252
-0.88752,3.25,60.5796
-0.88752,3.75,27.0362
-0.88752,4.25,7.81365
-0.88752,4.75,12.1952
-0.88752,5.25,18.7177
-0.88752,5.75,19.1828
-0.88752,6.25,15.9853
-0.88752,6.75,12.1601
-0.88752,7.25,9.08578
-0.88752,7.75,6.97096
-0.88752,8.25,5.61403
-0.88752,8.75,4.75483
-0.88752,9.25,4.19722
-0.88752,9.75,3.80698
-0.88752,10.25,3.50012
-0.88752,10.75,3.23764
-0.88752,11.25,3.00531
-0.88752,11.75,2.79251
-0.88752,12.25,2.59513
-0.88752,12.75,2.41019
-0.88752,13.25,2.23608
-0.88752,13.75,2.07458
-0.88752,14.25,1.92522
-0.88752,14.75,1.78746
-0.88752,15.25,1.66067
-0.88752,15.75,1.54418
-0.88752,16.25,1.43779
-0.88752,16.75,1.34028
-0.88752,17.25,1.25083
-0.88752,17.75,1.16876
-0.88752,18.25,1.09199
-0.88752,18.75,1.02149
-0.88752,19.25,0.956789
-0.88752,19.75,0.897349
-0.88752,20.25,0.84335
-0.88752,20.75,0.794011
-0.862524,1.25,432.533
-0.862524,1.75,198.462
-0.862524,2.25,147.059
-0.862524,2.75,64.1909
-0.862524,3.25,71.5658
-0.862524,3.75,44.9374
-0.862524,4.25,14.7009
-0.862524,4.75,3.64817
-0.862524,5.25,7.11371
-0.862524,5.75,12.0683
-0.862524,6.25,13.9903
-0.862524,6.75,13.3728
-0.862524,7.25,11.6359
-0.862524,7.75,9.70757
-0.862524,8.25,7.99947
-0.862524,8.75,6.62547
-0.862524,9.25,5.57377
-0.862524,9.75,4.77373
-0.862524,10.25,4.15078
-0.862524,10.75,3.65723
-0.862524,11.25,3.26308
-0.862524,11.75,2.93897
-0.862524,12.25,2.66803
-0.862524,12.75,2.43541
-0.862524,13.25,2.2308
-0.862524,13.75,2.0514
-0.862524,14.25,1.8926
-0.862524,14.75,1.75114
-0.862524,15.25,1.62398
-0.862524,15.75,1.50909
-0.862524,16.25,1.40617
-0.862524,16.75,1.31272
-0.862524,17.25,1.22736
-0.862524,17.75,1.14921
-0.862524,18.25,1.07675
-0.862524,18.75,1.01016
-0.862524,19.25,0.948915
-0.862524,19.75,0.892505
-0.862524,20.25,0.840712
-0.862524,20.75,0.793006
-0.837528,1.25,424.999
-0.837528,1.75,216.781
-0.837528,2.25,146.004
-0.837528,2.75,88.1723
-0.837528,3.25,70.2192
-0.837528,3.75,46.8083
-0.837528,4.25,41.5958
-0.837528,4.75,23.3668
-0.837528,5.25,7.30064
-0.837528,5.75,0.740565
-0.837528,6.25,0.401763
-0.837528,6.75,2.20541
-0.837528,7.25,4.03399
-0.837528,7.75,5.22737
-0.837528,8.25,5.76836
-0.837528,8.75,5.83817
-0.837528,9.25,5.63182
-0.837528,9.75,5.2806
-0.837528,10.25,4.85952
-0.837528,10.75,4.4226
-0.837528,11.25,4.00654
-0.837528,11.75,3.62147
-0.837528,12.25,3.27465
-0.837528,12.75,2.96348
-0.837528,13.25,2.68392
-0.837528,13.75,2.43738
-0.837528,14.25,2.22003
-0.837528,14.75,2.02826
-0.837528,15.25,1.85848
-0.837528,15.75,1.70776
-0.837528,16.25,1.57523
-0.837528,16.75,1.45709
-0.837528,17.25,1.35109
-0.837528,17.75,1.25568
-0.837528,18.25,1.1693
-0.837528,18.75,1.09108
-0.837528,19.25,1.02007
-0.837528,19.75,0.955419
-0.837528,20.25,0.896427
-0.837528,20.75,0.842461
-0.812533,1.25,432.917
-0.812533,1.75,222.112
-0.812533,2.25,152.437
-0.812533,2.75,94.0905
-0.812533,3.25,69.9424
-0.812533,3.75,46.9249
-0.812533,4.25,42.8116
-0.812533,4.75,25.2923
-0.812533,5.25,8.85745
-0.812533,5.75,1.28514
-0.812533,6.25,0.0685424
-0.812533,6.75,1.41112
-0.812533,7.25,3.1259
-0.812533,7.75,4.40808
-0.812533,8.25,5.11913
-0.812533,8.75,5.36918
-0.812533,9.25,5.31772
-0.812533,9.75,5.08835
-0.812533,10.25,4.75973
-0.812533,10.75,4.38989
-0.812533,11.25,4.01987
-0.812533,11.75,3.6662
-0.812533,12.25,3.33913
-0.812533,12.75,3.0397
-0.812533,13.25,2.76656
-0.812533,13.75,2.52244
-0.812533,14.25,2.3045
-0.812533,14.75,2.10957
-0.812533,15.25,1.93584
-0.812533,15.75,1.78077
-0.812533,16.25,1.64349
-0.812533,16.75,1.52064
-0.812533,17.25,1.41014
-0.812533,17.75,1.31048
-0.812533,18.25,1.2207
-0.812533,18.75,1.13933
-0.812533,19.25,1.06536
-0.812533,19.75,0.997954
-0.812533,20.25,0.936362
-0.812533,20.75,0.879962
-0.787537,1.25,418.387
-0.787537,1.75,231.218
-0.787537,2.25,160.978
-0.787537,2.75,99.3314
-0.787537,3.25,70.067
-0.787537,3.75,49.1602
-0.787537,4.25,43.9263
-0.787537,4.75,25.6226
-0.787537,5.25,9.21031
-0.787537,5.75,1.56733
-0.787537,6.25,0.13818
-0.787537,6.75,1.29077
-0.787537,7.25,2.9041
-0.787537,7.75,4.16913
-0.787537,8.25,4.91341
-0.787537,8.75,5.21772
-0.787537,9.25,5.22058
-0.787537,9.75,5.03819
-0.787537,10.25,4.74859
-0.787537,10.75,4.40914
-0.787537,11.25,4.06082
-0.787537,11.75,3.72291
-0.787537,12.25,3.40585
-0.787537,12.75,3.11243
-0.787537,13.25,2.84262
-0.787537,13.75,2.59948
-0.787537,14.25,2.38053
-0.787537,14.75,2.18257
-0.787537,15.25,2.00537
-0.787537,15.75,1.84662
-0.787537,16.25,1.7053
-0.787537,16.75,1.57845
-0.787537,17.25,1.46412
-0.787537,17.75,1.36086
-0.787537,18.25,1.26832
-0.787537,18.75,1.18435
-0.787537,19.25,1.10793
-0.787537,19.75,1.03821
-0.787537,20.25,0.9744
-0.787537,20.75,0.915895
-0.762541,1.25,412.985
-0.762541,1.75,247.897
-0.762541,2.25,167.521
-0.762541,2.75,105.292
-0.762541,3.25,70.1459
-0.762541,3.75,51.5339
-0.762541,4.25,45.0111
-0.762541,4.75,25.9877
-0.762541,5.25,9.66746
-0.762541,5.75,1.99779
-0.762541,6.25,0.366854
-0.762541,6.75,1.31222
-0.762541,7.25,2.7934
-0.762541,7.75,4.00789
-0.762541,8.25,4.7561
-0.762541,8.75,5.09217
-0.762541,9.25,5.13373
-0.762541,9.75,4.98825
-0.762541,10.25,4.73167
-0.762541,10.75,4.4195
-0.762541,11.25,4.09167
-0.762541,11.75,3.76949
-0.762541,12.25,3.46313
-0.762541,12.75,3.17675
-0.762541,13.25,2.91147
-0.762541,13.75,2.67052
-0.762541,14.25,2.45166
-0.762541,14.75,2.25162
-0.762541,15.25,2.07177
-0.762541,15.75,1.91004
-0.762541,16.25,1.76524
-0.762541,16.75,1.63486
-0.762541,17.25,1.51711
-0.762541,17.75,1.41056
-0.762541,18.25,1.31556
-0.762541,18.75,1.22925
-0.762541,19.25,1.15058
-0.762541,19.75,1.07872
-0.762541,20.25,1.01282
-0.762541,20.75,0.952313
-0.737546,1.25,440.136
-0.737546,1.75,266.235
-0.737546,2.25,171.346
-0.737546,2.75,111.423
-0.737546,3.25,70.3033
-0.737546,3.75,54.0898
-0.737546,4.25,46.07
-0.737546,4.75,26.3763
-0.737546,5.25,10.2061
-0.737546,5.75,2.56104
-0.737546,6.25,0.751678
-0.737546,6.75,1.48232
-0.737546,7.25,2.80914
-0.737546,7.75,3.942
-0.737546,8.25,4.66573
-0.737546,8.75,5.01156
-0.737546,9.25,5.07628
-0.737546,9.75,4.95739
-0.737546,10.25,4.72632
-0.737546,10.75,4.43598
-0.737546,11.25,4.12515
-0.737546,11.75,3.81477
-0.737546,12.25,3.51651
-0.737546,12.75,3.23592
-0.737546,13.25,2.97523
-0.737546,13.75,2.73676
-0.737546,14.25,2.51868
-0.737546,14.75,2.31787
-0.737546,15.25,2.13653
-0.737546,15.75,1.97282
-0.737546,16.25,1.82512
-0.737546,16.75,1.69162
-0.737546,17.25,1.57079
-0.737546,17.75,1.46124
-0.737546,18.25,1.36354
-0.737546,18.75,1.27465
-0.737546,19.25,1.19351
-0.737546,19.75,1.11931
-0.737546,20.25,1.05116
-0.737546,20.75,0.988509
-0.71255,1.25,482.178
-0.71255,1.75,279.396
-0.71255,2.25,172.439
-0.71255,2.75,117.196
-0.71255,3.25,70.6704
-0.71255,3.75,56.7947
-0.71255,4.25,47.0983
-0.71255,4.75,26.8109
-0.71255,5.25,10.8429
-0.71255,5.75,3.25934
-0.71255,6.25,1.28855
-0.71255,6.75,1.79765
-0.71255,7.25,2.95045
-0.71255,7.75,3.97364
-0.71255,8.25,4.64707
-0.71255,8.75,4.98208
-0.71255,9.25,5.05487
-0.71255,9.75,4.95205
-0.71255,10.25,4.7385
-0.71255,10.75,4.46383
-0.71255,11.25,4.16579
-0.71255,11.75,3.86243
-0.71255,12.25,3.5689
-0.71255,12.75,3.29216
-0.71255,13.25,3.03559
-0.71255,13.75,2.79947
-0.71255,14.25,2.58248
-0.71255,14.75,2.38205
-0.71255,15.25,2.20023
-0.71255,15.75,2.03543
-0.71255,16.25,1.88528
-0.71255,16.75,1.749
-0.71255,17.25,1.62537
-0.71255,17.75,1.51306
-0.71255,18.25,1.41232
-0.71255,18.75,1.32051
-0.71255,19.25,1.23663
-0.71255,19.75,1.15985
-0.71255,20.25,1.08925
-0.71255,20.75,1.02428
-0.687555,1.25,500.713
-0.687555,1.75,283.725
-0.687555,2.25,171.613
-0.687555,2.75,122.179
-0.687555,3.25,71.3916
-0.687555,3.75,59.5881
-0.687555,4.25,48.0784
-0.687555,4.75,27.3022
-0.687555,5.25,11.596
-0.687555,5.75,4.09998
-0.687555,6.25,1.97613
-0.687555,6.75,2.2555
-0.687555,7.25,3.21417
-0.687555,7.75,4.10305
-0.687555,8.25,4.70248
-0.687555,8.75,5.00614
-0.687555,9.25,5.0705
-0.687555,9.75,4.97125
-0.687555,10.25,4.76609
-0.687555,10.75,4.50068
-0.687555,11.25,4.21105
-0.687555,11.75,3.91175
-0.687555,12.25,3.62105
-0.687555,12.75,3.34703
-0.687555,13.25,3.09403
-0.687555,13.75,2.86004
-0.687555,14.25,2.64417
-0.687555,14.75,2.44426
-0.687555,15.25,2.2622
-0.687555,15.75,2.09659
-0.687555,16.25,1.94421
-0.687555,16.75,1.80534
-0.687555,17.25,1.67911
-0.687555,17.75,1.56422
-0.687555,18.25,1.46056
-0.687555,18.75,1.36596
-0.687555,19.25,1.27943
-0.687555,19.75,1.20017
-0.687555,20.25,1.12718
-0.687555,20.75,1.05996
-0.662559,1.25,484.424
-0.662559,1.75,279.743
-0.662559,2.25,169.252
-0.662559,2.75,125.962
-0.662559,3.25,73.1591
-0.662559,3.75,62.8936
-0.662559,4.25,48.6942
-0.662559,4.75,27.2354
-0.662559,5.25,11.9536
-0.662559,5.75,4.78657
-0.662559,6.25,2.70022
-0.662559,6.75,2.8582
-0.662559,7.25,3.66346
-0.662559,7.75,4.41765
-0.662559,8.25,4.92395
-0.662559,8.75,5.1703
-0.662559,9.25,5.1998
-0.662559,9.75,5.08048
-0.662559,10.25,4.86386
-0.662559,10.75,4.59167
-0.662559,11.25,4.29784
-0.662559,11.75,3.99272
-0.662559,12.25,3.69727
-0.662559,12.75,3.42024
-0.662559,13.25,3.16655
-0.662559,13.75,2.93148
-0.662559,14.25,2.71429
-0.662559,14.75,2.5131
-0.662559,15.25,2.32944
-0.662559,15.75,2.16199
-0.662559,16.25,2.00655
-0.662559,16.75,1.86445
-0.662559,17.25,1.73512
-0.662559,17.75,1.61727
-0.662559,18.25,1.51037
-0.662559,18.75,1.41272
-0.662559,19.25,1.32335
-0.662559,19.75,1.24143
-0.662559,20.25,1.16593
-0.662559,20.75,1.09636
-0.637563,1.25,469.348
-0.637563,1.75,272.686
-0.637563,2.25,168.433
-0.637563,2.75,128.299
-0.637563,3.25,75.2121
-0.637563,3.75,65.8609
-0.637563,4.25,49.4445
-0.637563,4.75,27.6572
-0.637563,5.25,12.7681
-0.637563,5.75,5.78554
-0.637563,6.25,3.61415
-0.637563,6.75,3.5728
-0.637563,7.25,4.17905
-0.637563,7.75,4.77542
-0.637563,8.25,5.17231
-0.637563,8.75,5.34769
-0.637563,9.25,5.33644
-0.637563,9.75,5.19528
-0.637563,10.25,4.96587
-0.637563,10.75,4.68562
-0.637563,11.25,4.38701
-0.637563,11.75,4.07732
-0.637563,12.25,3.77829
-0.637563,12.75,3.49849
-0.637563,13.25,3.24286
-0.637563,13.75,3.0057
-0.637563,14.25,2.78653
-0.637563,14.75,2.58388
-0.637563,15.25,2.39849
-0.637563,15.75,2.2291
-0.637563,16.25,2.07149
-0.637563,16.75,1.92712
-0.637563,17.25,1.79546
-0.637563,17.75,1.6753
-0.637563,18.25,1.56515
-0.637563,18.75,1.46438
-0.637563,19.25,1.37208
-0.637563,19.75,1.28742
-0.637563,20.25,1.20915
-0.637563,20.75,1.13686
-0.612568,1.25,491.447
-0.612568,1.75,270.809
-0.612568,2.25,169.466
-0.612568,2.75,129.2
-0.612568,3.25,78.2739
-0.612568,3.75,68.8846
-0.612568,4.25,49.9997
-0.612568,4.75,27.949
-0.612568,5.25,13.533
-0.612568,5.75,6.80916
-0.612568,6.25,4.60952
-0.612568,6.75,4.40423
-0.612568,7.25,4.82461
-0.612568,7.75,5.2638
-0.612568,8.25,5.53781
-0.612568,8.75,5.62172
-0.612568,9.25,5.55396
-0.612568,9.75,5.37866
-0.612568,10.25,5.12495
-0.612568,10.75,4.82626
-0.612568,11.25,4.51452
-0.612568,11.75,4.19511
-0.612568,12.25,3.88842
-0.612568,12.75,3.60178
-0.612568,13.25,3.33934
-0.612568,13.75,3.09614
-0.612568,14.25,2.87192
-0.612568,14.75,2.66573
-0.612568,15.25,2.4769
-0.612568,15.75,2.30418
-0.612568,16.25,2.14434
-0.612568,16.75,1.9979
-0.612568,17.25,1.86412
-0.612568,17.75,1.74178
-0.612568,18.25,1.6279
-0.612568,18.75,1.52354
-0.612568,19.25,1.42789
-0.612568,19.75,1.34011
-0.612568,20.25,1.25855
-0.612568,20.75,1.18297
-0.587572,1.25,531.25
-0.587572,1.75,278.47
-0.587572,2.25,174.397
-0.587572,2.75,128.944
-0.587572,3.25,82.0531
-0.587572,3.75,71.6833
-0.587572,4.25,50.4281
-0.587572,4.75,28.305
-0.587572,5.25,14.4157
-0.587572,5.75,7.95153
-0.587572,6.25,5.71685
-0.587572,6.75,5.34283
-0.587572,7.25,5.56962
-0.587572,7.75,5.84069
-0.587572,8.25,5.97841
-0.587572,8.75,5.95758
-0.587572,9.25,5.82236
-0.587572,9.75,5.60368
-0.587572,10.25,5.31771
-0.587572,10.75,4.9939
-0.587572,11.25,4.66368
-0.587572,11.75,4.3303
-0.587572,12.25,4.01259
-0.587572,12.75,3.71646
-0.587572,13.25,3.44508
-0.587572,13.75,3.19416
-0.587572,14.25,2.96359
-0.587572,14.75,2.75288
-0.587572,15.25,2.55986
-0.587572,15.75,2.38322
-0.587572,16.25,2.22075
-0.587572,16.75,2.07196
-0.587572,17.25,1.9358
-0.587572,17.75,1.8111
-0.587572,18.25,1.69322
-0.587572,18.75,1.58503
-0.587572,19.25,1.48584
-0.587572,19.75,1.39478
-0.587572,20.25,1.30973
-0.587572,20.75,1.23068
-0.562576,1.25,540.734
-0.562576,1.75,294.671
-0.562576,2.25,182.753
-0.562576,2.75,128.016
-0.562576,3.25,86.1563
-0.562576,3.75,74.1457
-0.562576,4.25,51.0098
-0.562576,4.75,29.0618
-0.562576,5.25,15.6641
-0.562576,5.75,9.35562
-0.562576,6.25,7.00036
-0.562576,6.75,6.40467
-0.562576,7.25,6.40442
-0.562576,7.75,6.48495
-0.562576,8.25,6.46922
-0.562576,8.75,6.33074
-0.562576,9.25,6.11948
-0.562576,9.75,5.85127
-0.562576,10.25,5.52811
-0.562576,10.75,5.17526
-0.562576,11.25,4.82359
-0.562576,11.75,4.47398
-0.562576,12.25,4.14356
-0.562576,12.75,3.83661
-0.562576,13.25,3.55522
-0.562576,13.75,3.29577
-0.562576,14.25,3.05824
-0.562576,14.75,2.84265
-0.562576,15.25,2.64515
-0.562576,15.75,2.46437
-0.562576,16.25,2.29918
-0.562576,16.75,2.14798
-0.562576,17.25,2.00944
-0.562576,17.75,1.88238
-0.562576,18.25,1.76036
-0.562576,18.75,1.64822
-0.562576,19.25,1.54539
-0.562576,19.75,1.45094
-0.562576,20.25,1.3623
-0.562576,20.75,1.27965
-0.537581,1.25,510.199
-0.537581,1.75,313.57
-0.537581,2.25,192.995
-0.537581,2.75,127.477
-0.537581,3.25,91.5725
-0.537581,3.75,76.4302
-0.537581,4.25,51.0859
-0.537581,4.75,29.3842
-0.537581,5.25,16.642
-0.537581,5.75,10.6475
-0.537581,6.25,8.28924
-0.537581,6.75,7.54443
-0.537581,7.25,7.35438
-0.537581,7.75,7.25762
-0.537581,8.25,7.09125
-0.537581,8.75,6.83297
-0.537581,9.25,6.53179
-0.537581,9.75,6.19595
-0.537581,10.25,5.82135
-0.537581,10.75,5.42908
-0.537581,11.25,5.04686
-0.537581,11.75,4.6733
-0.537581,12.25,4.32358
-0.537581,12.75,4.00033
-0.537581,13.25,3.70442
-0.537581,13.75,3.43261
-0.537581,14.25,3.18438
-0.537581,14.75,2.95937
-0.537581,15.25,2.75357
-0.537581,15.75,2.56538
-0.537581,16.25,2.39405
-0.537581,16.75,2.23738
-0.537581,17.25,2.09384
-0.537581,17.75,1.96218
-0.537581,18.25,1.83579
-0.537581,18.75,1.71962
-0.537581,19.25,1.61303
-0.537581,19.75,1.51511
-0.537581,20.25,1.42311
-0.537581,20.75,1.33727
-0.512585,1.25,488.911
-0.512585,1.75,324.468
-0.512585,2.25,203.638
-0.512585,2.75,127.469
-0.512585,3.25,96.6532
-0.512585,3.75,78.4652
-0.512585,4.25,51.7973
-0.512585,4.75,30.5448
-0.512585,5.25,18.2889
-0.512585,5.75,12.3882
-0.512585,6.25,9.85863
-0.512585,6.75,8.85329
-0.512585,7.25,8.40692
-0.512585,7.75,8.09518
-0.512585,8.25,7.76254
-0.512585,8.75,7.38076
-0.512585,9.25,6.97965
-0.512585,9.75,6.56496
-0.512585,10.25,6.13362
-0.512585,10.75,5.70097
-0.512585,11.25,5.28763
-0.512585,11.75,4.88992
-0.512585,12.25,4.52076
-0.512585,12.75,4.18109
-0.512585,13.25,3.87066
-0.512585,13.75,3.58641
-0.512585,14.25,3.32678
-0.512585,14.75,3.09017
-0.512585,15.25,2.87416
-0.512585,15.75,2.67692
-0.512585,16.25,2.49727
-0.512585,16.75,2.3331
-0.512585,17.25,2.1828
-0.512585,17.75,2.04504
-0.512585,18.25,1.91491
-0.512585,18.75,1.79534
-0.512585,19.25,1.68555
-0.512585,19.75,1.5846
-0.512585,20.25,1.49
-0.512585,20.75,1.40184
-0.487589,1.25,512.362
-0.487589,1.75,322.979
-0.487589,2.25,212.483
-0.487589,2.75,129.087
-0.487589,3.25,102.304
-0.487589,3.75,80.0614
-0.487589,4.25,52.098
-0.487589,4.75,31.4311
-0.487589,5.25,19.7812
-0.487589,5.75,14.0744
-0.487589,6.25,11.4465
-0.487589,6.75,10.2266
-0.487589,7.25,9.54852
-0.487589,7.75,9.03137
-0.487589,8.25,8.53239
-0.487589,8.75,8.0215
-0.487589,9.25,7.51075
-0.487589,9.75,7.00663
-0.487589,10.25,6.50898
-0.487589,10.75,6.02754
-0.487589,11.25,5.57564
-0.487589,11.75,5.14736
-0.487589,12.25,4.75324
-0.487589,12.75,4.39247
-0.487589,13.25,4.06347
-0.487589,13.75,3.76337
-0.487589,14.25,3.48941
-0.487589,14.75,3.23856
-0.487589,15.25,3.01011
-0.487589,15.75,2.80194
-0.487589,16.25,2.61234
-0.487589,16.75,2.43927
-0.487589,17.25,2.28101
-0.487589,17.75,2.13612
-0.487589,18.25,2.00152
-0.487589,18.75,1.87794
-0.487589,19.25,1.76441
-0.487589,19.75,1.65995
-0.487589,20.25,1.56237
-0.487589,20.75,1.47156
-0.462594,1.25,545.757
-0.462594,1.75,311.004
-0.462594,2.25,218.062
-0.462594,2.75,131.377
-0.462594,3.25,107.028
-0.462594,3.75,81.725
-0.462594,4.25,53.3689
-0.462594,4.75,33.3388
-0.462594,5.25,22.0311
-0.462594,5.75,16.2536
-0.462594,6.25,13.3377
-0.462594,6.75,11.7836
-0.462594,7.25,10.8024
-0.462594,7.75,10.0383
-0.462594,8.25,9.34896
-0.462594,8.75,8.69487
-0.462594,9.25,8.06425
-0.462594,9.75,7.46361
-0.462594,10.25,6.89556
-0.462594,10.75,6.36307
-0.462594,11.25,5.87112
-0.462594,11.75,5.41135
-0.462594,12.25,4.99165
-0.462594,12.75,4.60928
-0.462594,13.25,4.26129
-0.462594,13.75,3.945
-0.462594,14.25,3.65639
-0.462594,14.75,3.39089
-0.462594,15.25,3.14966
-0.462594,15.75,2.93025
-0.462594,16.25,2.73043
-0.462594,16.75,2.5482
-0.462594,17.25,2.38179
-0.462594,17.75,2.22957
-0.462594,18.25,2.09053
-0.462594,18.75,1.96295
-0.462594,19.25,1.84569
-0.462594,19.75,1.73774
-0.462594,20.25,1.6372
-0.462594,20.75,1.54379
-0.437598,1.25,548.882
-0.437598,1.75,302.582
-0.437598,2.25,219.826
-0.437598,2.75,133.611
-0.437598,3.25,111.209
-0.437598,3.75,83.974
-0.437598,4.25,55.7601
-0.437598,4.75,36.2452
-0.437598,5.25,25
-0.437598,5.75,18.9231
-0.437598,6.25,15.5749
-0.437598,6.75,13.589
-0.437598,7.25,12.2411
-0.437598,7.75,11.1858
-0.437598,8.25,10.2741
-0.437598,8.75,9.45257
-0.437598,9.25,8.68986
-0.437598,9.75,7.98638
-0.437598,10.25,7.34093
-0.437598,10.75,6.74972
-0.437598,11.25,6.2115
-0.437598,11.75,5.71547
-0.437598,12.25,5.2662
-0.437598,12.75,4.85886
-0.437598,13.25,4.48898
-0.437598,13.75,4.15404
-0.437598,14.25,3.8488
-0.437598,14.75,3.56738
-0.437598,15.25,3.31223
-0.437598,15.75,3.08055
-0.437598,16.25,2.86958
-0.437598,16.75,2.67736
-0.437598,17.25,2.50198
-0.437598,17.75,2.34169
-0.437598,18.25,2.19655
-0.437598,18.75,2.06345
-0.437598,19.25,1.94109
-0.437598,19.75,1.82842
-0.437598,20.25,1.7234
-0.437598,20.75,1.62575
-0.412603,1.25,518.992
-0.412603,1.75,301.883
-0.412603,2.25,218.261
-0.412603,2.75,140.964
-0.412603,3.25,116.895
-0.412603,3.75,84.9228
-0.412603,4.25,56.1147
-0.412603,4.75,37.3751
-0.412603,5.25,26.7238
-0.412603,5.75,20.8427
-0.412603,6.25,17.4426
-0.412603,6.75,15.2651
-0.412603,7.25,13.6937
-0.412603,7.75,12.4239
-0.412603,8.25,11.3252
-0.412603,8.75,10.3472
-0.412603,9.25,9.45823
-0.412603,9.75,8.65272
-0.412603,10.25,7.92272
-0.412603,10.75,7.26103
-0.412603,11.25,6.66469
-0.412603,11.75,6.12151
-0.412603,12.25,5.63257
-0.412603,12.75,5.19107
-0.412603,13.25,4.79105
-0.412603,13.75,4.43011
-0.412603,14.25,4.10193
-0.412603,14.75,3.79956
-0.412603,15.25,3.52601
-0.412603,15.75,3.27806
-0.412603,16.25,3.05242
-0.412603,16.75,2.84705
-0.412603,17.25,2.65989
-0.412603,17.75,2.48901
-0.412603,18.25,2.33441
-0.412603,18.75,2.19274
-0.412603,19.25,2.06258
-0.412603,19.75,1.94278
-0.412603,20.25,1.8306
-0.412603,20.75,1.72601
-0.387607,1.25,503.541
-0.387607,1.75,316.61
-0.387607,2.25,214.468
-0.387607,2.75,149.703
-0.387607,3.25,121.521
-0.387607,3.75,85.8117
-0.387607,4.25,57.0621
-0.387607,4.75,39.1334
-0.387607,5.25,28.9193
-0.387607,5.75,23.083
-0.387607,6.25,19.5301
-0.387607,6.75,17.0935
-0.387607,7.25,15.2563
-0.387607,7.75,13.7449
-0.387607,8.25,12.4418
-0.387607,8.75,11.2957
-0.387607,9.25,10.2725
-0.387607,9.75,9.3593
-0.387607,10.25,8.54012
-0.387607,10.75,7.80402
-0.387607,11.25,7.14635
-0.387607,11.75,6.55349
-0.387607,12.25,6.02271
-0.387607,12.75,5.5451
-0.387607,13.25,5.1131
-0.387607,13.75,4.72455
-0.387607,14.25,4.37199
-0.387607,14.75,4.04728
-0.387607,15.25,3.75409
-0.387607,15.75,3.4888
-0.387607,16.25,3.24748
-0.387607,16.75,3.02808
-0.387607,17.25,2.82834
-0.387607,17.75,2.64613
-0.387607,18.25,2.48144
-0.387607,18.75,2.33061
-0.387607,19.25,2.19212
-0.387607,19.75,2.06471
-0.387607,20.25,1.94485
-0.387607,20.75,1.83281
-0.362611,1.25,539.644
-0.362611,1.75,341.007
-0.362611,2.25,211.634
-0.362611,2.75,159.515
-0.362611,3.25,125.204
-0.362611,3.75,86.6261
-0.362611,4.25,58.3775
-0.362611,4.75,41.2658
-0.362611,5.25,31.3892
-0.362611,5.75,25.5137
-0.362611,6.25,21.76
-0.362611,6.75,19.032
-0.362611,7.25,16.9085
-0.362611,7.75,15.1417
-0.362611,8.25,13.6244
-0.362611,8.75,12.3024
-0.362611,9.25,11.1394
-0.362611,9.75,10.1137
-0.362611,10.25,9.20088
-0.362611,10.75,8.38623
-0.362611,11.25,7.66357
-0.362611,11.75,7.01803
-0.362611,12.25,6.4427
-0.362611,12.75,5.92649
-0.362611,13.25,5.46017
-0.362611,13.75,5.04192
-0.362611,14.25,4.66308
-0.362611,14.75,4.31424
-0.362611,15.25,3.99984
-0.362611,15.75,3.71578
-0.362611,16.25,3.45751
-0.362611,16.75,3.2229
-0.362611,17.25,3.00955
-0.362611,17.75,2.8151
-0.362611,18.25,2.63948
-0.362611,18.75,2.47876
-0.362611,19.25,2.33126
-0.362611,19.75,2.19563
-0.362611,20.25,2.06746
-0.362611,20.75,1.94733
-0.337616,1.25,585.618
-0.337616,1.75,364.467
-0.337616,2.25,212.634
-0.337616,2.75,169.662
-0.337616,3.25,128.3
-0.337616,3.75,87.8286
-0.337616,4.25,60.3799
-0.337616,4.75,43.9763
-0.337616,5.25,34.28
-0.337616,5.75,28.2503
-0.337616,6.25,24.2108
-0.337616,6.75,21.1487
-0.337616,7.25,18.7153
-0.337616,7.75,16.6803
-0.337616,8.25,14.936
-0.337616,8.75,13.4261
-0.337616,9.25,12.1133
-0.337616,9.75,10.9665
-0.337616,10.25,9.95234
-0.337616,10.75,9.05226
-0.337616,11.25,8.25813
-0.337616,11.75,7.55083
-0.337616,12.25,6.9231
-0.337616,12.75,6.36164
-0.337616,13.25,5.85555
-0.337616,13.75,5.40284
-0.337616,14.25,4.99434
-0.337616,14.75,4.62052
-0.337616,15.25,4.28398
-0.337616,15.75,3.98019
-0.337616,16.25,3.7038
-0.337616,16.75,3.45281
-0.337616,17.25,3.22468
-0.337616,17.75,3.01685
-0.337616,18.25,2.82816
-0.337616,18.75,2.65552
-0.337616,19.25,2.49717
-0.337616,19.75,2.35164
-0.337616,20.25,2.21417
-0.337616,20.75,2.08536
-0.31262,1.25,590.419
-0.31262,1.75,374.162
-0.31262,2.25,223.112
-0.31262,2.75,180.549
-0.31262,3.25,129.818
-0.31262,3.75,87.9498
-0.31262,4.25,61.7837
-0.31262,4.75,46.3529
-0.31262,5.25,37.0075
-0.31262,5.75,30.9381
-0.31262,6.25,26.6702
-0.31262,6.75,23.3244
-0.31262,7.25,20.6157
-0.31262,7.75,18.3368
-0.31262,8.25,16.3736
-0.31262,8.75,14.675
-0.31262,9.25,13.2089
-0.31262,9.75,11.9358
-0.31262,10.25,10.8141
-0.31262,10.75,9.82201
-0.31262,11.25,8.9495
-0.31262,11.75,8.16965
-0.31262,12.25,7.47997
-0.31262,12.75,6.86507
-0.31262,13.25,6.31242
-0.31262,13.75,5.81922
-0.31262,14.25,5.3767
-0.31262,14.75,4.97674
-0.31262,15.25,4.6168
-0.31262,15.75,4.29195
-0.31262,16.25,3.99587
-0.31262,16.75,3.72692
-0.31262,17.25,3.48247
-0.31262,17.75,3.25977
-0.31262,18.25,3.05524
-0.31262,18.75,2.86807
-0.31262,19.25,2.6965
-0.31262,19.75,2.53891
-0.31262,20.25,2.39085
-0.31262,20.75,2.25259
-0.287624,1.25,562.778
-0.287624,1.75,367.83
-0.287624,2.25,240.607
-0.287624,2.75,188.469
-0.287624,3.25,130.139
-0.287624,3.75,88.5349
-0.287624,4.25,63.9694
-0.287624,4.75,49.3687
-0.287624,5.25,40.1825
-0.287624,5.75,33.9322
-0.287624,6.25,29.3429
-0.287624,6.75,25.6565
-0.287624,7.25,22.6378
-0.287624,7.75,20.0936
-0.287624,8.25,17.8961
-0.287624,8.75,15.997
-0.287624,9.25,14.3696
-0.287624,9.75,12.9642
-0.287624,10.25,11.7297
-0.287624,10.75,10.641
-0.287624,11.25,9.68612
-0.287624,11.75,8.82936
-0.287624,12.25,8.07398
-0.287624,12.75,7.40237
-0.287624,13.25,6.80027
-0.287624,13.75,6.26403
-0.287624,14.25,5.78548
-0.287624,14.75,5.35819
-0.287624,15.25,4.97371
-0.287624,15.75,4.62675
-0.287624,16.25,4.3099
-0.287624,16.75,4.02194
-0.287624,17.25,3.76022
-0.287624,17.75,3.52174
-0.287624,18.25,3.30017
-0.287624,18.75,3.09735
-0.287624,19.25,2.91154
-0.287624,19.75,2.74095
-0.287624,20.25,2.58154
-0.287624,20.75,2.43317
-0.262629,1.25,572.455
-0.262629,1.75,358.052
-0.262629,2.25,260.892
-0.262629,2.75,192.926
-0.262629,3.25,130.228
-0.262629,3.75,90.1757
-0.262629,4.25,67.1919
-0.262629,4.75,53.1235
-0.262629,5.25,43.8441
-0.262629,5.75,37.2488
-0.262629,6.25,32.236
-0.262629,6.75,28.1483
-0.262629,7.25,24.7835
-0.262629,7.75,21.9522
-0.262629,8.25,19.5044
-0.262629,8.75,17.393
-0.262629,9.25,15.5962
-0.262629,9.75,14.0524
-0.262629,10.25,12.7001
-0.262629,10.75,11.5103
-0.262629,11.25,10.4691
-0.262629,11.75,9.531
-0.262629,12.25,8.70612
-0.262629,12.75,7.97449
-0.262629,13.25,7.32001
-0.262629,13.75,6.73817
-0.262629,14.25,6.22156
-0.262629,14.75,5.7658
-0.262629,15.25,5.35572
-0.262629,15.75,4.98562
-0.262629,16.25,4.64693
-0.262629,16.75,4.33895
-0.262629,17.25,4.05898
-0.262629,17.75,3.80384
-0.262629,18.25,3.56397
-0.262629,18.75,3.34433
-0.262629,19.25,3.1432
-0.262629,19.75,2.95863
-0.262629,20.25,2.78707
-0.262629,20.75,2.62794
-0.237633,1.25,635.071
-0.237633,1.75,360.865
-0.237633,2.25,278.776
-0.237633,2.75,194.083
-0.237633,3.25,130.304
-0.237633,3.75,92.659
-0.237633,4.25,71.0772
-0.237633,4.75,57.3322
-0.237633,5.25,47.8168
-0.237633,5.75,40.7885
-0.237633,6.25,35.3041
-0.237633,6.75,30.7799
-0.237633,7.25,27.0528
-0.237633,7.75,23.9342
-0.237633,8.25,21.2382
-0.237633,8.75,18.9163
-0.237633,9.25,16.9445
-0.237633,9.75,15.2543
-0.237633,10.25,13.7767
-0.237633,10.75,12.4789
-0.237633,11.25,11.3453
-0.237633,11.75,10.3234
-0.237633,12.25,9.42628
-0.237633,12.75,8.63193
-0.237633,13.25,7.92258
-0.237633,13.75,7.29254
-0.237633,14.25,6.73404
-0.237633,14.75,6.24295
-0.237633,15.25,5.80118
-0.237633,15.75,5.40255
-0.237633,16.25,5.03852
-0.237633,16.75,4.7076
-0.237633,17.25,4.40671
-0.237633,17.75,4.13243
-0.237633,18.25,3.8722
-0.237633,18.75,3.63382
-0.237633,19.25,3.41558
-0.237633,19.75,3.21534
-0.237633,20.25,3.02928
-0.237633,20.75,2.85675
-0.212637,1.25,680.462
-0.212637,1.75,385.249
-0.212637,2.25,289.388
-0.212637,2.75,192.634
-0.212637,3.25,130.992
-0.212637,3.75,96.1649
-0.212637,4.25,75.6272
-0.212637,4.75,61.9644
-0.212637,5.25,52.0772
-0.212637,5.75,44.5381
-0.212637,6.25,38.5427
-0.212637,6.75,33.5502
-0.212637,7.25,29.448
-0.212637,7.75,26.0464
-0.212637,8.25,23.1084
-0.212637,8.75,20.5815
-0.212637,9.25,18.4295
-0.212637,9.75,16.5843
-0.212637,10.25,14.9734
-0.212637,10.75,13.56
-0.212637,11.25,12.3273
-0.212637,11.75,11.2197
-0.212637,12.25,10.248
-0.212637,12.75,9.38843
-0.212637,13.25,8.62184
-0.212637,13.75,7.94104
-0.212637,14.25,7.33644
-0.212637,14.75,6.80176
-0.212637,15.25,6.32102
-0.212637,15.75,5.88739
-0.212637,16.25,5.49395
-0.212637,16.75,5.13678
-0.212637,17.25,4.8119
-0.212637,17.75,4.51563
-0.212637,18.25,4.23275
-0.212637,18.75,3.9735
-0.212637,19.25,3.73612
-0.212637,19.75,3.51829
-0.212637,20.25,3.31496
-0.212637,20.75,3.12586
-0.187642,1.25,666.65
-0.187642,1.75,421.478
-0.187642,2.25,291.285
-0.187642,2.75,190.882
-0.187642,3.25,133.625
-0.187642,3.75,101.247
-0.187642,4.25,81.1385
-0.187642,4.75,67.1618
-0.187642,5.25,56.6856
-0.187642,5.75,48.5197
-0.187642,6.25,41.9493
-0.187642,6.75,36.4504
-0.187642,7.25,31.9532
-0.187642,7.75,28.2608
-0.187642,8.25,25.0752
-0.187642,8.75,22.3387
-0.187642,9.25,20.0009
-0.187642,9.75,17.9953
-0.187642,10.25,16.2459
-0.187642,10.75,14.7121
-0.187642,11.25,13.376
-0.187642,11.75,12.1789
-0.187642,12.25,11.1291
-0.187642,12.75,10.2012
-0.187642,13.25,9.37453
-0.187642,13.75,8.64034
-0.187642,14.25,7.98698
-0.187642,14.75,7.40579
-0.187642,15.25,6.88339
-0.187642,15.75,6.41229
-0.187642,16.25,5.98763
-0.187642,16.75,5.6026
-0.187642,17.25,5.25221
-0.187642,17.75,4.93252
-0.187642,18.25,4.62529
-0.187642,18.75,4.34356
-0.187642,19.25,4.08555
-0.187642,19.75,3.84876
-0.187642,20.25,3.62668
-0.187642,20.75,3.41953
-0.162646,1.25,649.022
-0.162646,1.75,450.777
-0.162646,2.25,286.83
-0.162646,2.75,191.147
-0.162646,3.25,138.78
-0.162646,3.75,107.908
-0.162646,4.25,87.5091
-0.162646,4.75,72.837
-0.162646,5.25,61.5831
-0.162646,5.75,52.696
-0.162646,6.25,45.5007
-0.162646,6.75,39.4663
-0.162646,7.25,34.5599
-0.162646,7.75,30.5729
-0.162646,8.25,27.1367
-0.162646,8.75,24.1877
-0.162646,9.25,21.6598
-0.162646,9.75,19.4889
-0.162646,10.25,17.5964
-0.162646,10.75,15.9377
-0.162646,11.25,14.494
-0.162646,11.75,13.2037
-0.162646,12.25,12.0725
-0.162646,12.75,11.0732
-0.162646,13.25,10.1837
-0.162646,13.75,9.39347
-0.162646,14.25,8.6887
-0.162646,14.75,8.05794
-0.162646,15.25,7.49111
-0.162646,15.75,6.98001
-0.162646,16.25,6.52225
-0.162646,16.75,6.10771
-0.162646,17.25,5.73026
-0.162646,17.75,5.3857
-0.162646,18.25,5.05232
-0.162646,18.75,4.74641
-0.162646,19.25,4.46621
-0.162646,19.75,4.20899
-0.162646,20.25,3.96659
-0.162646,20.75,3.73981
-0.137651,1.25,693.625
-0.137651,1.75,459.966
-0.137651,2.25,281.124
-0.137651,2.75,194.562
-0.137651,3.25,145.816
-0.137651,3.75,115.265
-0.137651,4.25,94.0133
-0.137651,4.75,78.381
-0.137651,5.25,66.2731
-0.137651,5.75,56.6683
-0.137651,6.25,48.8657
-0.137651,6.75,42.3174
-0.137651,7.25,37.0139
-0.137651,7.75,32.7284
-0.137651,8.25,29.0578
-0.137651,8.75,25.9192
-0.137651,9.25,23.2288
-0.137651,9.75,20.9186
-0.137651,10.25,18.9027
-0.137651,10.75,17.134
-0.137651,11.25,15.5947
-0.137651,11.75,14.2203
-0.137651,12.25,13.0149
-0.137651,12.75,11.9503
-0.137651,13.25,11.0038
-0.137651,13.75,10.1622
-0.137651,14.25,9.40982
-0.137651,14.75,8.7325
-0.137651,15.25,8.12361
-0.137651,15.75,7.57438
-0.137651,16.25,7.08072
-0.137651,16.75,6.63323
-0.137651,17.25,6.22572
-0.137651,17.75,5.85363
-0.137651,18.25,5.49686
-0.137651,18.75,5.16942
-0.137651,19.25,4.86923
-0.137651,19.75,4.59341
-0.137651,20.25,4.3338
-0.137651,20.75,4.09101
-0.112655,1.25,772.26
-0.112655,1.75,452.368
-0.112655,2.25,280.122
-0.112655,2.75,201.92
-0.112655,3.25,154.281
-0.112655,3.75,122.812
-0.112655,4.25,100.289
-0.112655,4.75,83.5372
-0.112655,5.25,70.5722
-0.112655,5.75,60.3036
-0.112655,6.25,51.9434
-0.112655,6.75,44.9247
-0.112655,7.25,39.2482
-0.112655,7.75,34.6643
-0.112655,8.25,30.7817
-0.112655,8.75,27.4833
-0.112655,9.25,24.6663
-0.112655,9.75,22.2502
-0.112655,10.25,20.1366
-0.112655,10.75,18.2775
-0.112655,11.25,16.6585
-0.112655,11.75,15.2119
-0.112655,12.25,13.9421
-0.112655,12.75,12.8208
-0.112655,13.25,11.8252
-0.112655,13.75,10.9388
-0.112655,14.25,10.1442
-0.112655,14.75,9.42477
-0.112655,15.25,8.7775
-0.112655,15.75,8.19314
-0.112655,16.25,7.66047
-0.112655,16.75,7.17603
-0.112655,17.25,6.73498
-0.112655,17.75,6.33234
-0.112655,18.25,5.95612
-0.112655,18.75,5.61091
-0.112655,19.25,5.29394
-0.112655,19.75,5.00224
-0.112655,20.25,4.72984
-0.112655,20.75,4.47615
-0.0876593,1.25,810.32
-0.0876593,1.75,445.252
-0.0876593,2.25,288.013
-0.0876593,2.75,213.61
-0.0876593,3.25,164.271
-0.0876593,3.75,130.781
-0.0876593,4.25,106.609
-0.0876593,4.75,88.6325
-0.0876593,5.25,74.8032
-0.0876593,5.75,63.8914
-0.0876593,6.25,54.9942
-0.0876593,6.75,47.5212
-0.0876593,7.25,41.4839
-0.0876593,7.75,36.6098
-0.0876593,8.25,32.5249
-0.0876593,8.75,29.0756
-0.0876593,9.25,26.1393
-0.0876593,9.75,23.6233
-0.0876593,10.25,21.4157
-0.0876593,10.75,19.4683
-0.0876593,11.25,17.7707
-0.0876593,11.75,16.2526
-0.0876593,12.25,14.9185
-0.0876593,12.75,13.7406
-0.0876593,13.25,12.6959
-0.0876593,13.75,11.7645
-0.0876593,14.25,10.927
-0.0876593,14.75,10.1643
-0.0876593,15.25,9.47747
-0.0876593,15.75,8.85674
-0.0876593,16.25,8.28272
-0.0876593,16.75,7.75891
-0.0876593,17.25,7.28208
-0.0876593,17.75,6.84684
-0.0876593,18.25,6.45076
-0.0876593,18.75,6.08746
-0.0876593,19.25,5.75333
-0.0876593,19.75,5.44536
-0.0876593,20.25,5.16018
-0.0876593,20.75,4.89585
-0.0626636,1.25,802.952
-0.0626636,1.75,452.414
-0.0626636,2.25,303.452
-0.0626636,2.75,227.529
-0.0626636,3.25,174.559
-0.0626636,3.75,138.538
-0.0626636,4.25,112.647
-0.0626636,4.75,93.491
-0.0626636,5.25,78.8672
-0.0626636,5.75,67.3734
-0.0626636,6.25,57.9825
-0.0626636,6.75,50.0847
-0.0626636,7.25,43.7065
-0.0626636,7.75,38.5552
-0.0626636,8.25,34.2809
-0.0626636,8.75,30.6918
-0.0626636,9.25,27.6454
-0.0626636,9.75,25.0365
-0.0626636,10.25,22.7395
-0.0626636,10.75,20.7066
-0.0626636,11.25,18.9323
-0.0626636,11.75,17.3438
-0.0626636,12.25,15.9459
-0.0626636,12.75,14.7115
-0.0626636,13.25,13.6181
-0.0626636,13.75,12.6417
-0.0626636,14.25,11.761
-0.0626636,14.75,10.9539
-0.0626636,15.25,10.2263
-0.0626636,15.75,9.56803
-0.0626636,16.25,8.95021
-0.0626636,16.75,8.38449
-0.0626636,17.25,7.86953
-0.0626636,17.75,7.39952
-0.0626636,18.25,6.98328
-0.0626636,18.75,6.60163
-0.0626636,19.25,6.25003
-0.0626636,19.75,5.92543
-0.0626636,20.25,5.62762
-0.0626636,20.75,5.35306
-0.037668,1.25,784.428
-0.037668,1.75,467.692
-0.037668,2.25,318.579
-0.037668,2.75,238.413
-0.037668,3.25,181.856
-0.037668,3.75,143.788
-0.037668,4.25,116.504
-0.037668,4.75,96.4497
-0.037668,5.25,81.2469
-0.037668,5.75,69.3608
-0.037668,6.25,59.7081
-0.037668,6.75,51.5842
-0.037668,7.25,45.0107
-0.037668,7.75,39.6788
-0.037668,8.25,35.2772
-0.037668,8.75,31.593
-0.037668,9.25,28.4697
-0.037668,9.75,25.7963
-0.037668,10.25,23.4466
-0.037668,10.75,21.3699
-0.037668,11.25,19.5566
-0.037668,11.75,17.9357
-0.037668,12.25,16.5081
-0.037668,12.75,15.2454
-0.037668,13.25,14.1242
-0.037668,13.75,13.1223
-0.037668,14.25,12.2169
-0.037668,14.75,11.3841
-0.037668,15.25,10.633
-0.037668,15.75,9.95322
-0.037668,16.25,9.31198
-0.037668,16.75,8.7241
-0.037668,17.25,8.18898
-0.037668,17.75,7.70055
-0.037668,18.25,7.27391
-0.037668,18.75,6.88279
-0.037668,19.25,6.52216
-0.037668,19.75,6.18894
-0.037668,20.25,5.88363
-0.037668,20.75,5.60232
-0.0126724,1.25,790.861
-0.0126724,1.75,484.865
-0.0126724,2.25,329.845
-0.0126724,2.75,244.778
-0.0126724,3.25,185.552
-0.0126724,3.75,146.226
-0.0126724,4.25,117.982
-0.0126724,4.75,97.3534
-0.0126724,5.25,81.8038
-0.0126724,5.75,69.7248
-0.0126724,6.25,60.0556
-0.0126724,6.75,51.9178
-0.0126724,7.25,45.3052
-0.0126724,7.75,39.8978
-0.0126724,8.25,35.4351
-0.0126724,8.75,31.702
-0.0126724,9.25,28.5358
-0.0126724,9.75,25.827
-0.0126724,10.25,23.4629
-0.0126724,10.75,21.3867
-0.0126724,11.25,19.5746
-0.0126724,11.75,17.9618
-0.0126724,12.25,16.5409
-0.0126724,12.75,15.2799
-0.0126724,13.25,14.1533
-0.0126724,13.75,13.1468
-0.0126724,14.25,12.2371
-0.0126724,14.75,11.3993
-0.0126724,15.25,10.644
-0.0126724,15.75,9.96064
-0.0126724,16.25,9.31933
-0.0126724,16.75,8.73207
-0.0126724,17.25,8.19747
-0.0126724,17.75,7.70949
-0.0126724,18.25,7.28292
-0.0126724,18.75,6.89184
-0.0126724,19.25,6.53123
-0.0126724,19.75,6.19801
-0.0126724,20.25,5.89045
-0.0126724,20.75,5.60571
