-0.987502,1.25,4.7873
-0.987502,1.75,3.78062
-0.987502,2.25,1.73069
-0.987502,2.75,1.21946
-0.987502,3.25,0.0142341
-0.987502,3.75,0.546422
-0.987502,4.25,0.0457667
-0.987502,4.75,0.0688216
-0.987502,5.25,0.124659
-0.987502,5.75,0.0574176
-0.987502,6.25,0.00681371
-0.987502,6.75,0.00235131
-0.987502,7.25,0.0165553
-0.987502,7.75,0.0283231
-0.987502,8.25,0.0318195
-0.987502,8.75,0.0289101
-0.987502,9.25,0.0230399
-0.987502,9.75,0.0166811
-0.987502,10.25,0.0111329
-0.987502,10.75,0.00686624
-0.987502,11.25,0.00387559
-0.987502,11.75,0.00194425
-0.987502,12.25,0.000812326
-0.987502,12.75,0.00023655
-0.987502,13.25,2.22833e-05
-0.987502,13.75,2.67582e-05
-0.987502,14.25,0.00015112
-0.987502,14.75,0.000329993
-0.987502,15.25,0.00052227
-0.987502,15.75,0.000703809
-0.987502,16.25,0.000859297
-0.987502,16.75,0.000984445
-0.987502,17.25,0.00107917
-0.987502,17.75,0.00114541
-0.987502,18.25,0.00118558
-0.987502,18.75,0.00120414
-0.987502,19.25,0.00120493
-0.987502,19.75,0.00119147
-0.987502,20.25,0.00116892
-0.987502,20.75,0.00113912
-0.962507,1.25,4.30682
-0.962507,1.75,0.580385
-0.962507,2.25,0.711319
-0.962507,2.75,0.749248
-0.962507,3.25,0.814311
-0.962507,3.75,0.0967869
-0.962507,4.25,0.131596
-0.962507,4.75,0.16823
-0.962507,5.25,0.0342801
-0.962507,5.75,0.00120046
-0.962507,6.25,0.0266357
-0.962507,6.75,0.0441404
-0.962507,7.25,0.0416634
-0.962507,7.75,0.0292633
-0.962507,8.25,0.0164129
-0.962507,8.75,0.00723942
-0.962507,9.25,0.00218923
-0.962507,9.75,0.000226681
-0.962507,10.25,0.000130765
-0.962507,10.75,0.000941599
-0.962507,11.25,0.00203812
-0.962507,11.75,0.00307401
-0.962507,12.25,0.00389526
-0.962507,12.75,0.00446085
-0.962507,13.25,0.0047888
-0.962507,13.75,0.00491237
-0.962507,14.25,0.00487771
-0.962507,14.75,0.00472919
-0.962507,15.25,0.0045022
-0.962507,15.75,0.00422652
-0.962507,16.25,0.00391339
-0.962507,16.75,0.0035907
-0.962507,17.25,0.00327326
-0.962507,17.75,0.00296877
-0.962507,18.25,0.00268014
-0.962507,18.75,0.00241216
-0.962507,19.25,0.002166
-0.962507,19.75,0.00194164
-0.962507,20.25,0.00174141
-0.962507,20.75,0.00156228
-0.937511,1.25,3.47313
-0.937511,1.75,6.45456
-0.937511,2.25,0.518834
-0.937511,2.75,0.265371
-0.937511,3.25,0.847087
-0.937511,3.75,0.24778
-0.937511,4.25,0.475405
-0.937511,4.75,0.0829379
-0.937511,5.25,0.0141482
-0.937511,5.75,0.0746815
-0.937511,6.25,0.0860516
-0.937511,6.75,0.0573149
-0.937511,7.25,0.0260631
-0.937511,7.75,0.00757016
-0.937511,8.25,0.00122977
-0.937511,8.75,0.00190632
-0.937511,9.25,0.00520505
-0.937511,9.75,0.0086147
-0.937511,10.25,0.011077
-0.937511,10.75,0.0123731
-0.937511,11.25,0.0126684
-0.937511,11.75,0.0122292
-0.937511,12.25,0.0113382
-0.937511,12.75,0.0102153
-0.937511,13.25,0.0090166
-0.937511,13.75,0.00783011
-0.937511,14.25,0.00671653
-0.937511,14.75,0.00570824
-0.937511,15.25,0.00481478
-0.937511,15.75,0.00403694
-0.937511,16.25,0.00335994
-0.937511,16.75,0.00278412
-0.937511,17.25,0.00229983
-0.937511,17.75,0.00189485
-0.937511,18.25,0.00155651
-0.937511,18.75,0.00127603
-0.937511,19.25,0.00104424
-0.937511,19.75,0.000853109
-0.937511,20.25,0.000696887
-0.937511,20.75,0.000568884
-0.912515,1.25,12.0813
-0.912515,1.75,1.51713
-0.912515,2.25,3.09016
-0.912515,2.75,1.8787
-0.912515,3.25,0.100179
-0.912515,3.75,1.06149
-0.912515,4.25,0.270822
-0.912515,4.75,0.0340983
-0.912515,5.25,0.162686
-0.912515,5.75,0.162235
-0.912515,6.25,0.0859633
-0.912515,6.75,0.0275388
-0.912515,7.25,0.00483264
-0.912515,7.75,0.00398759
-0.912515,8.25,0.0104977
-0.912515,8.75,0.0166184
-0.912515,9.25,0.0199046
-0.912515,9.75,0.0204206
-0.912515,10.25,0.0190234
-0.912515,10.75,0.0166117
-0.912515,11.25,0.0138578
-0.912515,11.75,0.011164
-0.912515,12.25,0.00875682
-0.912515,12.75,0.00672107
-0.912515,13.25,0.00506386
-0.912515,13.75,0.00374937
-0.912515,14.25,0.00273027
-0.912515,14.75,0.00195548
-0.912515,15.25,0.00137543
-0.912515,15.75,0.000948404
-0.912515,16.25,0.000638369
-0.912515,16.75,0.000418851
-0.912515,17.25,0.000267345
-0.912515,17.75,0.000166032
-0.912515,18.25,0.000101162
-0.912515,18.75,6.25401e-05
-0.912515,19.25,4.23566e-05
-0.912515,19.75,3.48113e-05
-0.912515,20.25,3.569e-05
-0.912515,20.75,4.19092e-05
-0.88752,1.25,13.4397
-0.88752,1.75,4.48673
-0.88752,2.25,2.48676
-0.88752,2.75,1.17955
-0.88752,3.25,0.771237
-0.88752,3.75,0.467416
-0.88752,4.25,0.0416215
-0.88752,4.75,0.303578
-0.88752,5.25,0.263548
-0.88752,5.75,0.106986
-0.88752,6.25,0.0198413
-0.88752,6.75,0.00175511
-0.88752,7.25,0.0103212
-0.88752,7.75,0.0205517
-0.88752,8.25,0.0248979
-0.88752,8.75,0.0238856
-0.88752,9.25,0.0200211
-0.88752,9.75,0.0153091
-0.88752,10.25,0.0109008
-0.88752,10.75,0.00729534
-0.88752,11.25,0.00459502
-0.88752,11.75,0.00270315
-0.88752,12.25,0.00146051
-0.88752,12.75,0.000700341
-0.88752,13.25,0.000279411
-0.88752,13.75,8.5365e-05
-0.88752,14.25,3.51249e-05
-0.88752,14.75,6.99672e-05
-0.88752,15.25,0.000149978
-0.88752,15.75,0.000249025
-0.88752,16.25,0.00035036
-0.88752,16.75,0.000444423
-0.88752,17.25,0.000526217
-0.88752,17.75,0.000593614
-0.88752,18.25,0.000645632
-0.88752,18.75,0.000683609
-0.88752,19.25,0.000708976
-0.88752,19.75,0.000723361
-0.88752,20.25,0.00072901
-0.88752,20.75,0.000727316
-0.862524,1.25,1.44065
-0.862524,1.75,1.81562
-0.862524,2.25,0.289007
-0.862524,2.75,0.010965
-0.862524,3.25,0.444057
-0.862524,3.75,0.0820533
-0.862524,4.25,0.450793
-0.862524,4.75,0.242739
-0.862524,5.25,0.0339286
-0.862524,5.75,0.00274399
-0.862524,6.25,0.0331932
-0.862524,6.75,0.0529292
-0.862524,7.25,0.0521583
-0.862524,7.75,0.0406509
-0.862524,8.25,0.0270324
-0.862524,8.75,0.0158223
-0.862524,9.25,0.00815698
-0.862524,9.75,0.00356694
-0.862524,10.25,0.00118085
-0.862524,10.75,0.000194413
-0.862524,11.25,4.55383e-06
-0.862524,11.75,0.000210464
-0.862524,12.25,0.000568937
-0.862524,12.75,0.000944792
-0.862524,13.25,0.00127099
-0.862524,13.75,0.00152195
-0.862524,14.25,0.00169444
-0.862524,14.75,0.00179671
-0.862524,15.25,0.00183928
-0.862524,15.75,0.00183473
-0.862524,16.25,0.00179421
-0.862524,16.75,0.00172833
-0.862524,17.25,0.00164556
-0.862524,17.75,0.00155246
-0.862524,18.25,0.0014523
-0.862524,18.75,0.00135073
-0.862524,19.25,0.00125058
-0.862524,19.75,0.00115369
-0.862524,20.25,0.00106173
-0.862524,20.75,0.0009752
-0.837528,1.25,2.46135
-0.837528,1.75,4.73311
-0.837528,2.25,2.27365
-0.837528,2.75,1.97012
-0.837528,3.25,0.179714
-0.837528,3.75,0.687962
-0.837528,4.25,0.0585953
-0.837528,4.75,0.0939418
-0.837528,5.25,0.228533
-0.837528,5.75,0.197663
-0.837528,6.25,0.106611
-0.837528,6.75,0.0390716
-0.837528,7.25,0.00809212
-0.837528,7.75,0.000946825
-0.837528,8.25,0.00419752
-0.837528,8.75,0.00977154
-0.837528,9.25,0.0142112
-0.837528,9.75,0.0166324
-0.837528,10.25,0.0172373
-0.837528,10.75,0.0165628
-0.837528,11.25,0.0151411
-0.837528,11.75,0.0133667
-0.837528,12.25,0.0115122
-0.837528,12.75,0.00973424
-0.837528,13.25,0.00811574
-0.837528,13.75,0.00669762
-0.837528,14.25,0.00548514
-0.837528,14.75,0.00446723
-0.837528,15.25,0.00362047
-0.837528,15.75,0.00292256
-0.837528,16.25,0.00235159
-0.837528,16.75,0.00188679
-0.837528,17.25,0.00150994
-0.837528,17.75,0.00120543
-0.837528,18.25,0.000958855
-0.837528,18.75,0.000760825
-0.837528,19.25,0.000602167
-0.837528,19.75,0.000475285
-0.837528,20.25,0.000374053
-0.837528,20.75,0.000293407
-0.812533,1.25,6.19319
-0.812533,1.75,6.69348
-0.812533,2.25,0.674661
-0.812533,2.75,1.28745
-0.812533,3.25,0.849289
-0.812533,3.75,0.513566
-0.812533,4.25,0.0270209
-0.812533,4.75,0.251372
-0.812533,5.25,0.278014
-0.812533,5.75,0.152805
-0.812533,6.25,0.0498575
-0.812533,6.75,0.00749209
-0.812533,7.25,0.00319013
-0.812533,7.75,0.0124902
-0.812533,8.25,0.0222181
-0.812533,8.75,0.0279441
-0.812533,9.25,0.0295999
-0.812533,9.75,0.028357
-0.812533,10.25,0.0254502
-0.812533,10.75,0.0218526
-0.812533,11.25,0.0181977
-0.812533,11.75,0.014814
-0.812533,12.25,0.0118613
-0.812533,12.75,0.00937566
-0.812533,13.25,0.00733463
-0.812533,13.75,0.00569076
-0.812533,14.25,0.00438461
-0.812533,14.75,0.00335768
-0.812533,15.25,0.00255607
-0.812533,15.75,0.0019345
-0.812533,16.25,0.00145559
-0.812533,16.75,0.00108827
-0.812533,17.25,0.000807909
-0.812533,17.75,0.000595034
-0.812533,18.25,0.000433796
-0.812533,18.75,0.000312967
-0.812533,19.25,0.000223114
-0.812533,19.75,0.000156895
-0.812533,20.25,0.000108633
-0.812533,20.75,7.39588e-05
-0.787537,1.25,17.1933
-0.787537,1.75,3.09715
-0.787537,2.25,0.503394
-0.787537,2.75,0.386181
-0.787537,3.25,1.32696
-0.787537,3.75,0.193852
-0.787537,4.25,0.171979
-0.787537,4.75,0.388185
-0.787537,5.25,0.259945
-0.787537,5.75,0.0914183
-0.787537,6.25,0.0143159
-0.787537,6.75,0.00467203
-0.787537,7.25,0.0190531
-0.787537,7.75,0.0336297
-0.787537,8.25,0.0410728
-0.787537,8.75,0.0417665
-0.787537,9.25,0.0383413
-0.787537,9.75,0.0329639
-0.787537,10.25,0.0270639
-0.787537,10.75,0.0214998
-0.787537,11.25,0.0166781
-0.787537,11.75,0.0126943
-0.787537,12.25,0.00951906
-0.787537,12.75,0.00704758
-0.787537,13.25,0.00515783
-0.787537,13.75,0.00373279
-0.787537,14.25,0.00267069
-0.787537,14.75,0.00188732
-0.787537,15.25,0.0013158
-0.787537,15.75,0.000903281
-0.787537,16.25,0.000609237
-0.787537,16.75,0.000402405
-0.787537,17.25,0.000259426
-0.787537,17.75,0.000162848
-0.787537,18.25,9.95692e-05
-0.787537,18.75,6.01695e-05
-0.787537,19.25,3.75207e-05
-0.787537,19.75,2.64087e-05
-0.787537,20.25,2.30474e-05
-0.787537,20.75,2.47151e-05
-0.762541,1.25,7.97626
-0.762541,1.75,0.855347
-0.762541,2.25,2.43599
-0.762541,2.75,0.198348
-0.762541,3.25,1.27702
-0.762541,3.75,0.0379448
-0.762541,4.25,0.408881
-0.762541,4.75,0.422185
-0.762541,5.25,0.174674
-0.762541,5.75,0.0306051
-0.762541,6.25,0.00532341
-0.762541,6.75,0.0258545
-0.762541,7.25,0.0478303
-0.762541,7.75,0.057802
-0.762541,8.25,0.0570149
-0.762541,8.75,0.050099
-0.762541,9.25,0.0411124
-0.762541,9.75,0.0321755
-0.762541,10.25,0.0242746
-0.762541,10.75,0.0178004
-0.762541,11.25,0.0127613
-0.762541,11.75,0.00896132
-0.762541,12.25,0.00617409
-0.762541,12.75,0.0041721
-0.762541,13.25,0.00276065
-0.762541,13.75,0.00178242
-0.762541,14.25,0.0011176
-0.762541,14.75,0.000676205
-0.762541,15.25,0.000392421
-0.762541,15.75,0.000217703
-0.762541,16.25,0.000117254
-0.762541,16.75,6.62531e-05
-0.762541,17.25,4.73461e-05
-0.762541,17.75,4.84846e-05
-0.762541,18.25,6.13368e-05
-0.762541,18.75,8.03418e-05
-0.762541,19.25,0.000101808
-0.762541,19.75,0.000123371
-0.762541,20.25,0.000143543
-0.762541,20.75,0.000161507
-0.737546,1.25,4.15332
-0.737546,1.75,4.60364
-0.737546,2.25,3.99928
-0.737546,2.75,1.02152
-0.737546,3.25,0.735853
-0.737546,3.75,0.179555
-0.737546,4.25,0.583839
-0.737546,4.75,0.332485
-0.737546,5.25,0.071722
-0.737546,5.75,0.00530841
-0.737546,6.25,0.0307612
-0.737546,6.75,0.0639326
-0.737546,7.25,0.0784865
-0.737546,7.75,0.0757482
-0.737546,8.25,0.0640947
-0.737546,8.75,0.0499453
-0.737546,9.25,0.0369358
-0.737546,9.75,0.026237
-0.737546,10.25,0.0179885
-0.737546,10.75,0.0119453
-0.737546,11.25,0.00769271
-0.737546,11.75,0.0047904
-0.737546,12.25,0.00286905
-0.737546,12.75,0.0016374
-0.737546,13.25,0.000878609
-0.737546,13.75,0.000436438
-0.737546,14.25,0.000201089
-0.737546,14.75,9.69357e-05
-0.737546,15.25,7.27955e-05
-0.737546,15.75,9.44741e-05
-0.737546,16.25,0.000139874
-0.737546,16.75,0.000194944
-0.737546,17.25,0.000251084
-0.737546,17.75,0.000303323
-0.737546,18.25,0.000348709
-0.737546,18.75,0.000386369
-0.737546,19.25,0.000416158
-0.737546,19.75,0.000438454
-0.737546,20.25,0.000453683
-0.737546,20.75,0.000462724
-0.71255,1.25,16.2382
-0.71255,1.75,7.51863
-0.71255,2.25,3.07604
-0.71255,2.75,1.98157
-0.71255,3.25,0.171534
-0.71255,3.75,0.514673
-0.71255,4.25,0.578793
-0.71255,4.75,0.172437
-0.71255,5.25,0.00945433
-0.71255,5.75,0.0310095
-0.71255,6.25,0.0807018
-0.71255,6.75,0.102976
-0.71255,7.25,0.0984097
-0.71255,7.75,0.0803297
-0.71255,8.25,0.0595223
-0.71255,8.75,0.0412214
-0.71255,9.25,0.0271452
-0.71255,9.75,0.0170736
-0.71255,10.25,0.0102295
-0.71255,10.75,0.00579907
-0.71255,11.25,0.00306943
-0.71255,11.75,0.0014799
-0.71255,12.25,0.00062429
-0.71255,12.75,0.000225204
-0.71255,13.25,9.76703e-05
-0.71255,13.75,0.00012152
-0.71255,14.25,0.000220829
-0.71255,14.75,0.000349202
-0.71255,15.25,0.000480003
-0.71255,15.75,0.000598842
-0.71255,16.25,0.000700149
-0.71255,16.75,0.000781098
-0.71255,17.25,0.000841699
-0.71255,17.75,0.000883606
-0.71255,18.25,0.000908347
-0.71255,18.75,0.00091912
-0.71255,19.25,0.000918433
-0.71255,19.75,0.000908535
-0.71255,20.25,0.000890682
-0.71255,20.75,0.000866888
-0.687555,1.25,11.2395
-0.687555,1.75,4.12179
-0.687555,2.25,0.854885
-0.687555,2.75,2.00904
-0.687555,3.25,0.0636116
-0.687555,3.75,0.780766
-0.687555,4.25,0.393031
-0.687555,4.75,0.0375103
-0.687555,5.25,0.0231786
-0.687555,5.75,0.096143
-0.687555,6.25,0.132194
-0.687555,6.75,0.125693
-0.687555,7.25,0.0990362
-0.687555,7.75,0.0693418
-0.687555,8.25,0.0446174
-0.687555,8.75,0.0267367
-0.687555,9.25,0.0149407
-0.687555,9.75,0.00768322
-0.687555,10.25,0.0035207
-0.687555,10.75,0.00134715
-0.687555,11.25,0.000379928
-0.687555,11.75,9.87977e-05
-0.687555,12.25,0.000177025
-0.687555,12.75,0.000418336
-0.687555,13.25,0.000708592
-0.687555,13.75,0.000987401
-0.687555,14.25,0.00122538
-0.687555,14.75,0.00141081
-0.687555,15.25,0.00154441
-0.687555,15.75,0.00163093
-0.687555,16.25,0.00168141
-0.687555,16.75,0.0016999
-0.687555,17.25,0.00169201
-0.687555,17.75,0.00166373
-0.687555,18.25,0.00161899
-0.687555,18.75,0.00156326
-0.687555,19.25,0.00150011
-0.687555,19.75,0.00143231
-0.687555,20.25,0.00136055
-0.687555,20.75,0.00128723
-0.662559,1.25,1.19181
-0.662559,1.75,0.359202
-0.662559,2.25,0.134951
-0.662559,2.75,1.09317
-0.662559,3.25,0.457499
-0.662559,3.75,0.785166
-0.662559,4.25,0.163254
-0.662559,4.75,0.00584297
-0.662559,5.25,0.0981193
-0.662559,5.75,0.162255
-0.662559,6.25,0.157958
-0.662559,6.75,0.120883
-0.662559,7.25,0.07995
-0.662559,7.75,0.0473936
-0.662559,8.25,0.0253917
-0.662559,8.75,0.012114
-0.662559,9.25,0.00489573
-0.662559,9.75,0.00147136
-0.662559,10.25,0.00022672
-0.662559,10.75,0.000124224
-0.662559,11.25,0.00054135
-0.662559,11.75,0.00113272
-0.662559,12.25,0.00171834
-0.662559,12.75,0.00221265
-0.662559,13.25,0.00258213
-0.662559,13.75,0.00283273
-0.662559,14.25,0.00297732
-0.662559,14.75,0.00303211
-0.662559,15.25,0.00301953
-0.662559,15.75,0.00295666
-0.662559,16.25,0.00286747
-0.662559,16.75,0.00275519
-0.662559,17.25,0.00262636
-0.662559,17.75,0.00248792
-0.662559,18.25,0.00234373
-0.662559,18.75,0.00219925
-0.662559,19.25,0.00205737
-0.662559,19.75,0.00192006
-0.662559,20.25,0.00178616
-0.662559,20.75,0.00165778
-0.637563,1.25,8.56534
-0.637563,1.75,1.86972
-0.637563,2.25,1.45714
-0.637563,2.75,0.152913
-0.637563,3.25,0.948179
-0.637563,3.75,0.491853
-0.637563,4.25,0.0103256
-0.637563,4.75,0.0880753
-0.637563,5.25,0.199976
-0.637563,5.75,0.204481
-0.637563,6.25,0.151475
-0.637563,6.75,0.0931282
-0.637563,7.25,0.0495534
-0.637563,7.75,0.0226916
-0.637563,8.25,0.00841826
-0.637563,8.75,0.00207616
-0.637563,9.25,0.000130169
-0.637563,9.75,0.00032166
-0.637563,10.25,0.00135273
-0.637563,10.75,0.00254651
-0.637563,11.25,0.00359481
-0.637563,11.75,0.00439783
-0.637563,12.25,0.0049346
-0.637563,12.75,0.00522744
-0.637563,13.25,0.00531299
-0.637563,13.75,0.00525439
-0.637563,14.25,0.0050921
-0.637563,14.75,0.00485768
-0.637563,15.25,0.00458234
-0.637563,15.75,0.00428586
-0.637563,16.25,0.00399514
-0.637563,16.75,0.00370815
-0.637563,17.25,0.00342842
-0.637563,17.75,0.00316046
-0.637563,18.25,0.00290603
-0.637563,18.75,0.00266777
-0.637563,19.25,0.00244633
-0.637563,19.75,0.00224166
-0.637563,20.25,0.00205043
-0.637563,20.75,0.00187354
-0.612568,1.25,9.31784
-0.612568,1.75,4.63089
-0.612568,2.25,2.60321
-0.612568,2.75,0.136315
-0.612568,3.25,1.07593
-0.612568,3.75,0.148228
-0.612568,4.25,0.0462994
-0.612568,4.75,0.230832
-0.612568,5.25,0.264808
-0.612568,5.75,0.194157
-0.612568,6.25,0.110802
-0.612568,6.75,0.0517525
-0.612568,7.25,0.0190771
-0.612568,7.75,0.00456646
-0.612568,8.25,0.00021045
-0.612568,8.75,0.000611372
-0.612568,9.25,0.00271525
-0.612568,9.75,0.00502014
-0.612568,10.25,0.00689952
-0.612568,10.75,0.00817775
-0.612568,11.25,0.00889295
-0.612568,11.75,0.00916208
-0.612568,12.25,0.00909164
-0.612568,12.75,0.00877586
-0.612568,13.25,0.00829055
-0.612568,13.75,0.00772462
-0.612568,14.25,0.00712398
-0.612568,14.75,0.00651977
-0.612568,15.25,0.00593365
-0.612568,15.75,0.00537824
-0.612568,16.25,0.00487013
-0.612568,16.75,0.00440288
-0.612568,17.25,0.00397485
-0.612568,17.75,0.00358535
-0.612568,18.25,0.00323281
-0.612568,18.75,0.00291473
-0.612568,19.25,0.00262848
-0.612568,19.75,0.00237136
-0.612568,20.25,0.00213822
-0.612568,20.75,0.001928
-0.587572,1.25,0.367144
-0.587572,1.75,2.86103
-0.587572,2.25,1.89891
-0.587572,2.75,0.934666
-0.587572,3.25,0.692914
-0.587572,3.75,0.000300436
-0.587572,4.25,0.241117
-0.587572,4.75,0.351514
-0.587572,5.25,0.261286
-0.587572,5.75,0.138868
-0.587572,6.25,0.0558246
-0.587572,6.75,0.0152213
-0.587572,7.25,0.00142776
-0.587572,7.75,0.000561099
-0.587572,8.25,0.00434323
-0.587572,8.75,0.0087551
-0.587572,9.25,0.0122447
-0.587572,9.75,0.0144457
-0.587572,10.25,0.0154644
-0.587572,10.75,0.0155768
-0.587572,11.25,0.01508
-0.587572,11.75,0.0142061
-0.587572,12.25,0.0131288
-0.587572,12.75,0.0119561
-0.587572,13.25,0.0107593
-0.587572,13.75,0.00961568
-0.587572,14.25,0.00855359
-0.587572,14.75,0.00758789
-0.587572,15.25,0.00671634
-0.587572,15.75,0.00593701
-0.587572,16.25,0.00524874
-0.587572,16.75,0.00464046
-0.587572,17.25,0.00410373
-0.587572,17.75,0.00363118
-0.587572,18.25,0.00321714
-0.587572,18.75,0.00285326
-0.587572,19.25,0.00253346
-0.587572,19.75,0.00225235
-0.587572,20.25,0.00200333
-0.587572,20.75,0.0017833
-0.562576,1.25,4.77036
-0.562576,1.75,0.0686947
-0.562576,2.25,0.303274
-0.562576,2.75,1.58511
-0.562576,3.25,0.159048
-0.562576,3.75,0.187162
-0.562576,4.25,0.471904
-0.562576,4.75,0.374353
-0.562576,5.25,0.185653
-0.562576,5.75,0.0625331
-0.562576,6.25,0.0109058
-0.562576,6.75,1.91235e-06
-0.562576,7.25,0.00525384
-0.562576,7.75,0.0138561
-0.562576,8.25,0.0207942
-0.562576,8.75,0.0248787
-0.562576,9.25,0.0264708
-0.562576,9.75,0.026258
-0.562576,10.25,0.0248699
-0.562576,10.75,0.0228345
-0.562576,11.25,0.0205389
-0.562576,11.75,0.0181903
-0.562576,12.25,0.0159545
-0.562576,12.75,0.0138895
-0.562576,13.25,0.0120183
-0.562576,13.75,0.0103712
-0.562576,14.25,0.00894066
-0.562576,14.75,0.00771296
-0.562576,15.25,0.00665409
-0.562576,15.75,0.00574375
-0.562576,16.25,0.0049605
-0.562576,16.75,0.00428896
-0.562576,17.25,0.00371378
-0.562576,17.75,0.00322098
-0.562576,18.25,0.00280084
-0.562576,18.75,0.00244005
-0.562576,19.25,0.0021297
-0.562576,19.75,0.00186236
-0.562576,20.25,0.00163061
-0.562576,20.75,0.00142984
-0.537581,1.25,7.18584
-0.537581,1.75,1.6962
-0.537581,2.25,0.240977
-0.537581,2.75,1.32407
-0.537581,3.25,0.0162893
-0.537581,3.75,0.556036
-0.537581,4.25,0.561178
-0.537581,4.75,0.276806
-0.537581,5.25,0.0804908
-0.537581,5.75,0.00825316
-0.537581,6.25,0.00192698
-0.537581,6.75,0.0166399
-0.537581,7.25,0.0317968
-0.537581,7.75,0.041265
-0.537581,8.25,0.0449026
-0.537581,8.75,0.0443538
-0.537581,9.25,0.0414431
-0.537581,9.75,0.0373565
-0.537581,10.25,0.0328204
-0.537581,10.75,0.0283368
-0.537581,11.25,0.024201
-0.537581,11.75,0.0204857
-0.537581,12.25,0.0172657
-0.537581,12.75,0.0145046
-0.537581,13.25,0.0121524
-0.537581,13.75,0.0101811
-0.537581,14.25,0.00853949
-0.537581,14.75,0.00718175
-0.537581,15.25,0.00604895
-0.537581,15.75,0.00510391
-0.537581,16.25,0.00431165
-0.537581,16.75,0.00364949
-0.537581,17.25,0.00309594
-0.537581,17.75,0.00263237
-0.537581,18.25,0.00224507
-0.537581,18.75,0.00191927
-0.537581,19.25,0.00164452
-0.537581,19.75,0.00141231
-0.537581,20.25,0.00121513
-0.537581,20.75,0.00104752
-0.512585,1.25,0.157426
-0.512585,1.75,4.954
-0.512585,2.25,1.99356
-0.512585,2.75,0.43237
-0.512585,3.25,0.461797
-0.512585,3.75,0.874634
-0.512585,4.25,0.466299
-0.512585,4.75,0.121915
-0.512585,5.25,0.00717955
-0.512585,5.75,0.00954322
-0.512585,6.25,0.0405187
-0.512585,6.75,0.0648069
-0.512585,7.25,0.0757514
-0.512585,7.75,0.0761943
-0.512585,8.25,0.0703963
-0.512585,8.75,0.0617992
-0.512585,9.25,0.0527592
-0.512585,9.75,0.0442115
-0.512585,10.25,0.0365102
-0.512585,10.75,0.029858
-0.512585,11.25,0.0242969
-0.512585,11.75,0.0196888
-0.512585,12.25,0.0159392
-0.512585,12.75,0.0128943
-0.512585,13.25,0.0104225
-0.512585,13.75,0.00843753
-0.512585,14.25,0.00684638
-0.512585,14.75,0.0055736
-0.512585,15.25,0.00454774
-0.512585,15.75,0.00371947
-0.512585,16.25,0.00304847
-0.512585,16.75,0.00250438
-0.512585,17.25,0.00206231
-0.512585,17.75,0.00170226
-0.512585,18.25,0.00140844
-0.512585,18.75,0.00116791
-0.512585,19.25,0.000970502
-0.512585,19.75,0.000808091
-0.512585,20.25,0.000674095
-0.512585,20.75,0.000563312
-0.487589,1.25,6.95464
-0.487589,1.75,3.75313
-0.487589,2.25,3.33036
-0.487589,2.75,0.0278032
-0.487589,3.25,1.14124
-0.487589,3.75,0.850913
-0.487589,4.25,0.232045
-0.487589,4.75,0.0127885
-0.487589,5.25,0.0231678
-0.487589,5.75,0.0805297
-0.487589,6.25,0.11874
-0.487589,6.75,0.129595
-0.487589,7.25,0.122627
-0.487589,7.75,0.107177
-0.487589,8.25,0.0892061
-0.487589,8.75,0.0720622
-0.487589,9.25,0.0574542
-0.487589,9.75,0.045401
-0.487589,10.25,0.0355681
-0.487589,10.75,0.0277103
-0.487589,11.25,0.0215526
-0.487589,11.75,0.0167369
-0.487589,12.25,0.0130057
-0.487589,12.75,0.0101092
-0.487589,13.25,0.00785499
-0.487589,13.75,0.00611471
-0.487589,14.25,0.00477029
-0.487589,14.75,0.0037313
-0.487589,15.25,0.0029237
-0.487589,15.75,0.00229455
-0.487589,16.25,0.0018037
-0.487589,16.75,0.0014196
-0.487589,17.25,0.00111833
-0.487589,17.75,0.000881577
-0.487589,18.25,0.000694834
-0.487589,18.75,0.000547639
-0.487589,19.25,0.000431474
-0.487589,19.75,0.000339692
-0.487589,20.25,0.000267171
-0.487589,20.75,0.000209807
-0.462594,1.25,12.6802
-0.462594,1.75,0.439027
-0.462594,2.25,2.65247
-0.462594,2.75,0.739468
-0.462594,3.25,1.55629
-0.462594,3.75,0.527486
-0.462594,4.25,0.0388782
-0.462594,4.75,0.0448288
-0.462594,5.25,0.147229
-0.462594,5.75,0.205724
-0.462594,6.25,0.212419
-0.462594,6.75,0.188736
-0.462594,7.25,0.154939
-0.462594,7.75,0.121413
-0.462594,8.25,0.092293
-0.462594,8.75,0.0688732
-0.462594,9.25,0.0511592
-0.462594,9.75,0.0378575
-0.462594,10.25,0.027839
-0.462594,10.75,0.0203778
-0.462594,11.25,0.0148951
-0.462594,11.75,0.0108656
-0.462594,12.25,0.00791905
-0.462594,12.75,0.00575906
-0.462594,13.25,0.00417291
-0.462594,13.75,0.0030172
-0.462594,14.25,0.00217544
-0.462594,14.75,0.00156292
-0.462594,15.25,0.00111699
-0.462594,15.75,0.000792942
-0.462594,16.25,0.000558535
-0.462594,16.75,0.00038934
-0.462594,17.25,0.000267872
-0.462594,17.75,0.000181383
-0.462594,18.25,0.000120359
-0.462594,18.75,7.81119e-05
-0.462594,19.25,4.95063e-05
-0.462594,19.75,3.07508e-05
-0.462594,20.25,1.90639e-05
-0.462594,20.75,1.23797e-05
-0.437598,1.25,3.17069
-0.437598,1.75,3.21674
-0.437598,2.25,0.671059
-0.437598,2.75,2.37471
-0.437598,3.25,1.42784
-0.437598,3.75,0.174352
-0.437598,4.25,0.0598922
-0.437598,4.75,0.230833
-0.437598,5.25,0.323261
-0.437598,5.75,0.319455
-0.437598,6.25,0.26838
-0.437598,6.75,0.205592
-0.437598,7.25,0.149714
-0.437598,7.75,0.105635
-0.437598,8.25,0.0728858
-0.437598,8.75,0.0495361
-0.437598,9.25,0.033502
-0.437598,9.75,0.0225095
-0.437598,10.25,0.0149526
-0.437598,10.75,0.00981315
-0.437598,11.25,0.00636656
-0.437598,11.75,0.00406905
-0.437598,12.25,0.00255614
-0.437598,12.75,0.0015705
-0.437598,13.25,0.000938979
-0.437598,13.75,0.000546254
-0.437598,14.25,0.000310923
-0.437598,14.75,0.000178156
-0.437598,15.25,0.000111049
-0.437598,15.75,8.5092e-05
-0.437598,16.25,8.40461e-05
-0.437598,16.75,9.71625e-05
-0.437598,17.25,0.000117476
-0.437598,17.75,0.000140549
-0.437598,18.25,0.000163434
-0.437598,18.75,0.000184646
-0.437598,19.25,0.000203329
-0.437598,19.75,0.000219096
-0.437598,20.25,0.000231981
-0.437598,20.75,0.000242059
-0.412603,1.25,8.27523
-0.412603,1.75,8.87926
-0.412603,2.25,0.668358
-0.412603,2.75,3.14767
-0.412603,3.25,0.752271
-0.412603,3.75,0.057817
-0.412603,4.25,0.299096
-0.412603,4.75,0.475885
-0.412603,5.25,0.472948
-0.412603,5.75,0.38504
-0.412603,6.25,0.282634
-0.412603,6.75,0.194656
-0.412603,7.25,0.129166
-0.412603,7.75,0.0834989
-0.412603,8.25,0.0528724
-0.412603,8.75,0.0328886
-0.412603,9.25,0.020186
-0.412603,9.75,0.01217
-0.412603,10.25,0.00715113
-0.412603,10.75,0.00407493
-0.412603,11.25,0.00224522
-0.412603,11.75,0.00119539
-0.412603,12.25,0.000629836
-0.412603,12.75,0.000357021
-0.412603,13.25,0.000256239
-0.412603,13.75,0.000252192
-0.412603,14.25,0.000298016
-0.412603,14.75,0.000365705
-0.412603,15.25,0.000438519
-0.412603,15.75,0.000507252
-0.412603,16.25,0.000567157
-0.412603,16.75,0.000616298
-0.412603,17.25,0.000654336
-0.412603,17.75,0.00068182
-0.412603,18.25,0.00069918
-0.412603,18.75,0.000708164
-0.412603,19.25,0.000710069
-0.412603,19.75,0.000706094
-0.412603,20.25,0.000697408
-0.412603,20.75,0.000684948
-0.387607,1.25,23.0046
-0.387607,1.75,9.16187
-0.387607,2.25,3.17101
-0.387607,2.75,2.6718
-0.387607,3.25,0.199662
-0.387607,3.75,0.322538
-0.387607,4.25,0.671919
-0.387607,4.75,0.693508
-0.387607,5.25,0.548092
-0.387607,5.75,0.380872
-0.387607,6.25,0.246037
-0.387607,6.75,0.151114
-0.387607,7.25,0.0895791
-0.387607,7.75,0.0514188
-0.387607,8.25,0.0285794
-0.387607,8.75,0.0153143
-0.387607,9.25,0.00787933
-0.387607,9.75,0.00387532
-0.387607,10.25,0.0018575
-0.387607,10.75,0.000969355
-0.387607,11.25,0.000697417
-0.387607,11.75,0.000737504
-0.387607,12.25,0.00091714
-0.387607,12.75,0.00113969
-0.387607,13.25,0.00135364
-0.387607,13.75,0.00153667
-0.387607,14.25,0.00168082
-0.387607,14.75,0.00178708
-0.387607,15.25,0.00185629
-0.387607,15.75,0.00189325
-0.387607,16.25,0.00190177
-0.387607,16.75,0.00188814
-0.387607,17.25,0.00185741
-0.387607,17.75,0.00181362
-0.387607,18.25,0.00175944
-0.387607,18.75,0.00169847
-0.387607,19.25,0.00163304
-0.387607,19.75,0.00156499
-0.387607,20.25,0.00149535
-0.387607,20.75,0.00142541
-0.362611,1.25,13.5275
-0.362611,1.75,3.82205
-0.362611,2.25,5.71405
-0.362611,2.75,1.31629
-0.362611,3.25,0.247102
-0.362611,3.75,0.874496
-0.362611,4.25,1.00574
-0.362611,4.75,0.784621
-0.362611,5.25,0.514482
-0.362611,5.75,0.30691
-0.362611,6.25,0.171917
-0.362611,6.75,0.0911718
-0.362611,7.25,0.0458486
-0.362611,7.75,0.0216822
-0.362611,8.25,0.00960806
-0.362611,8.75,0.00411392
-0.362611,9.25,0.00205285
-0.362611,9.75,0.00167719
-0.362611,10.25,0.00204347
-0.362611,10.75,0.00265997
-0.362611,11.25,0.00328735
-0.362611,11.75,0.00381338
-0.362611,12.25,0.00420759
-0.362611,12.75,0.00446729
-0.362611,13.25,0.00460478
-0.362611,13.75,0.00464517
-0.362611,14.25,0.0046121
-0.362611,14.75,0.00452944
-0.362611,15.25,0.00440399
-0.362611,15.75,0.0042485
-0.362611,16.25,0.00406725
-0.362611,16.75,0.00387347
-0.362611,17.25,0.0036748
-0.362611,17.75,0.00347578
-0.362611,18.25,0.00327963
-0.362611,18.75,0.00308881
-0.362611,19.25,0.00290496
-0.362611,19.75,0.00272912
-0.362611,20.25,0.00256019
-0.362611,20.75,0.00239935
-0.337616,1.25,5.00893
-0.337616,1.75,1.70726
-0.337616,2.25,5.8136
-0.337616,2.75,0.358516
-0.337616,3.25,0.924939
-0.337616,3.75,1.39403
-0.337616,4.25,1.115
-0.337616,4.75,0.693508
-0.337616,5.25,0.377672
-0.337616,5.75,0.187784
-0.337616,6.25,0.0859341
-0.337616,6.75,0.0358115
-0.337616,7.25,0.0136189
-0.337616,7.75,0.00541235
-0.337616,8.25,0.00368896
-0.337616,8.75,0.00459784
-0.337616,9.25,0.00629712
-0.337616,9.75,0.00796813
-0.337616,10.25,0.00928349
-0.337616,10.75,0.0101662
-0.337616,11.25,0.0106588
-0.337616,11.75,0.0108094
-0.337616,12.25,0.0107154
-0.337616,12.75,0.0104412
-0.337616,13.25,0.0100397
-0.337616,13.75,0.00956238
-0.337616,14.25,0.00904772
-0.337616,14.75,0.00852892
-0.337616,15.25,0.0080059
-0.337616,15.75,0.00749091
-0.337616,16.25,0.00697785
-0.337616,16.75,0.00648562
-0.337616,17.25,0.00602096
-0.337616,17.75,0.00558517
-0.337616,18.25,0.00518006
-0.337616,18.75,0.00480336
-0.337616,19.25,0.00445399
-0.337616,19.75,0.00413067
-0.337616,20.25,0.0038294
-0.337616,20.75,0.00354999
-0.31262,1.25,20.8101
-0.31262,1.75,6.95393
-0.31262,2.25,3.21148
-0.31262,2.75,0.605606
-0.31262,3.25,1.82841
-0.31262,3.75,1.6576
-0.31262,4.25,1.01523
-0.31262,4.75,0.515491
-0.31262,5.25,0.230764
-0.31262,5.75,0.0916808
-0.31262,6.25,0.0319014
-0.31262,6.75,0.0106401
-0.31262,7.25,0.00630186
-0.31262,7.75,0.00831214
-0.31262,8.25,0.0119106
-0.31262,8.75,0.0151826
-0.31262,9.25,0.0175949
-0.31262,9.75,0.0190765
-0.31262,10.25,0.019705
-0.31262,10.75,0.0196706
-0.31262,11.25,0.0191888
-0.31262,11.75,0.0183658
-0.31262,12.25,0.0173699
-0.31262,12.75,0.0162828
-0.31262,13.25,0.0151616
-0.31262,13.75,0.0140521
-0.31262,14.25,0.0129854
-0.31262,14.75,0.0119855
-0.31262,15.25,0.0110442
-0.31262,15.75,0.0101659
-0.31262,16.25,0.00932759
-0.31262,16.75,0.00855151
-0.31262,17.25,0.00784094
-0.31262,17.75,0.00719183
-0.31262,18.25,0.00660361
-0.31262,18.75,0.00606754
-0.31262,19.25,0.00557904
-0.31262,19.75,0.00513403
-0.31262,20.25,0.00472749
-0.31262,20.75,0.00435645
-0.287624,1.25,24.7532
-0.287624,1.75,12.0332
-0.287624,2.25,0.81317
-0.287624,2.75,1.96938
-0.287624,3.25,2.46111
-0.287624,3.75,1.5414
-0.287624,4.25,0.729759
-0.287624,4.75,0.288813
-0.287624,5.25,0.0960371
-0.287624,5.75,0.0269295
-0.287624,6.25,0.0106718
-0.287624,6.75,0.0135388
-0.287624,7.25,0.0211127
-0.287624,7.75,0.0279306
-0.287624,8.25,0.0324528
-0.287624,8.75,0.0346978
-0.287624,9.25,0.0353934
-0.287624,9.75,0.0349423
-0.287624,10.25,0.0335956
-0.287624,10.75,0.031693
-0.287624,11.25,0.0295438
-0.287624,11.75,0.0272302
-0.287624,12.25,0.0249557
-0.287624,12.75,0.0227828
-0.287624,13.25,0.0207463
-0.287624,13.75,0.0188612
-0.287624,14.25,0.017136
-0.287624,14.75,0.0155734
-0.287624,15.25,0.0141541
-0.287624,15.75,0.012869
-0.287624,16.25,0.0116716
-0.287624,16.75,0.0105872
-0.287624,17.25,0.00961368
-0.287624,17.75,0.00873976
-0.287624,18.25,0.00796178
-0.287624,18.75,0.00726254
-0.287624,19.25,0.00663322
-0.287624,19.75,0.00606631
-0.287624,20.25,0.00555611
-0.287624,20.75,0.00509608
-0.262629,1.25,7.40458
-0.262629,1.75,9.4457
-0.262629,2.25,1.1226
-0.262629,2.75,3.43983
-0.262629,3.25,2.40845
-0.262629,3.75,1.07276
-0.262629,4.25,0.36652
-0.262629,4.75,0.0962233
-0.262629,5.25,0.0226058
-0.262629,5.75,0.0196619
-0.262629,6.25,0.0350245
-0.262629,6.75,0.0501175
-0.262629,7.25,0.0599858
-0.262629,7.75,0.0644026
-0.262629,8.25,0.0646052
-0.262629,8.75,0.0621041
-0.262629,9.25,0.0586347
-0.262629,9.75,0.0545999
-0.262629,10.25,0.0501083
-0.262629,10.75,0.0455066
-0.262629,11.25,0.0411089
-0.262629,11.75,0.0368862
-0.262629,12.25,0.0330415
-0.262629,12.75,0.029582
-0.262629,13.25,0.0264947
-0.262629,13.75,0.0237407
-0.262629,14.25,0.0212914
-0.262629,14.75,0.0191177
-0.262629,15.25,0.0171884
-0.262629,15.75,0.0154761
-0.262629,16.25,0.0139054
-0.262629,16.75,0.0125046
-0.262629,17.25,0.0112648
-0.262629,17.75,0.010166
-0.262629,18.25,0.00920108
-0.262629,18.75,0.00834286
-0.262629,19.25,0.00757768
-0.262629,19.75,0.00689431
-0.262629,20.25,0.00628671
-0.262629,20.75,0.00574421
-0.237633,1.25,8.28162
-0.237633,1.75,2.89394
-0.237633,2.25,3.74189
-0.237633,2.75,3.84766
-0.237633,3.25,1.69325
-0.237633,3.75,0.5
-0.237633,4.25,0.0996806
-0.237633,4.75,0.0256441
-0.237633,5.25,0.0464626
-0.237633,5.75,0.0796569
-0.237633,6.25,0.102785
-0.237633,6.75,0.113496
-0.237633,7.25,0.114784
-0.237633,7.75,0.10992
-0.237633,8.25,0.101544
-0.237633,8.75,0.0917429
-0.237633,9.25,0.0825364
-0.237633,9.75,0.0739498
-0.237633,10.25,0.0657685
-0.237633,10.75,0.0581952
-0.237633,11.25,0.0514317
-0.237633,11.75,0.0452837
-0.237633,12.25,0.0399068
-0.237633,12.75,0.0352311
-0.237633,13.25,0.0311816
-0.237633,13.75,0.0276497
-0.237633,14.25,0.0245663
-0.237633,14.75,0.0218688
-0.237633,15.25,0.0195101
-0.237633,15.75,0.0174442
-0.237633,16.25,0.0155755
-0.237633,16.75,0.0139266
-0.237633,17.25,0.0124807
-0.237633,17.75,0.0112097
-0.237633,18.25,0.0101021
-0.237633,18.75,0.00912361
-0.237633,19.25,0.0082566
-0.237633,19.75,0.0074867
-0.237633,20.25,0.00680495
-0.237633,20.75,0.00619876
-0.212637,1.25,23.7248
-0.212637,1.75,1.44939
-0.212637,2.25,5.97592
-0.212637,2.75,2.94451
-0.212637,3.25,0.772682
-0.212637,3.75,0.114272
-0.212637,4.25,0.0413657
-0.212637,4.75,0.101222
-0.212637,5.25,0.158116
-0.212637,5.75,0.187801
-0.212637,6.25,0.194546
-0.212637,6.75,0.186997
-0.212637,7.25,0.172145
-0.212637,7.75,0.154198
-0.212637,8.25,0.135576
-0.212637,8.75,0.117948
-0.212637,9.25,0.102725
-0.212637,9.75,0.0895221
-0.212637,10.25,0.0778333
-0.212637,10.75,0.0675959
-0.212637,11.25,0.0587947
-0.212637,11.75,0.0510611
-0.212637,12.25,0.0444643
-0.212637,12.75,0.0388545
-0.212637,13.25,0.034095
-0.212637,13.75,0.0300053
-0.212637,14.25,0.0264809
-0.212637,14.75,0.0234328
-0.212637,15.25,0.0207939
-0.212637,15.75,0.0185028
-0.212637,16.25,0.0164593
-0.212637,16.75,0.0146703
-0.212637,17.25,0.0131098
-0.212637,17.75,0.011745
-0.212637,18.25,0.0105589
-0.212637,18.75,0.00951532
-0.212637,19.25,0.00859408
-0.212637,19.75,0.00777878
-0.212637,20.25,0.00705468
-0.212637,20.75,0.00641034
-0.187642,1.25,16.6447
-0.187642,1.75,6.6278
-0.187642,2.25,5.55084
-0.187642,2.75,1.35678
-0.187642,3.25,0.143728
-0.187642,3.75,0.0790099
-0.187642,4.25,0.208807
-0.187642,4.75,0.297504
-0.187642,5.25,0.326794
-0.187642,5.75,0.318659
-0.187642,6.25,0.291668
-0.187642,6.75,0.25765
-0.187642,7.25,0.223247
-0.187642,7.75,0.191248
-0.187642,8.25,0.162551
-0.187642,8.75,0.137735
-0.187642,9.25,0.117141
-0.187642,9.75,0.0999688
-0.187642,10.25,0.0854288
-0.187642,10.75,0.0731411
-0.187642,11.25,0.0628407
-0.187642,11.75,0.0539972
-0.187642,12.25,0.0465849
-0.187642,12.75,0.0403833
-0.187642,13.25,0.035203
-0.187642,13.75,0.0307996
-0.187642,14.25,0.0270409
-0.187642,14.75,0.0238178
-0.187642,15.25,0.0210479
-0.187642,15.75,0.0186591
-0.187642,16.25,0.0165529
-0.187642,16.75,0.0147198
-0.187642,17.25,0.0131275
-0.187642,17.75,0.0117396
-0.187642,18.25,0.0105357
-0.187642,18.75,0.00947951
-0.187642,19.25,0.00854972
-0.187642,19.75,0.00772892
-0.187642,20.25,0.00699728
-0.187642,20.75,0.00634536
-0.162646,1.25,2.03517
-0.162646,1.75,10.4569
-0.162646,2.25,2.84824
-0.162646,2.75,0.213467
-0.162646,3.25,0.15369
-0.162646,3.75,0.408068
-0.162646,4.25,0.537796
-0.162646,4.75,0.549592
-0.162646,5.25,0.503079
-0.162646,5.75,0.437725
-0.162646,6.25,0.370766
-0.162646,6.75,0.30972
-0.162646,7.25,0.257446
-0.162646,7.75,0.213773
-0.162646,8.25,0.177393
-0.162646,8.75,0.147509
-0.162646,9.25,0.123235
-0.162646,9.75,0.103482
-0.162646,10.25,0.0872571
-0.162646,10.75,0.0738871
-0.162646,11.25,0.0628779
-0.162646,11.75,0.0535821
-0.162646,12.25,0.0458902
-0.162646,12.75,0.0395336
-0.162646,13.25,0.0342878
-0.162646,13.75,0.0298644
-0.162646,14.25,0.0261154
-0.162646,14.75,0.0229211
-0.162646,15.25,0.0201913
-0.162646,15.75,0.0178487
-0.162646,16.25,0.0158032
-0.162646,16.75,0.0140312
-0.162646,17.25,0.0124963
-0.162646,17.75,0.0111619
-0.162646,18.25,0.0100054
-0.162646,18.75,0.00899295
-0.162646,19.25,0.00810343
-0.162646,19.75,0.00731956
-0.162646,20.25,0.00661793
-0.162646,20.75,0.0059916
-0.137651,1.25,10.1959
-0.137651,1.75,7.26843
-0.137651,2.25,0.439578
-0.137651,2.75,0.280216
-0.137651,3.25,0.766911
-0.137651,3.75,0.934745
-0.137651,4.25,0.892146
-0.137651,4.75,0.767237
-0.137651,5.25,0.630607
-0.137651,5.75,0.509936
-0.137651,6.25,0.409939
-0.137651,6.75,0.329717
-0.137651,7.25,0.266283
-0.137651,7.75,0.216211
-0.137651,8.25,0.176203
-0.137651,8.75,0.144369
-0.137651,9.25,0.119071
-0.137651,9.75,0.0988794
-0.137651,10.25,0.0826156
-0.137651,10.75,0.0694305
-0.137651,11.25,0.0587047
-0.137651,11.75,0.0497673
-0.137651,12.25,0.042433
-0.137651,12.75,0.0364046
-0.137651,13.25,0.0314431
-0.137651,13.75,0.0272857
-0.137651,14.25,0.0237816
-0.137651,14.75,0.0208103
-0.137651,15.25,0.0182827
-0.137651,15.75,0.0161223
-0.137651,16.25,0.0142521
-0.137651,16.75,0.0126382
-0.137651,17.25,0.0112434
-0.137651,17.75,0.0100333
-0.137651,18.25,0.00898505
-0.137651,18.75,0.00806891
-0.137651,19.25,0.00726527
-0.137651,19.75,0.00655811
-0.137651,20.25,0.00592522
-0.137651,20.75,0.00536055
-0.112655,1.25,19.5103
-0.112655,1.75,1.47152
-0.112655,2.25,0.466458
-0.112655,2.75,1.41591
-0.112655,3.25,1.59347
-0.112655,3.75,1.39981
-0.112655,4.25,1.12731
-0.112655,4.75,0.87454
-0.112655,5.25,0.670524
-0.112655,5.75,0.515683
-0.112655,6.25,0.399626
-0.112655,6.75,0.313277
-0.112655,7.25,0.248034
-0.112655,7.75,0.198153
-0.112655,8.25,0.15924
-0.112655,8.75,0.128896
-0.112655,9.25,0.105369
-0.112655,9.75,0.0869067
-0.112655,10.25,0.0722087
-0.112655,10.75,0.0604083
-0.112655,11.25,0.0508843
-0.112655,11.75,0.0430355
-0.112655,12.25,0.0366239
-0.112655,12.75,0.0313501
-0.112655,13.25,0.0269841
-0.112655,13.75,0.023344
-0.112655,14.25,0.0202893
-0.112655,14.75,0.0177086
-0.112655,15.25,0.0155214
-0.112655,15.75,0.0136583
-0.112655,16.25,0.0120578
-0.112655,16.75,0.0106815
-0.112655,17.25,0.00949404
-0.112655,17.75,0.00846552
-0.112655,18.25,0.00757482
-0.112655,18.75,0.00679743
-0.112655,19.25,0.00611639
-0.112655,19.75,0.00551783
-0.112655,20.25,0.00498457
-0.112655,20.75,0.00451017
-0.0876593,1.25,8.04484
-0.0876593,1.75,0.638696
-0.0876593,2.25,2.70484
-0.0876593,2.75,2.78152
-0.0876593,3.25,2.18213
-0.0876593,3.75,1.61133
-0.0876593,4.25,1.17087
-0.0876593,4.75,0.849539
-0.0876593,5.25,0.62119
-0.0876593,5.75,0.461097
-0.0876593,6.25,0.348051
-0.0876593,6.75,0.267977
-0.0876593,7.25,0.209222
-0.0876593,7.75,0.165215
-0.0876593,8.25,0.131407
-0.0876593,8.75,0.105402
-0.0876593,9.25,0.0856151
-0.0876593,9.75,0.0702835
-0.0876593,10.25,0.0581772
-0.0876593,10.75,0.0485237
-0.0876593,11.25,0.0407749
-0.0876593,11.75,0.0344446
-0.0876593,12.25,0.029288
-0.0876593,12.75,0.0250374
-0.0876593,13.25,0.0214941
-0.0876593,13.75,0.018551
-0.0876593,14.25,0.0160892
-0.0876593,14.75,0.0140151
-0.0876593,15.25,0.0122621
-0.0876593,15.75,0.0107728
-0.0876593,16.25,0.00950226
-0.0876593,16.75,0.00841253
-0.0876593,17.25,0.00747353
-0.0876593,17.75,0.00666106
-0.0876593,18.25,0.00595731
-0.0876593,18.75,0.00534364
-0.0876593,19.25,0.0048065
-0.0876593,19.75,0.00433477
-0.0876593,20.25,0.00391624
-0.0876593,20.75,0.00354487
-0.0626636,1.25,0.300062
-0.0626636,1.75,5.13342
-0.0626636,2.25,4.91033
-0.0626636,2.75,3.40577
-0.0626636,3.25,2.21254
-0.0626636,3.75,1.47703
-0.0626636,4.25,1.00688
-0.0626636,4.75,0.699749
-0.0626636,5.25,0.495784
-0.0626636,5.75,0.359212
-0.0626636,6.25,0.266319
-0.0626636,6.75,0.202684
-0.0626636,7.25,0.156835
-0.0626636,7.75,0.122915
-0.0626636,8.25,0.0970836
-0.0626636,8.75,0.0773798
-0.0626636,9.25,0.0626008
-0.0626636,9.75,0.051253
-0.0626636,10.25,0.0423387
-0.0626636,10.75,0.0352607
-0.0626636,11.25,0.0295978
-0.0626636,11.75,0.0250026
-0.0626636,12.25,0.0212638
-0.0626636,12.75,0.0181708
-0.0626636,13.25,0.0155715
-0.0626636,13.75,0.0134181
-0.0626636,14.25,0.0116209
-0.0626636,14.75,0.0101093
-0.0626636,15.25,0.00883416
-0.0626636,15.75,0.00775273
-0.0626636,16.25,0.00683585
-0.0626636,16.75,0.00605101
-0.0626636,17.25,0.00537513
-0.0626636,17.75,0.00479061
-0.0626636,18.25,0.00428395
-0.0626636,18.75,0.00384231
-0.0626636,19.25,0.00345592
-0.0626636,19.75,0.0031167
-0.0626636,20.25,0.00281685
-0.0626636,20.75,0.00255138
-0.037668,1.25,9.02778
-0.037668,1.75,8.1947
-0.037668,2.25,4.99309
-0.037668,2.75,2.87586
-0.037668,3.25,1.68902
-0.037668,3.75,1.06408
-0.037668,4.25,0.698743
-0.037668,4.75,0.473116
-0.037668,5.25,0.328586
-0.037668,5.75,0.234269
-0.037668,6.25,0.1716
-0.037668,6.75,0.129637
-0.037668,7.25,0.0997386
-0.037668,7.75,0.0777729
-0.037668,8.25,0.0612094
-0.037668,8.75,0.0486635
-0.037668,9.25,0.039266
-0.037668,9.75,0.0320692
-0.037668,10.25,0.0264439
-0.037668,10.75,0.0219962
-0.037668,11.25,0.0184455
-0.037668,11.75,0.0155697
-0.037668,12.25,0.0132335
-0.037668,12.75,0.0113
-0.037668,13.25,0.00967177
-0.037668,13.75,0.00832519
-0.037668,14.25,0.00720366
-0.037668,14.75,0.00626314
-0.037668,15.25,0.00547052
-0.037668,15.75,0.00479885
-0.037668,16.25,0.00423032
-0.037668,16.75,0.00374405
-0.037668,17.25,0.00332546
-0.037668,17.75,0.00296359
-0.037668,18.25,0.00264896
-0.037668,18.75,0.00237482
-0.037668,19.25,0.00213512
-0.037668,19.75,0.00192482
-0.037668,20.25,0.00173962
-0.037668,20.75,0.00157604
-0.0126724,1.25,15.6369
-0.0126724,1.75,7.37569
-0.0126724,2.25,3.64006
-0.0126724,2.75,1.89999
-0.0126724,3.25,1.05686
-0.0126724,3.75,0.643111
-0.0126724,4.25,0.413047
-0.0126724,4.75,0.275177
-0.0126724,5.25,0.188574
-0.0126724,5.75,0.132886
-0.0126724,6.25,0.0964633
-0.0126724,6.75,0.0724841
-0.0126724,7.25,0.0555258
-0.0126724,7.75,0.0431216
-0.0126724,8.25,0.0338913
-0.0126724,8.75,0.0269518
-0.0126724,9.25,0.0217005
-0.0126724,9.75,0.0176688
-0.0126724,10.25,0.0145361
-0.0126724,10.75,0.0120718
-0.0126724,11.25,0.0101082
-0.0126724,11.75,0.00851462
-0.0126724,12.25,0.00722321
-0.0126724,12.75,0.00615822
-0.0126724,13.25,0.00526542
-0.0126724,13.75,0.00452804
-0.0126724,14.25,0.00391539
-0.0126724,14.75,0.00340399
-0.0126724,15.25,0.00297315
-0.0126724,15.75,0.00260813
-0.0126724,16.25,0.00229837
-0.0126724,16.75,0.00203338
-0.0126724,17.25,0.0018054
-0.0126724,17.75,0.00160841
-0.0126724,18.25,0.00143624
-0.0126724,18.75,0.00128633
-0.0126724,19.25,0.00115541
-0.0126724,19.75,0.00104066
-0.0126724,20.25,0.000939998
-0.0126724,20.75,0.000851329
