-0.987807,1.23171,2.44223e-25
-0.987807,1.69512,1.34866e-25
-0.987807,2.15854,8.90486e-26
-0.987807,2.62195,5.93109e-26
-0.987807,3.08537,4.18276e-26
-0.987807,3.54878,3.01006e-26
-0.987807,4.0122,2.3214e-26
-0.987807,4.47561,1.84435e-26
-0.987807,4.93902,1.43763e-26
-0.987807,5.40244,1.15998e-26
-0.987807,5.86585,9.6408e-27
-0.987807,6.32927,8.0842e-27
-0.987807,6.79268,6.80182e-27
-0.987807,7.2561,5.75576e-27
-0.987807,7.71951,4.91457e-27
-0.987807,8.18293,4.23919e-27
-0.987807,8.64634,3.69234e-27
-0.987807,9.10976,3.24944e-27
-0.987807,9.57317,2.88475e-27
-0.987807,10.0366,2.57673e-27
-0.987807,10.5,2.31163e-27
-0.987807,10.9634,2.08274e-27
-0.987807,11.4268,1.88269e-27
-0.987807,11.8902,1.70671e-27
-0.987807,12.3537,1.55215e-27
-0.987807,12.8171,1.41708e-27
-0.987807,13.2805,1.2986e-27
-0.987807,13.7439,1.19324e-27
-0.987807,14.2073,1.09935e-27
-0.987807,14.6707,1.01571e-27
-0.987807,15.1341,9.40646e-28
-0.987807,15.5976,8.73105e-28
-0.987807,16.061,8.10895e-28
-0.987807,16.5244,7.53325e-28
-0.987807,16.9878,7.01284e-28
-0.987807,17.4512,6.54119e-28
-0.987807,17.9146,6.11144e-28
-0.987807,18.378,5.71728e-28
-0.987807,18.8415,5.35769e-28
-0.987807,19.3049,5.02888e-28
-0.987807,19.7683,4.72757e-28
-0.963421,1.23171,2.54662e-25
-0.963421,1.69512,1.4395e-25
-0.963421,2.15854,8.62291e-26
-0.963421,2.62195,5.63696e-26
-0.963421,3.08537,4.19326e-26
-0.963421,3.54878,2.99306e-26
-0.963421,4.0122,2.37032e-26
-0.963421,4.47561,1.80135e-26
-0.963421,4.93902,1.43573e-26
-0.963421,5.40244,1.17963e-26
-0.963421,5.86585,9.71043e-27
-0.963421,6.32927,8.02292e-27
-0.963421,6.79268,6.71418e-27
-0.963421,7.2561,5.70661e-27
-0.963421,7.71951,4.91544e-27
-0.963421,8.18293,4.27501e-27
-0.963421,8.64634,3.74321e-27
-0.963421,9.10976,3.30038e-27
-0.963421,9.57317,2.92732e-27
-0.963421,10.0366,2.60765e-27
-0.963421,10.5,2.33084e-27
-0.963421,10.9634,2.09187e-27
-0.963421,11.4268,1.88395e-27
-0.963421,11.8902,1.70231e-27
-0.963421,12.3537,1.54402e-27
-0.963421,12.8171,1.40675e-27
-0.963421,13.2805,1.28722e-27
-0.963421,13.7439,1.18163e-27
-0.963421,14.2073,1.08807e-27
-0.963421,14.6707,1.00511e-27
-0.963421,15.1341,9.30937e-28
-0.963421,15.5976,8.64383e-28
-0.963421,16.061,8.03194e-28
-0.963421,16.5244,7.46629e-28
-0.963421,16.9878,6.95531e-28
-0.963421,17.4512,6.4923e-28
-0.963421,17.9146,6.07035e-28
-0.963421,18.378,5.68315e-28
-0.963421,18.8415,5.32966e-28
-0.963421,19.3049,5.00618e-28
-0.963421,19.7683,4.70946e-28
-0.939035,1.23171,2.41092e-25
-0.939035,1.69512,1.37439e-25
-0.939035,2.15854,8.93127e-26
-0.939035,2.62195,5.97585e-26
-0.939035,3.08537,3.99613e-26
-0.939035,3.54878,3.14903e-26
-0.939035,4.0122,2.30676e-26
-0.939035,4.47561,1.80227e-26
-0.939035,4.93902,1.47396e-26
-0.939035,5.40244,1.19405e-26
-0.939035,5.86585,9.69844e-27
-0.939035,6.32927,8.02857e-27
-0.939035,6.79268,6.78741e-27
-0.939035,7.2561,5.82176e-27
-0.939035,7.71951,5.0364e-27
-0.939035,8.18293,4.37674e-27
-0.939035,8.64634,3.81732e-27
-0.939035,9.10976,3.34904e-27
-0.939035,9.57317,2.95639e-27
-0.939035,10.0366,2.62369e-27
-0.939035,10.5,2.33925e-27
-0.939035,10.9634,2.09657e-27
-0.939035,11.4268,1.88758e-27
-0.939035,11.8902,1.70643e-27
-0.939035,12.3537,1.54934e-27
-0.939035,12.8171,1.41331e-27
-0.939035,13.2805,1.29482e-27
-0.939035,13.7439,1.19017e-27
-0.939035,14.2073,1.09736e-27
-0.939035,14.6707,1.01498e-27
-0.939035,15.1341,9.41166e-28
-0.939035,15.5976,8.74771e-28
-0.939035,16.061,8.13702e-28
-0.939035,16.5244,7.57234e-28
-0.939035,16.9878,7.06088e-28
-0.939035,17.4512,6.59627e-28
-0.939035,17.9146,6.17175e-28
-0.939035,18.378,5.78109e-28
-0.939035,18.8415,5.42381e-28
-0.939035,19.3049,5.09632e-28
-0.939035,19.7683,4.79552e-28
-0.914649,1.23171,2.49593e-25
-0.914649,1.69512,1.36062e-25
-0.914649,2.15854,9.04289e-26
-0.914649,2.62195,6.06805e-26
-0.914649,3.08537,4.27845e-26
-0.914649,3.54878,3.09904e-26
-0.914649,4.0122,2.32094e-26
-0.914649,4.47561,1.89452e-26
-0.914649,4.93902,1.5061e-26
-0.914649,5.40244,1.19965e-26
-0.914649,5.86585,9.83294e-27
-0.914649,6.32927,8.25754e-27
-0.914649,6.79268,7.03089e-27
-0.914649,7.2561,6.02766e-27
-0.914649,7.71951,5.19497e-27
-0.914649,8.18293,4.49248e-27
-0.914649,8.64634,3.9029e-27
-0.914649,9.10976,3.41736e-27
-0.914649,9.57317,3.01589e-27
-0.914649,10.0366,2.6796e-27
-0.914649,10.5,2.39385e-27
-0.914649,10.9634,2.15057e-27
-0.914649,11.4268,1.94097e-27
-0.914649,11.8902,1.75884e-27
-0.914649,12.3537,1.60015e-27
-0.914649,12.8171,1.46155e-27
-0.914649,13.2805,1.33979e-27
-0.914649,13.7439,1.23179e-27
-0.914649,14.2073,1.13568e-27
-0.914649,14.6707,1.05022e-27
-0.914649,15.1341,9.73447e-28
-0.914649,15.5976,9.04257e-28
-0.914649,16.061,8.40868e-28
-0.914649,16.5244,7.82548e-28
-0.914649,16.9878,7.29658e-28
-0.914649,17.4512,6.81572e-28
-0.914649,17.9146,6.37587e-28
-0.914649,18.378,5.97042e-28
-0.914649,18.8415,5.59962e-28
-0.914649,19.3049,5.25982e-28
-0.914649,19.7683,4.9478e-28
-0.890263,1.23171,2.33151e-25
-0.890263,1.69512,1.45606e-25
-0.890263,2.15854,8.68252e-26
-0.890263,2.62195,6.02082e-26
-0.890263,3.08537,4.42735e-26
-0.890263,3.54878,3.10964e-26
-0.890263,4.0122,2.49727e-26
-0.890263,4.47561,1.91987e-26
-0.890263,4.93902,1.48938e-26
-0.890263,5.40244,1.21575e-26
-0.890263,5.86585,1.01873e-26
-0.890263,6.32927,8.58403e-27
-0.890263,6.79268,7.25911e-27
-0.890263,7.2561,6.17704e-27
-0.890263,7.71951,5.30579e-27
-0.890263,8.18293,4.58751e-27
-0.890263,8.64634,3.99374e-27
-0.890263,9.10976,3.50852e-27
-0.890263,9.57317,3.10681e-27
-0.890263,10.0366,2.76862e-27
-0.890263,10.5,2.47886e-27
-0.890263,10.9634,2.23005e-27
-0.890263,11.4268,2.01414e-27
-0.890263,11.8902,1.82545e-27
-0.890263,12.3537,1.66021e-27
-0.890263,12.8171,1.51486e-27
-0.890263,13.2805,1.38646e-27
-0.890263,13.7439,1.27254e-27
-0.890263,14.2073,1.17125e-27
-0.890263,14.6707,1.08139e-27
-0.890263,15.1341,1.00079e-27
-0.890263,15.5976,9.28299e-28
-0.890263,16.061,8.62376e-28
-0.890263,16.5244,8.02209e-28
-0.890263,16.9878,7.47718e-28
-0.890263,17.4512,6.98243e-28
-0.890263,17.9146,6.53019e-28
-0.890263,18.378,6.11324e-28
-0.890263,18.8415,5.73239e-28
-0.890263,19.3049,5.38375e-28
-0.890263,19.7683,5.06394e-28
-0.865877,1.23171,2.63035e-25
-0.865877,1.69512,1.42993e-25
-0.865877,2.15854,9.4062e-26
-0.865877,2.62195,6.24123e-26
-0.865877,3.08537,4.41884e-26
-0.865877,3.54878,3.37524e-26
-0.865877,4.0122,2.49571e-26
-0.865877,4.47561,1.8875e-26
-0.865877,4.93902,1.54145e-26
-0.865877,5.40244,1.28462e-26
-0.865877,5.86585,1.06227e-26
-0.865877,6.32927,8.77756e-27
-0.865877,6.79268,7.3426e-27
-0.865877,7.2561,6.24383e-27
-0.865877,7.71951,5.39522e-27
-0.865877,8.18293,4.69799e-27
-0.865877,8.64634,4.11387e-27
-0.865877,9.10976,3.62833e-27
-0.865877,9.57317,3.21893e-27
-0.865877,10.0366,2.86961e-27
-0.865877,10.5,2.56744e-27
-0.865877,10.9634,2.30659e-27
-0.865877,11.4268,2.07994e-27
-0.865877,11.8902,1.88211e-27
-0.865877,12.3537,1.70914e-27
-0.865877,12.8171,1.55686e-27
-0.865877,13.2805,1.42229e-27
-0.865877,13.7439,1.30335e-27
-0.865877,14.2073,1.198e-27
-0.865877,14.6707,1.10497e-27
-0.865877,15.1341,1.02177e-27
-0.865877,15.5976,9.47124e-28
-0.865877,16.061,8.79741e-28
-0.865877,16.5244,8.18704e-28
-0.865877,16.9878,7.63464e-28
-0.865877,17.4512,7.13332e-28
-0.865877,17.9146,6.6749e-28
-0.865877,18.378,6.25162e-28
-0.865877,18.8415,5.86499e-28
-0.865877,19.3049,5.51101e-28
-0.865877,19.7683,5.18621e-28
-0.841491,1.23171,2.44884e-25
-0.841491,1.69512,1.51828e-25
-0.841491,2.15854,9.34414e-26
-0.841491,2.62195,6.37855e-26
-0.841491,3.08537,4.53145e-26
-0.841491,3.54878,3.41089e-26
-0.841491,4.0122,2.56087e-26
-0.841491,4.47561,2.04437e-26
-0.841491,4.93902,1.61693e-26
-0.841491,5.40244,1.28185e-26
-0.841491,5.86585,1.04061e-26
-0.841491,6.32927,8.68531e-27
-0.841491,6.79268,7.41403e-27
-0.841491,7.2561,6.41567e-27
-0.841491,7.71951,5.60092e-27
-0.841491,8.18293,4.89456e-27
-0.841491,8.64634,4.28198e-27
-0.841491,9.10976,3.765e-27
-0.841491,9.57317,3.32795e-27
-0.841491,10.0366,2.95649e-27
-0.841491,10.5,2.63742e-27
-0.841491,10.9634,2.36441e-27
-0.841491,11.4268,2.12928e-27
-0.841491,11.8902,1.92561e-27
-0.841491,12.3537,1.74855e-27
-0.841491,12.8171,1.59309e-27
-0.841491,13.2805,1.4559e-27
-0.841491,13.7439,1.33487e-27
-0.841491,14.2073,1.22775e-27
-0.841491,14.6707,1.13311e-27
-0.841491,15.1341,1.04846e-27
-0.841491,15.5976,9.72454e-28
-0.841491,16.061,9.04021e-28
-0.841491,16.5244,8.42211e-28
-0.841491,16.9878,7.86173e-28
-0.841491,17.4512,7.35225e-28
-0.841491,17.9146,6.88539e-28
-0.841491,18.378,6.45323e-28
-0.841491,18.8415,6.05788e-28
-0.841491,19.3049,5.69542e-28
-0.841491,19.7683,5.36239e-28
-0.817105,1.23171,2.67972e-25
-0.817105,1.69512,1.47812e-25
-0.817105,2.15854,9.35654e-26
-0.817105,2.62195,6.30807e-26
-0.817105,3.08537,4.76618e-26
-0.817105,3.54878,3.37128e-26
-0.817105,4.0122,2.67526e-26
-0.817105,4.47561,2.09239e-26
-0.817105,4.93902,1.62792e-26
-0.817105,5.40244,1.31338e-26
-0.817105,5.86585,1.09419e-26
-0.817105,6.32927,9.25883e-27
-0.817105,6.79268,7.89745e-27
-0.817105,7.2561,6.7662e-27
-0.817105,7.71951,5.82575e-27
-0.817105,8.18293,5.03297e-27
-0.817105,8.64634,4.36816e-27
-0.817105,9.10976,3.82405e-27
-0.817105,9.57317,3.37629e-27
-0.817105,10.0366,3.00116e-27
-0.817105,10.5,2.6811e-27
-0.817105,10.9634,2.40855e-27
-0.817105,11.4268,2.17401e-27
-0.817105,11.8902,1.97052e-27
-0.817105,12.3537,1.7932e-27
-0.817105,12.8171,1.63733e-27
-0.817105,13.2805,1.49956e-27
-0.817105,13.7439,1.37751e-27
-0.817105,14.2073,1.26898e-27
-0.817105,14.6707,1.17233e-27
-0.817105,15.1341,1.08562e-27
-0.817105,15.5976,1.00757e-27
-0.817105,16.061,9.37191e-28
-0.817105,16.5244,8.73554e-28
-0.817105,16.9878,8.15762e-28
-0.817105,17.4512,7.63145e-28
-0.817105,17.9146,7.14885e-28
-0.817105,18.378,6.70194e-28
-0.817105,18.8415,6.29277e-28
-0.817105,19.3049,5.91737e-28
-0.817105,19.7683,5.57226e-28
-0.792719,1.23171,2.60223e-25
-0.792719,1.69512,1.47759e-25
-0.792719,2.15854,9.95574e-26
-0.792719,2.62195,6.56318e-26
-0.792719,3.08537,4.77182e-26
-0.792719,3.54878,3.49973e-26
-0.792719,4.0122,2.7658e-26
-0.792719,4.47561,2.11607e-26
-0.792719,4.93902,1.66013e-26
-0.792719,5.40244,1.35931e-26
-0.792719,5.86585,1.1394e-26
-0.792719,6.32927,9.62757e-27
-0.792719,6.79268,8.17515e-27
-0.792719,7.2561,6.96853e-27
-0.792719,7.71951,5.96967e-27
-0.792719,8.18293,5.14583e-27
-0.792719,8.64634,4.46562e-27
-0.792719,9.10976,3.91489e-27
-0.792719,9.57317,3.46528e-27
-0.792719,10.0366,3.08793e-27
-0.792719,10.5,2.76411e-27
-0.792719,10.9634,2.48733e-27
-0.792719,11.4268,2.24807e-27
-0.792719,11.8902,2.03959e-27
-0.792719,12.3537,1.85733e-27
-0.792719,12.8171,1.69706e-27
-0.792719,13.2805,1.55541e-27
-0.792719,13.7439,1.42966e-27
-0.792719,14.2073,1.31755e-27
-0.792719,14.6707,1.21714e-27
-0.792719,15.1341,1.12701e-27
-0.792719,15.5976,1.04586e-27
-0.792719,16.061,9.72724e-28
-0.792719,16.5244,9.06644e-28
-0.792719,16.9878,8.46631e-28
-0.792719,17.4512,7.91995e-28
-0.792719,17.9146,7.419e-28
-0.792719,18.378,6.95547e-28
-0.792719,18.8415,6.53112e-28
-0.792719,19.3049,6.14182e-28
-0.792719,19.7683,5.78399e-28
-0.768333,1.23171,2.60762e-25
-0.768333,1.69512,1.57833e-25
-0.768333,2.15854,1.03268e-25
-0.768333,2.62195,6.94883e-26
-0.768333,3.08537,4.77337e-26
-0.768333,3.54878,3.66891e-26
-0.768333,4.0122,2.81231e-26
-0.768333,4.47561,2.14206e-26
-0.768333,4.93902,1.71389e-26
-0.768333,5.40244,1.41607e-26
-0.768333,5.86585,1.18388e-26
-0.768333,6.32927,9.94565e-27
-0.768333,6.79268,8.40643e-27
-0.768333,7.2561,7.14455e-27
-0.768333,7.71951,6.10627e-27
-0.768333,8.18293,5.26446e-27
-0.768333,8.64634,4.57575e-27
-0.768333,9.10976,4.02086e-27
-0.768333,9.57317,3.56931e-27
-0.768333,10.0366,3.18823e-27
-0.768333,10.5,2.85855e-27
-0.768333,10.9634,2.57537e-27
-0.768333,11.4268,2.32942e-27
-0.768333,11.8902,2.11425e-27
-0.768333,12.3537,1.92569e-27
-0.768333,12.8171,1.75997e-27
-0.768333,13.2805,1.61364e-27
-0.768333,13.7439,1.48359e-27
-0.768333,14.2073,1.36744e-27
-0.768333,14.6707,1.26291e-27
-0.768333,15.1341,1.16911e-27
-0.768333,15.5976,1.08467e-27
-0.768333,16.061,1.00864e-27
-0.768333,16.5244,9.40037e-28
-0.768333,16.9878,8.7775e-28
-0.768333,17.4512,8.21062e-28
-0.768333,17.9146,7.69117e-28
-0.768333,18.378,7.21098e-28
-0.768333,18.8415,6.77146e-28
-0.768333,19.3049,6.36834e-28
-0.768333,19.7683,5.99787e-28
-0.743947,1.23171,2.82344e-25
-0.743947,1.69512,1.64604e-25
-0.743947,2.15854,1.02507e-25
-0.743947,2.62195,7.20287e-26
-0.743947,3.08537,4.88691e-26
-0.743947,3.54878,3.81152e-26
-0.743947,4.0122,2.83192e-26
-0.743947,4.47561,2.19307e-26
-0.743947,4.93902,1.78703e-26
-0.743947,5.40244,1.47467e-26
-0.743947,5.86585,1.22205e-26
-0.743947,6.32927,1.0197e-26
-0.743947,6.79268,8.59724e-27
-0.743947,7.2561,7.30958e-27
-0.743947,7.71951,6.25529e-27
-0.743947,8.18293,5.40673e-27
-0.743947,8.64634,4.71282e-27
-0.743947,9.10976,4.15177e-27
-0.743947,9.57317,3.69341e-27
-0.743947,10.0366,3.3039e-27
-0.743947,10.5,2.96447e-27
-0.743947,10.9634,2.6717e-27
-0.743947,11.4268,2.41684e-27
-0.743947,11.8902,2.19362e-27
-0.743947,12.3537,1.99776e-27
-0.743947,12.8171,1.82553e-27
-0.743947,13.2805,1.67344e-27
-0.743947,13.7439,1.5383e-27
-0.743947,14.2073,1.41754e-27
-0.743947,14.6707,1.30852e-27
-0.743947,15.1341,1.21076e-27
-0.743947,15.5976,1.12285e-27
-0.743947,16.061,1.04391e-27
-0.743947,16.5244,9.72886e-28
-0.743947,16.9878,9.08433e-28
-0.743947,17.4512,8.49797e-28
-0.743947,17.9146,7.96103e-28
-0.743947,18.378,7.46518e-28
-0.743947,18.8415,7.01141e-28
-0.743947,19.3049,6.59527e-28
-0.743947,19.7683,6.21285e-28
-0.719561,1.23171,2.79375e-25
-0.719561,1.69512,1.61233e-25
-0.719561,2.15854,1.01714e-25
-0.719561,2.62195,7.21551e-26
-0.719561,3.08537,5.12624e-26
-0.719561,3.54878,3.88551e-26
-0.719561,4.0122,2.86637e-26
-0.719561,4.47561,2.2769e-26
-0.719561,4.93902,1.86632e-26
-0.719561,5.40244,1.5271e-26
-0.719561,5.86585,1.25307e-26
-0.719561,6.32927,1.03991e-26
-0.719561,6.79268,8.76422e-27
-0.719561,7.2561,7.47643e-27
-0.719561,7.71951,6.43305e-27
-0.719561,8.18293,5.58841e-27
-0.719561,8.64634,4.89139e-27
-0.719561,9.10976,4.31879e-27
-0.719561,9.57317,3.84324e-27
-0.719561,10.0366,3.43707e-27
-0.719561,10.5,3.0824e-27
-0.719561,10.9634,2.77594e-27
-0.719561,11.4268,2.5101e-27
-0.719561,11.8902,2.27842e-27
-0.719561,12.3537,2.0751e-27
-0.719561,12.8171,1.89517e-27
-0.719561,13.2805,1.73536e-27
-0.719561,13.7439,1.59359e-27
-0.719561,14.2073,1.46709e-27
-0.719561,14.6707,1.35291e-27
-0.719561,15.1341,1.2507e-27
-0.719561,15.5976,1.15891e-27
-0.719561,16.061,1.07708e-27
-0.719561,16.5244,1.00401e-27
-0.719561,16.9878,9.37722e-28
-0.719561,17.4512,8.77428e-28
-0.719561,17.9146,8.22246e-28
-0.719561,18.378,7.71349e-28
-0.719561,18.8415,7.24766e-28
-0.719561,19.3049,6.82039e-28
-0.719561,19.7683,6.42767e-28
-0.695175,1.23171,2.75373e-25
-0.695175,1.69512,1.61137e-25
-0.695175,2.15854,1.05623e-25
-0.695175,2.62195,7.18125e-26
-0.695175,3.08537,5.38421e-26
-0.695175,3.54878,3.9045e-26
-0.695175,4.0122,2.94216e-26
-0.695175,4.47561,2.37923e-26
-0.695175,4.93902,1.9355e-26
-0.695175,5.40244,1.56674e-26
-0.695175,5.86585,1.27871e-26
-0.695175,6.32927,1.06126e-26
-0.695175,6.79268,8.97377e-27
-0.695175,7.2561,7.69175e-27
-0.695175,7.71951,6.65282e-27
-0.695175,8.18293,5.80177e-27
-0.695175,8.64634,5.09182e-27
-0.695175,9.10976,4.49959e-27
-0.695175,9.57317,4.00072e-27
-0.695175,10.0366,3.57376e-27
-0.695175,10.5,3.20127e-27
-0.695175,10.9634,2.87962e-27
-0.695175,11.4268,2.60211e-27
-0.695175,11.8902,2.3618e-27
-0.695175,12.3537,2.15111e-27
-0.695175,12.8171,1.96362e-27
-0.695175,13.2805,1.79621e-27
-0.695175,13.7439,1.64799e-27
-0.695175,14.2073,1.51593e-27
-0.695175,14.6707,1.39677e-27
-0.695175,15.1341,1.29026e-27
-0.695175,15.5976,1.19475e-27
-0.695175,16.061,1.11017e-27
-0.695175,16.5244,1.03521e-27
-0.695175,16.9878,9.67214e-28
-0.695175,17.4512,9.05365e-28
-0.695175,17.9146,8.48782e-28
-0.695175,18.378,7.96643e-28
-0.695175,18.8415,7.48909e-28
-0.695175,19.3049,7.05111e-28
-0.695175,19.7683,6.64839e-28
-0.670789,1.23171,2.98595e-25
-0.670789,1.69512,1.71526e-25
-0.670789,2.15854,1.12297e-25
-0.670789,2.62195,7.32958e-26
-0.670789,3.08537,5.54201e-26
-0.670789,3.54878,3.93459e-26
-0.670789,4.0122,3.06961e-26
-0.670789,4.47561,2.48095e-26
-0.670789,4.93902,1.98657e-26
-0.670789,5.40244,1.59606e-26
-0.670789,5.86585,1.30386e-26
-0.670789,6.32927,1.08711e-26
-0.670789,6.79268,9.23839e-27
-0.670789,7.2561,7.95308e-27
-0.670789,7.71951,6.90484e-27
-0.670789,8.18293,6.03488e-27
-0.670789,8.64634,5.30277e-27
-0.670789,9.10976,4.68459e-27
-0.670789,9.57317,4.1583e-27
-0.670789,10.0366,3.70836e-27
-0.670789,10.5,3.31712e-27
-0.670789,10.9634,2.98009e-27
-0.670789,11.4268,2.6912e-27
-0.670789,11.8902,2.44284e-27
-0.670789,12.3537,2.22538e-27
-0.670789,12.8171,2.03081e-27
-0.670789,13.2805,1.85619e-27
-0.670789,13.7439,1.70186e-27
-0.670789,14.2073,1.56454e-27
-0.670789,14.6707,1.44062e-27
-0.670789,15.1341,1.33e-27
-0.670789,15.5976,1.2309e-27
-0.670789,16.061,1.1437e-27
-0.670789,16.5244,1.06699e-27
-0.670789,16.9878,9.97384e-28
-0.670789,17.4512,9.34056e-28
-0.670789,17.9146,8.76126e-28
-0.670789,18.378,8.22787e-28
-0.670789,18.8415,7.73928e-28
-0.670789,19.3049,7.29074e-28
-0.670789,19.7683,6.8781e-28
-0.646403,1.23171,3.03659e-25
-0.646403,1.69512,1.80178e-25
-0.646403,2.15854,1.1567e-25
-0.646403,2.62195,7.71738e-26
-0.646403,3.08537,5.57362e-26
-0.646403,3.54878,4.03606e-26
-0.646403,4.0122,3.2199e-26
-0.646403,4.47561,2.55823e-26
-0.646403,4.93902,2.01972e-26
-0.646403,5.40244,1.62389e-26
-0.646403,5.86585,1.3364e-26
-0.646403,6.32927,1.12207e-26
-0.646403,6.79268,9.57556e-27
-0.646403,7.2561,8.26111e-27
-0.646403,7.71951,7.1813e-27
-0.646403,8.18293,6.2773e-27
-0.646403,8.64634,5.51394e-27
-0.646403,9.10976,4.86568e-27
-0.646403,9.57317,4.31117e-27
-0.646403,10.0366,3.83872e-27
-0.646403,10.5,3.42974e-27
-0.646403,10.9634,3.07854e-27
-0.646403,11.4268,2.77914e-27
-0.646403,11.8902,2.52316e-27
-0.646403,12.3537,2.29933e-27
-0.646403,12.8171,2.09824e-27
-0.646403,13.2805,1.91701e-27
-0.646403,13.7439,1.75703e-27
-0.646403,14.2073,1.61483e-27
-0.646403,14.6707,1.4866e-27
-0.646403,15.1341,1.3722e-27
-0.646403,15.5976,1.26976e-27
-0.646403,16.061,1.17997e-27
-0.646403,16.5244,1.10134e-27
-0.646403,16.9878,1.02996e-27
-0.646403,17.4512,9.64982e-28
-0.646403,17.9146,9.05558e-28
-0.646403,18.378,8.50903e-28
-0.646403,18.8415,8.00808e-28
-0.646403,19.3049,7.5479e-28
-0.646403,19.7683,7.12428e-28
-0.622017,1.23171,2.93569e-25
-0.622017,1.69512,1.7768e-25
-0.622017,2.15854,1.14495e-25
-0.622017,2.62195,8.11126e-26
-0.622017,3.08537,5.5739e-26
-0.622017,3.54878,4.2131e-26
-0.622017,4.0122,3.34692e-26
-0.622017,4.47561,2.60929e-26
-0.622017,4.93902,2.05266e-26
-0.622017,5.40244,1.6644e-26
-0.622017,5.86585,1.38407e-26
-0.622017,6.32927,1.17044e-26
-0.622017,6.79268,1.00067e-26
-0.622017,7.2561,8.62601e-27
-0.622017,7.71951,7.48203e-27
-0.622017,8.18293,6.52367e-27
-0.622017,8.64634,5.7169e-27
-0.622017,9.10976,5.03731e-27
-0.622017,9.57317,4.46137e-27
-0.622017,10.0366,3.97223e-27
-0.622017,10.5,3.54961e-27
-0.622017,10.9634,3.18748e-27
-0.622017,11.4268,2.87761e-27
-0.622017,11.8902,2.6113e-27
-0.622017,12.3537,2.37883e-27
-0.622017,12.8171,2.17085e-27
-0.622017,13.2805,1.98408e-27
-0.622017,13.7439,1.81924e-27
-0.622017,14.2073,1.67294e-27
-0.622017,14.6707,1.54207e-27
-0.622017,15.1341,1.42518e-27
-0.622017,15.5976,1.32037e-27
-0.622017,16.061,1.22767e-27
-0.622017,16.5244,1.14562e-27
-0.622017,16.9878,1.07114e-27
-0.622017,17.4512,1.00335e-27
-0.622017,17.9146,9.41457e-28
-0.622017,18.378,8.84773e-28
-0.622017,18.8415,8.328e-28
-0.622017,19.3049,7.85043e-28
-0.622017,19.7683,7.41067e-28
-0.597631,1.23171,3.11591e-25
-0.597631,1.69512,1.7569e-25
-0.597631,2.15854,1.1381e-25
-0.597631,2.62195,8.28882e-26
-0.597631,3.08537,5.6749e-26
-0.597631,3.54878,4.42487e-26
-0.597631,4.0122,3.42771e-26
-0.597631,4.47561,2.64102e-26
-0.597631,4.93902,2.09409e-26
-0.597631,5.40244,1.71992e-26
-0.597631,5.86585,1.4428e-26
-0.597631,6.32927,1.22433e-26
-0.597631,6.79268,1.0452e-26
-0.597631,7.2561,8.98286e-27
-0.597631,7.71951,7.76595e-27
-0.597631,8.18293,6.75215e-27
-0.597631,8.64634,5.90449e-27
-0.597631,9.10976,5.19745e-27
-0.597631,9.57317,4.60411e-27
-0.597631,10.0366,4.10172e-27
-0.597631,10.5,3.66814e-27
-0.597631,10.9634,3.2971e-27
-0.597631,11.4268,2.97812e-27
-0.597631,11.8902,2.70227e-27
-0.597631,12.3537,2.46165e-27
-0.597631,12.8171,2.24708e-27
-0.597631,13.2805,2.05493e-27
-0.597631,13.7439,1.88523e-27
-0.597631,14.2073,1.73481e-27
-0.597631,14.6707,1.60128e-27
-0.597631,15.1341,1.48181e-27
-0.597631,15.5976,1.37454e-27
-0.597631,16.061,1.27875e-27
-0.597631,16.5244,1.19303e-27
-0.597631,16.9878,1.11523e-27
-0.597631,17.4512,1.0444e-27
-0.597631,17.9146,9.79844e-28
-0.597631,18.378,9.20965e-28
-0.597631,18.8415,8.66961e-28
-0.597631,19.3049,8.1732e-28
-0.597631,19.7683,7.71596e-28
-0.573245,1.23171,3.23703e-25
-0.573245,1.69512,1.84302e-25
-0.573245,2.15854,1.18141e-25
-0.573245,2.62195,8.24832e-26
-0.573245,3.08537,5.91421e-26
-0.573245,3.54878,4.58946e-26
-0.573245,4.0122,3.46607e-26
-0.573245,4.47561,2.68299e-26
-0.573245,4.93902,2.16035e-26
-0.573245,5.40244,1.79305e-26
-0.573245,5.86585,1.50906e-26
-0.573245,6.32927,1.27916e-26
-0.573245,6.79268,1.08754e-26
-0.573245,7.2561,9.30936e-27
-0.573245,7.71951,8.02209e-27
-0.573245,8.18293,6.95945e-27
-0.573245,8.64634,6.07794e-27
-0.573245,9.10976,5.3496e-27
-0.573245,9.57317,4.74377e-27
-0.573245,10.0366,4.23163e-27
-0.573245,10.5,3.78947e-27
-0.573245,10.9634,3.41102e-27
-0.573245,11.4268,3.08369e-27
-0.573245,11.8902,2.79853e-27
-0.573245,12.3537,2.54974e-27
-0.573245,12.8171,2.32843e-27
-0.573245,13.2805,2.13068e-27
-0.573245,13.7439,1.95586e-27
-0.573245,14.2073,1.80102e-27
-0.573245,14.6707,1.66463e-27
-0.573245,15.1341,1.54238e-27
-0.573245,15.5976,1.43243e-27
-0.573245,16.061,1.33328e-27
-0.573245,16.5244,1.24358e-27
-0.573245,16.9878,1.16215e-27
-0.573245,17.4512,1.08803e-27
-0.573245,17.9146,1.02058e-27
-0.573245,18.378,9.5932e-28
-0.573245,18.8415,9.03116e-28
-0.573245,19.3049,8.5144e-28
-0.573245,19.7683,8.03831e-28
-0.548859,1.23171,3.09591e-25
-0.548859,1.69512,1.94417e-25
-0.548859,2.15854,1.24881e-25
-0.548859,2.62195,8.23958e-26
-0.548859,3.08537,6.22652e-26
-0.548859,3.54878,4.67078e-26
-0.548859,4.0122,3.4933e-26
-0.548859,4.47561,2.75396e-26
-0.548859,4.93902,2.25039e-26
-0.548859,5.40244,1.8754e-26
-0.548859,5.86585,1.57494e-26
-0.548859,6.32927,1.32978e-26
-0.548859,6.79268,1.1252e-26
-0.548859,7.2561,9.59877e-27
-0.548859,7.71951,8.25418e-27
-0.548859,8.18293,7.15423e-27
-0.548859,8.64634,6.24752e-27
-0.548859,9.10976,5.50401e-27
-0.548859,9.57317,4.88977e-27
-0.548859,10.0366,4.37028e-27
-0.548859,10.5,3.92062e-27
-0.548859,10.9634,3.53511e-27
-0.548859,11.4268,3.19929e-27
-0.548859,11.8902,2.90436e-27
-0.548859,12.3537,2.64678e-27
-0.548859,12.8171,2.41806e-27
-0.548859,13.2805,2.21402e-27
-0.548859,13.7439,2.0334e-27
-0.548859,14.2073,1.87352e-27
-0.548859,14.6707,1.7337e-27
-0.548859,15.1341,1.60817e-27
-0.548859,15.5976,1.49508e-27
-0.548859,16.061,1.39214e-27
-0.548859,16.5244,1.29807e-27
-0.548859,16.9878,1.21267e-27
-0.548859,17.4512,1.13494e-27
-0.548859,17.9146,1.06431e-27
-0.548859,18.378,1.00041e-27
-0.548859,18.8415,9.41775e-28
-0.548859,19.3049,8.87855e-28
-0.548859,19.7683,8.38174e-28
-0.524473,1.23171,3.1813e-25
-0.524473,1.69512,1.93768e-25
-0.524473,2.15854,1.28583e-25
-0.524473,2.62195,8.47303e-26
-0.524473,3.08537,6.47059e-26
-0.524473,3.54878,4.71309e-26
-0.524473,4.0122,3.57688e-26
-0.524473,4.47561,2.87387e-26
-0.524473,4.93902,2.36269e-26
-0.524473,5.40244,1.96298e-26
-0.524473,5.86585,1.63944e-26
-0.524473,6.32927,1.3781e-26
-0.524473,6.79268,1.16269e-26
-0.524473,7.2561,9.90861e-27
-0.524473,7.71951,8.52344e-27
-0.524473,8.18293,7.39316e-27
-0.524473,8.64634,6.46142e-27
-0.524473,9.10976,5.70161e-27
-0.524473,9.57317,5.0773e-27
-0.524473,10.0366,4.54775e-27
-0.524473,10.5,4.08546e-27
-0.524473,10.9634,3.6882e-27
-0.524473,11.4268,3.34171e-27
-0.524473,11.8902,3.03714e-27
-0.524473,12.3537,2.77058e-27
-0.524473,12.8171,2.53308e-27
-0.524473,13.2805,2.32059e-27
-0.524473,13.7439,2.13225e-27
-0.524473,14.2073,1.9652e-27
-0.524473,14.6707,1.81834e-27
-0.524473,15.1341,1.68644e-27
-0.524473,15.5976,1.56758e-27
-0.524473,16.061,1.45975e-27
-0.524473,16.5244,1.36158e-27
-0.524473,16.9878,1.27241e-27
-0.524473,17.4512,1.19119e-27
-0.524473,17.9146,1.11718e-27
-0.524473,18.378,1.04976e-27
-0.524473,18.8415,9.8791e-28
-0.524473,19.3049,9.31046e-28
-0.524473,19.7683,8.78666e-28
-0.500087,1.23171,3.36514e-25
-0.500087,1.69512,1.88801e-25
-0.500087,2.15854,1.27626e-25
-0.500087,2.62195,8.92061e-26
-0.500087,3.08537,6.56798e-26
-0.500087,3.54878,4.76639e-26
-0.500087,4.0122,3.71931e-26
-0.500087,4.47561,3.0183e-26
-0.500087,4.93902,2.47136e-26
-0.500087,5.40244,2.03792e-26
-0.500087,5.86585,1.69255e-26
-0.500087,6.32927,1.41926e-26
-0.500087,6.79268,1.19699e-26
-0.500087,7.2561,1.02146e-26
-0.500087,7.71951,8.80567e-27
-0.500087,8.18293,7.65352e-27
-0.500087,8.64634,6.69979e-27
-0.500087,9.10976,5.92397e-27
-0.500087,9.57317,5.28864e-27
-0.500087,10.0366,4.74723e-27
-0.500087,10.5,4.26994e-27
-0.500087,10.9634,3.85859e-27
-0.500087,11.4268,3.49931e-27
-0.500087,11.8902,3.18323e-27
-0.500087,12.3537,2.90602e-27
-0.500087,12.8171,2.6583e-27
-0.500087,13.2805,2.43606e-27
-0.500087,13.7439,2.23891e-27
-0.500087,14.2073,2.06375e-27
-0.500087,14.6707,1.90899e-27
-0.500087,15.1341,1.76999e-27
-0.500087,15.5976,1.64474e-27
-0.500087,16.061,1.53152e-27
-0.500087,16.5244,1.42886e-27
-0.500087,16.9878,1.33558e-27
-0.500087,17.4512,1.25061e-27
-0.500087,17.9146,1.17294e-27
-0.500087,18.378,1.10172e-27
-0.500087,18.8415,1.03641e-27
-0.500087,19.3049,9.76391e-28
-0.500087,19.7683,9.21126e-28
-0.475701,1.23171,3.2355e-25
-0.475701,1.69512,1.94206e-25
-0.475701,2.15854,1.26383e-25
-0.475701,2.62195,9.31175e-26
-0.475701,3.08537,6.58488e-26
-0.475701,3.54878,4.91064e-26
-0.475701,4.0122,3.91376e-26
-0.475701,4.47561,3.16022e-26
-0.475701,4.93902,2.55982e-26
-0.475701,5.40244,2.09531e-26
-0.475701,5.86585,1.73575e-26
-0.475701,6.32927,1.45703e-26
-0.475701,6.79268,1.232e-26
-0.475701,7.2561,1.05488e-26
-0.475701,7.71951,9.12436e-27
-0.475701,8.18293,7.95107e-27
-0.475701,8.64634,6.97233e-27
-0.475701,9.10976,6.17652e-27
-0.475701,9.57317,5.52631e-27
-0.475701,10.0366,4.96931e-27
-0.475701,10.5,4.47342e-27
-0.475701,10.9634,4.04491e-27
-0.475701,11.4268,3.67031e-27
-0.475701,11.8902,3.34067e-27
-0.475701,12.3537,3.05115e-27
-0.475701,12.8171,2.79179e-27
-0.475701,13.2805,2.55864e-27
-0.475701,13.7439,2.35171e-27
-0.475701,14.2073,2.16763e-27
-0.475701,14.6707,2.00425e-27
-0.475701,15.1341,1.85756e-27
-0.475701,15.5976,1.72544e-27
-0.475701,16.061,1.60645e-27
-0.475701,16.5244,1.49903e-27
-0.475701,16.9878,1.40141e-27
-0.475701,17.4512,1.31247e-27
-0.475701,17.9146,1.23097e-27
-0.475701,18.378,1.15574e-27
-0.475701,18.8415,1.08679e-27
-0.475701,19.3049,1.02345e-27
-0.475701,19.7683,9.65166e-28
-0.451315,1.23171,3.1943e-25
-0.451315,1.69512,2.06078e-25
-0.451315,2.15854,1.29765e-25
-0.451315,2.62195,9.45849e-26
-0.451315,3.08537,6.64015e-26
-0.451315,3.54878,5.14168e-26
-0.451315,4.0122,4.10923e-26
-0.451315,4.47561,3.26943e-26
-0.451315,4.93902,2.62154e-26
-0.451315,5.40244,2.14051e-26
-0.451315,5.86585,1.77798e-26
-0.451315,6.32927,1.50005e-26
-0.451315,6.79268,1.27475e-26
-0.451315,7.2561,1.09641e-26
-0.451315,7.71951,9.51783e-27
-0.451315,8.18293,8.31287e-27
-0.451315,8.64634,7.2978e-27
-0.451315,9.10976,6.47225e-27
-0.451315,9.57317,5.79935e-27
-0.451315,10.0366,5.22029e-27
-0.451315,10.5,4.70019e-27
-0.451315,10.9634,4.25007e-27
-0.451315,11.4268,3.85665e-27
-0.451315,11.8902,3.51073e-27
-0.451315,12.3537,3.20676e-27
-0.451315,12.8171,2.93405e-27
-0.451315,13.2805,2.68856e-27
-0.451315,13.7439,2.47073e-27
-0.451315,14.2073,2.27683e-27
-0.451315,14.6707,2.10404e-27
-0.451315,15.1341,1.94901e-27
-0.451315,15.5976,1.80947e-27
-0.451315,16.061,1.68433e-27
-0.451315,16.5244,1.57187e-27
-0.451315,16.9878,1.46969e-27
-0.451315,17.4512,1.37659e-27
-0.451315,17.9146,1.29107e-27
-0.451315,18.378,1.21163e-27
-0.451315,18.8415,1.13886e-27
-0.451315,19.3049,1.07206e-27
-0.451315,19.7683,1.01062e-27
-0.426929,1.23171,3.41442e-25
-0.426929,1.69512,2.07585e-25
-0.426929,2.15854,1.3764e-25
-0.426929,2.62195,9.43238e-26
-0.426929,3.08537,6.86135e-26
-0.426929,3.54878,5.41413e-26
-0.426929,4.0122,4.27165e-26
-0.426929,4.47561,3.3615e-26
-0.426929,4.93902,2.68779e-26
-0.426929,5.40244,2.20073e-26
-0.426929,5.86585,1.83795e-26
-0.426929,6.32927,1.55949e-26
-0.426929,6.79268,1.33266e-26
-0.426929,7.2561,1.15081e-26
-0.426929,7.71951,1.0015e-26
-0.426929,8.18293,8.76652e-27
-0.426929,8.64634,7.71238e-27
-0.426929,9.10976,6.84552e-27
-0.426929,9.57317,6.13052e-27
-0.426929,10.0366,5.51496e-27
-0.426929,10.5,4.96452e-27
-0.426929,10.9634,4.48807e-27
-0.426929,11.4268,4.07135e-27
-0.426929,11.8902,3.70473e-27
-0.426929,12.3537,3.38276e-27
-0.426929,12.8171,3.09474e-27
-0.426929,13.2805,2.83619e-27
-0.426929,13.7439,2.60682e-27
-0.426929,14.2073,2.4029e-27
-0.426929,14.6707,2.2221e-27
-0.426929,15.1341,2.05984e-27
-0.426929,15.5976,1.91373e-27
-0.426929,16.061,1.78208e-27
-0.426929,16.5244,1.66314e-27
-0.426929,16.9878,1.55509e-27
-0.426929,17.4512,1.45667e-27
-0.426929,17.9146,1.3664e-27
-0.426929,18.378,1.28286e-27
-0.426929,18.8415,1.20632e-27
-0.426929,19.3049,1.13603e-27
-0.426929,19.7683,1.07137e-27
-0.402543,1.23171,3.37693e-25
-0.402543,1.69512,2.02285e-25
-0.402543,2.15854,1.42418e-25
-0.402543,2.62195,9.51105e-26
-0.402543,3.08537,7.2333e-26
-0.402543,3.54878,5.65543e-26
-0.402543,4.0122,4.38445e-26
-0.402543,4.47561,3.43674e-26
-0.402543,4.93902,2.75969e-26
-0.402543,5.40244,2.27436e-26
-0.402543,5.86585,1.91128e-26
-0.402543,6.32927,1.62953e-26
-0.402543,6.79268,1.39825e-26
-0.402543,7.2561,1.21044e-26
-0.402543,7.71951,1.05461e-26
-0.402543,8.18293,9.2429e-27
-0.402543,8.64634,8.14349e-27
-0.402543,9.10976,7.23056e-27
-0.402543,9.57317,6.46926e-27
-0.402543,10.0366,5.81464e-27
-0.402543,10.5,5.23288e-27
-0.402543,10.9634,4.72962e-27
-0.402543,11.4268,4.28934e-27
-0.402543,11.8902,3.90181e-27
-0.402543,12.3537,3.56178e-27
-0.402543,12.8171,3.25855e-27
-0.402543,13.2805,2.98716e-27
-0.402543,13.7439,2.74642e-27
-0.402543,14.2073,2.53268e-27
-0.402543,14.6707,2.34423e-27
-0.402543,15.1341,2.17499e-27
-0.402543,15.5976,2.02252e-27
-0.402543,16.061,1.88439e-27
-0.402543,16.5244,1.75882e-27
-0.402543,16.9878,1.64477e-27
-0.402543,17.4512,1.54089e-27
-0.402543,17.9146,1.44577e-27
-0.402543,18.378,1.3581e-27
-0.402543,18.8415,1.27774e-27
-0.402543,19.3049,1.20393e-27
-0.402543,19.7683,1.13599e-27
-0.378157,1.23171,3.25798e-25
-0.378157,1.69512,2.04867e-25
-0.378157,2.15854,1.42326e-25
-0.378157,2.62195,9.85517e-26
-0.378157,3.08537,7.6144e-26
-0.378157,3.54878,5.81484e-26
-0.378157,4.0122,4.46314e-26
-0.378157,4.47561,3.51883e-26
-0.378157,4.93902,2.85262e-26
-0.378157,5.40244,2.36881e-26
-0.378157,5.86585,2.00066e-26
-0.378157,6.32927,1.71064e-26
-0.378157,6.79268,1.47111e-26
-0.378157,7.2561,1.27468e-26
-0.378157,7.71951,1.11057e-26
-0.378157,8.18293,9.73745e-27
-0.378157,8.64634,8.58723e-27
-0.378157,9.10976,7.62453e-27
-0.378157,9.57317,6.81409e-27
-0.378157,10.0366,6.11881e-27
-0.378157,10.5,5.5051e-27
-0.378157,10.9634,4.97476e-27
-0.378157,11.4268,4.5108e-27
-0.378157,11.8902,4.10232e-27
-0.378157,12.3537,3.7442e-27
-0.378157,12.8171,3.42586e-27
-0.378157,13.2805,3.14175e-27
-0.378157,13.7439,2.88975e-27
-0.378157,14.2073,2.66627e-27
-0.378157,14.6707,2.47033e-27
-0.378157,15.1341,2.29425e-27
-0.378157,15.5976,2.13551e-27
-0.378157,16.061,1.99086e-27
-0.378157,16.5244,1.85855e-27
-0.378157,16.9878,1.73837e-27
-0.378157,17.4512,1.6289e-27
-0.378157,17.9146,1.52883e-27
-0.378157,18.378,1.43696e-27
-0.378157,18.8415,1.35272e-27
-0.378157,19.3049,1.27529e-27
-0.378157,19.7683,1.204e-27
-0.353771,1.23171,3.46627e-25
-0.353771,1.69512,2.17126e-25
-0.353771,2.15854,1.41148e-25
-0.353771,2.62195,1.0406e-25
-0.353771,3.08537,7.8841e-26
-0.353771,3.54878,5.90569e-26
-0.353771,4.0122,4.54982e-26
-0.353771,4.47561,3.63586e-26
-0.353771,4.93902,2.97901e-26
-0.353771,5.40244,2.48727e-26
-0.353771,5.86585,2.10515e-26
-0.353771,6.32927,1.80047e-26
-0.353771,6.79268,1.54875e-26
-0.353771,7.2561,1.34135e-26
-0.353771,7.71951,1.16762e-26
-0.353771,8.18293,1.02366e-26
-0.353771,8.64634,9.03331e-27
-0.353771,9.10976,8.0197e-27
-0.353771,9.57317,7.15923e-27
-0.353771,10.0366,6.42312e-27
-0.353771,10.5,5.77794e-27
-0.353771,10.9634,5.2211e-27
-0.353771,11.4268,4.73394e-27
-0.353771,11.8902,4.30489e-27
-0.353771,12.3537,3.92902e-27
-0.353771,12.8171,3.5959e-27
-0.353771,13.2805,3.2994e-27
-0.353771,13.7439,3.03638e-27
-0.353771,14.2073,2.80336e-27
-0.353771,14.6707,2.6002e-27
-0.353771,15.1341,2.41748e-27
-0.353771,15.5976,2.2526e-27
-0.353771,16.061,2.10147e-27
-0.353771,16.5244,1.96233e-27
-0.353771,16.9878,1.83591e-27
-0.353771,17.4512,1.72075e-27
-0.353771,17.9146,1.61563e-27
-0.353771,18.378,1.51951e-27
-0.353771,18.8415,1.43131e-27
-0.353771,19.3049,1.35021e-27
-0.353771,19.7683,1.27549e-27
-0.329385,1.23171,3.59053e-25
-0.329385,1.69512,2.26278e-25
-0.329385,2.15854,1.44629e-25
-0.329385,2.62195,1.09382e-25
-0.329385,3.08537,8.04675e-26
-0.329385,3.54878,6.02352e-26
-0.329385,4.0122,4.70845e-26
-0.329385,4.47561,3.80901e-26
-0.329385,4.93902,3.14357e-26
-0.329385,5.40244,2.63256e-26
-0.329385,5.86585,2.22904e-26
-0.329385,6.32927,1.90501e-26
-0.329385,6.79268,1.63756e-26
-0.329385,7.2561,1.4172e-26
-0.329385,7.71951,1.23264e-26
-0.329385,8.18293,1.07928e-26
-0.329385,8.64634,9.50838e-27
-0.329385,9.10976,8.4384e-27
-0.329385,9.57317,7.54157e-27
-0.329385,10.0366,6.77422e-27
-0.329385,10.5,6.09848e-27
-0.329385,10.9634,5.51534e-27
-0.329385,11.4268,5.00409e-27
-0.329385,11.8902,4.55263e-27
-0.329385,12.3537,4.15715e-27
-0.329385,12.8171,3.8075e-27
-0.329385,13.2805,3.49699e-27
-0.329385,13.7439,3.22134e-27
-0.329385,14.2073,2.97669e-27
-0.329385,14.6707,2.76218e-27
-0.329385,15.1341,2.56919e-27
-0.329385,15.5976,2.39499e-27
-0.329385,16.061,2.2346e-27
-0.329385,16.5244,2.08622e-27
-0.329385,16.9878,1.95144e-27
-0.329385,17.4512,1.82868e-27
-0.329385,17.9146,1.71679e-27
-0.329385,18.378,1.61481e-27
-0.329385,18.8415,1.52123e-27
-0.329385,19.3049,1.43516e-27
-0.329385,19.7683,1.35585e-27
-0.304999,1.23171,3.4673e-25
-0.304999,1.69512,2.24486e-25
-0.304999,2.15854,1.53312e-25
-0.304999,2.62195,1.12646e-25
-0.304999,3.08537,8.1558e-26
-0.304999,3.54878,6.19946e-26
-0.304999,4.0122,4.92499e-26
-0.304999,4.47561,4.01338e-26
-0.304999,4.93902,3.32095e-26
-0.304999,5.40244,2.78198e-26
-0.304999,5.86585,2.3537e-26
-0.304999,6.32927,2.00954e-26
-0.304999,6.79268,1.72657e-26
-0.304999,7.2561,1.49381e-26
-0.304999,7.71951,1.29897e-26
-0.304999,8.18293,1.13629e-26
-0.304999,8.64634,9.99483e-27
-0.304999,9.10976,8.87031e-27
-0.304999,9.57317,7.94277e-27
-0.304999,10.0366,7.148e-27
-0.304999,10.5,6.44263e-27
-0.304999,10.9634,5.83355e-27
-0.304999,11.4268,5.29793e-27
-0.304999,11.8902,4.82327e-27
-0.304999,12.3537,4.40726e-27
-0.304999,12.8171,4.04025e-27
-0.304999,13.2805,3.71493e-27
-0.304999,13.7439,3.42585e-27
-0.304999,14.2073,3.16863e-27
-0.304999,14.6707,2.9413e-27
-0.304999,15.1341,2.7367e-27
-0.304999,15.5976,2.55194e-27
-0.304999,16.061,2.38112e-27
-0.304999,16.5244,2.22237e-27
-0.304999,16.9878,2.07821e-27
-0.304999,17.4512,1.94693e-27
-0.304999,17.9146,1.82743e-27
-0.304999,18.378,1.71886e-27
-0.304999,18.8415,1.61922e-27
-0.304999,19.3049,1.52759e-27
-0.304999,19.7683,1.44313e-27
-0.280613,1.23171,3.56696e-25
-0.280613,1.69512,2.23383e-25
-0.280613,2.15854,1.62048e-25
-0.280613,2.62195,1.13684e-25
-0.280613,3.08537,8.3182e-26
-0.280613,3.54878,6.46791e-26
-0.280613,4.0122,5.19549e-26
-0.280613,4.47561,4.23852e-26
-0.280613,4.93902,3.50259e-26
-0.280613,5.40244,2.92952e-26
-0.280613,5.86585,2.47511e-26
-0.280613,6.32927,2.11128e-26
-0.280613,6.79268,1.81385e-26
-0.280613,7.2561,1.5697e-26
-0.280613,7.71951,1.36539e-26
-0.280613,8.18293,1.19386e-26
-0.280613,8.64634,1.04892e-26
-0.280613,9.10976,9.31268e-27
-0.280613,9.57317,8.35746e-27
-0.280613,10.0366,7.53724e-27
-0.280613,10.5,6.80296e-27
-0.280613,10.9634,6.16824e-27
-0.280613,11.4268,5.60807e-27
-0.280613,11.8902,5.10968e-27
-0.280613,12.3537,4.67255e-27
-0.280613,12.8171,4.28762e-27
-0.280613,13.2805,3.94705e-27
-0.280613,13.7439,3.64403e-27
-0.280613,14.2073,3.37369e-27
-0.280613,14.6707,3.13281e-27
-0.280613,15.1341,2.9159e-27
-0.280613,15.5976,2.71994e-27
-0.280613,16.061,2.53798e-27
-0.280613,16.5244,2.36811e-27
-0.280613,16.9878,2.21387e-27
-0.280613,17.4512,2.07344e-27
-0.280613,17.9146,1.94578e-27
-0.280613,18.378,1.83016e-27
-0.280613,18.8415,1.72404e-27
-0.280613,19.3049,1.62643e-27
-0.280613,19.7683,1.53647e-27
-0.256227,1.23171,3.84675e-25
-0.256227,1.69512,2.34152e-25
-0.256227,2.15854,1.66052e-25
-0.256227,2.62195,1.14538e-25
-0.256227,3.08537,8.63981e-26
-0.256227,3.54878,6.83179e-26
-0.256227,4.0122,5.497e-26
-0.256227,4.47561,4.46395e-26
-0.256227,4.93902,3.67518e-26
-0.256227,5.40244,3.06748e-26
-0.256227,5.86585,2.5891e-26
-0.256227,6.32927,2.20812e-26
-0.256227,6.79268,1.89842e-26
-0.256227,7.2561,1.64451e-26
-0.256227,7.71951,1.43184e-26
-0.256227,8.18293,1.25209e-26
-0.256227,8.64634,1.0993e-26
-0.256227,9.10976,9.76731e-27
-0.256227,9.57317,8.78748e-27
-0.256227,10.0366,7.94374e-27
-0.256227,10.5,7.18116e-27
-0.256227,10.9634,6.52095e-27
-0.256227,11.4268,5.93592e-27
-0.256227,11.8902,5.41315e-27
-0.256227,12.3537,4.95417e-27
-0.256227,12.8171,4.5507e-27
-0.256227,13.2805,4.19435e-27
-0.256227,13.7439,3.87685e-27
-0.256227,14.2073,3.59278e-27
-0.256227,14.6707,3.33752e-27
-0.256227,15.1341,3.10755e-27
-0.256227,15.5976,2.89969e-27
-0.256227,16.061,2.70582e-27
-0.256227,16.5244,2.52401e-27
-0.256227,16.9878,2.35894e-27
-0.256227,17.4512,2.20869e-27
-0.256227,17.9146,2.07228e-27
-0.256227,18.378,1.9491e-27
-0.256227,18.8415,1.83604e-27
-0.256227,19.3049,1.73204e-27
-0.256227,19.7683,1.63619e-27
-0.231841,1.23171,3.84534e-25
-0.231841,1.69512,2.50554e-25
-0.231841,2.15854,1.66038e-25
-0.231841,2.62195,1.17517e-25
-0.231841,3.08537,9.09858e-26
-0.231841,3.54878,7.21371e-26
-0.231841,4.0122,5.77886e-26
-0.231841,4.47561,4.6746e-26
-0.231841,4.93902,3.83491e-26
-0.231841,5.40244,3.19685e-26
-0.231841,5.86585,2.69901e-26
-0.231841,6.32927,2.30455e-26
-0.231841,6.79268,1.98488e-26
-0.231841,7.2561,1.72348e-26
-0.231841,7.71951,1.50506e-26
-0.231841,8.18293,1.32006e-26
-0.231841,8.64634,1.16242e-26
-0.231841,9.10976,1.03493e-26
-0.231841,9.57317,9.31979e-27
-0.231841,10.0366,8.43253e-27
-0.231841,10.5,7.63282e-27
-0.231841,10.9634,6.93938e-27
-0.231841,11.4268,6.32359e-27
-0.231841,11.8902,5.77214e-27
-0.231841,12.3537,5.28739e-27
-0.231841,12.8171,4.86223e-27
-0.231841,13.2805,4.48755e-27
-0.231841,13.7439,4.1532e-27
-0.231841,14.2073,3.8535e-27
-0.231841,14.6707,3.58333e-27
-0.231841,15.1341,3.33965e-27
-0.231841,15.5976,3.11914e-27
-0.231841,16.061,2.91369e-27
-0.231841,16.5244,2.72121e-27
-0.231841,16.9878,2.54625e-27
-0.231841,17.4512,2.38678e-27
-0.231841,17.9146,2.24182e-27
-0.231841,18.378,2.11074e-27
-0.231841,18.8415,1.99029e-27
-0.231841,19.3049,1.87938e-27
-0.231841,19.7683,1.77706e-27
-0.207455,1.23171,3.79045e-25
-0.207455,1.69512,2.5771e-25
-0.207455,2.15854,1.67132e-25
-0.207455,2.62195,1.2329e-25
-0.207455,3.08537,9.61626e-26
-0.207455,3.54878,7.56382e-26
-0.207455,4.0122,6.02144e-26
-0.207455,4.47561,4.86162e-26
-0.207455,4.93902,3.98139e-26
-0.207455,5.40244,3.32046e-26
-0.207455,5.86585,2.80808e-26
-0.207455,6.32927,2.40318e-26
-0.207455,6.79268,2.07516e-26
-0.207455,7.2561,1.80742e-26
-0.207455,7.71951,1.58435e-26
-0.207455,8.18293,1.39525e-26
-0.207455,8.64634,1.23385e-26
-0.207455,9.10976,1.10127e-26
-0.207455,9.57317,9.92074e-27
-0.207455,10.0366,8.97954e-27
-0.207455,10.5,8.13721e-27
-0.207455,10.9634,7.4057e-27
-0.207455,11.4268,6.75515e-27
-0.207455,11.8902,6.17179e-27
-0.207455,12.3537,5.65837e-27
-0.207455,12.8171,5.20918e-27
-0.207455,13.2805,4.81433e-27
-0.207455,13.7439,4.46143e-27
-0.207455,14.2073,4.14464e-27
-0.207455,14.6707,3.85868e-27
-0.207455,15.1341,3.6004e-27
-0.207455,15.5976,3.3664e-27
-0.207455,16.061,3.14902e-27
-0.207455,16.5244,2.94604e-27
-0.207455,16.9878,2.7612e-27
-0.207455,17.4512,2.59244e-27
-0.207455,17.9146,2.4387e-27
-0.207455,18.378,2.29927e-27
-0.207455,18.8415,2.17097e-27
-0.207455,19.3049,2.05267e-27
-0.207455,19.7683,1.94338e-27
-0.183069,1.23171,4.07666e-25
-0.183069,1.69512,2.55172e-25
-0.183069,2.15854,1.73615e-25
-0.183069,2.62195,1.30487e-25
-0.183069,3.08537,1.00749e-25
-0.183069,3.54878,7.83968e-26
-0.183069,4.0122,6.21741e-26
-0.183069,4.47561,5.02693e-26
-0.183069,4.93902,4.12093e-26
-0.183069,5.40244,3.44513e-26
-0.183069,5.86585,2.9222e-26
-0.183069,6.32927,2.50858e-26
-0.183069,6.79268,2.17276e-26
-0.183069,7.2561,1.89872e-26
-0.183069,7.71951,1.67086e-26
-0.183069,8.18293,1.47741e-26
-0.183069,8.64634,1.312e-26
-0.183069,9.10976,1.17384e-26
-0.183069,9.57317,1.05773e-26
-0.183069,10.0366,9.57633e-27
-0.183069,10.5,8.68703e-27
-0.183069,10.9634,7.91357e-27
-0.183069,11.4268,7.22481e-27
-0.183069,11.8902,6.60644e-27
-0.183069,12.3537,6.06159e-27
-0.183069,12.8171,5.58619e-27
-0.183069,13.2805,5.16946e-27
-0.183069,13.7439,4.79645e-27
-0.183069,14.2073,4.46115e-27
-0.183069,14.6707,4.15811e-27
-0.183069,15.1341,3.88406e-27
-0.183069,15.5976,3.63547e-27
-0.183069,16.061,3.40529e-27
-0.183069,16.5244,3.19114e-27
-0.183069,16.9878,2.99578e-27
-0.183069,17.4512,2.81713e-27
-0.183069,17.9146,2.65402e-27
-0.183069,18.378,2.50566e-27
-0.183069,18.8415,2.36896e-27
-0.183069,19.3049,2.24275e-27
-0.183069,19.7683,2.12599e-27
-0.158683,1.23171,4.31821e-25
-0.158683,1.69512,2.57706e-25
-0.158683,2.15854,1.84342e-25
-0.158683,2.62195,1.36656e-25
-0.158683,3.08537,1.03951e-25
-0.158683,3.54878,8.03828e-26
-0.158683,4.0122,6.38346e-26
-0.158683,4.47561,5.18788e-26
-0.158683,4.93902,4.26714e-26
-0.158683,5.40244,3.5807e-26
-0.158683,5.86585,3.04824e-26
-0.158683,6.32927,2.62556e-26
-0.158683,6.79268,2.28106e-26
-0.158683,7.2561,1.99978e-26
-0.158683,7.71951,1.76636e-26
-0.158683,8.18293,1.56792e-26
-0.158683,8.64634,1.39795e-26
-0.158683,9.10976,1.25352e-26
-0.158683,9.57317,1.12964e-26
-0.158683,10.0366,1.02284e-26
-0.158683,10.5,9.28678e-27
-0.158683,10.9634,8.46683e-27
-0.158683,11.4268,7.73586e-27
-0.158683,11.8902,7.07895e-27
-0.158683,12.3537,6.49961e-27
-0.158683,12.8171,5.99557e-27
-0.158683,13.2805,5.55508e-27
-0.158683,13.7439,5.16027e-27
-0.158683,14.2073,4.80494e-27
-0.158683,14.6707,4.48343e-27
-0.158683,15.1341,4.19235e-27
-0.158683,15.5976,3.92802e-27
-0.158683,16.061,3.68412e-27
-0.158683,16.5244,3.4581e-27
-0.158683,16.9878,3.25158e-27
-0.158683,17.4512,3.06241e-27
-0.158683,17.9146,2.88934e-27
-0.158683,18.378,2.73145e-27
-0.158683,18.8415,2.58577e-27
-0.158683,19.3049,2.45109e-27
-0.158683,19.7683,2.32636e-27
-0.134297,1.23171,4.25352e-25
-0.134297,1.69512,2.72867e-25
-0.134297,2.15854,1.93926e-25
-0.134297,2.62195,1.40104e-25
-0.134297,3.08537,1.0519e-25
-0.134297,3.54878,8.14543e-26
-0.134297,4.0122,6.50779e-26
-0.134297,4.47561,5.3254e-26
-0.134297,4.93902,4.4041e-26
-0.134297,5.40244,3.70948e-26
-0.134297,5.86585,3.16809e-26
-0.134297,6.32927,2.73702e-26
-0.134297,6.79268,2.38772e-26
-0.134297,7.2561,2.1009e-26
-0.134297,7.71951,1.86169e-26
-0.134297,8.18293,1.65689e-26
-0.134297,8.64634,1.48044e-26
-0.134297,9.10976,1.33002e-26
-0.134297,9.57317,1.20062e-26
-0.134297,10.0366,1.08887e-26
-0.134297,10.5,9.90531e-27
-0.134297,10.9634,9.04711e-27
-0.134297,11.4268,8.28211e-27
-0.134297,11.8902,7.59495e-27
-0.134297,12.3537,6.9876e-27
-0.134297,12.8171,6.4547e-27
-0.134297,13.2805,5.98507e-27
-0.134297,13.7439,5.56382e-27
-0.134297,14.2073,5.18435e-27
-0.134297,14.6707,4.84057e-27
-0.134297,15.1341,4.52913e-27
-0.134297,15.5976,4.24614e-27
-0.134297,16.061,3.98609e-27
-0.134297,16.5244,3.74624e-27
-0.134297,16.9878,3.52682e-27
-0.134297,17.4512,3.32558e-27
-0.134297,17.9146,3.14114e-27
-0.134297,18.378,2.97245e-27
-0.134297,18.8415,2.81666e-27
-0.134297,19.3049,2.67249e-27
-0.134297,19.7683,2.53884e-27
-0.109911,1.23171,4.34893e-25
-0.109911,1.69512,2.90172e-25
-0.109911,2.15854,1.98137e-25
-0.109911,2.62195,1.41295e-25
-0.109911,3.08537,1.05686e-25
-0.109911,3.54878,8.24729e-26
-0.109911,4.0122,6.64466e-26
-0.109911,4.47561,5.47499e-26
-0.109911,4.93902,4.55331e-26
-0.109911,5.40244,3.84639e-26
-0.109911,5.86585,3.29279e-26
-0.109911,6.32927,2.85137e-26
-0.109911,6.79268,2.49831e-26
-0.109911,7.2561,2.20606e-26
-0.109911,7.71951,1.96025e-26
-0.109911,8.18293,1.74773e-26
-0.109911,8.64634,1.56313e-26
-0.109911,9.10976,1.40662e-26
-0.109911,9.57317,1.27297e-26
-0.109911,10.0366,1.15726e-26
-0.109911,10.5,1.05531e-26
-0.109911,10.9634,9.66117e-27
-0.109911,11.4268,8.86694e-27
-0.109911,11.8902,8.15465e-27
-0.109911,12.3537,7.52329e-27
-0.109911,12.8171,6.96082e-27
-0.109911,13.2805,6.45763e-27
-0.109911,13.7439,6.00607e-27
-0.109911,14.2073,5.59904e-27
-0.109911,14.6707,5.22982e-27
-0.109911,15.1341,4.89521e-27
-0.109911,15.5976,4.59106e-27
-0.109911,16.061,4.31284e-27
-0.109911,16.5244,4.05754e-27
-0.109911,16.9878,3.82374e-27
-0.109911,17.4512,3.60912e-27
-0.109911,17.9146,3.41211e-27
-0.109911,18.378,3.23149e-27
-0.109911,18.8415,3.06454e-27
-0.109911,19.3049,2.90994e-27
-0.109911,19.7683,2.76651e-27
-0.0855255,1.23171,4.77838e-25
-0.0855255,1.69512,2.9562e-25
-0.0855255,2.15854,1.97875e-25
-0.0855255,2.62195,1.42248e-25
-0.0855255,3.08537,1.06895e-25
-0.0855255,3.54878,8.42163e-26
-0.0855255,4.0122,6.83792e-26
-0.0855255,4.47561,5.6658e-26
-0.0855255,4.93902,4.73233e-26
-0.0855255,5.40244,4.00485e-26
-0.0855255,5.86585,3.43344e-26
-0.0855255,6.32927,2.97799e-26
-0.0855255,6.79268,2.61915e-26
-0.0855255,7.2561,2.32004e-26
-0.0855255,7.71951,2.06651e-26
-0.0855255,8.18293,1.84528e-26
-0.0855255,8.64634,1.65166e-26
-0.0855255,9.10976,1.48848e-26
-0.0855255,9.57317,1.35028e-26
-0.0855255,10.0366,1.23036e-26
-0.0855255,10.5,1.12461e-26
-0.0855255,10.9634,1.03189e-26
-0.0855255,11.4268,9.49435e-27
-0.0855255,11.8902,8.75641e-27
-0.0855255,12.3537,8.10052e-27
-0.0855255,12.8171,7.50683e-27
-0.0855255,13.2805,6.96755e-27
-0.0855255,13.7439,6.48339e-27
-0.0855255,14.2073,6.04672e-27
-0.0855255,14.6707,5.65013e-27
-0.0855255,15.1341,5.2906e-27
-0.0855255,15.5976,4.9637e-27
-0.0855255,16.061,4.66605e-27
-0.0855255,16.5244,4.39438e-27
-0.0855255,16.9878,4.14534e-27
-0.0855255,17.4512,3.91652e-27
-0.0855255,17.9146,3.70615e-27
-0.0855255,18.378,3.51281e-27
-0.0855255,18.8415,3.33397e-27
-0.0855255,19.3049,3.16823e-27
-0.0855255,19.7683,3.01436e-27
-0.0611395,1.23171,5.00499e-25
-0.0611395,1.69512,2.91082e-25
-0.0611395,2.15854,1.98625e-25
-0.0611395,2.62195,1.45401e-25
-0.0611395,3.08537,1.09679e-25
-0.0611395,3.54878,8.69625e-26
-0.0611395,4.0122,7.09462e-26
-0.0611395,4.47561,5.89782e-26
-0.0611395,4.93902,4.93906e-26
-0.0611395,5.40244,4.18232e-26
-0.0611395,5.86585,3.58774e-26
-0.0611395,6.32927,3.11493e-26
-0.0611395,6.79268,2.74876e-26
-0.0611395,7.2561,2.44171e-26
-0.0611395,7.71951,2.17961e-26
-0.0611395,8.18293,1.94889e-26
-0.0611395,8.64634,1.74551e-26
-0.0611395,9.10976,1.57523e-26
-0.0611395,9.57317,1.4323e-26
-0.0611395,10.0366,1.30802e-26
-0.0611395,10.5,1.19836e-26
-0.0611395,10.9634,1.102e-26
-0.0611395,11.4268,1.01647e-26
-0.0611395,11.8902,9.40109e-27
-0.0611395,12.3537,8.72056e-27
-0.0611395,12.8171,8.09424e-27
-0.0611395,13.2805,7.51636e-27
-0.0611395,13.7439,6.99735e-27
-0.0611395,14.2073,6.52899e-27
-0.0611395,14.6707,6.10309e-27
-0.0611395,15.1341,5.71688e-27
-0.0611395,15.5976,5.36561e-27
-0.0611395,16.061,5.04729e-27
-0.0611395,16.5244,4.75834e-27
-0.0611395,16.9878,4.49321e-27
-0.0611395,17.4512,4.24938e-27
-0.0611395,17.9146,4.02486e-27
-0.0611395,18.378,3.81799e-27
-0.0611395,18.8415,3.6265e-27
-0.0611395,19.3049,3.44891e-27
-0.0611395,19.7683,3.2839e-27
-0.0367535,1.23171,4.86199e-25
-0.0367535,1.69512,2.88671e-25
-0.0367535,2.15854,2.0169e-25
-0.0367535,2.62195,1.49024e-25
-0.0367535,3.08537,1.12354e-25
-0.0367535,3.54878,8.90732e-26
-0.0367535,4.0122,7.2736e-26
-0.0367535,4.47561,6.0472e-26
-0.0367535,4.93902,5.06439e-26
-0.0367535,5.40244,4.28089e-26
-0.0367535,5.86585,3.66671e-26
-0.0367535,6.32927,3.18057e-26
-0.0367535,6.79268,2.81069e-26
-0.0367535,7.2561,2.49947e-26
-0.0367535,7.71951,2.23256e-26
-0.0367535,8.18293,1.99854e-26
-0.0367535,8.64634,1.79285e-26
-0.0367535,9.10976,1.61969e-26
-0.0367535,9.57317,1.47333e-26
-0.0367535,10.0366,1.34611e-26
-0.0367535,10.5,1.23443e-26
-0.0367535,10.9634,1.13621e-26
-0.0367535,11.4268,1.04894e-26
-0.0367535,11.8902,9.70932e-27
-0.0367535,12.3537,9.01368e-27
-0.0367535,12.8171,8.37009e-27
-0.0367535,13.2805,7.77339e-27
-0.0367535,13.7439,7.23748e-27
-0.0367535,14.2073,6.75426e-27
-0.0367535,14.6707,6.31653e-27
-0.0367535,15.1341,5.91945e-27
-0.0367535,15.5976,5.55816e-27
-0.0367535,16.061,5.23086e-27
-0.0367535,16.5244,4.9339e-27
-0.0367535,16.9878,4.6613e-27
-0.0367535,17.4512,4.41048e-27
-0.0367535,17.9146,4.17893e-27
-0.0367535,18.378,3.96435e-27
-0.0367535,18.8415,3.76571e-27
-0.0367535,19.3049,3.58149e-27
-0.0367535,19.7683,3.41033e-27
-0.0123675,1.23171,4.75979e-25
-0.0123675,1.69512,2.92218e-25
-0.0123675,2.15854,2.05095e-25
-0.0123675,2.62195,1.51389e-25
-0.0123675,3.08537,1.13861e-25
-0.0123675,3.54878,8.99563e-26
-0.0123675,4.0122,7.34156e-26
-0.0123675,4.47561,6.0958e-26
-0.0123675,4.93902,5.09904e-26
-0.0123675,5.40244,4.297e-26
-0.0123675,5.86585,3.67024e-26
-0.0123675,6.32927,3.17682e-26
-0.0123675,6.79268,2.8077e-26
-0.0123675,7.2561,2.49653e-26
-0.0123675,7.71951,2.22883e-26
-0.0123675,8.18293,1.99748e-26
-0.0123675,8.64634,1.79645e-26
-0.0123675,9.10976,1.62442e-26
-0.0123675,9.57317,1.47601e-26
-0.0123675,10.0366,1.34726e-26
-0.0123675,10.5,1.23529e-26
-0.0123675,10.9634,1.13686e-26
-0.0123675,11.4268,1.04907e-26
-0.0123675,11.8902,9.70259e-27
-0.0123675,12.3537,9.0004e-27
-0.0123675,12.8171,8.35382e-27
-0.0123675,13.2805,7.75697e-27
-0.0123675,13.7439,7.22104e-27
-0.0123675,14.2073,6.73873e-27
-0.0123675,14.6707,6.30537e-27
-0.0123675,15.1341,5.91205e-27
-0.0123675,15.5976,5.55403e-27
-0.0123675,16.061,5.22856e-27
-0.0123675,16.5244,4.93208e-27
-0.0123675,16.9878,4.65991e-27
-0.0123675,17.4512,4.40949e-27
-0.0123675,17.9146,4.1775e-27
-0.0123675,18.378,3.96068e-27
-0.0123675,18.8415,3.7601e-27
-0.0123675,19.3049,3.57418e-27
-0.0123675,19.7683,3.40154e-27
