-0.987807,1.23171,5.72269e-25
-0.987807,1.69512,8.2674e-26
-0.987807,2.15854,1.54702e-25
-0.987807,2.62195,9.50303e-26
-0.987807,3.08537,1.44135e-25
-0.987807,3.54878,4.19944e-29
-0.987807,4.0122,8.20097e-26
-0.987807,4.47561,4.11906e-26
-0.987807,4.93902,9.17581e-29
-0.987807,5.40244,1.85751e-26
-0.987807,5.86585,3.8267e-26
-0.987807,6.32927,3.67319e-26
-0.987807,6.79268,2.34651e-26
-0.987807,7.2561,1.03634e-26
-0.987807,7.71951,2.54289e-27
-0.987807,8.18293,3.84046e-29
-0.987807,8.64634,9.78475e-28
-0.987807,9.10976,3.46462e-27
-0.987807,9.57317,6.18686e-27
-0.987807,10.0366,8.4444e-27
-0.987807,10.5,9.9691e-27
-0.987807,10.9634,1.07551e-26
-0.987807,11.4268,1.09094e-26
-0.987807,11.8902,1.05847e-26
-0.987807,12.3537,9.93945e-27
-0.987807,12.8171,9.10302e-27
-0.987807,13.2805,8.17332e-27
-0.987807,13.7439,7.21936e-27
-0.987807,14.2073,6.29025e-27
-0.987807,14.6707,5.4179e-27
-0.987807,15.1341,4.61802e-27
-0.987807,15.5976,3.89892e-27
-0.987807,16.061,3.26309e-27
-0.987807,16.5244,2.70795e-27
-0.987807,16.9878,2.22784e-27
-0.987807,17.4512,1.81655e-27
-0.987807,17.9146,1.46697e-27
-0.987807,18.378,1.17199e-27
-0.987807,18.8415,9.25712e-28
-0.987807,19.3049,7.21774e-28
-0.987807,19.7683,5.54353e-28
-0.963421,1.23171,5.9912e-25
-0.963421,1.69512,3.20232e-25
-0.963421,2.15854,3.82532e-26
-0.963421,2.62195,2.76135e-26
-0.963421,3.08537,1.38652e-25
-0.963421,3.54878,8.93832e-27
-0.963421,4.0122,9.00392e-26
-0.963421,4.47561,2.54151e-26
-0.963421,4.93902,1.75098e-27
-0.963421,5.40244,2.78139e-26
-0.963421,5.86585,4.19633e-26
-0.963421,6.32927,3.42823e-26
-0.963421,6.79268,1.89396e-26
-0.963421,7.2561,6.79776e-27
-0.963421,7.71951,9.48949e-28
-0.963421,8.18293,1.77993e-28
-0.963421,8.64634,2.19505e-27
-0.963421,9.10976,5.13073e-27
-0.963421,9.57317,7.85979e-27
-0.963421,10.0366,9.87305e-27
-0.963421,10.5,1.10471e-26
-0.963421,10.9634,1.1469e-26
-0.963421,11.4268,1.12957e-26
-0.963421,11.8902,1.0702e-26
-0.963421,12.3537,9.85093e-27
-0.963421,12.8171,8.86704e-27
-0.963421,13.2805,7.83931e-27
-0.963421,13.7439,6.827e-27
-0.963421,14.2073,5.86997e-27
-0.963421,14.6707,4.99203e-27
-0.963421,15.1341,4.20242e-27
-0.963421,15.5976,3.50426e-27
-0.963421,16.061,2.896e-27
-0.963421,16.5244,2.3721e-27
-0.963421,16.9878,1.92482e-27
-0.963421,17.4512,1.54644e-27
-0.963421,17.9146,1.22885e-27
-0.963421,18.378,9.64319e-28
-0.963421,18.8415,7.4641e-28
-0.963421,19.3049,5.68549e-28
-0.963421,19.7683,4.24852e-28
-0.939035,1.23171,8.72221e-26
-0.939035,1.69512,4.01129e-25
-0.939035,2.15854,1.76863e-27
-0.939035,2.62195,2.76713e-28
-0.939035,3.08537,1.02709e-25
-0.939035,3.54878,3.13415e-26
-0.939035,4.0122,8.50304e-26
-0.939035,4.47561,1.15736e-26
-0.939035,4.93902,7.76665e-27
-0.939035,5.40244,3.63342e-26
-0.939035,5.86585,4.31464e-26
-0.939035,6.32927,3.03409e-26
-0.939035,6.79268,1.43088e-26
-0.939035,7.2561,3.88388e-27
-0.939035,7.71951,1.44232e-28
-0.939035,8.18293,9.19044e-28
-0.939035,8.64634,3.73853e-27
-0.939035,9.10976,6.88479e-27
-0.939035,9.57317,9.45729e-27
-0.939035,10.0366,1.11361e-26
-0.939035,10.5,1.1924e-26
-0.939035,10.9634,1.19826e-26
-0.939035,11.4268,1.15038e-26
-0.939035,11.8902,1.06729e-26
-0.939035,12.3537,9.64994e-27
-0.939035,12.8171,8.54986e-27
-0.939035,13.2805,7.45098e-27
-0.939035,13.7439,6.40264e-27
-0.939035,14.2073,5.4355e-27
-0.939035,14.6707,4.56579e-27
-0.939035,15.1341,3.79667e-27
-0.939035,15.5976,3.12668e-27
-0.939035,16.061,2.55075e-27
-0.939035,16.5244,2.06092e-27
-0.939035,16.9878,1.64794e-27
-0.939035,17.4512,1.3029e-27
-0.939035,17.9146,1.017e-27
-0.939035,18.378,7.82108e-28
-0.939035,18.8415,5.91377e-28
-0.939035,19.3049,4.38173e-28
-0.939035,19.7683,3.16646e-28
-0.914649,1.23171,9.68868e-26
-0.914649,1.69512,2.59124e-25
-0.914649,2.15854,6.2498e-26
-0.914649,2.62195,2.02738e-26
-0.914649,3.08537,6.2393e-26
-0.914649,3.54878,5.74187e-26
-0.914649,4.0122,7.20823e-26
-0.914649,4.47561,3.04083e-27
-0.914649,4.93902,1.65976e-26
-0.914649,5.40244,4.32604e-26
-0.914649,5.86585,4.23297e-26
-0.914649,6.32927,2.57158e-26
-0.914649,6.79268,1.00677e-26
-0.914649,7.2561,1.76521e-27
-0.914649,7.71951,8.56004e-29
-0.914649,8.18293,2.18467e-27
-0.914649,8.64634,5.5794e-27
-0.914649,9.10976,8.76754e-27
-0.914649,9.57317,1.10816e-26
-0.914649,10.0366,1.23768e-26
-0.914649,10.5,1.27626e-26
-0.914649,10.9634,1.24621e-26
-0.914649,11.4268,1.16917e-26
-0.914649,11.8902,1.06409e-26
-0.914649,12.3537,9.46202e-27
-0.914649,12.8171,8.25835e-27
-0.914649,13.2805,7.09729e-27
-0.914649,13.7439,6.01895e-27
-0.914649,14.2073,5.04522e-27
-0.914649,14.6707,4.18536e-27
-0.914649,15.1341,3.43668e-27
-0.914649,15.5976,2.79363e-27
-0.914649,16.061,2.2479e-27
-0.914649,16.5244,1.7895e-27
-0.914649,16.9878,1.40792e-27
-0.914649,17.4512,1.09324e-27
-0.914649,17.9146,8.36094e-28
-0.914649,18.378,6.27991e-28
-0.914649,18.8415,4.61733e-28
-0.914649,19.3049,3.30651e-28
-0.914649,19.7683,2.28954e-28
-0.890263,1.23171,5.22475e-25
-0.890263,1.69512,6.94488e-26
-0.890263,2.15854,1.71606e-25
-0.890263,2.62195,7.85909e-26
-0.890263,3.08537,2.56645e-26
-0.890263,3.54878,8.63331e-26
-0.890263,4.0122,5.67643e-26
-0.890263,4.47561,5.4291e-29
-0.890263,4.93902,2.7288e-26
-0.890263,5.40244,4.86383e-26
-0.890263,5.86585,3.99491e-26
-0.890263,6.32927,2.07007e-26
-0.890263,6.79268,6.318e-27
-0.890263,7.2561,4.43859e-28
-0.890263,7.71951,7.59609e-28
-0.890263,8.18293,3.97745e-27
-0.890263,8.64634,7.73314e-27
-0.890263,9.10976,1.07935e-26
-0.890263,9.57317,1.27343e-26
-0.890263,10.0366,1.35779e-26
-0.890263,10.5,1.35274e-26
-0.890263,10.9634,1.2856e-26
-0.890263,11.4268,1.17959e-26
-0.890263,11.8902,1.05343e-26
-0.890263,12.3537,9.21134e-27
-0.890263,12.8171,7.91658e-27
-0.890263,13.2805,6.70524e-27
-0.890263,13.7439,5.60747e-27
-0.890263,14.2073,4.63616e-27
-0.890263,14.6707,3.79351e-27
-0.890263,15.1341,3.07122e-27
-0.890263,15.5976,2.45979e-27
-0.890263,16.061,1.94794e-27
-0.890263,16.5244,1.52378e-27
-0.890263,16.9878,1.1757e-27
-0.890263,17.4512,8.92885e-28
-0.890263,17.9146,6.65489e-28
-0.890263,18.378,4.84783e-28
-0.890263,18.8415,3.43325e-28
-0.890263,19.3049,2.34481e-28
-0.890263,19.7683,1.5257e-28
-0.865877,1.23171,6.09095e-25
-0.865877,1.69512,1.00316e-26
-0.865877,2.15854,2.72477e-25
-0.865877,2.62195,1.52811e-25
-0.865877,3.08537,1.90922e-27
-0.865877,3.54878,1.11112e-25
-0.865877,4.0122,3.64846e-26
-0.865877,4.47561,3.298e-27
-0.865877,4.93902,4.02378e-26
-0.865877,5.40244,5.24782e-26
-0.865877,5.86585,3.59893e-26
-0.865877,6.32927,1.53659e-26
-0.865877,6.79268,3.17457e-27
-0.865877,7.2561,1.80578e-29
-0.865877,7.71951,2.21368e-27
-0.865877,8.18293,6.28526e-27
-0.865877,8.64634,1.01359e-26
-0.865877,9.10976,1.28619e-26
-0.865877,9.57317,1.42932e-26
-0.865877,10.0366,1.46088e-26
-0.865877,10.5,1.40894e-26
-0.865877,10.9634,1.30434e-26
-0.865877,11.4268,1.1707e-26
-0.865877,11.8902,1.02566e-26
-0.865877,12.3537,8.81487e-27
-0.865877,12.8171,7.45436e-27
-0.865877,13.2805,6.21638e-27
-0.865877,13.7439,5.12018e-27
-0.865877,14.2073,4.16932e-27
-0.865877,14.6707,3.35896e-27
-0.865877,15.1341,2.67549e-27
-0.865877,15.5976,2.1058e-27
-0.865877,16.061,1.63598e-27
-0.865877,16.5244,1.25256e-27
-0.865877,16.9878,9.43025e-28
-0.865877,17.4512,6.95962e-28
-0.865877,17.9146,5.01237e-28
-0.865877,18.378,3.50047e-28
-0.865877,18.8415,2.34903e-28
-0.865877,19.3049,1.49333e-28
-0.865877,19.7683,8.78648e-29
-0.841491,1.23171,1.04319e-25
-0.841491,1.69512,1.89324e-25
-0.841491,2.15854,2.60364e-25
-0.841491,2.62195,1.9422e-25
-0.841491,3.08537,6.83733e-27
-0.841491,3.54878,1.16209e-25
-0.841491,4.0122,1.62379e-26
-0.841491,4.47561,1.30799e-26
-0.841491,4.93902,5.07944e-26
-0.841491,5.40244,5.11673e-26
-0.841491,5.86585,2.90968e-26
-0.841491,6.32927,9.63714e-27
-0.841491,6.79268,9.04911e-28
-0.841491,7.2561,6.68378e-28
-0.841491,7.71951,4.4556e-27
-0.841491,8.18293,8.98656e-27
-0.841491,8.64634,1.26037e-26
-0.841491,9.10976,1.47771e-26
-0.841491,9.57317,1.55801e-26
-0.841491,10.0366,1.5323e-26
-0.841491,10.5,1.43401e-26
-0.841491,10.9634,1.29509e-26
-0.841491,11.4268,1.1381e-26
-0.841491,11.8902,9.78655e-27
-0.841491,12.3537,8.26816e-27
-0.841491,12.8171,6.87963e-27
-0.841491,13.2805,5.64728e-27
-0.841491,13.7439,4.57886e-27
-0.841491,14.2073,3.6691e-27
-0.841491,14.6707,2.90676e-27
-0.841491,15.1341,2.27404e-27
-0.841491,15.5976,1.7549e-27
-0.841491,16.061,1.33351e-27
-0.841491,16.5244,9.95307e-28
-0.841491,16.9878,7.2726e-28
-0.841491,17.4512,5.17693e-28
-0.841491,17.9146,3.56472e-28
-0.841491,18.378,2.3494e-28
-0.841491,18.8415,1.45812e-28
-0.841491,19.3049,8.29052e-29
-0.841491,19.7683,4.10576e-29
-0.817105,1.23171,8.69893e-26
-0.817105,1.69512,3.75721e-25
-0.817105,2.15854,1.59733e-25
-0.817105,2.62195,1.86902e-25
-0.817105,3.08537,3.56687e-26
-0.817105,3.54878,1.03743e-25
-0.817105,4.0122,3.61481e-27
-0.817105,4.47561,2.67584e-26
-0.817105,4.93902,5.8363e-26
-0.817105,5.40244,4.74719e-26
-0.817105,5.86585,2.23443e-26
-0.817105,6.32927,5.32988e-27
-0.817105,6.79268,5.74865e-29
-0.817105,7.2561,2.20147e-27
-0.817105,7.71951,7.01242e-27
-0.817105,8.18293,1.15972e-26
-0.817105,8.64634,1.4756e-26
-0.817105,9.10976,1.62867e-26
-0.817105,9.57317,1.64535e-26
-0.817105,10.0366,1.56637e-26
-0.817105,10.5,1.42826e-26
-0.817105,10.9634,1.26181e-26
-0.817105,11.4268,1.08762e-26
-0.817105,11.8902,9.18974e-27
-0.817105,12.3537,7.63676e-27
-0.817105,12.8171,6.25385e-27
-0.817105,13.2805,5.05315e-27
-0.817105,13.7439,4.03145e-27
-0.817105,14.2073,3.17608e-27
-0.817105,14.6707,2.47049e-27
-0.817105,15.1341,1.89416e-27
-0.817105,15.5976,1.42893e-27
-0.817105,16.061,1.05771e-27
-0.817105,16.5244,7.65299e-28
-0.817105,16.9878,5.38445e-28
-0.817105,17.4512,3.65498e-28
-0.817105,17.9146,2.36513e-28
-0.817105,18.378,1.43137e-28
-0.817105,18.8415,7.8442e-29
-0.817105,19.3049,3.65985e-29
-0.817105,19.7683,1.2796e-29
-0.792719,1.23171,5.45337e-25
-0.792719,1.69512,3.73981e-25
-0.792719,2.15854,4.81118e-26
-0.792719,2.62195,1.37881e-25
-0.792719,3.08537,7.94294e-26
-0.792719,3.54878,8.07208e-26
-0.792719,4.0122,2.35978e-28
-0.792719,4.47561,4.26669e-26
-0.792719,4.93902,6.24438e-26
-0.792719,5.40244,4.1282e-26
-0.792719,5.86585,1.54147e-26
-0.792719,6.32927,2.06884e-27
-0.792719,6.79268,4.29583e-28
-0.792719,7.2561,4.65522e-27
-0.792719,7.71951,1.01026e-26
-0.792719,8.18293,1.44295e-26
-0.792719,8.64634,1.69286e-26
-0.792719,9.10976,1.77083e-26
-0.792719,9.57317,1.71953e-26
-0.792719,10.0366,1.58692e-26
-0.792719,10.5,1.41068e-26
-0.792719,10.9634,1.21921e-26
-0.792719,11.4268,1.03044e-26
-0.792719,11.8902,8.54967e-27
-0.792719,12.3537,6.98205e-27
-0.792719,12.8171,5.62055e-27
-0.792719,13.2805,4.46344e-27
-0.792719,13.7439,3.49716e-27
-0.792719,14.2073,2.70226e-27
-0.792719,14.6707,2.05748e-27
-0.792719,15.1341,1.53998e-27
-0.792719,15.5976,1.12988e-27
-0.792719,16.061,8.09135e-28
-0.792719,16.5244,5.62202e-28
-0.792719,16.9878,3.75761e-28
-0.792719,17.4512,2.38346e-28
-0.792719,17.9146,1.40328e-28
-0.792719,18.378,7.37418e-29
-0.792719,18.8415,3.20548e-29
-0.792719,19.3049,9.83677e-30
-0.792719,19.7683,2.66429e-30
-0.768333,1.23171,5.86959e-25
-0.768333,1.69512,1.80845e-25
-0.768333,2.15854,5.42689e-28
-0.768333,2.62195,6.91203e-26
-0.768333,3.08537,1.22441e-25
-0.768333,3.54878,5.12095e-26
-0.768333,4.0122,6.87066e-27
-0.768333,4.47561,5.81138e-26
-0.768333,4.93902,6.22491e-26
-0.768333,5.40244,3.32762e-26
-0.768333,5.86585,9.13141e-27
-0.768333,6.32927,2.97446e-28
-0.768333,6.79268,2.08863e-27
-0.768333,7.2561,7.86836e-27
-0.768333,7.71951,1.34678e-26
-0.768333,8.18293,1.72102e-26
-0.768333,8.64634,1.88743e-26
-0.768333,9.10976,1.88359e-26
-0.768333,9.57317,1.76427e-26
-0.768333,10.0366,1.58148e-26
-0.768333,10.5,1.37196e-26
-0.768333,10.9634,1.16043e-26
-0.768333,11.4268,9.61576e-27
-0.768333,11.8902,7.83051e-27
-0.768333,12.3537,6.27862e-27
-0.768333,12.8171,4.96194e-27
-0.768333,13.2805,3.86587e-27
-0.768333,13.7439,2.96771e-27
-0.768333,14.2073,2.24221e-27
-0.768333,14.6707,1.66433e-27
-0.768333,15.1341,1.20951e-27
-0.768333,15.5976,8.56708e-28
-0.768333,16.061,5.87427e-28
-0.768333,16.5244,3.86071e-28
-0.768333,16.9878,2.39525e-28
-0.768333,17.4512,1.36706e-28
-0.768333,17.9146,6.84562e-29
-0.768333,18.378,2.73035e-29
-0.768333,18.8415,7.17488e-30
-0.768333,19.3049,3.10148e-30
-0.768333,19.7683,1.10896e-29
-0.743947,1.23171,1.31472e-25
-0.743947,1.69512,1.20083e-26
-0.743947,2.15854,5.3573e-26
-0.743947,2.62195,1.43259e-26
-0.743947,3.08537,1.49688e-25
-0.743947,3.54878,2.31073e-26
-0.743947,4.0122,2.24938e-26
-0.743947,4.47561,7.06083e-26
-0.743947,4.93902,5.77676e-26
-0.743947,5.40244,2.43518e-26
-0.743947,5.86585,4.12812e-27
-0.743947,6.32927,2.12176e-28
-0.743947,6.79268,4.96706e-27
-0.743947,7.2561,1.16752e-26
-0.743947,7.71951,1.69398e-26
-0.743947,8.18293,1.98073e-26
-0.743947,8.64634,2.05048e-26
-0.743947,9.10976,1.962e-26
-0.743947,9.57317,1.77757e-26
-0.743947,10.0366,1.55003e-26
-0.743947,10.5,1.3131e-26
-0.743947,10.9634,1.087e-26
-0.743947,11.4268,8.82737e-27
-0.743947,11.8902,7.04909e-27
-0.743947,12.3537,5.54195e-27
-0.743947,12.8171,4.29151e-27
-0.743947,13.2805,3.27178e-27
-0.743947,13.7439,2.45249e-27
-0.743947,14.2073,1.80369e-27
-0.743947,14.6707,1.29748e-27
-0.743947,15.1341,9.08057e-28
-0.743947,15.5976,6.13772e-28
-0.743947,16.061,3.96113e-28
-0.743947,16.5244,2.3976e-28
-0.743947,16.9878,1.32035e-28
-0.743947,17.4512,6.24234e-29
-0.743947,17.9146,2.23715e-29
-0.743947,18.378,4.9877e-30
-0.743947,18.8415,4.72232e-30
-0.743947,19.3049,1.71228e-29
-0.743947,19.7683,3.86615e-29
-0.719561,1.23171,6.88296e-26
-0.719561,1.69512,6.47475e-26
-0.719561,2.15854,1.74071e-25
-0.719561,2.62195,2.12459e-27
-0.719561,3.08537,1.50966e-25
-0.719561,3.54878,4.33522e-27
-0.719561,4.0122,4.42943e-26
-0.719561,4.47561,7.80491e-26
-0.719561,4.93902,4.95347e-26
-0.719561,5.40244,1.55344e-26
-0.719561,5.86585,9.57112e-28
-0.719561,6.32927,1.90498e-27
-0.719561,6.79268,8.92104e-27
-0.719561,7.2561,1.58612e-26
-0.719561,7.71951,2.03241e-26
-0.719561,8.18293,2.2077e-26
-0.719561,8.64634,2.17294e-26
-0.719561,9.10976,2.00136e-26
-0.719561,9.57317,1.75811e-26
-0.719561,10.0366,1.49328e-26
-0.719561,10.5,1.23578e-26
-0.719561,10.9634,1.00102e-26
-0.719561,11.4268,7.9606e-27
-0.719561,11.8902,6.22527e-27
-0.719561,12.3537,4.7897e-27
-0.719561,12.8171,3.62416e-27
-0.719561,13.2805,2.69335e-27
-0.719561,13.7439,1.96143e-27
-0.719561,14.2073,1.39478e-27
-0.719561,14.6707,9.63585e-28
-0.719561,15.1341,6.41052e-28
-0.719561,15.5976,4.05479e-28
-0.719561,16.061,2.38754e-28
-0.719561,16.5244,1.26131e-28
-0.719561,16.9878,5.55916e-29
-0.719561,17.4512,1.73496e-29
-0.719561,17.9146,3.56756e-30
-0.719561,18.378,8.00561e-30
-0.719561,18.8415,2.57137e-29
-0.719561,19.3049,5.27997e-29
-0.719561,19.7683,8.62281e-29
-0.695175,1.23171,5.54035e-25
-0.695175,1.69512,2.94131e-25
-0.695175,2.15854,2.77858e-25
-0.695175,2.62195,4.18245e-26
-0.695175,3.08537,1.24796e-25
-0.695175,3.54878,8.75854e-28
-0.695175,4.0122,6.78711e-26
-0.695175,4.47561,7.87579e-26
-0.695175,4.93902,3.84296e-26
-0.695175,5.40244,7.8488e-27
-0.695175,5.86585,5.15532e-29
-0.695175,6.32927,5.34519e-27
-0.695175,6.79268,1.37217e-26
-0.695175,7.2561,2.01832e-26
-0.695175,7.71951,2.34358e-26
-0.695175,8.18293,2.39025e-26
-0.695175,8.64634,2.24841e-26
-0.695175,9.10976,1.99867e-26
-0.695175,9.57317,1.7045e-26
-0.695175,10.0366,1.41069e-26
-0.695175,10.5,1.14008e-26
-0.695175,10.9634,9.02851e-27
-0.695175,11.4268,7.02071e-27
-0.695175,11.8902,5.36516e-27
-0.695175,12.3537,4.02802e-27
-0.695175,12.8171,2.96651e-27
-0.695175,13.2805,2.13772e-27
-0.695175,13.7439,1.50158e-27
-0.695175,14.2073,1.022e-27
-0.695175,14.6707,6.68133e-28
-0.695175,15.1341,4.13105e-28
-0.695175,15.5976,2.35699e-28
-0.695175,16.061,1.18593e-28
-0.695175,16.5244,4.78961e-29
-0.695175,16.9878,1.24556e-29
-0.695175,17.4512,3.36185e-30
-0.695175,17.9146,1.35908e-29
-0.695175,18.378,3.76304e-29
-0.695175,18.8415,7.11929e-29
-0.695175,19.3049,1.10969e-28
-0.695175,19.7683,1.54427e-28
-0.670789,1.23171,6.56374e-25
-0.670789,1.69512,4.46016e-25
-0.670789,2.15854,2.88067e-25
-0.670789,2.62195,1.16435e-25
-0.670789,3.08537,8.00333e-26
-0.670789,3.54878,1.48796e-26
-0.670789,4.0122,8.81984e-26
-0.670789,4.47561,7.24205e-26
-0.670789,4.93902,2.60976e-26
-0.670789,5.40244,2.40364e-27
-0.670789,5.86585,1.67046e-27
-0.670789,6.32927,1.0326e-26
-0.670789,6.79268,1.90343e-26
-0.670789,7.2561,2.43461e-26
-0.670789,7.71951,2.60682e-26
-0.670789,8.18293,2.51605e-26
-0.670789,8.64634,2.27078e-26
-0.670789,9.10976,1.95191e-26
-0.670789,9.57317,1.6172e-26
-0.670789,10.0366,1.30402e-26
-0.670789,10.5,1.02833e-26
-0.670789,10.9634,7.94956e-27
-0.670789,11.4268,6.03116e-27
-0.670789,11.8902,4.48995e-27
-0.670789,12.3537,3.27544e-27
-0.670789,12.8171,2.33434e-27
-0.670789,13.2805,1.61811e-27
-0.670789,13.7439,1.08384e-27
-0.670789,14.2073,6.94263e-28
-0.670789,14.6707,4.18383e-28
-0.670789,15.1341,2.30097e-28
-0.670789,15.5976,1.09175e-28
-0.670789,16.061,3.94327e-29
-0.670789,16.5244,8.08417e-30
-0.670789,16.9878,5.02757e-30
-0.670789,17.4512,2.23521e-29
-0.670789,17.9146,5.39286e-29
-0.670789,18.378,9.50379e-29
-0.670789,18.8415,1.42086e-28
-0.670789,19.3049,1.92356e-28
-0.670789,19.7683,2.43821e-28
-0.646403,1.23171,1.60919e-25
-0.646403,1.69512,3.40708e-25
-0.646403,2.15854,1.93235e-25
-0.646403,2.62195,1.8946e-25
-0.646403,3.08537,3.3517e-26
-0.646403,3.54878,4.34942e-26
-0.646403,4.0122,1.00495e-25
-0.646403,4.47561,5.98727e-26
-0.646403,4.93902,1.44097e-26
-0.646403,5.40244,6.51675e-29
-0.646403,5.86585,5.80876e-27
-0.646403,6.32927,1.64876e-26
-0.646403,6.79268,2.44766e-26
-0.646403,7.2561,2.80705e-26
-0.646403,7.71951,2.80559e-26
-0.646403,8.18293,2.57718e-26
-0.646403,8.64634,2.23757e-26
-0.646403,9.10976,1.86192e-26
-0.646403,9.57317,1.49885e-26
-0.646403,10.0366,1.17664e-26
-0.646403,10.5,9.04019e-27
-0.646403,10.9634,6.80605e-27
-0.646403,11.4268,5.02102e-27
-0.646403,11.8902,3.6246e-27
-0.646403,12.3537,2.55289e-27
-0.646403,12.8171,1.74503e-27
-0.646403,13.2805,1.14874e-27
-0.646403,13.7439,7.19753e-28
-0.646403,14.2073,4.20792e-28
-0.646403,14.6707,2.2168e-28
-0.646403,15.1341,9.78464e-29
-0.646403,15.5976,3.04881e-29
-0.646403,16.061,4.85671e-30
-0.646403,16.5244,9.47283e-30
-0.646403,16.9878,3.54389e-29
-0.646403,17.4512,7.5936e-29
-0.646403,17.9146,1.25791e-28
-0.646403,18.378,1.81123e-28
-0.646403,18.8415,2.39029e-28
-0.646403,19.3049,2.97387e-28
-0.646403,19.7683,3.54663e-28
-0.622017,1.23171,6.67923e-26
-0.622017,1.69512,9.54821e-26
-0.622017,2.15854,6.34051e-26
-0.622017,2.62195,2.22835e-25
-0.622017,3.08537,3.98496e-27
-0.622017,3.54878,7.91291e-26
-0.622017,4.0122,1.01549e-25
-0.622017,4.47561,4.32829e-26
-0.622017,4.93902,5.32678e-27
-0.622017,5.40244,1.36145e-27
-0.622017,5.86585,1.21624e-26
-0.622017,6.32927,2.33155e-26
-0.622017,6.79268,2.96561e-26
-0.622017,7.2561,3.11469e-26
-0.622017,7.71951,2.93273e-26
-0.622017,8.18293,2.57406e-26
-0.622017,8.64634,2.15219e-26
-0.622017,9.10976,1.73362e-26
-0.622017,9.57317,1.35512e-26
-0.622017,10.0366,1.03409e-26
-0.622017,10.5,7.72144e-27
-0.622017,10.9634,5.64104e-27
-0.622017,11.4268,4.02609e-27
-0.622017,11.8902,2.79818e-27
-0.622017,12.3537,1.88372e-27
-0.622017,12.8171,1.21729e-27
-0.622017,13.2805,7.44544e-28
-0.622017,13.7439,4.20977e-28
-0.622017,14.2073,2.10596e-28
-0.622017,14.6707,8.49326e-29
-0.622017,15.1341,2.16314e-29
-0.622017,15.5976,3.64509e-30
-0.622017,16.061,1.78664e-29
-0.622017,16.5244,5.42762e-29
-0.622017,16.9878,1.05297e-28
-0.622017,17.4512,1.65255e-28
-0.622017,17.9146,2.29951e-28
-0.622017,18.378,2.96315e-28
-0.622017,18.8415,3.62143e-28
-0.622017,19.3049,4.25889e-28
-0.622017,19.7683,4.86504e-28
-0.597631,1.23171,6.02279e-25
-0.597631,1.69512,5.03862e-27
-0.597631,2.15854,1.38278e-28
-0.597631,2.62195,1.97492e-25
-0.597631,3.08537,4.36711e-27
-0.597631,3.54878,1.1165e-25
-0.597631,4.0122,9.08577e-26
-0.597631,4.47561,2.58523e-26
-0.597631,4.93902,5.01632e-28
-0.597631,5.40244,6.33394e-27
-0.597631,5.86585,2.0137e-26
-0.597631,6.32927,3.01873e-26
-0.597631,6.79268,3.40974e-26
-0.597631,7.2561,3.32516e-26
-0.597631,7.71951,2.96825e-26
-0.597631,8.18293,2.49659e-26
-0.597631,8.64634,2.01227e-26
-0.597631,9.10976,1.56866e-26
-0.597631,9.57317,1.18898e-26
-0.597631,10.0366,8.79775e-27
-0.597631,10.5,6.36033e-27
-0.597631,10.9634,4.48472e-27
-0.597631,11.4268,3.0729e-27
-0.597631,11.8902,2.03352e-27
-0.597631,12.3537,1.28703e-27
-0.597631,12.8171,7.66261e-28
-0.597631,13.2805,4.17022e-28
-0.597631,13.7439,1.96323e-28
-0.597631,14.2073,7.05011e-29
-0.597631,14.6707,1.35601e-29
-0.597631,15.1341,5.65304e-30
-0.597631,15.5976,3.18163e-29
-0.597631,16.061,8.07868e-29
-0.597631,16.5244,1.4415e-28
-0.597631,16.9878,2.15725e-28
-0.597631,17.4512,2.91012e-28
-0.597631,17.9146,3.66781e-28
-0.597631,18.378,4.40746e-28
-0.597631,18.8415,5.11403e-28
-0.597631,19.3049,5.77761e-28
-0.597631,19.7683,6.39226e-28
-0.573245,1.23171,7.0352e-25
-0.573245,1.69512,1.86076e-25
-0.573245,2.15854,5.64889e-26
-0.573245,2.62195,1.25944e-25
-0.573245,3.08537,3.59961e-26
-0.573245,3.54878,1.3121e-25
-0.573245,4.0122,7.07063e-26
-0.573245,4.47561,1.10542e-26
-0.573245,4.93902,9.47092e-28
-0.573245,5.40244,1.449e-26
-0.573245,5.86585,2.88973e-26
-0.573245,6.32927,3.6437e-26
-0.573245,6.79268,3.74008e-26
-0.573245,7.2561,3.41981e-26
-0.573245,7.71951,2.90725e-26
-0.573245,8.18293,2.34764e-26
-0.573245,8.64634,1.82433e-26
-0.573245,9.10976,1.37464e-26
-0.573245,9.57317,1.0078e-26
-0.573245,10.0366,7.2022e-27
-0.573245,10.5,5.01203e-27
-0.573245,10.9634,3.38222e-27
-0.573245,11.4268,2.19751e-27
-0.573245,11.8902,1.3589e-27
-0.573245,12.3537,7.84673e-28
-0.573245,12.8171,4.08604e-28
-0.573245,13.2805,1.78775e-28
-0.573245,13.7439,5.51809e-29
-0.573245,14.2073,7.38251e-30
-0.573245,14.6707,1.24377e-29
-0.573245,15.1341,5.32417e-29
-0.573245,15.5976,1.17147e-28
-0.573245,16.061,1.94872e-28
-0.573245,16.5244,2.79687e-28
-0.573245,16.9878,3.66823e-28
-0.573245,17.4512,4.52944e-28
-0.573245,17.9146,5.35748e-28
-0.573245,18.378,6.13687e-28
-0.573245,18.8415,6.85944e-28
-0.573245,19.3049,7.52047e-28
-0.573245,19.7683,8.11822e-28
-0.548859,1.23171,1.6175e-25
-0.548859,1.69512,4.29769e-25
-0.548859,2.15854,1.92726e-25
-0.548859,2.62195,4.64506e-26
-0.548859,3.08537,8.74565e-26
-0.548859,3.54878,1.31825e-25
-0.548859,4.0122,4.58605e-26
-0.548859,4.47561,1.93123e-27
-0.548859,4.93902,6.80785e-27
-0.548859,5.40244,2.48694e-26
-0.548859,5.86585,3.75012e-26
-0.548859,6.32927,4.14654e-26
-0.548859,6.79268,3.92756e-26
-0.548859,7.2561,3.39001e-26
-0.548859,7.71951,2.75246e-26
-0.548859,8.18293,2.13528e-26
-0.548859,8.64634,1.59825e-26
-0.548859,9.10976,1.16113e-26
-0.548859,9.57317,8.19915e-27
-0.548859,10.0366,5.62341e-27
-0.548859,10.5,3.7319e-27
-0.548859,10.9634,2.37684e-27
-0.548859,11.4268,1.43315e-27
-0.548859,11.8902,7.99418e-28
-0.548859,12.3537,3.95312e-28
-0.548859,12.8171,1.58027e-28
-0.548859,13.2805,3.97367e-29
-0.548859,13.7439,4.62565e-30
-0.548859,14.2073,2.61483e-29
-0.548859,14.6707,8.47963e-29
-0.548859,15.1341,1.66381e-28
-0.548859,15.5976,2.60703e-28
-0.548859,16.061,3.60532e-28
-0.548859,16.5244,4.6084e-28
-0.548859,16.9878,5.58225e-28
-0.548859,17.4512,6.50465e-28
-0.548859,17.9146,7.36124e-28
-0.548859,18.378,8.14314e-28
-0.548859,18.8415,8.84891e-28
-0.548859,19.3049,9.47854e-28
-0.548859,19.7683,1.0034e-27
-0.524473,1.23171,7.49319e-26
-0.524473,1.69512,4.48271e-25
-0.524473,2.15854,3.05451e-25
-0.524473,2.62195,2.15012e-27
-0.524473,3.08537,1.39208e-25
-0.524473,3.54878,1.13406e-25
-0.524473,4.0122,2.23878e-26
-0.524473,4.47561,4.35119e-28
-0.524473,4.93902,1.73444e-26
-0.524473,5.40244,3.62793e-26
-0.524473,5.86585,4.51878e-26
-0.524473,6.32927,4.49993e-26
-0.524473,6.79268,3.96761e-26
-0.524473,7.2561,3.24285e-26
-0.524473,7.71951,2.51616e-26
-0.524473,8.18293,1.87439e-26
-0.524473,8.64634,1.34953e-26
-0.524473,9.10976,9.41629e-27
-0.524473,9.57317,6.35906e-27
-0.524473,10.0366,4.14184e-27
-0.524473,10.5,2.58027e-27
-0.524473,10.9634,1.51297e-27
-0.524473,11.4268,8.12091e-28
-0.524473,11.8902,3.78109e-28
-0.524473,12.3537,1.34985e-28
-0.524473,12.8171,2.54886e-29
-0.524473,13.2805,7.31918e-30
-0.524473,13.7439,4.96007e-29
-0.524473,14.2073,1.30038e-28
-0.524473,14.6707,2.3273e-28
-0.524473,15.1341,3.46478e-28
-0.524473,15.5976,4.63539e-28
-0.524473,16.061,5.78684e-28
-0.524473,16.5244,6.88499e-28
-0.524473,16.9878,7.90878e-28
-0.524473,17.4512,8.84633e-28
-0.524473,17.9146,9.69098e-28
-0.524473,18.378,1.04395e-27
-0.524473,18.8415,1.10969e-27
-0.524473,19.3049,1.16676e-27
-0.524473,19.7683,1.21565e-27
-0.500087,1.23171,6.13048e-25
-0.500087,1.69512,2.20328e-25
-0.500087,2.15854,3.09608e-25
-0.500087,2.62195,1.70672e-26
-0.500087,3.08537,1.71348e-25
-0.500087,3.54878,8.1316e-26
-0.500087,4.0122,5.78775e-27
-0.500087,4.47561,7.01702e-27
-0.500087,4.93902,3.1034e-26
-0.500087,5.40244,4.72338e-26
-0.500087,5.86585,5.09845e-26
-0.500087,6.32927,4.65087e-26
-0.500087,6.79268,3.84432e-26
-0.500087,7.2561,2.983e-26
-0.500087,7.71951,2.21145e-26
-0.500087,8.18293,1.57818e-26
-0.500087,8.64634,1.08792e-26
-0.500087,9.10976,7.23648e-27
-0.500087,9.57317,4.6207e-27
-0.500087,10.0366,2.80797e-27
-0.500087,10.5,1.59584e-27
-0.500087,10.9634,8.19724e-28
-0.500087,11.4268,3.55458e-28
-0.500087,11.8902,1.09853e-28
-0.500087,12.3537,1.41393e-29
-0.500087,12.8171,1.83005e-29
-0.500087,13.2805,8.64367e-29
-0.500087,13.7439,1.93107e-28
-0.500087,14.2073,3.20539e-28
-0.500087,14.6707,4.56536e-28
-0.500087,15.1341,5.92889e-28
-0.500087,15.5976,7.24255e-28
-0.500087,16.061,8.47319e-28
-0.500087,16.5244,9.60183e-28
-0.500087,16.9878,1.06193e-27
-0.500087,17.4512,1.15231e-27
-0.500087,17.9146,1.23131e-27
-0.500087,18.378,1.29906e-27
-0.500087,18.8415,1.35671e-27
-0.500087,19.3049,1.40504e-27
-0.500087,19.7683,1.44482e-27
-0.475701,1.23171,6.86045e-25
-0.475701,1.69512,1.51525e-26
-0.475701,2.15854,2.0284e-25
-0.475701,2.62195,8.33963e-26
-0.475701,3.08537,1.72087e-25
-0.475701,3.54878,4.52557e-26
-0.475701,4.0122,7.13403e-29
-0.475701,4.47561,2.05694e-26
-0.475701,4.93902,4.5831e-26
-0.475701,5.40244,5.63505e-26
-0.475701,5.86585,5.42693e-26
-0.475701,6.32927,4.58603e-26
-0.475701,6.79268,3.56906e-26
-0.475701,7.2561,2.6307e-26
-0.475701,7.71951,1.8594e-26
-0.475701,8.18293,1.26507e-26
-0.475701,8.64634,8.28275e-27
-0.475701,9.10976,5.18605e-27
-0.475701,9.57317,3.06889e-27
-0.475701,10.0366,1.68321e-27
-0.475701,10.5,8.2216e-28
-0.475701,10.9634,3.2729e-28
-0.475701,11.4268,8.36858e-29
-0.475701,11.8902,8.10896e-30
-0.475701,12.3537,4.12428e-29
-0.475701,12.8171,1.41354e-28
-0.475701,13.2805,2.79435e-28
-0.475701,13.7439,4.35734e-28
-0.475701,14.2073,5.97057e-28
-0.475701,14.6707,7.54838e-28
-0.475701,15.1341,9.0375e-28
-0.475701,15.5976,1.04071e-27
-0.475701,16.061,1.16415e-27
-0.475701,16.5244,1.27357e-27
-0.475701,16.9878,1.36909e-27
-0.475701,17.4512,1.45128e-27
-0.475701,17.9146,1.52065e-27
-0.475701,18.378,1.57764e-27
-0.475701,18.8415,1.62406e-27
-0.475701,19.3049,1.66094e-27
-0.475701,19.7683,1.68927e-27
-0.451315,1.23171,1.53544e-25
-0.451315,1.69512,6.7443e-26
-0.451315,2.15854,6.60256e-26
-0.451315,2.62195,1.66397e-25
-0.451315,3.08537,1.41167e-25
-0.451315,3.54878,1.56075e-26
-0.451315,4.0122,6.60359e-27
-0.451315,4.47561,3.87149e-26
-0.451315,4.93902,5.95891e-26
-0.451315,5.40244,6.25452e-26
-0.451315,5.86585,5.47421e-26
-0.451315,6.32927,4.31586e-26
-0.451315,6.79268,3.16815e-26
-0.451315,7.2561,2.2146e-26
-0.451315,7.71951,1.48525e-26
-0.451315,8.18293,9.55266e-27
-0.451315,8.64634,5.85921e-27
-0.451315,9.10976,3.37711e-27
-0.451315,9.57317,1.78299e-27
-0.451315,10.0366,8.22166e-28
-0.451315,10.5,2.95764e-28
-0.451315,10.9634,5.91509e-29
-0.451315,11.4268,1.10364e-29
-0.451315,11.8902,8.07437e-29
-0.451315,12.3537,2.19734e-28
-0.451315,12.8171,3.9502e-28
-0.451315,13.2805,5.84596e-28
-0.451315,13.7439,7.74415e-28
-0.451315,14.2073,9.55689e-28
-0.451315,14.6707,1.12326e-27
-0.451315,15.1341,1.27447e-27
-0.451315,15.5976,1.40825e-27
-0.451315,16.061,1.52462e-27
-0.451315,16.5244,1.62424e-27
-0.451315,16.9878,1.70813e-27
-0.451315,17.4512,1.77753e-27
-0.451315,17.9146,1.83332e-27
-0.451315,18.378,1.87615e-27
-0.451315,18.8415,1.90841e-27
-0.451315,19.3049,1.93135e-27
-0.451315,19.7683,1.94611e-27
-0.426929,1.23171,6.93667e-26
-0.426929,1.69512,3.10238e-25
-0.426929,2.15854,7.25882e-28
-0.426929,2.62195,2.24787e-25
-0.426929,3.08537,9.09845e-26
-0.426929,3.54878,8.92015e-28
-0.426929,4.0122,2.41935e-26
-0.426929,4.47561,5.86571e-26
-0.426929,4.93902,7.07639e-26
-0.426929,5.40244,6.53867e-26
-0.426929,5.86585,5.2546e-26
-0.426929,6.32927,3.87563e-26
-0.426929,6.79268,2.6848e-26
-0.426929,7.2561,1.77327e-26
-0.426929,7.71951,1.1189e-26
-0.426929,8.18293,6.69868e-27
-0.426929,8.64634,3.74921e-27
-0.426929,9.10976,1.9021e-27
-0.426929,9.57317,8.22161e-28
-0.426929,10.0366,2.60993e-28
-0.426929,10.5,3.77394e-29
-0.426929,10.9634,2.70238e-29
-0.426929,11.4268,1.43777e-28
-0.426929,11.8902,3.31065e-28
-0.426929,12.3537,5.5141e-28
-0.426929,12.8171,7.8061e-28
-0.426929,13.2805,1.00359e-27
-0.426929,13.7439,1.21164e-27
-0.426929,14.2073,1.40002e-27
-0.426929,14.6707,1.56668e-27
-0.426929,15.1341,1.71125e-27
-0.426929,15.5976,1.83443e-27
-0.426929,16.061,1.9374e-27
-0.426929,16.5244,2.02174e-27
-0.426929,16.9878,2.08937e-27
-0.426929,17.4512,2.14204e-27
-0.426929,17.9146,2.18101e-27
-0.426929,18.378,2.20717e-27
-0.426929,18.8415,2.22321e-27
-0.426929,19.3049,2.23047e-27
-0.426929,19.7683,2.2302e-27
-0.402543,1.23171,5.7284e-25
-0.402543,1.69512,4.65906e-25
-0.402543,2.15854,5.22422e-26
-0.402543,2.62195,2.30583e-25
-0.402543,3.08537,3.98455e-26
-0.402543,3.54878,5.38654e-27
-0.402543,4.0122,4.93139e-26
-0.402543,4.47561,7.69593e-26
-0.402543,4.93902,7.75811e-26
-0.402543,5.40244,6.43356e-26
-0.402543,5.86585,4.77546e-26
-0.402543,6.32927,3.29361e-26
-0.402543,6.79268,2.14212e-26
-0.402543,7.2561,1.32309e-26
-0.402543,7.71951,7.71706e-27
-0.402543,8.18293,4.17364e-27
-0.402543,8.64634,2.01988e-27
-0.402543,9.10976,8.09016e-28
-0.402543,9.57317,2.18353e-28
-0.402543,10.0366,2.15594e-29
-0.402543,10.5,6.36179e-29
-0.402543,10.9634,2.41782e-28
-0.402543,11.4268,4.89271e-28
-0.402543,11.8902,7.63675e-28
-0.402543,12.3537,1.03873e-27
-0.402543,12.8171,1.29901e-27
-0.402543,13.2805,1.53607e-27
-0.402543,13.7439,1.74598e-27
-0.402543,14.2073,1.92765e-27
-0.402543,14.6707,2.08175e-27
-0.402543,15.1341,2.20987e-27
-0.402543,15.5976,2.31416e-27
-0.402543,16.061,2.39663e-27
-0.402543,16.5244,2.4596e-27
-0.402543,16.9878,2.50578e-27
-0.402543,17.4512,2.53732e-27
-0.402543,17.9146,2.55572e-27
-0.402543,18.378,2.56207e-27
-0.402543,18.8415,2.55917e-27
-0.402543,19.3049,2.54845e-27
-0.402543,19.7683,2.53116e-27
-0.378157,1.23171,6.72014e-25
-0.378157,1.69512,3.60088e-25
-0.378157,2.15854,1.84554e-25
-0.378157,2.62195,1.80286e-25
-0.378157,3.08537,6.24116e-27
-0.378157,3.54878,2.83438e-26
-0.378157,4.0122,7.68874e-26
-0.378157,4.47561,9.05477e-26
-0.378157,4.93902,7.90627e-26
-0.378157,5.40244,5.94976e-26
-0.378157,5.86585,4.08488e-26
-0.378157,6.32927,2.62175e-26
-0.378157,6.79268,1.58328e-26
-0.378157,7.2561,8.96682e-27
-0.378157,7.71951,4.67099e-27
-0.378157,8.18293,2.1404e-27
-0.378157,8.64634,7.81075e-28
-0.378157,9.10976,1.69957e-28
-0.378157,9.57317,1.772e-29
-0.378157,10.0366,1.32321e-28
-0.378157,10.5,3.89582e-28
-0.378157,10.9634,7.11375e-28
-0.378157,11.4268,1.04999e-27
-0.378157,11.8902,1.37744e-27
-0.378157,12.3537,1.67829e-27
-0.378157,12.8171,1.9455e-27
-0.378157,13.2805,2.17666e-27
-0.378157,13.7439,2.37175e-27
-0.378157,14.2073,2.53281e-27
-0.378157,14.6707,2.6628e-27
-0.378157,15.1341,2.76481e-27
-0.378157,15.5976,2.84213e-27
-0.378157,16.061,2.89726e-27
-0.378157,16.5244,2.93302e-27
-0.378157,16.9878,2.95283e-27
-0.378157,17.4512,2.95908e-27
-0.378157,17.9146,2.95341e-27
-0.378157,18.378,2.93702e-27
-0.378157,18.8415,2.9127e-27
-0.378157,19.3049,2.88188e-27
-0.378157,19.7683,2.84574e-27
-0.353771,1.23171,1.80951e-25
-0.353771,1.69512,1.12702e-25
-0.353771,2.15854,3.03733e-25
-0.353771,2.62195,9.8628e-26
-0.353771,3.08537,3.09053e-27
-0.353771,3.54878,6.41571e-26
-0.353771,4.0122,1.01283e-25
-0.353771,4.47561,9.714e-26
-0.353771,4.93902,7.50025e-26
-0.353771,5.40244,5.14541e-26
-0.353771,5.86585,3.25458e-26
-0.353771,6.32927,1.9214e-26
-0.353771,6.79268,1.05409e-26
-0.353771,7.2561,5.26107e-27
-0.353771,7.71951,2.26625e-27
-0.353771,8.18293,7.38486e-28
-0.353771,8.64634,1.19423e-28
-0.353771,9.10976,3.63985e-29
-0.353771,9.57317,2.49106e-28
-0.353771,10.0366,6.07515e-28
-0.353771,10.5,1.02027e-27
-0.353771,10.9634,1.4345e-27
-0.353771,11.4268,1.82105e-27
-0.353771,11.8902,2.16547e-27
-0.353771,12.3537,2.4622e-27
-0.353771,12.8171,2.71191e-27
-0.353771,13.2805,2.91734e-27
-0.353771,13.7439,3.08131e-27
-0.353771,14.2073,3.20833e-27
-0.353771,14.6707,3.30317e-27
-0.353771,15.1341,3.36997e-27
-0.353771,15.5976,3.41277e-27
-0.353771,16.061,3.4342e-27
-0.353771,16.5244,3.43735e-27
-0.353771,16.9878,3.42629e-27
-0.353771,17.4512,3.40347e-27
-0.353771,17.9146,3.37059e-27
-0.353771,18.378,3.32884e-27
-0.353771,18.8415,3.28091e-27
-0.353771,19.3049,3.22812e-27
-0.353771,19.7683,3.17157e-27
-0.329385,1.23171,4.84172e-26
-0.329385,1.69512,2.45065e-27
-0.329385,2.15854,3.2638e-25
-0.329385,2.62195,2.62718e-26
-0.329385,3.08537,3.30263e-26
-0.329385,3.54878,1.04192e-25
-0.329385,4.0122,1.17832e-25
-0.329385,4.47561,9.57811e-26
-0.329385,4.93902,6.60513e-26
-0.329385,5.40244,4.12077e-26
-0.329385,5.86585,2.37224e-26
-0.329385,6.32927,1.25673e-26
-0.329385,6.79268,5.97445e-27
-0.329385,7.2561,2.38777e-27
-0.329385,7.71951,6.72902e-28
-0.329385,8.18293,7.07196e-29
-0.329385,8.64634,9.53343e-29
-0.329385,9.10976,4.43904e-28
-0.329385,9.57317,9.34245e-28
-0.329385,10.0366,1.4613e-27
-0.329385,10.5,1.96662e-27
-0.329385,10.9634,2.42157e-27
-0.329385,11.4268,2.81381e-27
-0.329385,11.8902,3.14076e-27
-0.329385,12.3537,3.40549e-27
-0.329385,12.8171,3.61452e-27
-0.329385,13.2805,3.77445e-27
-0.329385,13.7439,3.89084e-27
-0.329385,14.2073,3.97005e-27
-0.329385,14.6707,4.01804e-27
-0.329385,15.1341,4.0397e-27
-0.329385,15.5976,4.03954e-27
-0.329385,16.061,4.01992e-27
-0.329385,16.5244,3.98398e-27
-0.329385,16.9878,3.93643e-27
-0.329385,17.4512,3.87968e-27
-0.329385,17.9146,3.81563e-27
-0.329385,18.378,3.74582e-27
-0.329385,18.8415,3.67194e-27
-0.329385,19.3049,3.59517e-27
-0.329385,19.7683,3.51646e-27
-0.304999,1.23171,5.44979e-25
-0.304999,1.69512,1.58916e-25
-0.304999,2.15854,2.34942e-25
-0.304999,2.62195,6.45217e-28
-0.304999,3.08537,8.71013e-26
-0.304999,3.54878,1.37723e-25
-0.304999,4.0122,1.22437e-25
-0.304999,4.47561,8.6126e-26
-0.304999,4.93902,5.30484e-26
-0.304999,5.40244,2.97021e-26
-0.304999,5.86585,1.51178e-26
-0.304999,6.32927,6.78933e-27
-0.304999,6.79268,2.47654e-27
-0.304999,7.2561,5.72067e-28
-0.304999,7.71951,3.62585e-29
-0.304999,8.18293,2.27731e-28
-0.304999,8.64634,7.63738e-28
-0.304999,9.10976,1.42479e-27
-0.304999,9.57317,2.09069e-27
-0.304999,10.0366,2.70149e-27
-0.304999,10.5,3.23027e-27
-0.304999,10.9634,3.66994e-27
-0.304999,11.4268,4.02247e-27
-0.304999,11.8902,4.29509e-27
-0.304999,12.3537,4.49805e-27
-0.304999,12.8171,4.64189e-27
-0.304999,13.2805,4.73599e-27
-0.304999,13.7439,4.78814e-27
-0.304999,14.2073,4.80581e-27
-0.304999,14.6707,4.79561e-27
-0.304999,15.1341,4.76274e-27
-0.304999,15.5976,4.71178e-27
-0.304999,16.061,4.64442e-27
-0.304999,16.5244,4.56366e-27
-0.304999,16.9878,4.47481e-27
-0.304999,17.4512,4.38005e-27
-0.304999,17.9146,4.28153e-27
-0.304999,18.378,4.18121e-27
-0.304999,18.8415,4.07931e-27
-0.304999,19.3049,3.97677e-27
-0.304999,19.7683,3.87438e-27
-0.280613,1.23171,7.31423e-25
-0.280613,1.69512,4.20033e-25
-0.280613,2.15854,9.29841e-26
-0.280613,2.62195,3.74623e-26
-0.280613,3.08537,1.47198e-25
-0.280613,3.54878,1.55533e-25
-0.280613,4.0122,1.13856e-25
-0.280613,4.47561,6.97522e-26
-0.280613,4.93902,3.78944e-26
-0.280613,5.40244,1.84314e-26
-0.280613,5.86585,7.74888e-27
-0.280613,6.32927,2.52537e-27
-0.280613,6.79268,4.41386e-28
-0.280613,7.2561,4.50651e-29
-0.280613,7.71951,4.83526e-28
-0.280613,8.18293,1.27263e-27
-0.280613,8.64634,2.14914e-27
-0.280613,9.10976,2.98082e-27
-0.280613,9.57317,3.70723e-27
-0.280613,10.0366,4.30995e-27
-0.280613,10.5,4.78988e-27
-0.280613,10.9634,5.15711e-27
-0.280613,11.4268,5.42449e-27
-0.280613,11.8902,5.60652e-27
-0.280613,12.3537,5.71888e-27
-0.280613,12.8171,5.77422e-27
-0.280613,13.2805,5.78353e-27
-0.280613,13.7439,5.75617e-27
-0.280613,14.2073,5.69999e-27
-0.280613,14.6707,5.62157e-27
-0.280613,15.1341,5.52601e-27
-0.280613,15.5976,5.41761e-27
-0.280613,16.061,5.29693e-27
-0.280613,16.5244,5.16663e-27
-0.280613,16.9878,5.03258e-27
-0.280613,17.4512,4.89659e-27
-0.280613,17.9146,4.76104e-27
-0.280613,18.378,4.62833e-27
-0.280613,18.8415,4.49683e-27
-0.280613,19.3049,4.36724e-27
-0.280613,19.7683,4.24007e-27
-0.256227,1.23171,2.45815e-25
-0.256227,1.69512,4.99028e-25
-0.256227,2.15854,4.45117e-27
-0.256227,2.62195,1.22118e-25
-0.256227,3.08537,1.92495e-25
-0.256227,3.54878,1.52591e-25
-0.256227,4.0122,9.3785e-26
-0.256227,4.47561,4.95176e-26
-0.256227,4.93902,2.28735e-26
-0.256227,5.40244,8.90026e-27
-0.256227,5.86585,2.52119e-27
-0.256227,6.32927,2.89271e-28
-0.256227,6.79268,1.45836e-28
-0.256227,7.2561,9.4321e-28
-0.256227,7.71951,2.06932e-27
-0.256227,8.18293,3.21483e-27
-0.256227,8.64634,4.23726e-27
-0.256227,9.10976,5.08631e-27
-0.256227,9.57317,5.7537e-27
-0.256227,10.0366,6.25585e-27
-0.256227,10.5,6.61614e-27
-0.256227,10.9634,6.85613e-27
-0.256227,11.4268,6.99555e-27
-0.256227,11.8902,7.0533e-27
-0.256227,12.3537,7.0487e-27
-0.256227,12.8171,6.99446e-27
-0.256227,13.2805,6.90198e-27
-0.256227,13.7439,6.78163e-27
-0.256227,14.2073,6.64082e-27
-0.256227,14.6707,6.48556e-27
-0.256227,15.1341,6.32036e-27
-0.256227,15.5976,6.14891e-27
-0.256227,16.061,5.97026e-27
-0.256227,16.5244,5.7865e-27
-0.256227,16.9878,5.60407e-27
-0.256227,17.4512,5.42424e-27
-0.256227,17.9146,5.24965e-27
-0.256227,18.378,5.08315e-27
-0.256227,18.8415,4.92092e-27
-0.256227,19.3049,4.76333e-27
-0.256227,19.7683,4.61062e-27
-0.231841,1.23171,2.57476e-26
-0.231841,1.69512,3.051e-25
-0.231841,2.15854,3.92494e-26
-0.231841,2.62195,2.16053e-25
-0.231841,3.08537,2.06382e-25
-0.231841,3.54878,1.29108e-25
-0.231841,4.0122,6.62179e-26
-0.231841,4.47561,2.88994e-26
-0.231841,4.93902,1.02461e-26
-0.231841,5.40244,2.41392e-27
-0.231841,5.86585,1.3649e-28
-0.231841,6.32927,4.37352e-28
-0.231841,6.79268,1.75905e-27
-0.231841,7.2561,3.33519e-27
-0.231841,7.71951,4.81381e-27
-0.231841,8.18293,6.05339e-27
-0.231841,8.64634,7.01901e-27
-0.231841,9.10976,7.73345e-27
-0.231841,9.57317,8.23018e-27
-0.231841,10.0366,8.54816e-27
-0.231841,10.5,8.72296e-27
-0.231841,10.9634,8.78532e-27
-0.231841,11.4268,8.75916e-27
-0.231841,11.8902,8.66519e-27
-0.231841,12.3537,8.52262e-27
-0.231841,12.8171,8.34209e-27
-0.231841,13.2805,8.13433e-27
-0.231841,13.7439,7.91036e-27
-0.231841,14.2073,7.6761e-27
-0.231841,14.6707,7.43515e-27
-0.231841,15.1341,7.19296e-27
-0.231841,15.5976,6.95227e-27
-0.231841,16.061,6.71123e-27
-0.231841,16.5244,6.47121e-27
-0.231841,16.9878,6.23805e-27
-0.231841,17.4512,6.01242e-27
-0.231841,17.9146,5.79675e-27
-0.231841,18.378,5.59389e-27
-0.231841,18.8415,5.3986e-27
-0.231841,19.3049,5.21089e-27
-0.231841,19.7683,5.03069e-27
-0.207455,1.23171,5.38901e-25
-0.207455,1.69512,5.2299e-26
-0.207455,2.15854,1.8078e-25
-0.207455,2.62195,2.74169e-25
-0.207455,3.08537,1.83306e-25
-0.207455,3.54878,9.12856e-26
-0.207455,4.0122,3.73169e-26
-0.207455,4.47561,1.18388e-26
-0.207455,4.93902,2.17017e-27
-0.207455,5.40244,5.52568e-29
-0.207455,5.86585,1.09619e-27
-0.207455,6.32927,3.16783e-27
-0.207455,6.79268,5.32059e-27
-0.207455,7.2561,7.18407e-27
-0.207455,7.71951,8.65055e-27
-0.207455,8.18293,9.71148e-27
-0.207455,8.64634,1.04164e-26
-0.207455,9.10976,1.08488e-26
-0.207455,9.57317,1.10697e-26
-0.207455,10.0366,1.11259e-26
-0.207455,10.5,1.10547e-26
-0.207455,10.9634,1.08939e-26
-0.207455,11.4268,1.06686e-26
-0.207455,11.8902,1.03986e-26
-0.207455,12.3537,1.00994e-26
-0.207455,12.8171,9.77781e-27
-0.207455,13.2805,9.44278e-27
-0.207455,13.7439,9.1058e-27
-0.207455,14.2073,8.77042e-27
-0.207455,14.6707,8.43649e-27
-0.207455,15.1341,8.11136e-27
-0.207455,15.5976,7.79656e-27
-0.207455,16.061,7.48955e-27
-0.207455,16.5244,7.1908e-27
-0.207455,16.9878,6.90489e-27
-0.207455,17.4512,6.63174e-27
-0.207455,17.9146,6.37344e-27
-0.207455,18.378,6.13258e-27
-0.207455,18.8415,5.9028e-27
-0.207455,19.3049,5.6837e-27
-0.207455,19.7683,5.47487e-27
-0.183069,1.23171,8.50242e-25
-0.183069,1.69512,3.05275e-26
-0.183069,2.15854,3.34487e-25
-0.183069,2.62195,2.6751e-25
-0.183069,3.08537,1.31128e-25
-0.183069,3.54878,4.95896e-26
-0.183069,4.0122,1.37242e-26
-0.183069,4.47561,1.75335e-27
-0.183069,4.93902,2.0587e-28
-0.183069,5.40244,2.44457e-27
-0.183069,5.86585,5.57105e-27
-0.183069,6.32927,8.44758e-27
-0.183069,6.79268,1.07093e-26
-0.183069,7.2561,1.2344e-26
-0.183069,7.71951,1.34376e-26
-0.183069,8.18293,1.40595e-26
-0.183069,8.64634,1.4315e-26
-0.183069,9.10976,1.43332e-26
-0.183069,9.57317,1.41863e-26
-0.183069,10.0366,1.39141e-26
-0.183069,10.5,1.35462e-26
-0.183069,10.9634,1.3125e-26
-0.183069,11.4268,1.26737e-26
-0.183069,11.8902,1.2208e-26
-0.183069,12.3537,1.17378e-26
-0.183069,12.8171,1.12635e-26
-0.183069,13.2805,1.0792e-26
-0.183069,13.7439,1.03349e-26
-0.183069,14.2073,9.89271e-27
-0.183069,14.6707,9.46074e-27
-0.183069,15.1341,9.0487e-27
-0.183069,15.5976,8.65664e-27
-0.183069,16.061,8.28132e-27
-0.183069,16.5244,7.92218e-27
-0.183069,16.9878,7.58217e-27
-0.183069,17.4512,7.26045e-27
-0.183069,17.9146,6.95865e-27
-0.183069,18.378,6.67914e-27
-0.183069,18.8415,6.41431e-27
-0.183069,19.3049,6.16338e-27
-0.183069,19.7683,5.92555e-27
-0.158683,1.23171,3.70371e-25
-0.158683,1.69512,2.81048e-25
-0.158683,2.15854,3.94387e-25
-0.158683,2.62195,1.98775e-25
-0.158683,3.08537,6.86856e-26
-0.158683,3.54878,1.60004e-26
-0.158683,4.0122,1.15728e-27
-0.158683,4.47561,9.38168e-28
-0.158683,4.93902,5.06676e-27
-0.158683,5.40244,9.63034e-27
-0.158683,5.86585,1.33561e-26
-0.158683,6.32927,1.5998e-26
-0.158683,6.79268,1.76441e-26
-0.158683,7.2561,1.85639e-26
-0.158683,7.71951,1.89632e-26
-0.158683,8.18293,1.89221e-26
-0.158683,8.64634,1.85706e-26
-0.158683,9.10976,1.80687e-26
-0.158683,9.57317,1.74839e-26
-0.158683,10.0366,1.68341e-26
-0.158683,10.5,1.61327e-26
-0.158683,10.9634,1.5425e-26
-0.158683,11.4268,1.47296e-26
-0.158683,11.8902,1.40563e-26
-0.158683,12.3537,1.34063e-26
-0.158683,12.8171,1.27727e-26
-0.158683,13.2805,1.21594e-26
-0.158683,13.7439,1.15784e-26
-0.158683,14.2073,1.10265e-26
-0.158683,14.6707,1.04937e-26
-0.158683,15.1341,9.99269e-27
-0.158683,15.5976,9.52183e-27
-0.158683,16.061,9.07724e-27
-0.158683,16.5244,8.65721e-27
-0.158683,16.9878,8.26278e-27
-0.158683,17.4512,7.89226e-27
-0.158683,17.9146,7.54686e-27
-0.158683,18.378,7.22865e-27
-0.158683,18.8415,6.92879e-27
-0.158683,19.3049,6.64604e-27
-0.158683,19.7683,6.37926e-27
-0.134297,1.23171,2.49362e-27
-0.134297,1.69512,5.47464e-25
-0.134297,2.15854,3.19603e-25
-0.134297,2.62195,1.01351e-25
-0.134297,3.08537,1.88661e-26
-0.134297,3.54878,4.7578e-28
-0.134297,4.0122,2.98194e-27
-0.134297,4.47561,1.00124e-26
-0.134297,4.93902,1.63838e-26
-0.134297,5.40244,2.09503e-26
-0.134297,5.86585,2.37689e-26
-0.134297,6.32927,2.52218e-26
-0.134297,6.79268,2.56396e-26
-0.134297,7.2561,2.54537e-26
-0.134297,7.71951,2.48997e-26
-0.134297,8.18293,2.40252e-26
-0.134297,8.64634,2.29559e-26
-0.134297,9.10976,2.187e-26
-0.134297,9.57317,2.08171e-26
-0.134297,10.0366,1.97724e-26
-0.134297,10.5,1.87217e-26
-0.134297,10.9634,1.77183e-26
-0.134297,11.4268,1.67707e-26
-0.134297,11.8902,1.58809e-26
-0.134297,12.3537,1.50449e-26
-0.134297,12.8171,1.42513e-26
-0.134297,13.2805,1.34997e-26
-0.134297,13.7439,1.27984e-26
-0.134297,14.2073,1.21411e-26
-0.134297,14.6707,1.15143e-26
-0.134297,15.1341,1.09306e-26
-0.134297,15.5976,1.03866e-26
-0.134297,16.061,9.87863e-27
-0.134297,16.5244,9.40369e-27
-0.134297,16.9878,8.96014e-27
-0.134297,17.4512,8.54551e-27
-0.134297,17.9146,8.15949e-27
-0.134297,18.378,7.80246e-27
-0.134297,18.8415,7.46741e-27
-0.134297,19.3049,7.15268e-27
-0.134297,19.7683,6.85675e-27
-0.109911,1.23171,4.68718e-25
-0.109911,1.69512,5.5545e-25
-0.109911,2.15854,1.63054e-25
-0.109911,2.62195,2.32349e-26
-0.109911,3.08537,8.74213e-29
-0.109911,3.54878,7.81921e-27
-0.109911,4.0122,1.91527e-26
-0.109911,4.47561,2.76421e-26
-0.109911,4.93902,3.26926e-26
-0.109911,5.40244,3.51315e-26
-0.109911,5.86585,3.58024e-26
-0.109911,6.32927,3.53557e-26
-0.109911,6.79268,3.41252e-26
-0.109911,7.2561,3.25827e-26
-0.109911,7.71951,3.09164e-26
-0.109911,8.18293,2.91152e-26
-0.109911,8.64634,2.72756e-26
-0.109911,9.10976,2.55858e-26
-0.109911,9.57317,2.40669e-26
-0.109911,10.0366,2.2634e-26
-0.109911,10.5,2.12368e-26
-0.109911,10.9634,1.99429e-26
-0.109911,11.4268,1.87466e-26
-0.109911,11.8902,1.76415e-26
-0.109911,12.3537,1.66216e-26
-0.109911,12.8171,1.56731e-26
-0.109911,13.2805,1.47909e-26
-0.109911,13.7439,1.39762e-26
-0.109911,14.2073,1.32202e-26
-0.109911,14.6707,1.25076e-26
-0.109911,15.1341,1.18483e-26
-0.109911,15.5976,1.12375e-26
-0.109911,16.061,1.06722e-26
-0.109911,16.5244,1.01483e-26
-0.109911,16.9878,9.66087e-27
-0.109911,17.4512,9.2067e-27
-0.109911,17.9146,8.78318e-27
-0.109911,18.378,8.38802e-27
-0.109911,18.8415,8.01836e-27
-0.109911,19.3049,7.67211e-27
-0.109911,19.7683,7.34741e-27
-0.0855255,1.23171,9.91833e-25
-0.0855255,1.69512,3.05666e-25
-0.0855255,2.15854,3.12467e-26
-0.0855255,2.62195,9.69038e-28
-0.0855255,3.08537,1.85266e-26
-0.0855255,3.54878,3.58421e-26
-0.0855255,4.0122,4.61835e-26
-0.0855255,4.47561,5.08504e-26
-0.0855255,4.93902,5.17495e-26
-0.0855255,5.40244,5.05542e-26
-0.0855255,5.86585,4.83054e-26
-0.0855255,6.32927,4.55768e-26
-0.0855255,6.79268,4.25027e-26
-0.0855255,7.2561,3.95112e-26
-0.0855255,7.71951,3.66927e-26
-0.0855255,8.18293,3.39567e-26
-0.0855255,8.64634,3.13553e-26
-0.0855255,9.10976,2.90832e-26
-0.0855255,9.57317,2.71269e-26
-0.0855255,10.0366,2.5332e-26
-0.0855255,10.5,2.36082e-26
-0.0855255,10.9634,2.2042e-26
-0.0855255,11.4268,2.06124e-26
-0.0855255,11.8902,1.93048e-26
-0.0855255,12.3537,1.81125e-26
-0.0855255,12.8171,1.70201e-26
-0.0855255,13.2805,1.60175e-26
-0.0855255,13.7439,1.50984e-26
-0.0855255,14.2073,1.42515e-26
-0.0855255,14.6707,1.34601e-26
-0.0855255,15.1341,1.27314e-26
-0.0855255,15.5976,1.20591e-26
-0.0855255,16.061,1.14414e-26
-0.0855255,16.5244,1.08732e-26
-0.0855255,16.9878,1.03459e-26
-0.0855255,17.4512,9.85565e-27
-0.0855255,17.9146,9.3974e-27
-0.0855255,18.378,8.96591e-27
-0.0855255,18.8415,8.5632e-27
-0.0855255,19.3049,8.18682e-27
-0.0855255,19.7683,7.83455e-27
-0.0611395,1.23171,7.29396e-25
-0.0611395,1.69512,5.31136e-26
-0.0611395,2.15854,5.15959e-27
-0.0611395,2.62195,4.13971e-26
-0.0611395,3.08537,6.63163e-26
-0.0611395,3.54878,7.64963e-26
-0.0611395,4.0122,7.82106e-26
-0.0611395,4.47561,7.56825e-26
-0.0611395,4.93902,7.09147e-26
-0.0611395,5.40244,6.54412e-26
-0.0611395,5.86585,6.00626e-26
-0.0611395,6.32927,5.50369e-26
-0.0611395,6.79268,5.01704e-26
-0.0611395,7.2561,4.58039e-26
-0.0611395,7.71951,4.19081e-26
-0.0611395,8.18293,3.83105e-26
-0.0611395,8.64634,3.50144e-26
-0.0611395,9.10976,3.22226e-26
-0.0611395,9.57317,2.98867e-26
-0.0611395,10.0366,2.7778e-26
-0.0611395,10.5,2.5765e-26
-0.0611395,10.9634,2.39579e-26
-0.0611395,11.4268,2.2321e-26
-0.0611395,11.8902,2.08322e-26
-0.0611395,12.3537,1.94854e-26
-0.0611395,12.8171,1.82653e-26
-0.0611395,13.2805,1.71567e-26
-0.0611395,13.7439,1.61455e-26
-0.0611395,14.2073,1.52183e-26
-0.0611395,14.6707,1.43575e-26
-0.0611395,15.1341,1.35674e-26
-0.0611395,15.5976,1.28406e-26
-0.0611395,16.061,1.21767e-26
-0.0611395,16.5244,1.157e-26
-0.0611395,16.9878,1.10077e-26
-0.0611395,17.4512,1.04858e-26
-0.0611395,17.9146,9.99632e-27
-0.0611395,18.378,9.53096e-27
-0.0611395,18.8415,9.09736e-27
-0.0611395,19.3049,8.69272e-27
-0.0611395,19.7683,8.31454e-27
-0.0367535,1.23171,1.48892e-25
-0.0367535,1.69512,1.45949e-26
-0.0367535,2.15854,8.56455e-26
-0.0367535,2.62195,1.19654e-25
-0.0367535,3.08537,1.2457e-25
-0.0367535,3.54878,1.17799e-25
-0.0367535,4.0122,1.07682e-25
-0.0367535,4.47561,9.71423e-26
-0.0367535,4.93902,8.67911e-26
-0.0367535,5.40244,7.73086e-26
-0.0367535,5.86585,6.91299e-26
-0.0367535,6.32927,6.21285e-26
-0.0367535,6.79268,5.58298e-26
-0.0367535,7.2561,5.03691e-26
-0.0367535,7.71951,4.56032e-26
-0.0367535,8.18293,4.13464e-26
-0.0367535,8.64634,3.75466e-26
-0.0367535,9.10976,3.43651e-26
-0.0367535,9.57317,3.17244e-26
-0.0367535,10.0366,2.93688e-26
-0.0367535,10.5,2.71542e-26
-0.0367535,10.9634,2.51813e-26
-0.0367535,11.4268,2.34039e-26
-0.0367535,11.8902,2.17945e-26
-0.0367535,12.3537,2.0346e-26
-0.0367535,12.8171,1.90379e-26
-0.0367535,13.2805,1.78526e-26
-0.0367535,13.7439,1.67754e-26
-0.0367535,14.2073,1.57918e-26
-0.0367535,14.6707,1.48852e-26
-0.0367535,15.1341,1.4055e-26
-0.0367535,15.5976,1.32928e-26
-0.0367535,16.061,1.25977e-26
-0.0367535,16.5244,1.19633e-26
-0.0367535,16.9878,1.13763e-26
-0.0367535,17.4512,1.08322e-26
-0.0367535,17.9146,1.03223e-26
-0.0367535,18.378,9.8374e-27
-0.0367535,18.8415,9.38615e-27
-0.0367535,19.3049,8.96546e-27
-0.0367535,19.7683,8.57265e-27
-0.0123675,1.23171,1.85736e-26
-0.0123675,1.69512,1.63547e-25
-0.0123675,2.15854,2.05549e-25
-0.0123675,2.62195,1.971e-25
-0.0123675,3.08537,1.73733e-25
-0.0123675,3.54878,1.49718e-25
-0.0123675,4.0122,1.2918e-25
-0.0123675,4.47561,1.12129e-25
-0.0123675,4.93902,9.75618e-26
-0.0123675,5.40244,8.50537e-26
-0.0123675,5.86585,7.48125e-26
-0.0123675,6.32927,6.63991e-26
-0.0123675,6.79268,5.91875e-26
-0.0123675,7.2561,5.30157e-26
-0.0123675,7.71951,4.76566e-26
-0.0123675,8.18293,4.29894e-26
-0.0123675,8.64634,3.89076e-26
-0.0123675,9.10976,3.54859e-26
-0.0123675,9.57317,3.26287e-26
-0.0123675,10.0366,3.01031e-26
-0.0123675,10.5,2.77814e-26
-0.0123675,10.9634,2.57221e-26
-0.0123675,11.4268,2.38744e-26
-0.0123675,11.8902,2.22074e-26
-0.0123675,12.3537,2.07112e-26
-0.0123675,12.8171,1.9356e-26
-0.0123675,13.2805,1.81244e-26
-0.0123675,13.7439,1.70079e-26
-0.0123675,14.2073,1.59921e-26
-0.0123675,14.6707,1.50631e-26
-0.0123675,15.1341,1.42137e-26
-0.0123675,15.5976,1.3435e-26
-0.0123675,16.061,1.27234e-26
-0.0123675,16.5244,1.20722e-26
-0.0123675,16.9878,1.14705e-26
-0.0123675,17.4512,1.09135e-26
-0.0123675,17.9146,1.03937e-26
-0.0123675,18.378,9.90309e-27
-0.0123675,18.8415,9.44683e-27
-0.0123675,19.3049,9.02173e-27
-0.0123675,19.7683,8.62501e-27
