-0.987502,1.25,39.3053
-0.987502,1.75,22.6948
-0.987502,2.25,12.2211
-0.987502,2.75,98.486
-0.987502,3.25,76.1256
-0.987502,3.75,19.2768
-0.987502,4.25,3.62022
-0.987502,4.75,32.8056
-0.987502,5.25,43.7616
-0.987502,5.75,33.349
-0.987502,6.25,18.488
-0.987502,6.75,7.88737
-0.987502,7.25,2.42592
-0.987502,7.75,0.369462
-0.987502,8.25,0.0193901
-0.987502,8.75,0.31651
-0.987502,9.25,0.731941
-0.987502,9.75,1.0572
-0.987502,10.25,1.24504
-0.987502,10.75,1.3113
-0.987502,11.25,1.28919
-0.987502,11.75,1.2119
-0.987502,12.25,1.10449
-0.987502,12.75,0.985012
-0.987502,13.25,0.865065
-0.987502,13.75,0.751254
-0.987502,14.25,0.64701
-0.987502,14.75,0.553627
-0.987502,15.25,0.471812
-0.987502,15.75,0.400983
-0.987502,16.25,0.340155
-0.987502,16.75,0.288256
-0.987502,17.25,0.244168
-0.987502,17.75,0.206824
-0.987502,18.25,0.175275
-0.987502,18.75,0.14863
-0.987502,19.25,0.126137
-0.987502,19.75,0.107149
-0.987502,20.25,0.0911009
-0.987502,20.75,0.0775359
-0.962507,1.25,3.5663
-0.962507,1.75,3.28165
-0.962507,2.25,11.0889
-0.962507,2.75,84.5951
-0.962507,3.25,81.1684
-0.962507,3.75,45.9147
-0.962507,4.25,2.65084
-0.962507,4.75,7.49841
-0.962507,5.25,24.5164
-0.962507,5.75,29.4982
-0.962507,6.25,24.3794
-0.962507,6.75,16.3818
-0.962507,7.25,9.56454
-0.962507,7.75,4.95582
-0.962507,8.25,2.24823
-0.962507,8.75,0.845435
-0.962507,9.25,0.221988
-0.962507,9.75,0.0180289
-0.962507,10.25,0.0127984
-0.962507,10.75,0.0846507
-0.962507,11.25,0.17262
-0.962507,11.75,0.249762
-0.962507,12.25,0.306721
-0.962507,12.75,0.342751
-0.962507,13.25,0.36071
-0.962507,13.75,0.36443
-0.962507,14.25,0.357641
-0.962507,14.75,0.343464
-0.962507,15.25,0.324786
-0.962507,15.75,0.303582
-0.962507,16.25,0.281265
-0.962507,16.75,0.258862
-0.962507,17.25,0.237053
-0.962507,17.75,0.216266
-0.962507,18.25,0.196781
-0.962507,18.75,0.178693
-0.962507,19.25,0.162042
-0.962507,19.75,0.146809
-0.962507,20.25,0.132919
-0.962507,20.75,0.120307
-0.937511,1.25,26.8831
-0.937511,1.75,1.01561
-0.937511,2.25,10.3753
-0.937511,2.75,88.53
-0.937511,3.25,69.7633
-0.937511,3.75,59.2881
-0.937511,4.25,19.5164
-0.937511,4.75,0.275659
-0.937511,5.25,5.7263
-0.937511,5.75,15.1819
-0.937511,6.25,19.055
-0.937511,6.75,17.7388
-0.937511,7.25,14.0847
-0.937511,7.75,10.1404
-0.937511,8.25,6.8106
-0.937511,8.75,4.33484
-0.937511,9.25,2.6255
-0.937511,9.75,1.51467
-0.937511,10.25,0.827358
-0.937511,10.75,0.420524
-0.937511,11.25,0.192002
-0.937511,11.75,0.0730402
-0.937511,12.25,0.0188613
-0.937511,12.75,0.00128807
-0.937511,13.25,0.00303713
-0.937511,13.75,0.0138261
-0.937511,14.25,0.0277545
-0.937511,14.75,0.0415949
-0.937511,15.25,0.0537737
-0.937511,15.75,0.0636506
-0.937511,16.25,0.0711077
-0.937511,16.75,0.0763024
-0.937511,17.25,0.0795159
-0.937511,17.75,0.0810689
-0.937511,18.25,0.0812809
-0.937511,18.75,0.0804349
-0.937511,19.25,0.0787799
-0.937511,19.75,0.0765261
-0.937511,20.25,0.0738381
-0.937511,20.75,0.0708595
-0.912515,1.25,25.947
-0.912515,1.75,9.13768
-0.912515,2.25,7.28656
-0.912515,2.75,90.6653
-0.912515,3.25,44.7497
-0.912515,3.75,57.5956
-0.912515,4.25,43.5177
-0.912515,4.75,13.5722
-0.912515,5.25,0.446146
-0.912515,5.75,2.38573
-0.912515,6.25,8.04192
-0.912515,6.75,11.6471
-0.912515,7.25,12.4207
-0.912515,7.75,11.3381
-0.912515,8.25,9.43701
-0.912515,8.75,7.40832
-0.912515,9.25,5.58247
-0.912515,9.75,4.09011
-0.912515,10.25,2.9385
-0.912515,10.75,2.07929
-0.912515,11.25,1.45248
-0.912515,11.75,1.00286
-0.912515,12.25,0.684485
-0.912515,12.75,0.461462
-0.912515,13.25,0.306762
-0.912515,13.75,0.20052
-0.912515,14.25,0.128341
-0.912515,14.75,0.0799385
-0.912515,15.25,0.0480736
-0.912515,15.75,0.0275771
-0.912515,16.25,0.0148267
-0.912515,16.75,0.00729163
-0.912515,17.25,0.00321792
-0.912515,17.75,0.00139512
-0.912515,18.25,0.000993223
-0.912515,18.75,0.00144824
-0.912515,19.25,0.00238123
-0.912515,19.75,0.0035418
-0.912515,20.25,0.00476824
-0.912515,20.75,0.00595964
-0.88752,1.25,8.28888
-0.88752,1.75,29.1354
-0.88752,2.25,8.91492
-0.88752,2.75,78.801
-0.88752,3.25,18.3837
-0.88752,3.75,42.2972
-0.88752,4.25,59.6968
-0.88752,4.75,39.0007
-0.88752,5.25,13.5613
-0.88752,5.75,1.66669
-0.88752,6.25,0.280077
-0.88752,6.75,2.72396
-0.88752,7.25,5.22749
-0.88752,7.75,6.6248
-0.88752,8.25,6.94294
-0.88752,8.75,6.55021
-0.88752,9.25,5.7899
-0.88752,9.75,4.91029
-0.88752,10.25,4.05472
-0.88752,10.75,3.28924
-0.88752,11.25,2.63648
-0.88752,11.75,2.09604
-0.88752,12.25,1.65796
-0.88752,12.75,1.30733
-0.88752,13.25,1.02901
-0.88752,13.75,0.809408
-0.88752,14.25,0.636635
-0.88752,14.75,0.500849
-0.88752,15.25,0.394356
-0.88752,15.75,0.310823
-0.88752,16.25,0.245313
-0.88752,16.75,0.193835
-0.88752,17.25,0.153321
-0.88752,17.75,0.12139
-0.88752,18.25,0.0961609
-0.88752,18.75,0.0762218
-0.88752,19.25,0.0604422
-0.88752,19.75,0.0479374
-0.88752,20.25,0.0380189
-0.88752,20.75,0.0301415
-0.862524,1.25,1.23339
-0.862524,1.75,54.1718
-0.862524,2.25,13.6175
-0.862524,2.75,53.5578
-0.862524,3.25,2.73813
-0.862524,3.75,17.231
-0.862524,4.25,50.0377
-0.862524,4.75,54.8009
-0.862524,5.25,36.3054
-0.862524,5.75,17.0841
-0.862524,6.25,5.6636
-0.862524,6.75,0.992656
-0.862524,7.25,0.00251504
-0.862524,7.75,0.463489
-0.862524,8.25,1.23002
-0.862524,8.75,1.85017
-0.862524,9.25,2.21303
-0.862524,9.75,2.34616
-0.862524,10.25,2.3151
-0.862524,10.75,2.18205
-0.862524,11.25,1.99473
-0.862524,11.75,1.78496
-0.862524,12.25,1.57457
-0.862524,12.75,1.37522
-0.862524,13.25,1.19281
-0.862524,13.75,1.03011
-0.862524,14.25,0.887188
-0.862524,14.75,0.7629
-0.862524,15.25,0.655708
-0.862524,15.75,0.563702
-0.862524,16.25,0.485142
-0.862524,16.75,0.418042
-0.862524,17.25,0.360741
-0.862524,17.75,0.31181
-0.862524,18.25,0.269891
-0.862524,18.75,0.234057
-0.862524,19.25,0.203394
-0.862524,19.75,0.177117
-0.862524,20.25,0.154591
-0.862524,20.75,0.135235
-0.837528,1.25,18.5674
-0.837528,1.75,16.258
-0.837528,2.25,6.71148
-0.837528,2.75,15.9711
-0.837528,3.25,5.64186
-0.837528,3.75,9.65718
-0.837528,4.25,0.475967
-0.837528,4.75,15.7593
-0.837528,5.25,33.1529
-0.837528,5.75,38.2144
-0.837528,6.25,33.6734
-0.837528,6.75,25.6597
-0.837528,7.25,17.9133
-0.837528,7.75,11.8042
-0.837528,8.25,7.4625
-0.837528,8.75,4.56388
-0.837528,9.25,2.70666
-0.837528,9.75,1.55461
-0.837528,10.25,0.859663
-0.837528,10.75,0.452175
-0.837528,11.25,0.221357
-0.837528,11.75,0.0967412
-0.837528,12.25,0.0346001
-0.837528,12.75,0.0080337
-0.837528,13.25,0.000862613
-0.837528,13.75,0.00352519
-0.837528,14.25,0.0105108
-0.837528,14.75,0.0187572
-0.837528,15.25,0.026661
-0.837528,15.75,0.033467
-0.837528,16.25,0.0389141
-0.837528,16.75,0.0429795
-0.837528,17.25,0.0457739
-0.837528,17.75,0.0474671
-0.837528,18.25,0.0482255
-0.837528,18.75,0.0482429
-0.837528,19.25,0.0476801
-0.837528,19.75,0.0466747
-0.837528,20.25,0.0453507
-0.837528,20.75,0.043799
-0.812533,1.25,12.513
-0.812533,1.75,14.6954
-0.812533,2.25,7.5652
-0.812533,2.75,13.2741
-0.812533,3.25,7.33213
-0.812533,3.75,11.8207
-0.812533,4.25,0.236813
-0.812533,4.75,13.0684
-0.812533,5.25,30.6199
-0.812533,5.75,37.5209
-0.812533,6.25,34.8298
-0.812533,6.75,27.9265
-0.812533,7.25,20.5504
-0.812533,7.75,14.3277
-0.812533,8.25,9.64011
-0.812533,8.75,6.32602
-0.812533,9.25,4.07046
-0.812533,9.75,2.57598
-0.812533,10.25,1.60428
-0.812533,10.75,0.981684
-0.812533,11.25,0.588166
-0.812533,11.75,0.34289
-0.812533,12.25,0.192708
-0.812533,12.75,0.102828
-0.812533,13.25,0.0508035
-0.812533,13.75,0.0222526
-0.812533,14.25,0.00796414
-0.812533,14.75,0.00211905
-0.812533,15.25,0.00107391
-0.812533,15.75,0.00257551
-0.812533,16.25,0.00525928
-0.812533,16.75,0.00832068
-0.812533,17.25,0.0113054
-0.812533,17.75,0.0139759
-0.812533,18.25,0.0162252
-0.812533,18.75,0.0180261
-0.812533,19.25,0.0193942
-0.812533,19.75,0.0203682
-0.812533,20.25,0.020998
-0.812533,20.75,0.0213339
-0.787537,1.25,4.07027
-0.787537,1.75,19.4504
-0.787537,2.25,5.33874
-0.787537,2.75,12.4151
-0.787537,3.25,8.64205
-0.787537,3.75,11.3294
-0.787537,4.25,0.275745
-0.787537,4.75,13.3969
-0.787537,5.25,30.6392
-0.787537,5.75,37.5945
-0.787537,6.25,35.2957
-0.787537,6.75,28.7873
-0.787537,7.25,21.6349
-0.787537,7.75,15.456
-0.787537,8.25,10.6929
-0.787537,8.75,7.24179
-0.787537,9.25,4.82921
-0.787537,9.75,3.18345
-0.787537,10.25,2.0783
-0.787537,10.75,1.34405
-0.787537,11.25,0.860374
-0.787537,11.75,0.544111
-0.787537,12.25,0.338803
-0.787537,12.75,0.206677
-0.787537,13.25,0.122639
-0.787537,13.75,0.07011
-0.787537,14.25,0.0380301
-0.787537,14.75,0.0191171
-0.787537,15.25,0.0085947
-0.787537,15.75,0.00332179
-0.787537,16.25,0.00125353
-0.787537,16.75,0.00106789
-0.787537,17.25,0.00191982
-0.787537,17.75,0.00327703
-0.787537,18.25,0.00481284
-0.787537,18.75,0.00633227
-0.787537,19.25,0.00772618
-0.787537,19.75,0.0089399
-0.787537,20.25,0.00995233
-0.787537,20.75,0.0107632
-0.762541,1.25,25.1163
-0.762541,1.75,21.5476
-0.762541,2.25,2.62933
-0.762541,2.75,10.9706
-0.762541,3.25,10.6157
-0.762541,3.75,10.9251
-0.762541,4.25,0.326925
-0.762541,4.75,13.8907
-0.762541,5.25,30.7682
-0.762541,5.75,37.5919
-0.762541,6.25,35.5318
-0.762541,6.75,29.3553
-0.762541,7.25,22.4382
-0.762541,7.75,16.3535
-0.762541,8.25,11.5767
-0.762541,8.75,8.04611
-0.762541,9.25,5.5231
-0.762541,9.75,3.76069
-0.762541,10.25,2.54615
-0.762541,10.75,1.71589
-0.762541,11.25,1.15152
-0.762541,11.75,0.769473
-0.762541,12.25,0.511192
-0.762541,12.75,0.336983
-0.762541,13.25,0.219856
-0.762541,13.75,0.141587
-0.762541,14.25,0.0896115
-0.762541,14.75,0.0554073
-0.762541,15.25,0.0332232
-0.762541,15.75,0.0191109
-0.762541,16.25,0.0103888
-0.762541,16.75,0.00523656
-0.762541,17.25,0.00242015
-0.762541,17.75,0.00110518
-0.762541,18.25,0.000730308
-0.762541,18.75,0.000919723
-0.762541,19.25,0.00142512
-0.762541,19.75,0.00208423
-0.762541,20.25,0.00279282
-0.762541,20.75,0.0034864
-0.737546,1.25,47.8688
-0.737546,1.75,15.4555
-0.737546,2.25,0.648152
-0.737546,2.75,8.5197
-0.737546,3.25,13.3074
-0.737546,3.75,10.3344
-0.737546,4.25,0.452089
-0.737546,4.75,14.624
-0.737546,5.25,31.0153
-0.737546,5.75,37.4932
-0.737546,6.25,35.5062
-0.737546,6.75,29.5908
-0.737546,7.25,22.9175
-0.737546,7.75,16.9797
-0.737546,8.25,12.2512
-0.737546,8.75,8.69964
-0.737546,9.25,6.11673
-0.737546,9.75,4.27697
-0.737546,10.25,2.98148
-0.737546,10.75,2.075
-0.737546,11.25,1.4432
-0.737546,11.75,1.00375
-0.737546,12.25,0.697571
-0.737546,12.75,0.484024
-0.737546,13.25,0.334957
-0.737546,13.75,0.231024
-0.737546,14.25,0.158555
-0.737546,14.75,0.108057
-0.737546,15.25,0.0729889
-0.737546,15.75,0.0487256
-0.737546,16.25,0.0320293
-0.737546,16.75,0.0206369
-0.737546,17.25,0.0129554
-0.737546,17.75,0.00786346
-0.737546,18.25,0.00457348
-0.737546,18.75,0.00252395
-0.737546,19.25,0.00132373
-0.737546,19.75,0.000697492
-0.737546,20.25,0.000451747
-0.737546,20.75,0.000451161
-0.71255,1.25,28.3225
-0.71255,1.75,4.61167
-0.71255,2.25,1.67337
-0.71255,2.75,5.24684
-0.71255,3.25,16.5156
-0.71255,3.75,9.41143
-0.71255,4.25,0.721302
-0.71255,4.75,15.5557
-0.71255,5.25,31.2798
-0.71255,5.75,37.2204
-0.71255,6.25,35.1813
-0.71255,6.75,29.4822
-0.71255,7.25,23.0704
-0.71255,7.75,17.3323
-0.71255,8.25,12.7105
-0.71255,8.75,9.19256
-0.71255,9.25,6.59781
-0.71255,9.75,4.71904
-0.71255,10.25,3.3711
-0.71255,10.75,2.40892
-0.71255,11.25,1.72415
-0.71255,11.75,1.23688
-0.71255,12.25,0.889183
-0.71255,12.75,0.640383
-0.71255,13.25,0.461811
-0.71255,13.75,0.333442
-0.71255,14.25,0.240893
-0.71255,14.75,0.173987
-0.71255,15.25,0.125553
-0.71255,15.75,0.0904345
-0.71255,16.25,0.064938
-0.71255,16.75,0.0464302
-0.71255,17.25,0.0330056
-0.71255,17.75,0.0232847
-0.71255,18.25,0.0162718
-0.71255,18.75,0.0112303
-0.71255,19.25,0.00762974
-0.71255,19.75,0.00508203
-0.71255,20.25,0.00330246
-0.71255,20.75,0.002082
-0.687555,1.25,0.445135
-0.687555,1.75,0.283023
-0.687555,2.25,7.08945
-0.687555,2.75,2.04296
-0.687555,3.25,19.7601
-0.687555,3.75,8.10428
-0.687555,4.25,1.19601
-0.687555,4.75,16.6019
-0.687555,5.25,31.4316
-0.687555,5.75,36.6797
-0.687555,6.25,34.5179
-0.687555,6.75,29.0268
-0.687555,7.25,22.9071
-0.687555,7.75,17.4177
-0.687555,8.25,12.9566
-0.687555,8.75,9.52253
-0.687555,9.25,6.95933
-0.687555,9.75,5.07683
-0.687555,10.25,3.70383
-0.687555,10.75,2.70655
-0.687555,11.25,1.98393
-0.687555,11.75,1.45963
-0.687555,12.25,1.07801
-0.687555,12.75,0.799163
-0.687555,13.25,0.594553
-0.687555,13.75,0.443919
-0.687555,14.25,0.33255
-0.687555,14.75,0.249865
-0.687555,15.25,0.188229
-0.687555,15.75,0.142108
-0.687555,16.25,0.107455
-0.687555,16.75,0.0813506
-0.687555,17.25,0.0616324
-0.687555,17.75,0.0467006
-0.687555,18.25,0.035373
-0.687555,18.75,0.026762
-0.687555,19.25,0.0202084
-0.687555,19.75,0.0152174
-0.687555,20.25,0.0114173
-0.687555,20.75,0.00852539
-0.662559,1.25,22.0102
-0.662559,1.75,9.77005
-0.662559,2.25,16.5531
-0.662559,2.75,0.178903
-0.662559,3.25,21.548
-0.662559,3.75,5.79599
-0.662559,4.25,2.30652
-0.662559,4.75,18.5752
-0.662559,5.25,32.1933
-0.662559,5.75,36.3358
-0.662559,6.25,33.7332
-0.662559,6.75,28.2637
-0.662559,7.25,22.3571
-0.662559,7.75,17.1086
-0.662559,8.25,12.8396
-0.662559,8.75,9.53783
-0.662559,9.25,7.05849
-0.662559,9.75,5.22155
-0.662559,10.25,3.86673
-0.662559,10.75,2.87065
-0.662559,11.25,2.13982
-0.662559,11.75,1.60213
-0.662559,12.25,1.20534
-0.662559,12.75,0.911196
-0.662559,13.25,0.692089
-0.662559,13.75,0.52815
-0.662559,14.25,0.404898
-0.662559,14.75,0.311805
-0.662559,15.25,0.241087
-0.662559,15.75,0.187112
-0.662559,16.25,0.145694
-0.662559,16.75,0.113802
-0.662559,17.25,0.0891491
-0.662559,17.75,0.0700183
-0.662559,18.25,0.0551114
-0.662559,18.75,0.0434632
-0.662559,19.25,0.0343331
-0.662559,19.75,0.0271563
-0.662559,20.25,0.0215045
-0.662559,20.75,0.0170411
-0.637563,1.25,61.3756
-0.637563,1.75,28.0727
-0.637563,2.25,25.2036
-0.637563,2.75,0.55982
-0.637563,3.25,22.6579
-0.637563,3.75,3.91039
-0.637563,4.25,3.52672
-0.637563,4.75,19.9274
-0.637563,5.25,32.1717
-0.637563,5.75,35.3558
-0.637563,6.25,32.5123
-0.637563,6.75,27.2359
-0.637563,7.25,21.6547
-0.637563,7.75,16.7133
-0.637563,8.25,12.6788
-0.637563,8.75,9.53608
-0.637563,9.25,7.1524
-0.637563,9.75,5.36733
-0.637563,10.25,4.03637
-0.637563,10.75,3.04603
-0.637563,11.25,2.30968
-0.637563,11.75,1.76021
-0.637563,12.25,1.34883
-0.637563,12.75,1.03936
-0.637563,13.25,0.805325
-0.637563,13.75,0.627383
-0.637563,14.25,0.491374
-0.637563,14.75,0.386891
-0.637563,15.25,0.306114
-0.637563,15.75,0.243334
-0.637563,16.25,0.194223
-0.637563,16.75,0.155669
-0.637563,17.25,0.125271
-0.637563,17.75,0.101193
-0.637563,18.25,0.0820199
-0.637563,18.75,0.0667046
-0.637563,19.25,0.0544227
-0.637563,19.75,0.0445354
-0.637563,20.25,0.0365557
-0.637563,20.75,0.0300891
-0.612568,1.25,47.2452
-0.612568,1.75,39.2405
-0.612568,2.25,30.0027
-0.612568,2.75,3.47952
-0.612568,3.25,21.7679
-0.612568,3.75,2.03718
-0.612568,4.25,5.23394
-0.612568,4.75,21.4644
-0.612568,5.25,32.128
-0.612568,5.75,34.248
-0.612568,6.25,31.1068
-0.612568,6.75,26.0059
-0.612568,7.25,20.7473
-0.612568,7.75,16.1203
-0.612568,8.25,12.3392
-0.612568,8.75,9.37958
-0.612568,9.25,7.11144
-0.612568,9.75,5.39722
-0.612568,10.25,4.11005
-0.612568,10.75,3.1441
-0.612568,11.25,2.41792
-0.612568,11.75,1.86981
-0.612568,12.25,1.4545
-0.612568,12.75,1.13823
-0.612568,13.25,0.896085
-0.612568,13.75,0.709538
-0.612568,14.25,0.564998
-0.612568,14.75,0.452368
-0.612568,15.25,0.364095
-0.612568,15.75,0.294529
-0.612568,16.25,0.239277
-0.612568,16.75,0.19527
-0.612568,17.25,0.160069
-0.612568,17.75,0.131774
-0.612568,18.25,0.108906
-0.612568,18.75,0.0903561
-0.612568,19.25,0.0752456
-0.612568,19.75,0.0628851
-0.612568,20.25,0.0527447
-0.612568,20.75,0.0443891
-0.587572,1.25,6.31918
-0.587572,1.75,34.636
-0.587572,2.25,27.8898
-0.587572,2.75,8.32983
-0.587572,3.25,19.3246
-0.587572,3.75,0.690327
-0.587572,4.25,7.18306
-0.587572,4.75,22.7407
-0.587572,5.25,31.7284
-0.587572,5.75,32.8518
-0.587572,6.25,29.4854
-0.587572,6.75,24.6025
-0.587572,7.25,19.6916
-0.587572,7.75,15.3974
-0.587572,8.25,11.8864
-0.587572,8.75,9.12581
-0.587572,9.25,6.9887
-0.587572,9.75,5.35934
-0.587572,10.25,4.12819
-0.587572,10.75,3.19726
-0.587572,11.25,2.49028
-0.587572,11.75,1.95106
-0.587572,12.25,1.53798
-0.587572,12.75,1.21995
-0.587572,13.25,0.973788
-0.587572,13.75,0.781908
-0.587572,14.25,0.63143
-0.587572,14.75,0.512685
-0.587572,15.25,0.418516
-0.587572,15.75,0.343417
-0.587572,16.25,0.282984
-0.587572,16.75,0.234262
-0.587572,17.25,0.194824
-0.587572,17.75,0.16274
-0.587572,18.25,0.136501
-0.587572,18.75,0.114956
-0.587572,19.25,0.0971876
-0.587572,19.75,0.0824718
-0.587572,20.25,0.0702465
-0.587572,20.75,0.0600452
-0.562576,1.25,9.24693
-0.562576,1.75,17.8986
-0.562576,2.25,20.0076
-0.562576,2.75,13.7923
-0.562576,3.25,16.0308
-0.562576,3.75,0.0777817
-0.562576,4.25,8.87783
-0.562576,4.75,23.204
-0.562576,5.25,30.5882
-0.562576,5.75,30.9568
-0.562576,6.25,27.5629
-0.562576,6.75,23.0166
-0.562576,7.25,18.5201
-0.562576,7.75,14.5965
-0.562576,8.25,11.378
-0.562576,8.75,8.83103
-0.562576,9.25,6.83566
-0.562576,9.75,5.29901
-0.562576,10.25,4.12981
-0.562576,10.75,3.23856
-0.562576,11.25,2.55448
-0.562576,11.75,2.02712
-0.562576,12.25,1.61862
-0.562576,12.75,1.30066
-0.562576,13.25,1.05189
-0.562576,13.75,0.855744
-0.562576,14.25,0.700105
-0.562576,14.75,0.575777
-0.562576,15.25,0.476072
-0.562576,15.75,0.395665
-0.562576,16.25,0.330153
-0.562576,16.75,0.276742
-0.562576,17.25,0.233036
-0.562576,17.75,0.197097
-0.562576,18.25,0.167392
-0.562576,18.75,0.142738
-0.562576,19.25,0.122187
-0.562576,19.75,0.104982
-0.562576,20.25,0.0905336
-0.562576,20.75,0.0783475
-0.537581,1.25,43.4187
-0.537581,1.75,3.06748
-0.537581,2.25,10.8801
-0.537581,2.75,17.7948
-0.537581,3.25,11.4216
-0.537581,3.75,0.165118
-0.537581,4.25,11.1894
-0.537581,4.75,24.1287
-0.537581,5.25,29.8417
-0.537581,5.75,29.3789
-0.537581,6.25,25.8543
-0.537581,6.75,21.5142
-0.537581,7.25,17.331
-0.537581,7.75,13.7126
-0.537581,8.25,10.751
-0.537581,8.75,8.40337
-0.537581,9.25,6.55661
-0.537581,9.75,5.12639
-0.537581,10.25,4.03124
-0.537581,10.75,3.19057
-0.537581,11.25,2.54035
-0.537581,11.75,2.03507
-0.537581,12.25,1.64048
-0.537581,12.75,1.33084
-0.537581,13.25,1.08661
-0.537581,13.75,0.892425
-0.537581,14.25,0.737032
-0.537581,14.75,0.611836
-0.537581,15.25,0.510597
-0.537581,15.75,0.428276
-0.537581,16.25,0.360647
-0.537581,16.75,0.305055
-0.537581,17.25,0.259195
-0.537581,17.75,0.221179
-0.537581,18.25,0.18949
-0.537581,18.75,0.162982
-0.537581,19.25,0.140713
-0.537581,19.75,0.121928
-0.537581,20.25,0.106029
-0.537581,20.75,0.0925175
-0.512585,1.25,40.4662
-0.512585,1.75,1.51597
-0.512585,2.25,3.50553
-0.512585,2.75,19.9524
-0.512585,3.25,7.69501
-0.512585,3.75,0.833035
-0.512585,4.25,12.4831
-0.512585,4.75,23.6931
-0.512585,5.25,28.0757
-0.512585,5.75,27.2114
-0.512585,6.25,23.8651
-0.512585,6.75,19.8892
-0.512585,7.25,16.0988
-0.512585,7.75,12.8225
-0.512585,8.25,10.1333
-0.512585,8.75,7.99031
-0.512585,9.25,6.29952
-0.512585,9.75,4.98077
-0.512585,10.25,3.95945
-0.512585,10.75,3.16667
-0.512585,11.25,2.54774
-0.512585,11.75,2.0621
-0.512585,12.25,1.67929
-0.512585,12.75,1.37608
-0.512585,13.25,1.13472
-0.512585,13.75,0.941056
-0.512585,14.25,0.784723
-0.512585,14.75,0.657725
-0.512585,15.25,0.554111
-0.512585,15.75,0.469118
-0.512585,16.25,0.398781
-0.512585,16.75,0.340473
-0.512585,17.25,0.291952
-0.512585,17.75,0.251385
-0.512585,18.25,0.217237
-0.512585,18.75,0.188437
-0.512585,19.25,0.164051
-0.512585,19.75,0.143319
-0.512585,20.25,0.125636
-0.512585,20.75,0.110493
-0.487589,1.25,9.82653
-0.487589,1.75,11.1796
-0.487589,2.25,0.728475
-0.487589,2.75,19.2322
-0.487589,3.25,4.24778
-0.487589,3.75,2.11404
-0.487589,4.25,14.0198
-0.487589,4.75,23.5047
-0.487589,5.25,26.612
-0.487589,5.75,25.3154
-0.487589,6.25,22.062
-0.487589,6.75,18.3634
-0.487589,7.25,14.895
-0.487589,7.75,11.9116
-0.487589,8.25,9.46429
-0.487589,8.75,7.5096
-0.487589,9.25,5.96767
-0.487589,9.75,4.75982
-0.487589,10.25,3.81586
-0.487589,10.75,3.07653
-0.487589,11.25,2.49523
-0.487589,11.75,2.03567
-0.487589,12.25,1.67083
-0.487589,12.75,1.37978
-0.487589,13.25,1.14642
-0.487589,13.75,0.957865
-0.487589,14.25,0.804635
-0.487589,14.75,0.679388
-0.487589,15.25,0.576497
-0.487589,15.75,0.491524
-0.487589,16.25,0.42084
-0.487589,16.75,0.361866
-0.487589,17.25,0.312458
-0.487589,17.75,0.270876
-0.487589,18.25,0.23559
-0.487589,18.75,0.205645
-0.487589,19.25,0.180136
-0.487589,19.75,0.158322
-0.487589,20.25,0.139604
-0.487589,20.75,0.123483
-0.462594,1.25,7.93706
-0.462594,1.75,20.7148
-0.462594,2.25,1.88621
-0.462594,2.75,17.2998
-0.462594,3.25,2.4332
-0.462594,3.75,3.06867
-0.462594,4.25,13.9919
-0.462594,4.75,21.8395
-0.462594,5.25,24.1539
-0.462594,5.75,22.8436
-0.462594,6.25,19.9542
-0.462594,6.75,16.6931
-0.462594,7.25,13.6347
-0.462594,7.75,10.9901
-0.462594,8.25,8.80697
-0.462594,8.75,7.0503
-0.462594,9.25,5.65973
-0.462594,9.75,4.56238
-0.462594,10.25,3.69447
-0.462594,10.75,3.00691
-0.462594,11.25,2.46142
-0.462594,11.75,2.02619
-0.462594,12.25,1.67766
-0.462594,12.75,1.39726
-0.462594,13.25,1.17056
-0.462594,13.75,0.985921
-0.462594,14.25,0.834734
-0.462594,14.75,0.710306
-0.462594,15.25,0.607308
-0.462594,15.75,0.521615
-0.462594,16.25,0.449935
-0.462594,16.75,0.389717
-0.462594,17.25,0.338905
-0.462594,17.75,0.29584
-0.462594,18.25,0.258983
-0.462594,18.75,0.227498
-0.462594,19.25,0.20051
-0.462594,19.75,0.177289
-0.462594,20.25,0.157242
-0.462594,20.75,0.139873
-0.437598,1.25,25.5939
-0.437598,1.75,18.5966
-0.437598,2.25,5.54192
-0.437598,2.75,15.9384
-0.437598,3.25,1.92916
-0.437598,3.75,3.23457
-0.437598,4.25,12.5421
-0.437598,4.75,19.0784
-0.437598,5.25,21.045
-0.437598,5.75,20.0181
-0.437598,6.25,17.6494
-0.437598,6.75,14.9193
-0.437598,7.25,12.3226
-0.437598,7.75,10.0479
-0.437598,8.25,8.14539
-0.437598,8.75,6.59526
-0.437598,9.25,5.35475
-0.437598,9.75,4.36472
-0.437598,10.25,3.57219
-0.437598,10.75,2.93708
-0.437598,11.25,2.42793
-0.437598,11.75,2.0173
-0.437598,12.25,1.68537
-0.437598,12.75,1.41591
-0.437598,13.25,1.19621
-0.437598,13.75,1.01574
-0.437598,14.25,0.866785
-0.437598,14.75,0.743302
-0.437598,15.25,0.640282
-0.437598,15.75,0.553919
-0.437598,16.25,0.481202
-0.437598,16.75,0.419682
-0.437598,17.25,0.367406
-0.437598,17.75,0.322799
-0.437598,18.25,0.284332
-0.437598,18.75,0.251262
-0.437598,19.25,0.222742
-0.437598,19.75,0.198057
-0.437598,20.25,0.176615
-0.437598,20.75,0.157931
-0.412603,1.25,19.6466
-0.412603,1.75,15.3618
-0.412603,2.25,8.80249
-0.412603,2.75,12.7292
-0.412603,3.25,0.975209
-0.412603,3.75,4.89068
-0.412603,4.25,13.7519
-0.412603,4.75,19.0564
-0.412603,5.25,20.1684
-0.412603,5.75,18.7791
-0.412603,6.25,16.3644
-0.412603,6.75,13.7515
-0.412603,7.25,11.3336
-0.412603,7.75,9.2469
-0.412603,8.25,7.51135
-0.412603,8.75,6.10004
-0.412603,9.25,4.96694
-0.412603,9.75,4.06063
-0.412603,10.25,3.33477
-0.412603,10.75,2.7523
-0.412603,11.25,2.28401
-0.412603,11.75,1.9047
-0.412603,12.25,1.59716
-0.412603,12.75,1.3468
-0.412603,13.25,1.14214
-0.412603,13.75,0.973448
-0.412603,14.25,0.833767
-0.412603,14.75,0.71765
-0.412603,15.25,0.620435
-0.412603,15.75,0.538655
-0.412603,16.25,0.469537
-0.412603,16.75,0.410865
-0.412603,17.25,0.360847
-0.412603,17.75,0.318031
-0.412603,18.25,0.280998
-0.412603,18.75,0.249064
-0.412603,19.25,0.221441
-0.412603,19.75,0.197462
-0.412603,20.25,0.176565
-0.412603,20.75,0.1583
-0.387607,1.25,8.79166
-0.387607,1.75,13.0382
-0.387607,2.25,11.2208
-0.387607,2.75,10.1927
-0.387607,3.25,0.830659
-0.387607,3.75,6.23425
-0.387607,4.25,14.3
-0.387607,4.75,18.5055
-0.387607,5.25,18.9764
-0.387607,5.75,17.3832
-0.387607,6.25,15.0162
-0.387607,6.75,12.568
-0.387607,7.25,10.3492
-0.387607,7.75,8.4562
-0.387607,8.25,6.88747
-0.387607,8.75,5.61265
-0.387607,9.25,4.58477
-0.387607,9.75,3.76022
-0.387607,10.25,3.09921
-0.387607,10.75,2.5679
-0.387607,11.25,2.13939
-0.387607,11.75,1.7907
-0.387607,12.25,1.5071
-0.387607,12.75,1.27555
-0.387607,13.25,1.08578
-0.387607,13.75,0.92881
-0.387607,14.25,0.798419
-0.387607,14.75,0.689726
-0.387607,15.25,0.598407
-0.387607,15.75,0.521323
-0.387607,16.25,0.45593
-0.387607,16.75,0.400233
-0.387607,17.25,0.352601
-0.387607,17.75,0.311703
-0.387607,18.25,0.276224
-0.387607,18.75,0.245539
-0.387607,19.25,0.218918
-0.387607,19.75,0.195744
-0.387607,20.25,0.175484
-0.387607,20.75,0.157722
-0.362611,1.25,21.7664
-0.362611,1.75,13.2106
-0.362611,2.25,13.3268
-0.362611,2.75,8.15471
-0.362611,3.25,1.07091
-0.362611,3.75,7.46423
-0.362611,4.25,14.6564
-0.362611,4.75,17.8651
-0.362611,5.25,17.7876
-0.362611,5.75,16.0356
-0.362611,6.25,13.7271
-0.362611,6.75,11.4365
-0.362611,7.25,9.40297
-0.362611,7.75,7.68904
-0.362611,8.25,6.27498
-0.362611,8.75,5.1276
-0.362611,9.25,4.19917
-0.362611,9.75,3.45275
-0.362611,10.25,2.85426
-0.362611,10.75,2.37276
-0.362611,11.25,1.98342
-0.362611,11.75,1.66536
-0.362611,12.25,1.406
-0.362611,12.75,1.19375
-0.362611,13.25,1.01943
-0.362611,13.75,0.874826
-0.362611,14.25,0.754376
-0.362611,14.75,0.653746
-0.362611,15.25,0.568944
-0.362611,15.75,0.497147
-0.362611,16.25,0.436036
-0.362611,16.75,0.383835
-0.362611,17.25,0.33907
-0.362611,17.75,0.300528
-0.362611,18.25,0.26701
-0.362611,18.75,0.237945
-0.362611,19.25,0.212666
-0.362611,19.75,0.190605
-0.362611,20.25,0.171262
-0.362611,20.75,0.15426
-0.337616,1.25,32.3517
-0.337616,1.75,11.0788
-0.337616,2.25,16.6051
-0.337616,2.75,6.47591
-0.337616,3.25,1.5353
-0.337616,3.75,8.59457
-0.337616,4.25,14.8766
-0.337616,4.75,17.1715
-0.337616,5.25,16.6211
-0.337616,5.75,14.7483
-0.337616,6.25,12.5077
-0.337616,6.75,10.3676
-0.337616,7.25,8.50502
-0.337616,7.75,6.95341
-0.337616,8.25,5.67978
-0.337616,8.75,4.6489
-0.337616,9.25,3.81474
-0.337616,9.75,3.14376
-0.337616,10.25,2.60543
-0.337616,10.75,2.1718
-0.337616,11.25,1.82054
-0.337616,11.75,1.53299
-0.337616,12.25,1.29796
-0.337616,12.75,1.10517
-0.337616,13.25,0.946473
-0.337616,13.75,0.814488
-0.337616,14.25,0.70429
-0.337616,14.75,0.612042
-0.337616,15.25,0.534099
-0.337616,15.75,0.467936
-0.337616,16.25,0.411418
-0.337616,16.75,0.363011
-0.337616,17.25,0.321404
-0.337616,17.75,0.2855
-0.337616,18.25,0.254183
-0.337616,18.75,0.226969
-0.337616,19.25,0.203251
-0.337616,19.75,0.182511
-0.337616,20.25,0.164307
-0.337616,20.75,0.148284
-0.31262,1.25,12.1212
-0.31262,1.75,5.86545
-0.31262,2.25,18.5973
-0.31262,2.75,3.55209
-0.31262,3.25,3.17549
-0.31262,3.75,11.3222
-0.31262,4.25,16.4576
-0.31262,4.75,17.5046
-0.31262,5.25,16.1894
-0.31262,5.75,13.9694
-0.31262,6.25,11.6302
-0.31262,6.75,9.52176
-0.31262,7.25,7.74602
-0.31262,7.75,6.2973
-0.31262,8.25,5.1237
-0.31262,8.75,4.18252
-0.31262,9.25,3.42737
-0.31262,9.75,2.82312
-0.31262,10.25,2.33945
-0.31262,10.75,1.95039
-0.31262,11.25,1.63572
-0.31262,11.75,1.3787
-0.31262,12.25,1.16864
-0.31262,12.75,0.996252
-0.31262,13.25,0.854195
-0.31262,13.75,0.735987
-0.31262,14.25,0.637237
-0.31262,14.75,0.554537
-0.31262,15.25,0.484592
-0.31262,15.75,0.425156
-0.31262,16.25,0.374239
-0.31262,16.75,0.330571
-0.31262,17.25,0.293003
-0.31262,17.75,0.260555
-0.31262,18.25,0.232178
-0.31262,18.75,0.207497
-0.31262,19.25,0.18597
-0.31262,19.75,0.167132
-0.31262,20.25,0.150623
-0.31262,20.75,0.1361
-0.287624,1.25,6.12604
-0.287624,1.75,4.72205
-0.287624,2.25,17.8564
-0.287624,2.75,1.48369
-0.287624,3.25,5.86274
-0.287624,3.75,14.094
-0.287624,4.25,17.6983
-0.287624,4.75,17.5006
-0.287624,5.25,15.5232
-0.287624,5.75,13.0497
-0.287624,6.25,10.6764
-0.287624,6.75,8.63832
-0.287624,7.25,6.97103
-0.287624,7.75,5.63642
-0.287624,8.25,4.56838
-0.287624,8.75,3.71928
-0.287624,9.25,3.04354
-0.287624,9.75,2.50557
-0.287624,10.25,2.07591
-0.287624,10.75,1.7308
-0.287624,11.25,1.45209
-0.287624,11.75,1.22498
-0.287624,12.25,1.03939
-0.287624,12.75,0.88702
-0.287624,13.25,0.76134
-0.287624,13.75,0.656713
-0.287624,14.25,0.569268
-0.287624,14.75,0.496014
-0.287624,15.25,0.434002
-0.287624,15.75,0.381258
-0.287624,16.25,0.335948
-0.287624,16.75,0.297041
-0.287624,17.25,0.263542
-0.287624,17.75,0.234585
-0.287624,18.25,0.209197
-0.287624,18.75,0.187099
-0.287624,19.25,0.167812
-0.287624,19.75,0.150923
-0.287624,20.25,0.136147
-0.287624,20.75,0.123157
-0.262629,1.25,35.5779
-0.262629,1.75,13.1939
-0.262629,2.25,13.9147
-0.262629,2.75,1.07434
-0.262629,3.25,9.26136
-0.262629,3.75,16.497
-0.262629,4.25,18.3534
-0.262629,4.75,17.0352
-0.262629,5.25,14.5612
-0.262629,5.75,11.9586
-0.262629,6.25,9.63103
-0.262629,6.75,7.71018
-0.262629,7.25,6.17727
-0.262629,7.75,4.9704
-0.262629,8.25,4.01486
-0.262629,8.75,3.26101
-0.262629,9.25,2.66547
-0.262629,9.75,2.19352
-0.262629,10.25,1.81728
-0.262629,10.75,1.51541
-0.262629,11.25,1.27194
-0.262629,11.75,1.07398
-0.262629,12.25,0.912222
-0.262629,12.75,0.77934
-0.262629,13.25,0.669624
-0.262629,13.75,0.578241
-0.262629,14.25,0.501827
-0.262629,14.75,0.437793
-0.262629,15.25,0.383538
-0.262629,15.75,0.337346
-0.262629,16.25,0.297555
-0.262629,16.75,0.263344
-0.262629,17.25,0.233865
-0.262629,17.75,0.208363
-0.262629,18.25,0.185948
-0.262629,18.75,0.166422
-0.262629,19.25,0.14937
-0.262629,19.75,0.134429
-0.262629,20.25,0.121379
-0.262629,20.75,0.109916
-0.237633,1.25,46.3326
-0.237633,1.75,27.4674
-0.237633,2.25,7.363
-0.237633,2.75,3.09113
-0.237633,3.25,13.51
-0.237633,3.75,18.7528
-0.237633,4.25,18.6965
-0.237633,4.75,16.3415
-0.237633,5.25,13.4708
-0.237633,5.75,10.8107
-0.237633,6.25,8.57455
-0.237633,6.75,6.79112
-0.237633,7.25,5.40022
-0.237633,7.75,4.32233
-0.237633,8.25,3.47865
-0.237633,8.75,2.81846
-0.237633,9.25,2.3004
-0.237633,9.75,1.89167
-0.237633,10.25,1.56678
-0.237633,10.75,1.30663
-0.237633,11.25,1.09709
-0.237633,11.75,0.926844
-0.237633,12.25,0.787792
-0.237633,12.75,0.673534
-0.237633,13.25,0.579113
-0.237633,13.75,0.50046
-0.237633,14.25,0.43466
-0.237633,14.75,0.379464
-0.237633,15.25,0.332682
-0.237633,15.75,0.292835
-0.237633,16.25,0.258466
-0.237633,16.75,0.228897
-0.237633,17.25,0.203407
-0.237633,17.75,0.181344
-0.237633,18.25,0.161991
-0.237633,18.75,0.145121
-0.237633,19.25,0.130376
-0.237633,19.75,0.117445
-0.237633,20.25,0.106154
-0.237633,20.75,0.0962349
-0.212637,1.25,14.8726
-0.212637,1.75,33.7304
-0.212637,2.25,1.64702
-0.212637,2.75,8.19857
-0.212637,3.25,18.2396
-0.212637,3.75,20.5968
-0.212637,4.25,18.6109
-0.212637,4.75,15.3742
-0.212637,5.25,12.2362
-0.212637,5.75,9.60109
-0.212637,6.25,7.50461
-0.212637,6.75,5.88048
-0.212637,7.25,4.64027
-0.212637,7.75,3.69332
-0.212637,8.25,2.96104
-0.212637,8.75,2.3929
-0.212637,9.25,1.94969
-0.212637,9.75,1.60153
-0.212637,10.25,1.32585
-0.212637,10.75,1.10574
-0.212637,11.25,0.928666
-0.212637,11.75,0.784714
-0.212637,12.25,0.667224
-0.212637,12.75,0.570682
-0.212637,13.25,0.490844
-0.212637,13.75,0.424356
-0.212637,14.25,0.368705
-0.212637,14.75,0.321942
-0.212637,15.25,0.282315
-0.212637,15.75,0.248565
-0.212637,16.25,0.219462
-0.212637,16.75,0.194424
-0.212637,17.25,0.172836
-0.212637,17.75,0.154147
-0.212637,18.25,0.137863
-0.212637,18.75,0.123661
-0.212637,19.25,0.111233
-0.212637,19.75,0.100321
-0.212637,20.25,0.0907826
-0.212637,20.75,0.0823936
-0.187642,1.25,3.53849
-0.187642,1.75,24.3879
-0.187642,2.25,1.51079
-0.187642,2.75,15.4582
-0.187642,3.25,22.2131
-0.187642,3.75,21.3411
-0.187642,4.25,17.7512
-0.187642,4.75,13.9605
-0.187642,5.25,10.7704
-0.187642,5.75,8.28236
-0.187642,6.25,6.38956
-0.187642,6.75,4.95844
-0.187642,7.25,3.88533
-0.187642,7.75,3.07658
-0.187642,8.25,2.4579
-0.187642,8.75,1.98159
-0.187642,9.25,1.61199
-0.187642,9.75,1.32278
-0.187642,10.25,1.09461
-0.187642,10.75,0.912922
-0.187642,11.25,0.766922
-0.187642,11.75,0.648147
-0.187642,12.25,0.551275
-0.187642,12.75,0.471671
-0.187642,13.25,0.405794
-0.187642,13.75,0.350947
-0.187642,14.25,0.305018
-0.187642,14.75,0.266359
-0.187642,15.25,0.233606
-0.187642,15.75,0.205716
-0.187642,16.25,0.181674
-0.187642,16.75,0.16099
-0.187642,17.25,0.143155
-0.187642,17.75,0.127714
-0.187642,18.25,0.114351
-0.187642,18.75,0.102691
-0.187642,19.25,0.0924767
-0.187642,19.75,0.0834991
-0.187642,20.25,0.075643
-0.187642,20.75,0.0687261
-0.162646,1.25,41.8207
-0.162646,1.75,7.53583
-0.162646,2.25,8.76361
-0.162646,2.75,22.997
-0.162646,3.25,24.5532
-0.162646,3.75,20.7712
-0.162646,4.25,16.1255
-0.162646,4.75,12.1583
-0.162646,5.25,9.12908
-0.162646,5.75,6.89737
-0.162646,6.25,5.26043
-0.162646,6.75,4.04732
-0.162646,7.25,3.15164
-0.162646,7.75,2.48415
-0.162646,8.25,1.97836
-0.162646,8.75,1.59161
-0.162646,9.25,1.29292
-0.162646,9.75,1.06
-0.162646,10.25,0.876833
-0.162646,10.75,0.731346
-0.162646,11.25,0.614546
-0.162646,11.75,0.519447
-0.162646,12.25,0.441934
-0.162646,12.75,0.378234
-0.162646,13.25,0.325478
-0.162646,13.75,0.281567
-0.162646,14.25,0.244779
-0.162646,14.75,0.213762
-0.162646,15.25,0.187491
-0.162646,15.75,0.165124
-0.162646,16.25,0.145851
-0.162646,16.75,0.129271
-0.162646,17.25,0.114974
-0.162646,17.75,0.102595
-0.162646,18.25,0.0919579
-0.162646,18.75,0.0826718
-0.162646,19.25,0.0745292
-0.162646,19.75,0.0673653
-0.162646,20.25,0.0610898
-0.162646,20.75,0.055559
-0.137651,1.25,63.8317
-0.137651,1.75,0.52345
-0.137651,2.25,20.9561
-0.137651,2.75,28.4334
-0.137651,3.25,24.6124
-0.137651,3.75,18.8318
-0.137651,4.25,13.8146
-0.137651,4.75,10.0638
-0.137651,5.25,7.38965
-0.137651,5.75,5.49943
-0.137651,6.25,4.15054
-0.137651,6.75,3.17028
-0.137651,7.25,2.45605
-0.137651,7.75,1.92878
-0.137651,8.25,1.53174
-0.137651,8.75,1.22963
-0.137651,9.25,0.997947
-0.137651,9.75,0.818003
-0.137651,10.25,0.676627
-0.137651,10.75,0.564387
-0.137651,11.25,0.474354
-0.137651,11.75,0.400996
-0.137651,12.25,0.341238
-0.137651,12.75,0.292173
-0.137651,13.25,0.251591
-0.137651,13.75,0.217804
-0.137651,14.25,0.189464
-0.137651,14.75,0.165502
-0.137651,15.25,0.145206
-0.137651,15.75,0.127925
-0.137651,16.25,0.113041
-0.137651,16.75,0.100236
-0.137651,17.25,0.0891912
-0.137651,17.75,0.0796245
-0.137651,18.25,0.0714426
-0.137651,18.75,0.0642958
-0.137651,19.25,0.058023
-0.137651,19.75,0.0524989
-0.137651,20.25,0.0476417
-0.137651,20.75,0.0433497
-0.112655,1.25,30.1911
-0.112655,1.75,12.3462
-0.112655,2.25,32.3044
-0.112655,2.75,29.9014
-0.112655,3.25,22.2716
-0.112655,3.75,15.7567
-0.112655,4.25,11.0464
-0.112655,4.75,7.83464
-0.112655,5.25,5.65346
-0.112655,5.75,4.1553
-0.112655,6.25,3.10681
-0.112655,6.75,2.35932
-0.112655,7.25,1.82066
-0.112655,7.75,1.42603
-0.112655,8.25,1.12973
-0.112655,8.75,0.904966
-0.112655,9.25,0.734192
-0.112655,9.75,0.602151
-0.112655,10.25,0.498247
-0.112655,10.75,0.415625
-0.112655,11.25,0.349396
-0.112655,11.75,0.295397
-0.112655,12.25,0.251429
-0.112655,12.75,0.215398
-0.112655,13.25,0.185697
-0.112655,13.75,0.160949
-0.112655,14.25,0.140151
-0.112655,14.75,0.122492
-0.112655,15.25,0.10753
-0.112655,15.75,0.0947869
-0.112655,16.25,0.0838171
-0.112655,16.75,0.0743765
-0.112655,17.25,0.0662287
-0.112655,17.75,0.0591671
-0.112655,18.25,0.0531413
-0.112655,18.75,0.0478741
-0.112655,19.25,0.0432466
-0.112655,19.75,0.0391677
-0.112655,20.25,0.0355574
-0.112655,20.75,0.0323537
-0.0876593,1.25,0.307885
-0.0876593,1.75,33.3992
-0.0876593,2.25,36.9213
-0.0876593,2.75,26.8687
-0.0876593,3.25,17.9949
-0.0876593,3.75,12.0118
-0.0876593,4.25,8.13784
-0.0876593,4.75,5.65792
-0.0876593,5.25,4.03035
-0.0876593,5.75,2.93479
-0.0876593,6.25,2.17863
-0.0876593,6.75,1.64757
-0.0876593,7.25,1.26801
-0.0876593,7.75,0.991478
-0.0876593,8.25,0.784141
-0.0876593,8.75,0.627134
-0.0876593,9.25,0.508834
-0.0876593,9.75,0.417708
-0.0876593,10.25,0.345843
-0.0876593,10.75,0.288578
-0.0876593,11.25,0.242686
-0.0876593,11.75,0.205232
-0.0876593,12.25,0.174741
-0.0876593,12.75,0.149796
-0.0876593,13.25,0.129301
-0.0876593,13.75,0.112207
-0.0876593,14.25,0.0978111
-0.0876593,14.75,0.085536
-0.0876593,15.25,0.0751316
-0.0876593,15.75,0.0662659
-0.0876593,16.25,0.058638
-0.0876593,16.75,0.0520712
-0.0876593,17.25,0.0464
-0.0876593,17.75,0.0414817
-0.0876593,18.25,0.0372945
-0.0876593,18.75,0.0336317
-0.0876593,19.25,0.0304107
-0.0876593,19.75,0.0275689
-0.0876593,20.25,0.0250368
-0.0876593,20.75,0.0227801
-0.0626636,1.25,21.9562
-0.0626636,1.75,46.9355
-0.0626636,2.25,33.5837
-0.0626636,2.75,20.8433
-0.0626636,3.25,12.9499
-0.0626636,3.75,8.28336
-0.0626636,4.25,5.47128
-0.0626636,4.75,3.74933
-0.0626636,5.25,2.64591
-0.0626636,5.75,1.91338
-0.0626636,6.25,1.41264
-0.0626636,6.75,1.06511
-0.0626636,7.25,0.818241
-0.0626636,7.75,0.639104
-0.0626636,8.25,0.504822
-0.0626636,8.75,0.403231
-0.0626636,9.25,0.327271
-0.0626636,9.75,0.268951
-0.0626636,10.25,0.222839
-0.0626636,10.75,0.186007
-0.0626636,11.25,0.156492
-0.0626636,11.75,0.132376
-0.0626636,12.25,0.112745
-0.0626636,12.75,0.09671
-0.0626636,13.25,0.0835785
-0.0626636,13.75,0.0726157
-0.0626636,14.25,0.063363
-0.0626636,14.75,0.0554397
-0.0626636,15.25,0.0487213
-0.0626636,15.75,0.0429941
-0.0626636,16.25,0.0380693
-0.0626636,16.75,0.0338283
-0.0626636,17.25,0.0301635
-0.0626636,17.75,0.0269834
-0.0626636,18.25,0.0242824
-0.0626636,18.75,0.0219181
-0.0626636,19.25,0.0198372
-0.0626636,19.75,0.0179995
-0.0626636,20.25,0.0163512
-0.0626636,20.75,0.0148759
-0.037668,1.25,62.8312
-0.037668,1.75,45.8439
-0.037668,2.25,25.3426
-0.037668,2.75,14.1098
-0.037668,3.25,8.30086
-0.037668,3.75,5.14242
-0.037668,4.25,3.33072
-0.037668,4.75,2.2554
-0.037668,5.25,1.57829
-0.037668,5.75,1.13395
-0.037668,6.25,0.833422
-0.037668,6.75,0.626523
-0.037668,7.25,0.480233
-0.037668,7.75,0.374396
-0.037668,8.25,0.295355
-0.037668,8.75,0.235715
-0.037668,9.25,0.191302
-0.037668,9.75,0.157271
-0.037668,10.25,0.130325
-0.037668,10.75,0.108774
-0.037668,11.25,0.0915111
-0.037668,11.75,0.0773921
-0.037668,12.25,0.0659044
-0.037668,12.75,0.0565351
-0.037668,13.25,0.048881
-0.037668,13.75,0.0424893
-0.037668,14.25,0.037093
-0.037668,14.75,0.0324705
-0.037668,15.25,0.0285496
-0.037668,15.75,0.0252058
-0.037668,16.25,0.0223256
-0.037668,16.75,0.0198439
-0.037668,17.25,0.0176989
-0.037668,17.75,0.0158372
-0.037668,18.25,0.0142494
-0.037668,18.75,0.0128594
-0.037668,19.25,0.0116363
-0.037668,19.75,0.0105565
-0.037668,20.25,0.00958916
-0.037668,20.75,0.00872419
-0.0126724,1.25,70.6371
-0.0126724,1.75,33.0631
-0.0126724,2.25,15.8534
-0.0126724,2.75,8.27782
-0.0126724,3.25,4.70911
-0.0126724,3.75,2.86027
-0.0126724,4.25,1.83018
-0.0126724,4.75,1.22954
-0.0126724,5.25,0.855072
-0.0126724,5.75,0.611311
-0.0126724,6.25,0.448143
-0.0126724,6.75,0.336172
-0.0126724,7.25,0.257185
-0.0126724,7.75,0.200101
-0.0126724,8.25,0.157745
-0.0126724,8.75,0.125904
-0.0126724,9.25,0.102188
-0.0126724,9.75,0.0840161
-0.0126724,10.25,0.0696174
-0.0126724,10.75,0.0580937
-0.0126724,11.25,0.0488663
-0.0126724,11.75,0.0413102
-0.0126724,12.25,0.0351658
-0.0126724,12.75,0.0301592
-0.0126724,13.25,0.0260744
-0.0126724,13.75,0.022664
-0.0126724,14.25,0.0197885
-0.0126724,14.75,0.0173339
-0.0126724,15.25,0.0152507
-0.0126724,15.75,0.0134731
-0.0126724,16.25,0.0119353
-0.0126724,16.75,0.0106089
-0.0126724,17.25,0.00946247
-0.0126724,17.75,0.00846748
-0.0126724,18.25,0.00760948
-0.0126724,18.75,0.00685871
-0.0126724,19.25,0.00619888
-0.0126724,19.75,0.00561705
-0.0126724,20.25,0.00510075
-0.0126724,20.75,0.00464182
