-0.987807,1.23171,6.0119e-25
-0.987807,1.69512,3.57901e-25
-0.987807,2.15854,2.44224e-25
-0.987807,2.62195,4.56703e-26
-0.987807,3.08537,3.66317e-26
-0.987807,3.54878,5.30484e-26
-0.987807,4.0122,6.63659e-26
-0.987807,4.47561,3.72827e-26
-0.987807,4.93902,1.05184e-26
-0.987807,5.40244,3.99447e-27
-0.987807,5.86585,7.90063e-27
-0.987807,6.32927,1.26795e-26
-0.987807,6.79268,1.50385e-26
-0.987807,7.2561,1.51266e-26
-0.987807,7.71951,1.39148e-26
-0.987807,8.18293,1.22355e-26
-0.987807,8.64634,1.05476e-26
-0.987807,9.10976,9.0552e-27
-0.987807,9.57317,7.81027e-27
-0.987807,10.0366,6.79535e-27
-0.987807,10.5,5.95936e-27
-0.987807,10.9634,5.28262e-27
-0.987807,11.4268,4.73101e-27
-0.987807,11.8902,4.27542e-27
-0.987807,12.3537,3.89115e-27
-0.987807,12.8171,3.56313e-27
-0.987807,13.2805,3.2793e-27
-0.987807,13.7439,3.02993e-27
-0.987807,14.2073,2.80831e-27
-0.987807,14.6707,2.60865e-27
-0.987807,15.1341,2.42891e-27
-0.987807,15.5976,2.26623e-27
-0.987807,16.061,2.1172e-27
-0.987807,16.5244,1.98005e-27
-0.987807,16.9878,1.85468e-27
-0.987807,17.4512,1.73977e-27
-0.987807,17.9146,1.63291e-27
-0.987807,18.378,1.5316e-27
-0.987807,18.8415,1.43846e-27
-0.987807,19.3049,1.35269e-27
-0.987807,19.7683,1.27356e-27
-0.963421,1.23171,6.05804e-25
-0.963421,1.69512,3.69379e-25
-0.963421,2.15854,2.39044e-25
-0.963421,2.62195,5.54963e-26
-0.963421,3.08537,4.93743e-26
-0.963421,3.54878,3.46968e-26
-0.963421,4.0122,5.37468e-26
-0.963421,4.47561,5.16309e-26
-0.963421,4.93902,2.95697e-26
-0.963421,5.40244,1.26953e-26
-0.963421,5.86585,6.77917e-27
-0.963421,6.32927,7.10477e-27
-0.963421,6.79268,9.07342e-27
-0.963421,7.2561,1.05647e-26
-0.963421,7.71951,1.10878e-26
-0.963421,8.18293,1.08385e-26
-0.963421,8.64634,1.01297e-26
-0.963421,9.10976,9.2211e-27
-0.963421,9.57317,8.27472e-27
-0.963421,10.0366,7.37446e-27
-0.963421,10.5,6.54406e-27
-0.963421,10.9634,5.81705e-27
-0.963421,11.4268,5.19158e-27
-0.963421,11.8902,4.65687e-27
-0.963421,12.3537,4.19763e-27
-0.963421,12.8171,3.80333e-27
-0.963421,13.2805,3.4633e-27
-0.963421,13.7439,3.16759e-27
-0.963421,14.2073,2.90857e-27
-0.963421,14.6707,2.67922e-27
-0.963421,15.1341,2.47628e-27
-0.963421,15.5976,2.29572e-27
-0.963421,16.061,2.13307e-27
-0.963421,16.5244,1.98572e-27
-0.963421,16.9878,1.85284e-27
-0.963421,17.4512,1.73251e-27
-0.963421,17.9146,1.62186e-27
-0.963421,18.378,1.51803e-27
-0.963421,18.8415,1.42331e-27
-0.963421,19.3049,1.33667e-27
-0.963421,19.7683,1.25721e-27
-0.939035,1.23171,6.20951e-25
-0.939035,1.69512,3.69678e-25
-0.939035,2.15854,2.40929e-25
-0.939035,2.62195,5.66019e-26
-0.939035,3.08537,6.3258e-26
-0.939035,3.54878,2.96574e-26
-0.939035,4.0122,3.4281e-26
-0.939035,4.47561,4.78592e-26
-0.939035,4.93902,4.08321e-26
-0.939035,5.40244,2.54395e-26
-0.939035,5.86585,1.40609e-26
-0.939035,6.32927,8.77424e-27
-0.939035,6.79268,7.36142e-27
-0.939035,7.2561,7.5562e-27
-0.939035,7.71951,8.05096e-27
-0.939035,8.18293,8.33617e-27
-0.939035,8.64634,8.30483e-27
-0.939035,9.10976,8.01707e-27
-0.939035,9.57317,7.56498e-27
-0.939035,10.0366,7.02577e-27
-0.939035,10.5,6.44228e-27
-0.939035,10.9634,5.87341e-27
-0.939035,11.4268,5.34167e-27
-0.939035,11.8902,4.85638e-27
-0.939035,12.3537,4.4177e-27
-0.939035,12.8171,4.02515e-27
-0.939035,13.2805,3.67554e-27
-0.939035,13.7439,3.36441e-27
-0.939035,14.2073,3.08731e-27
-0.939035,14.6707,2.83935e-27
-0.939035,15.1341,2.61826e-27
-0.939035,15.5976,2.42066e-27
-0.939035,16.061,2.24267e-27
-0.939035,16.5244,2.08178e-27
-0.939035,16.9878,1.93687e-27
-0.939035,17.4512,1.80597e-27
-0.939035,17.9146,1.68615e-27
-0.939035,18.378,1.57453e-27
-0.939035,18.8415,1.47307e-27
-0.939035,19.3049,1.3806e-27
-0.939035,19.7683,1.29612e-27
-0.914649,1.23171,6.45081e-25
-0.914649,1.69512,3.74117e-25
-0.914649,2.15854,2.47153e-25
-0.914649,2.62195,6.07813e-26
-0.914649,3.08537,8.22592e-26
-0.914649,3.54878,3.97073e-26
-0.914649,4.0122,1.93488e-26
-0.914649,4.47561,3.20717e-26
-0.914649,4.93902,3.97658e-26
-0.914649,5.40244,3.42198e-26
-0.914649,5.86585,2.42633e-26
-0.914649,6.32927,1.60997e-26
-0.914649,6.79268,1.11092e-26
-0.914649,7.2561,8.59023e-27
-0.914649,7.71951,7.48618e-27
-0.914649,8.18293,7.03907e-27
-0.914649,8.64634,6.81767e-27
-0.914649,9.10976,6.62849e-27
-0.914649,9.57317,6.39959e-27
-0.914649,10.0366,6.11441e-27
-0.914649,10.5,5.77013e-27
-0.914649,10.9634,5.40446e-27
-0.914649,11.4268,5.03463e-27
-0.914649,11.8902,4.673e-27
-0.914649,12.3537,4.3268e-27
-0.914649,12.8171,4.00013e-27
-0.914649,13.2805,3.69568e-27
-0.914649,13.7439,3.41514e-27
-0.914649,14.2073,3.15792e-27
-0.914649,14.6707,2.92242e-27
-0.914649,15.1341,2.70796e-27
-0.914649,15.5976,2.51286e-27
-0.914649,16.061,2.33513e-27
-0.914649,16.5244,2.17314e-27
-0.914649,16.9878,2.02569e-27
-0.914649,17.4512,1.89133e-27
-0.914649,17.9146,1.76774e-27
-0.914649,18.378,1.65257e-27
-0.914649,18.8415,1.54736e-27
-0.914649,19.3049,1.45109e-27
-0.914649,19.7683,1.36284e-27
-0.890263,1.23171,6.70141e-25
-0.890263,1.69512,3.75095e-25
-0.890263,2.15854,2.5446e-25
-0.890263,2.62195,6.83109e-26
-0.890263,3.08537,1.01899e-25
-0.890263,3.54878,6.1339e-26
-0.890263,4.0122,1.91132e-26
-0.890263,4.47561,1.43094e-26
-0.890263,4.93902,2.58674e-26
-0.890263,5.40244,3.14895e-26
-0.890263,5.86585,2.91173e-26
-0.890263,6.32927,2.34138e-26
-0.890263,6.79268,1.77526e-26
-0.890263,7.2561,1.3426e-26
-0.890263,7.71951,1.04845e-26
-0.890263,8.18293,8.5942e-27
-0.890263,8.64634,7.38836e-27
-0.890263,9.10976,6.59903e-27
-0.890263,9.57317,6.04547e-27
-0.890263,10.0366,5.61525e-27
-0.890263,10.5,5.23595e-27
-0.890263,10.9634,4.89632e-27
-0.890263,11.4268,4.58155e-27
-0.890263,11.8902,4.28531e-27
-0.890263,12.3537,4.00558e-27
-0.890263,12.8171,3.73966e-27
-0.890263,13.2805,3.48795e-27
-0.890263,13.7439,3.25268e-27
-0.890263,14.2073,3.03357e-27
-0.890263,14.6707,2.8301e-27
-0.890263,15.1341,2.64167e-27
-0.890263,15.5976,2.46751e-27
-0.890263,16.061,2.3071e-27
-0.890263,16.5244,2.15952e-27
-0.890263,16.9878,2.02339e-27
-0.890263,17.4512,1.89783e-27
-0.890263,17.9146,1.7813e-27
-0.890263,18.378,1.67216e-27
-0.890263,18.8415,1.57152e-27
-0.890263,19.3049,1.47864e-27
-0.890263,19.7683,1.39284e-27
-0.865877,1.23171,6.69476e-25
-0.865877,1.69512,3.52757e-25
-0.865877,2.15854,2.58208e-25
-0.865877,2.62195,8.25469e-26
-0.865877,3.08537,1.18593e-25
-0.865877,3.54878,8.60592e-26
-0.865877,4.0122,3.89702e-26
-0.865877,4.47561,9.52783e-27
-0.865877,4.93902,8.14039e-27
-0.865877,5.40244,1.63971e-26
-0.865877,5.86585,2.19919e-26
-0.865877,6.32927,2.2932e-26
-0.865877,6.79268,2.0941e-26
-0.865877,7.2561,1.79068e-26
-0.865877,7.71951,1.4886e-26
-0.865877,8.18293,1.23096e-26
-0.865877,8.64634,1.02616e-26
-0.865877,9.10976,8.69567e-27
-0.865877,9.57317,7.50714e-27
-0.865877,10.0366,6.58994e-27
-0.865877,10.5,5.85205e-27
-0.865877,10.9634,5.26067e-27
-0.865877,11.4268,4.77371e-27
-0.865877,11.8902,4.36294e-27
-0.865877,12.3537,4.01048e-27
-0.865877,12.8171,3.69951e-27
-0.865877,13.2805,3.42146e-27
-0.865877,13.7439,3.17322e-27
-0.865877,14.2073,2.94994e-27
-0.865877,14.6707,2.74827e-27
-0.865877,15.1341,2.56478e-27
-0.865877,15.5976,2.3972e-27
-0.865877,16.061,2.24473e-27
-0.865877,16.5244,2.10578e-27
-0.865877,16.9878,1.97787e-27
-0.865877,17.4512,1.85991e-27
-0.865877,17.9146,1.75057e-27
-0.865877,18.378,1.64854e-27
-0.865877,18.8415,1.55416e-27
-0.865877,19.3049,1.46675e-27
-0.865877,19.7683,1.3857e-27
-0.841491,1.23171,6.69743e-25
-0.841491,1.69512,3.44821e-25
-0.841491,2.15854,2.50778e-25
-0.841491,2.62195,1.22187e-25
-0.841491,3.08537,1.28576e-25
-0.841491,3.54878,9.18567e-26
-0.841491,4.0122,7.20382e-26
-0.841491,4.47561,3.83389e-26
-0.841491,4.93902,1.11173e-26
-0.841491,5.40244,1.51864e-27
-0.841491,5.86585,2.71087e-27
-0.841491,6.32927,6.91808e-27
-0.841491,6.79268,1.03906e-26
-0.841491,7.2561,1.22408e-26
-0.841491,7.71951,1.27166e-26
-0.841491,8.18293,1.23088e-26
-0.841491,8.64634,1.14389e-26
-0.841491,9.10976,1.04052e-26
-0.841491,9.57317,9.36468e-27
-0.841491,10.0366,8.38415e-27
-0.841491,10.5,7.47626e-27
-0.841491,10.9634,6.67833e-27
-0.841491,11.4268,5.98247e-27
-0.841491,11.8902,5.37796e-27
-0.841491,12.3537,4.8551e-27
-0.841491,12.8171,4.39719e-27
-0.841491,13.2805,3.99487e-27
-0.841491,13.7439,3.64395e-27
-0.841491,14.2073,3.33648e-27
-0.841491,14.6707,3.06612e-27
-0.841491,15.1341,2.82671e-27
-0.841491,15.5976,2.61369e-27
-0.841491,16.061,2.42473e-27
-0.841491,16.5244,2.25657e-27
-0.841491,16.9878,2.10486e-27
-0.841491,17.4512,1.9675e-27
-0.841491,17.9146,1.84255e-27
-0.841491,18.378,1.72836e-27
-0.841491,18.8415,1.62401e-27
-0.841491,19.3049,1.52841e-27
-0.841491,19.7683,1.4406e-27
-0.817105,1.23171,6.90605e-25
-0.817105,1.69512,3.83287e-25
-0.817105,2.15854,2.34675e-25
-0.817105,2.62195,1.54512e-25
-0.817105,3.08537,1.31429e-25
-0.817105,3.54878,7.8325e-26
-0.817105,4.0122,7.17897e-26
-0.817105,4.47561,5.55342e-26
-0.817105,4.93902,2.77687e-26
-0.817105,5.40244,8.38142e-27
-0.817105,5.86585,7.90382e-28
-0.817105,6.32927,3.60845e-28
-0.817105,6.79268,2.61129e-27
-0.817105,7.2561,5.11347e-27
-0.817105,7.71951,6.97344e-27
-0.817105,8.18293,8.04181e-27
-0.817105,8.64634,8.45766e-27
-0.817105,9.10976,8.43143e-27
-0.817105,9.57317,8.13404e-27
-0.817105,10.0366,7.68304e-27
-0.817105,10.5,7.14376e-27
-0.817105,10.9634,6.59104e-27
-0.817105,11.4268,6.05353e-27
-0.817105,11.8902,5.54715e-27
-0.817105,12.3537,5.08058e-27
-0.817105,12.8171,4.65137e-27
-0.817105,13.2805,4.25963e-27
-0.817105,13.7439,3.9075e-27
-0.817105,14.2073,3.59126e-27
-0.817105,14.6707,3.30663e-27
-0.817105,15.1341,3.05116e-27
-0.817105,15.5976,2.82154e-27
-0.817105,16.061,2.61604e-27
-0.817105,16.5244,2.4319e-27
-0.817105,16.9878,2.26523e-27
-0.817105,17.4512,2.11403e-27
-0.817105,17.9146,1.97665e-27
-0.817105,18.378,1.85171e-27
-0.817105,18.8415,1.73756e-27
-0.817105,19.3049,1.63306e-27
-0.817105,19.7683,1.53719e-27
-0.792719,1.23171,6.97812e-25
-0.792719,1.69512,3.77885e-25
-0.792719,2.15854,2.48194e-25
-0.792719,2.62195,1.58371e-25
-0.792719,3.08537,1.3331e-25
-0.792719,3.54878,8.03197e-26
-0.792719,4.0122,7.44159e-26
-0.792719,4.47561,5.66006e-26
-0.792719,4.93902,2.85054e-26
-0.792719,5.40244,9.07645e-27
-0.792719,5.86585,1.1596e-27
-0.792719,6.32927,3.2568e-28
-0.792719,6.79268,2.28298e-27
-0.792719,7.2561,4.64823e-27
-0.792719,7.71951,6.49966e-27
-0.792719,8.18293,7.63347e-27
-0.792719,8.64634,8.14538e-27
-0.792719,9.10976,8.21629e-27
-0.792719,9.57317,8.00293e-27
-0.792719,10.0366,7.62136e-27
-0.792719,10.5,7.13896e-27
-0.792719,10.9634,6.62834e-27
-0.792719,11.4268,6.12149e-27
-0.792719,11.8902,5.63681e-27
-0.792719,12.3537,5.18417e-27
-0.792719,12.8171,4.76362e-27
-0.792719,13.2805,4.37666e-27
-0.792719,13.7439,4.02604e-27
-0.792719,14.2073,3.70867e-27
-0.792719,14.6707,3.41985e-27
-0.792719,15.1341,3.15948e-27
-0.792719,15.5976,2.9246e-27
-0.792719,16.061,2.71346e-27
-0.792719,16.5244,2.52346e-27
-0.792719,16.9878,2.35115e-27
-0.792719,17.4512,2.19458e-27
-0.792719,17.9146,2.05241e-27
-0.792719,18.378,1.92357e-27
-0.792719,18.8415,1.80572e-27
-0.792719,19.3049,1.6977e-27
-0.792719,19.7683,1.59851e-27
-0.768333,1.23171,6.74486e-25
-0.768333,1.69512,3.83774e-25
-0.768333,2.15854,2.64285e-25
-0.768333,2.62195,1.64493e-25
-0.768333,3.08537,1.34477e-25
-0.768333,3.54878,8.28129e-26
-0.768333,4.0122,7.71615e-26
-0.768333,4.47561,5.7585e-26
-0.768333,4.93902,2.92044e-26
-0.768333,5.40244,9.86953e-27
-0.768333,5.86585,1.74397e-27
-0.768333,6.32927,5.56428e-28
-0.768333,6.79268,2.211e-27
-0.768333,7.2561,4.39694e-27
-0.768333,7.71951,6.18618e-27
-0.768333,8.18293,7.33456e-27
-0.768333,8.64634,7.90086e-27
-0.768333,9.10976,8.03793e-27
-0.768333,9.57317,7.88709e-27
-0.768333,10.0366,7.56078e-27
-0.768333,10.5,7.12656e-27
-0.768333,10.9634,6.65328e-27
-0.768333,11.4268,6.17499e-27
-0.768333,11.8902,5.71163e-27
-0.768333,12.3537,5.27357e-27
-0.768333,12.8171,4.86292e-27
-0.768333,13.2805,4.48229e-27
-0.768333,13.7439,4.13482e-27
-0.768333,14.2073,3.81787e-27
-0.768333,14.6707,3.52621e-27
-0.768333,15.1341,3.26218e-27
-0.768333,15.5976,3.02312e-27
-0.768333,16.061,2.80724e-27
-0.768333,16.5244,2.61215e-27
-0.768333,16.9878,2.43485e-27
-0.768333,17.4512,2.27345e-27
-0.768333,17.9146,2.12696e-27
-0.768333,18.378,1.99468e-27
-0.768333,18.8415,1.87349e-27
-0.768333,19.3049,1.76227e-27
-0.768333,19.7683,1.66001e-27
-0.743947,1.23171,6.72912e-25
-0.743947,1.69512,4.04196e-25
-0.743947,2.15854,2.80361e-25
-0.743947,2.62195,1.72865e-25
-0.743947,3.08537,1.34946e-25
-0.743947,3.54878,8.58077e-26
-0.743947,4.0122,7.99656e-26
-0.743947,4.47561,5.85318e-26
-0.743947,4.93902,2.99441e-26
-0.743947,5.40244,1.07973e-26
-0.743947,5.86585,2.5439e-27
-0.743947,6.32927,1.03435e-27
-0.743947,6.79268,2.37359e-27
-0.743947,7.2561,4.3451e-27
-0.743947,7.71951,6.02622e-27
-0.743947,8.18293,7.14543e-27
-0.743947,8.64634,7.73043e-27
-0.743947,9.10976,7.90666e-27
-0.743947,9.57317,7.79938e-27
-0.743947,10.0366,7.5153e-27
-0.743947,10.5,7.11976e-27
-0.743947,10.9634,6.67788e-27
-0.743947,11.4268,6.22402e-27
-0.743947,11.8902,5.77891e-27
-0.743947,12.3537,5.35373e-27
-0.743947,12.8171,4.95264e-27
-0.743947,13.2805,4.57892e-27
-0.743947,13.7439,4.23542e-27
-0.743947,14.2073,3.91992e-27
-0.743947,14.6707,3.62693e-27
-0.743947,15.1341,3.36057e-27
-0.743947,15.5976,3.11853e-27
-0.743947,16.061,2.89885e-27
-0.743947,16.5244,2.69933e-27
-0.743947,16.9878,2.51761e-27
-0.743947,17.4512,2.35187e-27
-0.743947,17.9146,2.20138e-27
-0.743947,18.378,2.06568e-27
-0.743947,18.8415,1.94118e-27
-0.743947,19.3049,1.82677e-27
-0.743947,19.7683,1.72145e-27
-0.719561,1.23171,7.21821e-25
-0.719561,1.69512,4.33459e-25
-0.719561,2.15854,2.9356e-25
-0.719561,2.62195,1.82995e-25
-0.719561,3.08537,1.34805e-25
-0.719561,3.54878,8.93315e-26
-0.719561,4.0122,8.28101e-26
-0.719561,4.47561,5.94875e-26
-0.719561,4.93902,3.07896e-26
-0.719561,5.40244,1.18812e-26
-0.719561,5.86585,3.55891e-27
-0.719561,6.32927,1.749e-27
-0.719561,6.79268,2.76136e-27
-0.719561,7.2561,4.49012e-27
-0.719561,7.71951,6.0209e-27
-0.719561,8.18293,7.0716e-27
-0.719561,8.64634,7.64468e-27
-0.719561,9.10976,7.83712e-27
-0.719561,9.57317,7.75782e-27
-0.719561,10.0366,7.50496e-27
-0.719561,10.5,7.13759e-27
-0.719561,10.9634,6.71982e-27
-0.719561,11.4268,6.28332e-27
-0.719561,11.8902,5.84905e-27
-0.719561,12.3537,5.43128e-27
-0.719561,12.8171,5.03701e-27
-0.719561,13.2805,4.66952e-27
-0.719561,13.7439,4.32975e-27
-0.719561,14.2073,4.01615e-27
-0.719561,14.6707,3.72405e-27
-0.719561,15.1341,3.45734e-27
-0.719561,15.5976,3.21405e-27
-0.719561,16.061,2.99167e-27
-0.719561,16.5244,2.7883e-27
-0.719561,16.9878,2.60265e-27
-0.719561,17.4512,2.433e-27
-0.719561,17.9146,2.27849e-27
-0.719561,18.378,2.13854e-27
-0.719561,18.8415,2.00999e-27
-0.719561,19.3049,1.89174e-27
-0.719561,19.7683,1.7828e-27
-0.695175,1.23171,7.87009e-25
-0.695175,1.69512,4.62005e-25
-0.695175,2.15854,3.01961e-25
-0.695175,2.62195,1.93943e-25
-0.695175,3.08537,1.34608e-25
-0.695175,3.54878,9.41908e-26
-0.695175,4.0122,8.57661e-26
-0.695175,4.47561,5.98501e-26
-0.695175,4.93902,3.10054e-26
-0.695175,5.40244,1.25996e-26
-0.695175,5.86585,4.50907e-27
-0.695175,6.32927,2.61496e-27
-0.695175,6.79268,3.41137e-27
-0.695175,7.2561,4.92833e-27
-0.695175,7.71951,6.29362e-27
-0.695175,8.18293,7.2397e-27
-0.695175,8.64634,7.75848e-27
-0.695175,9.10976,7.92646e-27
-0.695175,9.57317,7.83972e-27
-0.695175,10.0366,7.58897e-27
-0.695175,10.5,7.22651e-27
-0.695175,10.9634,6.81484e-27
-0.695175,11.4268,6.38191e-27
-0.695175,11.8902,5.948e-27
-0.695175,12.3537,5.52978e-27
-0.695175,12.8171,5.13654e-27
-0.695175,13.2805,4.7711e-27
-0.695175,13.7439,4.43202e-27
-0.695175,14.2073,4.11813e-27
-0.695175,14.6707,3.82536e-27
-0.695175,15.1341,3.55722e-27
-0.695175,15.5976,3.31191e-27
-0.695175,16.061,3.08629e-27
-0.695175,16.5244,2.87863e-27
-0.695175,16.9878,2.68875e-27
-0.695175,17.4512,2.51497e-27
-0.695175,17.9146,2.3563e-27
-0.695175,18.378,2.21195e-27
-0.695175,18.8415,2.07926e-27
-0.695175,19.3049,1.95711e-27
-0.695175,19.7683,1.84451e-27
-0.670789,1.23171,8.05975e-25
-0.670789,1.69512,4.78984e-25
-0.670789,2.15854,3.0464e-25
-0.670789,2.62195,2.05361e-25
-0.670789,3.08537,1.34318e-25
-0.670789,3.54878,9.91022e-26
-0.670789,4.0122,8.84597e-26
-0.670789,4.47561,6.04142e-26
-0.670789,4.93902,3.1648e-26
-0.670789,5.40244,1.37182e-26
-0.670789,5.86585,5.76456e-27
-0.670789,6.32927,3.70184e-27
-0.670789,6.79268,4.21998e-27
-0.670789,7.2561,5.47912e-27
-0.670789,7.71951,6.64444e-27
-0.670789,8.18293,7.46104e-27
-0.670789,8.64634,7.90736e-27
-0.670789,9.10976,8.03754e-27
-0.670789,9.57317,7.93377e-27
-0.670789,10.0366,7.67847e-27
-0.670789,10.5,7.31644e-27
-0.670789,10.9634,6.90799e-27
-0.670789,11.4268,6.47687e-27
-0.670789,11.8902,6.04228e-27
-0.670789,12.3537,5.62314e-27
-0.670789,12.8171,5.2309e-27
-0.670789,13.2805,4.8678e-27
-0.670789,13.7439,4.52983e-27
-0.670789,14.2073,4.21617e-27
-0.670789,14.6707,3.9233e-27
-0.670789,15.1341,3.65429e-27
-0.670789,15.5976,3.40749e-27
-0.670789,16.061,3.17907e-27
-0.670789,16.5244,2.96747e-27
-0.670789,16.9878,2.77367e-27
-0.670789,17.4512,2.59605e-27
-0.670789,17.9146,2.43344e-27
-0.670789,18.378,2.28488e-27
-0.670789,18.8415,2.1482e-27
-0.670789,19.3049,2.02228e-27
-0.670789,19.7683,1.90612e-27
-0.646403,1.23171,7.7458e-25
-0.646403,1.69512,4.7887e-25
-0.646403,2.15854,3.02921e-25
-0.646403,2.62195,2.15732e-25
-0.646403,3.08537,1.3434e-25
-0.646403,3.54878,1.04227e-25
-0.646403,4.0122,9.09844e-26
-0.646403,4.47561,6.11288e-26
-0.646403,4.93902,3.25991e-26
-0.646403,5.40244,1.51411e-26
-0.646403,5.86585,7.28033e-27
-0.646403,6.32927,5.00823e-27
-0.646403,6.79268,5.21375e-27
-0.646403,7.2561,6.18307e-27
-0.646403,7.71951,7.11982e-27
-0.646403,8.18293,7.78135e-27
-0.646403,8.64634,8.13177e-27
-0.646403,9.10976,8.20544e-27
-0.646403,9.57317,8.07091e-27
-0.646403,10.0366,7.8004e-27
-0.646403,10.5,7.43011e-27
-0.646403,10.9634,7.01838e-27
-0.646403,11.4268,6.58453e-27
-0.646403,11.8902,6.14628e-27
-0.646403,12.3537,5.7241e-27
-0.646403,12.8171,5.33098e-27
-0.646403,13.2805,4.96848e-27
-0.646403,13.7439,4.63035e-27
-0.646403,14.2073,4.31603e-27
-0.646403,14.6707,4.02264e-27
-0.646403,15.1341,3.75248e-27
-0.646403,15.5976,3.50404e-27
-0.646403,16.061,3.27295e-27
-0.646403,16.5244,3.05777e-27
-0.646403,16.9878,2.8604e-27
-0.646403,17.4512,2.67922e-27
-0.646403,17.9146,2.51287e-27
-0.646403,18.378,2.36006e-27
-0.646403,18.8415,2.21936e-27
-0.646403,19.3049,2.08965e-27
-0.646403,19.7683,1.96992e-27
-0.622017,1.23171,7.53044e-25
-0.622017,1.69512,4.65489e-25
-0.622017,2.15854,2.96923e-25
-0.622017,2.62195,2.23686e-25
-0.622017,3.08537,1.35753e-25
-0.622017,3.54878,1.10573e-25
-0.622017,4.0122,9.33016e-26
-0.622017,4.47561,6.11987e-26
-0.622017,4.93902,3.29354e-26
-0.622017,5.40244,1.61749e-26
-0.622017,5.86585,8.65841e-27
-0.622017,6.32927,6.37246e-27
-0.622017,6.79268,6.38909e-27
-0.622017,7.2561,7.12893e-27
-0.622017,7.71951,7.86111e-27
-0.622017,8.18293,8.35631e-27
-0.622017,8.64634,8.57597e-27
-0.622017,9.10976,8.56073e-27
-0.622017,9.57317,8.3718e-27
-0.622017,10.0366,8.06413e-27
-0.622017,10.5,7.6628e-27
-0.622017,10.9634,7.22849e-27
-0.622017,11.4268,6.77769e-27
-0.622017,11.8902,6.32619e-27
-0.622017,12.3537,5.89312e-27
-0.622017,12.8171,5.48973e-27
-0.622017,13.2805,5.11729e-27
-0.622017,13.7439,4.77027e-27
-0.622017,14.2073,4.44825e-27
-0.622017,14.6707,4.14946e-27
-0.622017,15.1341,3.87411e-27
-0.622017,15.5976,3.62066e-27
-0.622017,16.061,3.38554e-27
-0.622017,16.5244,3.16725e-27
-0.622017,16.9878,2.96668e-27
-0.622017,17.4512,2.78229e-27
-0.622017,17.9146,2.61201e-27
-0.622017,18.378,2.45382e-27
-0.622017,18.8415,2.30808e-27
-0.622017,19.3049,2.17366e-27
-0.622017,19.7683,2.04952e-27
-0.597631,1.23171,7.94481e-25
-0.597631,1.69512,4.53498e-25
-0.597631,2.15854,2.93821e-25
-0.597631,2.62195,2.2902e-25
-0.597631,3.08537,1.37836e-25
-0.597631,3.54878,1.16382e-25
-0.597631,4.0122,9.53896e-26
-0.597631,4.47561,6.18246e-26
-0.597631,4.93902,3.40349e-26
-0.597631,5.40244,1.78367e-26
-0.597631,5.86585,1.04656e-26
-0.597631,6.32927,8.00762e-27
-0.597631,6.79268,7.73393e-27
-0.597631,7.2561,8.18094e-27
-0.597631,7.71951,8.66928e-27
-0.597631,8.18293,8.97243e-27
-0.597631,8.64634,9.04429e-27
-0.597631,9.10976,8.92992e-27
-0.597631,9.57317,8.68066e-27
-0.597631,10.0366,8.33203e-27
-0.597631,10.5,7.89698e-27
-0.597631,10.9634,7.43845e-27
-0.597631,11.4268,6.96976e-27
-0.597631,11.8902,6.50455e-27
-0.597631,12.3537,6.06044e-27
-0.597631,12.8171,5.64674e-27
-0.597631,13.2805,5.26439e-27
-0.597631,13.7439,4.90859e-27
-0.597631,14.2073,4.57906e-27
-0.597631,14.6707,4.27519e-27
-0.597631,15.1341,3.99495e-27
-0.597631,15.5976,3.73679e-27
-0.597631,16.061,3.49796e-27
-0.597631,16.5244,3.27693e-27
-0.597631,16.9878,3.07351e-27
-0.597631,17.4512,2.88618e-27
-0.597631,17.9146,2.71219e-27
-0.597631,18.378,2.54866e-27
-0.597631,18.8415,2.39793e-27
-0.597631,19.3049,2.25883e-27
-0.597631,19.7683,2.13031e-27
-0.573245,1.23171,8.56094e-25
-0.573245,1.69512,4.57003e-25
-0.573245,2.15854,2.9439e-25
-0.573245,2.62195,2.31542e-25
-0.573245,3.08537,1.41953e-25
-0.573245,3.54878,1.22598e-25
-0.573245,4.0122,9.69705e-26
-0.573245,4.47561,6.19509e-26
-0.573245,4.93902,3.48047e-26
-0.573245,5.40244,1.93371e-26
-0.573245,5.86585,1.22501e-26
-0.573245,6.32927,9.71942e-27
-0.573245,6.79268,9.21927e-27
-0.573245,7.2561,9.40254e-27
-0.573245,7.71951,9.65187e-27
-0.573245,8.18293,9.75216e-27
-0.573245,8.64634,9.658e-27
-0.573245,9.10976,9.42564e-27
-0.573245,9.57317,9.09843e-27
-0.573245,10.0366,8.69247e-27
-0.573245,10.5,8.20859e-27
-0.573245,10.9634,7.71298e-27
-0.573245,11.4268,7.21559e-27
-0.573245,11.8902,6.72766e-27
-0.573245,12.3537,6.26509e-27
-0.573245,12.8171,5.83496e-27
-0.573245,13.2805,5.43765e-27
-0.573245,13.7439,5.06891e-27
-0.573245,14.2073,4.72849e-27
-0.573245,14.6707,4.41687e-27
-0.573245,15.1341,4.12955e-27
-0.573245,15.5976,3.86485e-27
-0.573245,16.061,3.62088e-27
-0.573245,16.5244,3.39598e-27
-0.573245,16.9878,3.18876e-27
-0.573245,17.4512,2.99771e-27
-0.573245,17.9146,2.81931e-27
-0.573245,18.378,2.64971e-27
-0.573245,18.8415,2.49336e-27
-0.573245,19.3049,2.34904e-27
-0.573245,19.7683,2.21567e-27
-0.548859,1.23171,8.58695e-25
-0.548859,1.69512,4.77085e-25
-0.548859,2.15854,3.02345e-25
-0.548859,2.62195,2.31553e-25
-0.548859,3.08537,1.47135e-25
-0.548859,3.54878,1.2824e-25
-0.548859,4.0122,9.83842e-26
-0.548859,4.47561,6.25236e-26
-0.548859,4.93902,3.61499e-26
-0.548859,5.40244,2.13082e-26
-0.548859,5.86585,1.43692e-26
-0.548859,6.32927,1.1663e-26
-0.548859,6.79268,1.08734e-26
-0.548859,7.2561,1.07521e-26
-0.548859,7.71951,1.07347e-26
-0.548859,8.18293,1.0611e-26
-0.548859,8.64634,1.03346e-26
-0.548859,9.10976,9.97237e-27
-0.548859,9.57317,9.55797e-27
-0.548859,10.0366,9.08719e-27
-0.548859,10.5,8.54855e-27
-0.548859,10.9634,8.01114e-27
-0.548859,11.4268,7.48127e-27
-0.548859,11.8902,6.96764e-27
-0.548859,12.3537,6.48421e-27
-0.548859,12.8171,6.03568e-27
-0.548859,13.2805,5.62176e-27
-0.548859,13.7439,5.23874e-27
-0.548859,14.2073,4.88631e-27
-0.548859,14.6707,4.56595e-27
-0.548859,15.1341,4.27072e-27
-0.548859,15.5976,3.99881e-27
-0.548859,16.061,3.74913e-27
-0.548859,16.5244,3.5199e-27
-0.548859,16.9878,3.3085e-27
-0.548859,17.4512,3.11342e-27
-0.548859,17.9146,2.93034e-27
-0.548859,18.378,2.75449e-27
-0.548859,18.8415,2.59235e-27
-0.548859,19.3049,2.44266e-27
-0.548859,19.7683,2.30431e-27
-0.524473,1.23171,8.04454e-25
-0.524473,1.69512,5.08417e-25
-0.524473,2.15854,3.15785e-25
-0.524473,2.62195,2.30439e-25
-0.524473,3.08537,1.54539e-25
-0.524473,3.54878,1.33891e-25
-0.524473,4.0122,9.95607e-26
-0.524473,4.47561,6.30617e-26
-0.524473,4.93902,3.75608e-26
-0.524473,5.40244,2.34041e-26
-0.524473,5.86585,1.66437e-26
-0.524473,6.32927,1.37843e-26
-0.524473,6.79268,1.27066e-26
-0.524473,7.2561,1.22776e-26
-0.524473,7.71951,1.19862e-26
-0.524473,8.18293,1.16393e-26
-0.524473,8.64634,1.11897e-26
-0.524473,9.10976,1.06875e-26
-0.524473,9.57317,1.01558e-26
-0.524473,10.0366,9.59424e-27
-0.524473,10.5,8.99176e-27
-0.524473,10.9634,8.40427e-27
-0.524473,11.4268,7.8347e-27
-0.524473,11.8902,7.28912e-27
-0.524473,12.3537,6.77928e-27
-0.524473,12.8171,6.30775e-27
-0.524473,13.2805,5.87342e-27
-0.524473,13.7439,5.47268e-27
-0.524473,14.2073,5.10412e-27
-0.524473,14.6707,4.76706e-27
-0.524473,15.1341,4.45703e-27
-0.524473,15.5976,4.17189e-27
-0.524473,16.061,3.91014e-27
-0.524473,16.5244,3.66981e-27
-0.524473,16.9878,3.44838e-27
-0.524473,17.4512,3.24418e-27
-0.524473,17.9146,3.05356e-27
-0.524473,18.378,2.8726e-27
-0.524473,18.8415,2.70564e-27
-0.524473,19.3049,2.55139e-27
-0.524473,19.7683,2.40871e-27
-0.500087,1.23171,7.80604e-25
-0.500087,1.69512,5.32825e-25
-0.500087,2.15854,3.33391e-25
-0.500087,2.62195,2.28738e-25
-0.500087,3.08537,1.62564e-25
-0.500087,3.54878,1.38801e-25
-0.500087,4.0122,1.00797e-25
-0.500087,4.47561,6.42125e-26
-0.500087,4.93902,3.96219e-26
-0.500087,5.40244,2.60071e-26
-0.500087,5.86585,1.92786e-26
-0.500087,6.32927,1.61594e-26
-0.500087,6.79268,1.47237e-26
-0.500087,7.2561,1.39426e-26
-0.500087,7.71951,1.33482e-26
-0.500087,8.18293,1.27582e-26
-0.500087,8.64634,1.2121e-26
-0.500087,9.10976,1.14662e-26
-0.500087,9.57317,1.0806e-26
-0.500087,10.0366,1.01447e-26
-0.500087,10.5,9.47212e-27
-0.500087,10.9634,8.82936e-27
-0.500087,11.4268,8.21585e-27
-0.500087,11.8902,7.63487e-27
-0.500087,12.3537,7.09574e-27
-0.500087,12.8171,6.59875e-27
-0.500087,13.2805,6.14188e-27
-0.500087,13.7439,5.72164e-27
-0.500087,14.2073,5.3354e-27
-0.500087,14.6707,4.98011e-27
-0.500087,15.1341,4.65397e-27
-0.500087,15.5976,4.35449e-27
-0.500087,16.061,4.0797e-27
-0.500087,16.5244,3.82741e-27
-0.500087,16.9878,3.59519e-27
-0.500087,17.4512,3.38123e-27
-0.500087,17.9146,3.18259e-27
-0.500087,18.378,2.99625e-27
-0.500087,18.8415,2.82422e-27
-0.500087,19.3049,2.6652e-27
-0.500087,19.7683,2.51801e-27
-0.475701,1.23171,8.21422e-25
-0.475701,1.69512,5.3777e-25
-0.475701,2.15854,3.50818e-25
-0.475701,2.62195,2.28117e-25
-0.475701,3.08537,1.71628e-25
-0.475701,3.54878,1.4313e-25
-0.475701,4.0122,1.01818e-25
-0.475701,4.47561,6.5485e-26
-0.475701,4.93902,4.18787e-26
-0.475701,5.40244,2.87933e-26
-0.475701,5.86585,2.20775e-26
-0.475701,6.32927,1.86863e-26
-0.475701,6.79268,1.68842e-26
-0.475701,7.2561,1.57437e-26
-0.475701,7.71951,1.48384e-26
-0.475701,8.18293,1.3996e-26
-0.475701,8.64634,1.31609e-26
-0.475701,9.10976,1.23416e-26
-0.475701,9.57317,1.15399e-26
-0.475701,10.0366,1.07676e-26
-0.475701,10.5,1.00159e-26
-0.475701,10.9634,9.30991e-27
-0.475701,11.4268,8.64559e-27
-0.475701,11.8902,8.02331e-27
-0.475701,12.3537,7.44982e-27
-0.475701,12.8171,6.92294e-27
-0.475701,13.2805,6.43969e-27
-0.475701,13.7439,5.99667e-27
-0.475701,14.2073,5.58986e-27
-0.475701,14.6707,5.21363e-27
-0.475701,15.1341,4.86905e-27
-0.475701,15.5976,4.55323e-27
-0.475701,16.061,4.26366e-27
-0.475701,16.5244,3.99789e-27
-0.475701,16.9878,3.75356e-27
-0.475701,17.4512,3.52867e-27
-0.475701,17.9146,3.32107e-27
-0.475701,18.378,3.12871e-27
-0.475701,18.8415,2.95105e-27
-0.475701,19.3049,2.78674e-27
-0.475701,19.7683,2.63459e-27
-0.451315,1.23171,8.68782e-25
-0.451315,1.69512,5.2216e-25
-0.451315,2.15854,3.65046e-25
-0.451315,2.62195,2.27446e-25
-0.451315,3.08537,1.79117e-25
-0.451315,3.54878,1.47004e-25
-0.451315,4.0122,1.04289e-25
-0.451315,4.47561,6.86993e-26
-0.451315,4.93902,4.57632e-26
-0.451315,5.40244,3.27326e-26
-0.451315,5.86585,2.56347e-26
-0.451315,6.32927,2.16957e-26
-0.451315,6.79268,1.93486e-26
-0.451315,7.2561,1.77374e-26
-0.451315,7.71951,1.6453e-26
-0.451315,8.18293,1.53166e-26
-0.451315,8.64634,1.42582e-26
-0.451315,9.10976,1.32565e-26
-0.451315,9.57317,1.23002e-26
-0.451315,10.0366,1.14084e-26
-0.451315,10.5,1.05731e-26
-0.451315,10.9634,9.80105e-27
-0.451315,11.4268,9.08406e-27
-0.451315,11.8902,8.41931e-27
-0.451315,12.3537,7.81072e-27
-0.451315,12.8171,7.25338e-27
-0.451315,13.2805,6.74328e-27
-0.451315,13.7439,6.27714e-27
-0.451315,14.2073,5.84947e-27
-0.451315,14.6707,5.45181e-27
-0.451315,15.1341,5.0884e-27
-0.451315,15.5976,4.75593e-27
-0.451315,16.061,4.45128e-27
-0.451315,16.5244,4.17175e-27
-0.451315,16.9878,3.91508e-27
-0.451315,17.4512,3.67907e-27
-0.451315,17.9146,3.46241e-27
-0.451315,18.378,3.26413e-27
-0.451315,18.8415,3.08092e-27
-0.451315,19.3049,2.9114e-27
-0.451315,19.7683,2.75434e-27
-0.426929,1.23171,8.71173e-25
-0.426929,1.69512,5.05785e-25
-0.426929,2.15854,3.74709e-25
-0.426929,2.62195,2.2943e-25
-0.426929,3.08537,1.88345e-25
-0.426929,3.54878,1.5117e-25
-0.426929,4.0122,1.06589e-25
-0.426929,4.47561,7.15935e-26
-0.426929,4.93902,4.93626e-26
-0.426929,5.40244,3.64982e-26
-0.426929,5.86585,2.91724e-26
-0.426929,6.32927,2.48262e-26
-0.426929,6.79268,2.20094e-26
-0.426929,7.2561,1.99665e-26
-0.426929,7.71951,1.83108e-26
-0.426929,8.18293,1.687e-26
-0.426929,8.64634,1.55665e-26
-0.426929,9.10976,1.43703e-26
-0.426929,9.57317,1.32601e-26
-0.426929,10.0366,1.22449e-26
-0.426929,10.5,1.13077e-26
-0.426929,10.9634,1.04526e-26
-0.426929,11.4268,9.66786e-27
-0.426929,11.8902,8.94755e-27
-0.426929,12.3537,8.29208e-27
-0.426929,12.8171,7.69382e-27
-0.426929,13.2805,7.14759e-27
-0.426929,13.7439,6.65006e-27
-0.426929,14.2073,6.19456e-27
-0.426929,14.6707,5.77094e-27
-0.426929,15.1341,5.38453e-27
-0.426929,15.5976,5.03156e-27
-0.426929,16.061,4.70836e-27
-0.426929,16.5244,4.41195e-27
-0.426929,16.9878,4.14002e-27
-0.426929,17.4512,3.89017e-27
-0.426929,17.9146,3.66101e-27
-0.426929,18.378,3.45155e-27
-0.426929,18.8415,3.25807e-27
-0.426929,19.3049,3.0791e-27
-0.426929,19.7683,2.91332e-27
-0.402543,1.23171,8.21086e-25
-0.402543,1.69512,4.97644e-25
-0.402543,2.15854,3.75904e-25
-0.402543,2.62195,2.37574e-25
-0.402543,3.08537,1.99305e-25
-0.402543,3.54878,1.54327e-25
-0.402543,4.0122,1.07432e-25
-0.402543,4.47561,7.32092e-26
-0.402543,4.93902,5.20085e-26
-0.402543,5.40244,3.96323e-26
-0.402543,5.86585,3.23493e-26
-0.402543,6.32927,2.77989e-26
-0.402543,6.79268,2.46425e-26
-0.402543,7.2561,2.22485e-26
-0.402543,7.71951,2.02668e-26
-0.402543,8.18293,1.8544e-26
-0.402543,8.64634,1.70031e-26
-0.402543,9.10976,1.56128e-26
-0.402543,9.57317,1.43452e-26
-0.402543,10.0366,1.31999e-26
-0.402543,10.5,1.21516e-26
-0.402543,10.9634,1.1204e-26
-0.402543,11.4268,1.03426e-26
-0.402543,11.8902,9.5585e-27
-0.402543,12.3537,8.84853e-27
-0.402543,12.8171,8.20231e-27
-0.402543,13.2805,7.61353e-27
-0.402543,13.7439,7.07886e-27
-0.402543,14.2073,6.59041e-27
-0.402543,14.6707,6.13622e-27
-0.402543,15.1341,5.72272e-27
-0.402543,15.5976,5.34563e-27
-0.402543,16.061,5.00065e-27
-0.402543,16.5244,4.68445e-27
-0.402543,16.9878,4.39467e-27
-0.402543,17.4512,4.12866e-27
-0.402543,17.9146,3.88489e-27
-0.402543,18.378,3.66224e-27
-0.402543,18.8415,3.45669e-27
-0.402543,19.3049,3.26665e-27
-0.402543,19.7683,3.09068e-27
-0.378157,1.23171,8.05738e-25
-0.378157,1.69512,5.1432e-25
-0.378157,2.15854,3.70437e-25
-0.378157,2.62195,2.50238e-25
-0.378157,3.08537,2.09293e-25
-0.378157,3.54878,1.56503e-25
-0.378157,4.0122,1.08249e-25
-0.378157,4.47561,7.51492e-26
-0.378157,4.93902,5.49851e-26
-0.378157,5.40244,4.30226e-26
-0.378157,5.86585,3.57227e-26
-0.378157,6.32927,3.09343e-26
-0.378157,6.79268,2.74124e-26
-0.378157,7.2561,2.46504e-26
-0.378157,7.71951,2.23299e-26
-0.378157,8.18293,2.03151e-26
-0.378157,8.64634,1.85285e-26
-0.378157,9.10976,1.69368e-26
-0.378157,9.57317,1.55055e-26
-0.378157,10.0366,1.42242e-26
-0.378157,10.5,1.30588e-26
-0.378157,10.9634,1.20132e-26
-0.378157,11.4268,1.10703e-26
-0.378157,11.8902,1.02181e-26
-0.378157,12.3537,9.44981e-27
-0.378157,12.8171,8.75202e-27
-0.378157,13.2805,8.11731e-27
-0.378157,13.7439,7.54249e-27
-0.378157,14.2073,7.01834e-27
-0.378157,14.6707,6.53096e-27
-0.378157,15.1341,6.08804e-27
-0.378157,15.5976,5.68473e-27
-0.378157,16.061,5.31607e-27
-0.378157,16.5244,4.97835e-27
-0.378157,16.9878,4.66917e-27
-0.378157,17.4512,4.38561e-27
-0.378157,17.9146,4.12596e-27
-0.378157,18.378,3.88899e-27
-0.378157,18.8415,3.67035e-27
-0.378157,19.3049,3.4683e-27
-0.378157,19.7683,3.28129e-27
-0.353771,1.23171,8.68259e-25
-0.353771,1.69512,5.52459e-25
-0.353771,2.15854,3.62786e-25
-0.353771,2.62195,2.65297e-25
-0.353771,3.08537,2.17475e-25
-0.353771,3.54878,1.58469e-25
-0.353771,4.0122,1.10036e-25
-0.353771,4.47561,7.82002e-26
-0.353771,4.93902,5.88352e-26
-0.353771,5.40244,4.70219e-26
-0.353771,5.86585,3.95139e-26
-0.353771,6.32927,3.43669e-26
-0.353771,6.79268,3.03965e-26
-0.353771,7.2561,2.72135e-26
-0.353771,7.71951,2.45191e-26
-0.353771,8.18293,2.21889e-26
-0.353771,8.64634,2.014e-26
-0.353771,9.10976,1.83355e-26
-0.353771,9.57317,1.67322e-26
-0.353771,10.0366,1.53083e-26
-0.353771,10.5,1.40198e-26
-0.353771,10.9634,1.28711e-26
-0.353771,11.4268,1.18425e-26
-0.353771,11.8902,1.09189e-26
-0.353771,12.3537,1.00892e-26
-0.353771,12.8171,9.33697e-27
-0.353771,13.2805,8.65366e-27
-0.353771,13.7439,8.03633e-27
-0.353771,14.2073,7.47431e-27
-0.353771,14.6707,6.95162e-27
-0.353771,15.1341,6.47739e-27
-0.353771,15.5976,6.04617e-27
-0.353771,16.061,5.65227e-27
-0.353771,16.5244,5.2916e-27
-0.353771,16.9878,4.96174e-27
-0.353771,17.4512,4.65946e-27
-0.353771,17.9146,4.38287e-27
-0.353771,18.378,4.13062e-27
-0.353771,18.8415,3.89801e-27
-0.353771,19.3049,3.68316e-27
-0.353771,19.7683,3.48438e-27
-0.329385,1.23171,9.39422e-25
-0.329385,1.69512,5.9631e-25
-0.329385,2.15854,3.60729e-25
-0.329385,2.62195,2.84056e-25
-0.329385,3.08537,2.24768e-25
-0.329385,3.54878,1.59994e-25
-0.329385,4.0122,1.12084e-25
-0.329385,4.47561,8.1673e-26
-0.329385,4.93902,6.30545e-26
-0.329385,5.40244,5.13608e-26
-0.329385,5.86585,4.36011e-26
-0.329385,6.32927,3.80484e-26
-0.329385,6.79268,3.36295e-26
-0.329385,7.2561,3.00298e-26
-0.329385,7.71951,2.69702e-26
-0.329385,8.18293,2.43199e-26
-0.329385,8.64634,2.19954e-26
-0.329385,9.10976,1.99643e-26
-0.329385,9.57317,1.81756e-26
-0.329385,10.0366,1.65956e-26
-0.329385,10.5,1.51715e-26
-0.329385,10.9634,1.39079e-26
-0.329385,11.4268,1.27782e-26
-0.329385,11.8902,1.17644e-26
-0.329385,12.3537,1.0857e-26
-0.329385,12.8171,1.00367e-26
-0.329385,13.2805,9.29359e-27
-0.329385,13.7439,8.62376e-27
-0.329385,14.2073,8.01647e-27
-0.329385,14.6707,7.45797e-27
-0.329385,15.1341,6.95155e-27
-0.329385,15.5976,6.49128e-27
-0.329385,16.061,6.07059e-27
-0.329385,16.5244,5.68506e-27
-0.329385,16.9878,5.33254e-27
-0.329385,17.4512,5.00955e-27
-0.329385,17.9146,4.71321e-27
-0.329385,18.378,4.44103e-27
-0.329385,18.8415,4.1902e-27
-0.329385,19.3049,3.95865e-27
-0.329385,19.7683,3.74452e-27
-0.304999,1.23171,9.38622e-25
-0.304999,1.69512,6.17973e-25
-0.304999,2.15854,3.72558e-25
-0.304999,2.62195,3.04416e-25
-0.304999,3.08537,2.29188e-25
-0.304999,3.54878,1.59899e-25
-0.304999,4.0122,1.13529e-25
-0.304999,4.47561,8.49484e-26
-0.304999,4.93902,6.72198e-26
-0.304999,5.40244,5.5721e-26
-0.304999,5.86585,4.77503e-26
-0.304999,6.32927,4.18142e-26
-0.304999,6.79268,3.69692e-26
-0.304999,7.2561,3.29685e-26
-0.304999,7.71951,2.95547e-26
-0.304999,8.18293,2.65865e-26
-0.304999,8.64634,2.39826e-26
-0.304999,9.10976,2.17199e-26
-0.304999,9.57317,1.97402e-26
-0.304999,10.0366,1.79979e-26
-0.304999,10.5,1.64315e-26
-0.304999,10.9634,1.50461e-26
-0.304999,11.4268,1.38074e-26
-0.304999,11.8902,1.26948e-26
-0.304999,12.3537,1.17019e-26
-0.304999,12.8171,1.08068e-26
-0.304999,13.2805,9.99777e-27
-0.304999,13.7439,9.27004e-27
-0.304999,14.2073,8.6131e-27
-0.304999,14.6707,8.01676e-27
-0.304999,15.1341,7.47621e-27
-0.304999,15.5976,6.98499e-27
-0.304999,16.061,6.53557e-27
-0.304999,16.5244,6.12323e-27
-0.304999,16.9878,5.74622e-27
-0.304999,17.4512,5.40078e-27
-0.304999,17.9146,5.08275e-27
-0.304999,18.378,4.78816e-27
-0.304999,18.8415,4.51684e-27
-0.304999,19.3049,4.26649e-27
-0.304999,19.7683,4.0351e-27
-0.280613,1.23171,8.95323e-25
-0.280613,1.69512,6.11034e-25
-0.280613,2.15854,3.97717e-25
-0.280613,2.62195,3.2066e-25
-0.280613,3.08537,2.30809e-25
-0.280613,3.54878,1.60104e-25
-0.280613,4.0122,1.16204e-25
-0.280613,4.47561,8.93755e-26
-0.280613,4.93902,7.2237e-26
-0.280613,5.40244,6.06765e-26
-0.280613,5.86585,5.23158e-26
-0.280613,6.32927,4.5879e-26
-0.280613,6.79268,4.05342e-26
-0.280613,7.2561,3.60866e-26
-0.280613,7.71951,3.22894e-26
-0.280613,8.18293,2.89817e-26
-0.280613,8.64634,2.60814e-26
-0.280613,9.10976,2.35751e-26
-0.280613,9.57317,2.13956e-26
-0.280613,10.0366,1.94837e-26
-0.280613,10.5,1.77682e-26
-0.280613,10.9634,1.62554e-26
-0.280613,11.4268,1.4902e-26
-0.280613,11.8902,1.36848e-26
-0.280613,12.3537,1.26013e-26
-0.280613,12.8171,1.16269e-26
-0.280613,13.2805,1.07481e-26
-0.280613,13.7439,9.959e-27
-0.280613,14.2073,9.2495e-27
-0.280613,14.6707,8.6137e-27
-0.280613,15.1341,8.03745e-27
-0.280613,15.5976,7.51383e-27
-0.280613,16.061,7.03422e-27
-0.280613,16.5244,6.5936e-27
-0.280613,16.9878,6.19072e-27
-0.280613,17.4512,5.82156e-27
-0.280613,17.9146,5.48045e-27
-0.280613,18.378,5.16178e-27
-0.280613,18.8415,4.86843e-27
-0.280613,19.3049,4.59789e-27
-0.280613,19.7683,4.34793e-27
-0.256227,1.23171,9.18916e-25
-0.256227,1.69512,5.92689e-25
-0.256227,2.15854,4.2981e-25
-0.256227,2.62195,3.31072e-25
-0.256227,3.08537,2.31475e-25
-0.256227,3.54878,1.62075e-25
-0.256227,4.0122,1.20889e-25
-0.256227,4.47561,9.53396e-26
-0.256227,4.93902,7.82974e-26
-0.256227,5.40244,6.63276e-26
-0.256227,5.86585,5.73527e-26
-0.256227,6.32927,5.02743e-26
-0.256227,6.79268,4.43431e-26
-0.256227,7.2561,3.93949e-26
-0.256227,7.71951,3.51811e-26
-0.256227,8.18293,3.15096e-26
-0.256227,8.64634,2.82944e-26
-0.256227,9.10976,2.55313e-26
-0.256227,9.57317,2.31428e-26
-0.256227,10.0366,2.10537e-26
-0.256227,10.5,1.91824e-26
-0.256227,10.9634,1.75363e-26
-0.256227,11.4268,1.60625e-26
-0.256227,11.8902,1.4735e-26
-0.256227,12.3537,1.35559e-26
-0.256227,12.8171,1.24978e-26
-0.256227,13.2805,1.15453e-26
-0.256227,13.7439,1.06913e-26
-0.256227,14.2073,9.92635e-27
-0.256227,14.6707,9.24959e-27
-0.256227,15.1341,8.63621e-27
-0.256227,15.5976,8.0788e-27
-0.256227,16.061,7.56762e-27
-0.256227,16.5244,7.09731e-27
-0.256227,16.9878,6.66724e-27
-0.256227,17.4512,6.27309e-27
-0.256227,17.9146,5.90755e-27
-0.256227,18.378,5.56308e-27
-0.256227,18.8415,5.24613e-27
-0.256227,19.3049,4.95393e-27
-0.256227,19.7683,4.68407e-27
-0.231841,1.23171,1.02018e-24
-0.231841,1.69512,5.92986e-25
-0.231841,2.15854,4.62028e-25
-0.231841,2.62195,3.34575e-25
-0.231841,3.08537,2.30122e-25
-0.231841,3.54878,1.64377e-25
-0.231841,4.0122,1.25926e-25
-0.231841,4.47561,1.01566e-25
-0.231841,4.93902,8.45965e-26
-0.231841,5.40244,7.21811e-26
-0.231841,5.86585,6.25783e-26
-0.231841,6.32927,5.48574e-26
-0.231841,6.79268,4.83222e-26
-0.231841,7.2561,4.28759e-26
-0.231841,7.71951,3.82663e-26
-0.231841,8.18293,3.42503e-26
-0.231841,8.64634,3.07367e-26
-0.231841,9.10976,2.77181e-26
-0.231841,9.57317,2.51083e-26
-0.231841,10.0366,2.28302e-26
-0.231841,10.5,2.07915e-26
-0.231841,10.9634,1.90011e-26
-0.231841,11.4268,1.74004e-26
-0.231841,11.8902,1.59603e-26
-0.231841,12.3537,1.46826e-26
-0.231841,12.8171,1.35377e-26
-0.231841,13.2805,1.25082e-26
-0.231841,13.7439,1.15857e-26
-0.231841,14.2073,1.07595e-26
-0.231841,14.6707,1.00276e-26
-0.231841,15.1341,9.36442e-27
-0.231841,15.5976,8.76198e-27
-0.231841,16.061,8.21086e-27
-0.231841,16.5244,7.70518e-27
-0.231841,16.9878,7.24265e-27
-0.231841,17.4512,6.81863e-27
-0.231841,17.9146,6.4244e-27
-0.231841,18.378,6.05079e-27
-0.231841,18.8415,5.70705e-27
-0.231841,19.3049,5.39018e-27
-0.231841,19.7683,5.09754e-27
-0.207455,1.23171,1.08605e-24
-0.207455,1.69512,6.28298e-25
-0.207455,2.15854,4.83577e-25
-0.207455,2.62195,3.32561e-25
-0.207455,3.08537,2.2982e-25
-0.207455,3.54878,1.69018e-25
-0.207455,4.0122,1.32698e-25
-0.207455,4.47561,1.08915e-25
-0.207455,4.93902,9.1631e-26
-0.207455,5.40244,7.85288e-26
-0.207455,5.86585,6.81582e-26
-0.207455,6.32927,5.97139e-26
-0.207455,6.79268,5.25165e-26
-0.207455,7.2561,4.65439e-26
-0.207455,7.71951,4.15315e-26
-0.207455,8.18293,3.71683e-26
-0.207455,8.64634,3.33556e-26
-0.207455,9.10976,3.00753e-26
-0.207455,9.57317,2.72334e-26
-0.207455,10.0366,2.47565e-26
-0.207455,10.5,2.2541e-26
-0.207455,10.9634,2.0598e-26
-0.207455,11.4268,1.88645e-26
-0.207455,11.8902,1.73079e-26
-0.207455,12.3537,1.59276e-26
-0.207455,12.8171,1.4692e-26
-0.207455,13.2805,1.35821e-26
-0.207455,13.7439,1.25876e-26
-0.207455,14.2073,1.16957e-26
-0.207455,14.6707,1.09007e-26
-0.207455,15.1341,1.01807e-26
-0.207455,15.5976,9.52683e-27
-0.207455,16.061,8.93089e-27
-0.207455,16.5244,8.38633e-27
-0.207455,16.9878,7.88807e-27
-0.207455,17.4512,7.43113e-27
-0.207455,17.9146,7.00535e-27
-0.207455,18.378,6.59995e-27
-0.207455,18.8415,6.22692e-27
-0.207455,19.3049,5.88302e-27
-0.207455,19.7683,5.56537e-27
-0.183069,1.23171,1.06053e-24
-0.183069,1.69512,6.86634e-25
-0.183069,2.15854,4.90176e-25
-0.183069,2.62195,3.28563e-25
-0.183069,3.08537,2.32402e-25
-0.183069,3.54878,1.76437e-25
-0.183069,4.0122,1.4128e-25
-0.183069,4.47561,1.17356e-25
-0.183069,4.93902,9.93368e-26
-0.183069,5.40244,8.53136e-26
-0.183069,5.86585,7.40447e-26
-0.183069,6.32927,6.48024e-26
-0.183069,6.79268,5.68957e-26
-0.183069,7.2561,5.03722e-26
-0.183069,7.71951,4.49472e-26
-0.183069,8.18293,4.02298e-26
-0.183069,8.64634,3.61119e-26
-0.183069,9.10976,3.25634e-26
-0.183069,9.57317,2.94816e-26
-0.183069,10.0366,2.6799e-26
-0.183069,10.5,2.43999e-26
-0.183069,10.9634,2.2298e-26
-0.183069,11.4268,2.0426e-26
-0.183069,11.8902,1.87479e-26
-0.183069,12.3537,1.72604e-26
-0.183069,12.8171,1.593e-26
-0.183069,13.2805,1.47358e-26
-0.183069,13.7439,1.36657e-26
-0.183069,14.2073,1.27045e-26
-0.183069,14.6707,1.18423e-26
-0.183069,15.1341,1.10617e-26
-0.183069,15.5976,1.03529e-26
-0.183069,16.061,9.70932e-27
-0.183069,16.5244,9.1236e-27
-0.183069,16.9878,8.58745e-27
-0.183069,17.4512,8.09555e-27
-0.183069,17.9146,7.63614e-27
-0.183069,18.378,7.19659e-27
-0.183069,18.8415,6.79209e-27
-0.183069,19.3049,6.41911e-27
-0.183069,19.7683,6.07455e-27
-0.158683,1.23171,1.03546e-24
-0.158683,1.69512,7.37268e-25
-0.158683,2.15854,4.84294e-25
-0.158683,2.62195,3.26831e-25
-0.158683,3.08537,2.39193e-25
-0.158683,3.54878,1.8678e-25
-0.158683,4.0122,1.51525e-25
-0.158683,4.47561,1.2673e-25
-0.158683,4.93902,1.07598e-25
-0.158683,5.40244,9.24581e-26
-0.158683,5.86585,8.01879e-26
-0.158683,6.32927,7.0091e-26
-0.158683,6.79268,6.14394e-26
-0.158683,7.2561,5.43481e-26
-0.158683,7.71951,4.85064e-26
-0.158683,8.18293,4.34314e-26
-0.158683,8.64634,3.90049e-26
-0.158683,9.10976,3.51832e-26
-0.158683,9.57317,3.18549e-26
-0.158683,10.0366,2.89605e-26
-0.158683,10.5,2.63715e-26
-0.158683,10.9634,2.41048e-26
-0.158683,11.4268,2.2089e-26
-0.158683,11.8902,2.02846e-26
-0.158683,12.3537,1.86853e-26
-0.158683,12.8171,1.7256e-26
-0.158683,13.2805,1.59738e-26
-0.158683,13.7439,1.48244e-26
-0.158683,14.2073,1.37904e-26
-0.158683,14.6707,1.28568e-26
-0.158683,15.1341,1.20116e-26
-0.158683,15.5976,1.12443e-26
-0.158683,16.061,1.05501e-26
-0.158683,16.5244,9.92089e-27
-0.158683,16.9878,9.34466e-27
-0.158683,17.4512,8.81571e-27
-0.158683,17.9146,8.32051e-27
-0.158683,18.378,7.84434e-27
-0.158683,18.8415,7.40606e-27
-0.158683,19.3049,7.00185e-27
-0.158683,19.7683,6.62835e-27
-0.134297,1.23171,1.11031e-24
-0.134297,1.69512,7.5612e-25
-0.134297,2.15854,4.73905e-25
-0.134297,2.62195,3.29988e-25
-0.134297,3.08537,2.49161e-25
-0.134297,3.54878,1.98162e-25
-0.134297,4.0122,1.61954e-25
-0.134297,4.47561,1.35769e-25
-0.134297,4.93902,1.15322e-25
-0.134297,5.40244,9.90697e-26
-0.134297,5.86585,8.58466e-26
-0.134297,6.32927,7.49492e-26
-0.134297,6.79268,6.56035e-26
-0.134297,7.2561,5.79694e-26
-0.134297,7.71951,5.17044e-26
-0.134297,8.18293,4.62976e-26
-0.134297,8.64634,4.16069e-26
-0.134297,9.10976,3.75608e-26
-0.134297,9.57317,3.40398e-26
-0.134297,10.0366,3.09771e-26
-0.134297,10.5,2.82309e-26
-0.134297,10.9634,2.58263e-26
-0.134297,11.4268,2.36882e-26
-0.134297,11.8902,2.17747e-26
-0.134297,12.3537,2.00779e-26
-0.134297,12.8171,1.85626e-26
-0.134297,13.2805,1.72042e-26
-0.134297,13.7439,1.59854e-26
-0.134297,14.2073,1.48869e-26
-0.134297,14.6707,1.38891e-26
-0.134297,15.1341,1.29854e-26
-0.134297,15.5976,1.21646e-26
-0.134297,16.061,1.14191e-26
-0.134297,16.5244,1.07404e-26
-0.134297,16.9878,1.01189e-26
-0.134297,17.4512,9.54841e-27
-0.134297,17.9146,9.01653e-27
-0.134297,18.378,8.51017e-27
-0.134297,18.8415,8.04363e-27
-0.134297,19.3049,7.61294e-27
-0.134297,19.7683,7.21459e-27
-0.109911,1.23171,1.23379e-24
-0.109911,1.69512,7.4581e-25
-0.109911,2.15854,4.69999e-25
-0.109911,2.62195,3.40589e-25
-0.109911,3.08537,2.62506e-25
-0.109911,3.54878,2.10485e-25
-0.109911,4.0122,1.72462e-25
-0.109911,4.47561,1.44484e-25
-0.109911,4.93902,1.22601e-25
-0.109911,5.40244,1.05264e-25
-0.109911,5.86585,9.11445e-26
-0.109911,6.32927,7.95007e-26
-0.109911,6.79268,6.95076e-26
-0.109911,7.2561,6.13564e-26
-0.109911,7.71951,5.46705e-26
-0.109911,8.18293,4.89543e-26
-0.109911,8.64634,4.40336e-26
-0.109911,9.10976,3.97986e-26
-0.109911,9.57317,3.61231e-26
-0.109911,10.0366,3.29228e-26
-0.109911,10.5,3.00418e-26
-0.109911,10.9634,2.75176e-26
-0.109911,11.4268,2.52718e-26
-0.109911,11.8902,2.32606e-26
-0.109911,12.3537,2.14755e-26
-0.109911,12.8171,1.98826e-26
-0.109911,13.2805,1.84557e-26
-0.109911,13.7439,1.71741e-26
-0.109911,14.2073,1.60162e-26
-0.109911,14.6707,1.49583e-26
-0.109911,15.1341,1.39994e-26
-0.109911,15.5976,1.31278e-26
-0.109911,16.061,1.23297e-26
-0.109911,16.5244,1.15965e-26
-0.109911,16.9878,1.09251e-26
-0.109911,17.4512,1.0309e-26
-0.109911,17.9146,9.73908e-27
-0.109911,18.378,9.20663e-27
-0.109911,18.8415,8.71534e-27
-0.109911,19.3049,8.26116e-27
-0.109911,19.7683,7.84049e-27
-0.0855255,1.23171,1.29301e-24
-0.0855255,1.69512,7.33908e-25
-0.0855255,2.15854,4.80801e-25
-0.0855255,2.62195,3.59181e-25
-0.0855255,3.08537,2.7898e-25
-0.0855255,3.54878,2.2381e-25
-0.0855255,4.0122,1.83178e-25
-0.0855255,4.47561,1.53136e-25
-0.0855255,4.93902,1.2976e-25
-0.0855255,5.40244,1.11357e-25
-0.0855255,5.86585,9.63734e-26
-0.0855255,6.32927,8.40134e-26
-0.0855255,6.79268,7.33952e-26
-0.0855255,7.2561,6.47438e-26
-0.0855255,7.71951,5.76488e-26
-0.0855255,8.18293,5.16366e-26
-0.0855255,8.64634,4.64988e-26
-0.0855255,9.10976,4.20858e-26
-0.0855255,9.57317,3.82648e-26
-0.0855255,10.0366,3.49335e-26
-0.0855255,10.5,3.19213e-26
-0.0855255,10.9634,2.92799e-26
-0.0855255,11.4268,2.69278e-26
-0.0855255,11.8902,2.48194e-26
-0.0855255,12.3537,2.29462e-26
-0.0855255,12.8171,2.12759e-26
-0.0855255,13.2805,1.97806e-26
-0.0855255,13.7439,1.84357e-26
-0.0855255,14.2073,1.72179e-26
-0.0855255,14.6707,1.60983e-26
-0.0855255,15.1341,1.50826e-26
-0.0855255,15.5976,1.41584e-26
-0.0855255,16.061,1.33051e-26
-0.0855255,16.5244,1.25139e-26
-0.0855255,16.9878,1.17895e-26
-0.0855255,17.4512,1.11247e-26
-0.0855255,17.9146,1.05147e-26
-0.0855255,18.378,9.95576e-27
-0.0855255,18.8415,9.43927e-27
-0.0855255,19.3049,8.96109e-27
-0.0855255,19.7683,8.51755e-27
-0.0611395,1.23171,1.28271e-24
-0.0611395,1.69512,7.43328e-25
-0.0611395,2.15854,5.04449e-25
-0.0611395,2.62195,3.82045e-25
-0.0611395,3.08537,2.96237e-25
-0.0611395,3.54878,2.36864e-25
-0.0611395,4.0122,1.93423e-25
-0.0611395,4.47561,1.61353e-25
-0.0611395,4.93902,1.36585e-25
-0.0611395,5.40244,1.17221e-25
-0.0611395,5.86585,1.01455e-25
-0.0611395,6.32927,8.8437e-26
-0.0611395,6.79268,7.72337e-26
-0.0611395,7.2561,6.81102e-26
-0.0611395,7.71951,6.06249e-26
-0.0611395,8.18293,5.43343e-26
-0.0611395,8.64634,4.8996e-26
-0.0611395,9.10976,4.44179e-26
-0.0611395,9.57317,4.04624e-26
-0.0611395,10.0366,3.70081e-26
-0.0611395,10.5,3.38694e-26
-0.0611395,10.9634,3.1114e-26
-0.0611395,11.4268,2.86577e-26
-0.0611395,11.8902,2.64534e-26
-0.0611395,12.3537,2.44927e-26
-0.0611395,12.8171,2.27454e-26
-0.0611395,13.2805,2.11821e-26
-0.0611395,13.7439,1.97741e-26
-0.0611395,14.2073,1.84958e-26
-0.0611395,14.6707,1.73129e-26
-0.0611395,15.1341,1.62388e-26
-0.0611395,15.5976,1.52606e-26
-0.0611395,16.061,1.43494e-26
-0.0611395,16.5244,1.34965e-26
-0.0611395,16.9878,1.27157e-26
-0.0611395,17.4512,1.19992e-26
-0.0611395,17.9146,1.13469e-26
-0.0611395,18.378,1.07612e-26
-0.0611395,18.8415,1.02192e-26
-0.0611395,19.3049,9.71657e-27
-0.0611395,19.7683,9.24969e-27
-0.0367535,1.23171,1.25015e-24
-0.0367535,1.69512,7.64085e-25
-0.0367535,2.15854,5.27848e-25
-0.0367535,2.62195,3.99737e-25
-0.0367535,3.08537,3.08262e-25
-0.0367535,3.54878,2.4557e-25
-0.0367535,4.0122,1.99864e-25
-0.0367535,4.47561,1.66203e-25
-0.0367535,4.93902,1.4044e-25
-0.0367535,5.40244,1.20385e-25
-0.0367535,5.86585,1.04155e-25
-0.0367535,6.32927,9.08152e-26
-0.0367535,6.79268,7.93243e-26
-0.0367535,7.2561,6.99453e-26
-0.0367535,7.71951,6.22175e-26
-0.0367535,8.18293,5.57489e-26
-0.0367535,8.64634,5.0278e-26
-0.0367535,9.10976,4.559e-26
-0.0367535,9.57317,4.15429e-26
-0.0367535,10.0366,3.801e-26
-0.0367535,10.5,3.48125e-26
-0.0367535,10.9634,3.20041e-26
-0.0367535,11.4268,2.95022e-26
-0.0367535,11.8902,2.72588e-26
-0.0367535,12.3537,2.52617e-26
-0.0367535,12.8171,2.34782e-26
-0.0367535,13.2805,2.18791e-26
-0.0367535,13.7439,2.04379e-26
-0.0367535,14.2073,1.9128e-26
-0.0367535,14.6707,1.79113e-26
-0.0367535,15.1341,1.68062e-26
-0.0367535,15.5976,1.57994e-26
-0.0367535,16.061,1.48594e-26
-0.0367535,16.5244,1.39772e-26
-0.0367535,16.9878,1.31697e-26
-0.0367535,17.4512,1.24286e-26
-0.0367535,17.9146,1.17563e-26
-0.0367535,18.378,1.11581e-26
-0.0367535,18.8415,1.06042e-26
-0.0367535,19.3049,1.00902e-26
-0.0367535,19.7683,9.61236e-27
-0.0123675,1.23171,1.25852e-24
-0.0123675,1.69512,7.90536e-25
-0.0123675,2.15854,5.46692e-25
-0.0123675,2.62195,4.10789e-25
-0.0123675,3.08537,3.14767e-25
-0.0123675,3.54878,2.50018e-25
-0.0123675,4.0122,2.0272e-25
-0.0123675,4.47561,1.67945e-25
-0.0123675,4.93902,1.4158e-25
-0.0123675,5.40244,1.21092e-25
-0.0123675,5.86585,1.04692e-25
-0.0123675,6.32927,9.13327e-26
-0.0123675,6.79268,7.98241e-26
-0.0123675,7.2561,7.03867e-26
-0.0123675,7.71951,6.25528e-26
-0.0123675,8.18293,5.59976e-26
-0.0123675,8.64634,5.04552e-26
-0.0123675,9.10976,4.57065e-26
-0.0123675,9.57317,4.16055e-26
-0.0123675,10.0366,3.80333e-26
-0.0123675,10.5,3.48366e-26
-0.0123675,10.9634,3.20292e-26
-0.0123675,11.4268,2.95335e-26
-0.0123675,11.8902,2.73009e-26
-0.0123675,12.3537,2.53128e-26
-0.0123675,12.8171,2.35291e-26
-0.0123675,13.2805,2.19224e-26
-0.0123675,13.7439,2.04749e-26
-0.0123675,14.2073,1.91591e-26
-0.0123675,14.6707,1.79353e-26
-0.0123675,15.1341,1.6824e-26
-0.0123675,15.5976,1.5812e-26
-0.0123675,16.061,1.487e-26
-0.0123675,16.5244,1.39888e-26
-0.0123675,16.9878,1.3182e-26
-0.0123675,17.4512,1.24416e-26
-0.0123675,17.9146,1.17698e-26
-0.0123675,18.378,1.11717e-26
-0.0123675,18.8415,1.06178e-26
-0.0123675,19.3049,1.01039e-26
-0.0123675,19.7683,9.62606e-27
