-0.987502,1.25,162.008
-0.987502,1.75,86.4583
-0.987502,2.25,51.7494
-0.987502,2.75,33.8014
-0.987502,3.25,25.0834
-0.987502,3.75,17.4339
-0.987502,4.25,13.6949
-0.987502,4.75,10.4716
-0.987502,5.25,8.18323
-0.987502,5.75,6.65922
-0.987502,6.25,5.50031
-0.987502,6.75,4.5617
-0.987502,7.25,3.80795
-0.987502,7.75,3.2124
-0.987502,8.25,2.74187
-0.987502,8.75,2.36739
-0.987502,9.25,2.06854
-0.987502,9.75,1.82372
-0.987502,10.25,1.61787
-0.987502,10.75,1.44245
-0.987502,11.25,1.29193
-0.987502,11.75,1.16063
-0.987502,12.25,1.04665
-0.987502,12.75,0.947822
-0.987502,13.25,0.862301
-0.987502,13.75,0.786976
-0.987502,14.25,0.720482
-0.987502,14.75,0.661727
-0.987502,15.25,0.60943
-0.987502,15.75,0.562731
-0.987502,16.25,0.51937
-0.987502,16.75,0.480181
-0.987502,17.25,0.44499
-0.987502,17.75,0.413295
-0.987502,18.25,0.384399
-0.987502,18.75,0.358227
-0.987502,19.25,0.334476
-0.987502,19.75,0.312867
-0.987502,20.25,0.293667
-0.987502,20.75,0.276408
-0.962507,1.25,159.044
-0.962507,1.75,89.5345
-0.962507,2.25,53.6745
-0.962507,2.75,34.6478
-0.962507,3.25,23.7841
-0.962507,3.75,18.0338
-0.962507,4.25,13.537
-0.962507,4.75,10.3238
-0.962507,5.25,8.30704
-0.962507,5.75,6.73112
-0.962507,6.25,5.4667
-0.962507,6.75,4.50207
-0.962507,7.25,3.77606
-0.962507,7.75,3.21661
-0.962507,8.25,2.76923
-0.962507,8.75,2.40258
-0.962507,9.25,2.10119
-0.962507,9.75,1.84881
-0.962507,10.25,1.63416
-0.962507,10.75,1.45075
-0.962507,11.25,1.29391
-0.962507,11.75,1.1581
-0.962507,12.25,1.0412
-0.962507,12.75,0.940711
-0.962507,13.25,0.854455
-0.962507,13.75,0.779038
-0.962507,14.25,0.71287
-0.962507,14.75,0.654689
-0.962507,15.25,0.603096
-0.962507,15.75,0.557151
-0.962507,16.25,0.514552
-0.962507,16.75,0.476085
-0.962507,17.25,0.441556
-0.962507,17.75,0.410453
-0.962507,18.25,0.38208
-0.962507,18.75,0.356363
-0.962507,19.25,0.333003
-0.962507,19.75,0.311726
-0.962507,20.25,0.292806
-0.962507,20.75,0.275781
-0.937511,1.25,160.191
-0.937511,1.75,82.9532
-0.937511,2.25,54.8676
-0.937511,2.75,36.1038
-0.937511,3.25,24.1556
-0.937511,3.75,18.2104
-0.937511,4.25,13.2596
-0.937511,4.75,10.5899
-0.937511,5.25,8.46685
-0.937511,5.75,6.7394
-0.937511,6.25,5.47234
-0.937511,6.75,4.55692
-0.937511,7.25,3.8605
-0.937511,7.75,3.30223
-0.937511,8.25,2.83787
-0.937511,8.75,2.45019
-0.937511,9.25,2.13096
-0.937511,9.75,1.86607
-0.937511,10.25,1.64389
-0.937511,10.75,1.45667
-0.937511,11.25,1.29844
-0.937511,11.75,1.16274
-0.937511,12.25,1.0466
-0.937511,12.75,0.946975
-0.937511,13.25,0.861356
-0.937511,13.75,0.786478
-0.937511,14.25,0.720704
-0.937511,14.75,0.662781
-0.937511,15.25,0.611281
-0.937511,15.75,0.565287
-0.937511,16.25,0.522698
-0.937511,16.75,0.484164
-0.937511,17.25,0.449472
-0.937511,17.75,0.418141
-0.937511,18.25,0.38946
-0.937511,18.75,0.36341
-0.937511,19.25,0.339704
-0.937511,19.75,0.318081
-0.937511,20.25,0.298773
-0.937511,20.75,0.281346
-0.912515,1.25,155.66
-0.912515,1.75,89.4626
-0.912515,2.25,53.2108
-0.912515,2.75,35.0269
-0.912515,3.25,25.792
-0.912515,3.75,17.6534
-0.912515,4.25,13.8934
-0.912515,4.75,10.9562
-0.912515,5.25,8.51074
-0.912515,5.75,6.81757
-0.912515,6.25,5.62779
-0.912515,6.75,4.72499
-0.912515,7.25,3.99836
-0.912515,7.75,3.40466
-0.912515,8.25,2.91056
-0.912515,8.75,2.5042
-0.912515,9.25,2.17532
-0.912515,9.75,1.90632
-0.912515,10.25,1.68275
-0.912515,10.75,1.495
-0.912515,11.25,1.33621
-0.912515,11.75,1.19973
-0.912515,12.25,1.0823
-0.912515,12.75,0.980724
-0.912515,13.25,0.892499
-0.912515,13.75,0.814985
-0.912515,14.25,0.746658
-0.912515,14.75,0.686371
-0.912515,15.25,0.632639
-0.912515,15.75,0.584571
-0.912515,16.25,0.540439
-0.912515,16.75,0.500552
-0.912515,17.25,0.464612
-0.912515,17.75,0.432137
-0.912515,18.25,0.402346
-0.912515,18.75,0.375288
-0.912515,19.25,0.350674
-0.912515,19.75,0.328233
-0.912515,20.25,0.308086
-0.912515,20.75,0.289844
-0.88752,1.25,156.875
-0.88752,1.75,86.4844
-0.88752,2.25,54.622
-0.88752,2.75,36.5854
-0.88752,3.25,25.3013
-0.88752,3.75,18.8368
-0.88752,4.25,14.4647
-0.88752,4.75,10.8103
-0.88752,5.25,8.56719
-0.88752,5.75,7.06469
-0.88752,6.25,5.86095
-0.88752,6.75,4.88036
-0.88752,7.25,4.0949
-0.88752,7.75,3.47665
-0.88752,8.25,2.97471
-0.88752,8.75,2.5678
-0.88752,9.25,2.23949
-0.88752,9.75,1.9697
-0.88752,10.25,1.7435
-0.88752,10.75,1.5516
-0.88752,11.25,1.3878
-0.88752,11.75,1.24618
-0.88752,12.25,1.12363
-0.88752,12.75,1.017
-0.88752,13.25,0.923754
-0.88752,13.75,0.84185
-0.88752,14.25,0.769765
-0.88752,14.75,0.706348
-0.88752,15.25,0.649952
-0.88752,15.75,0.599626
-0.88752,16.25,0.553974
-0.88752,16.75,0.512884
-0.88752,17.25,0.475918
-0.88752,17.75,0.442564
-0.88752,18.25,0.411951
-0.88752,18.75,0.384179
-0.88752,19.25,0.358947
-0.88752,19.75,0.335966
-0.88752,20.25,0.315233
-0.88752,20.75,0.296406
-0.862524,1.25,166.52
-0.862524,1.75,91.3632
-0.862524,2.25,57.4318
-0.862524,2.75,38.5439
-0.862524,3.25,26.3722
-0.862524,3.75,19.6715
-0.862524,4.25,14.1146
-0.862524,4.75,11.1096
-0.862524,5.25,9.08933
-0.862524,5.75,7.38453
-0.862524,6.25,5.97976
-0.862524,6.75,4.92084
-0.862524,7.25,4.13358
-0.862524,7.75,3.53898
-0.862524,8.25,3.05358
-0.862524,8.75,2.65202
-0.862524,9.25,2.32056
-0.862524,9.75,2.04296
-0.862524,10.25,1.80729
-0.862524,10.75,1.60594
-0.862524,11.25,1.43366
-0.862524,11.75,1.28506
-0.862524,12.25,1.15676
-0.862524,12.75,1.04523
-0.862524,13.25,0.947606
-0.862524,13.75,0.86222
-0.862524,14.25,0.787396
-0.862524,14.75,0.721873
-0.862524,15.25,0.663774
-0.862524,15.75,0.612057
-0.862524,16.25,0.565664
-0.862524,16.75,0.524037
-0.862524,17.25,0.4866
-0.862524,17.75,0.452824
-0.862524,18.25,0.421753
-0.862524,18.75,0.393555
-0.862524,19.25,0.367927
-0.862524,19.75,0.344573
-0.862524,20.25,0.323374
-0.862524,20.75,0.304042
-0.837528,1.25,167.891
-0.837528,1.75,90.8207
-0.837528,2.25,56.2415
-0.837528,2.75,36.9273
-0.837528,3.25,27.6089
-0.837528,3.75,19.4121
-0.837528,4.25,15.2066
-0.837528,4.75,11.7471
-0.837528,5.25,9.10217
-0.837528,5.75,7.31819
-0.837528,6.25,6.05443
-0.837528,6.75,5.10278
-0.837528,7.25,4.34133
-0.837528,7.75,3.72053
-0.837528,8.25,3.19197
-0.837528,8.75,2.74964
-0.837528,9.25,2.38784
-0.837528,9.75,2.08995
-0.837528,10.25,1.84151
-0.837528,10.75,1.63268
-0.837528,11.25,1.45646
-0.837528,11.75,1.30602
-0.837528,12.25,1.17699
-0.837528,12.75,1.06517
-0.837528,13.25,0.967335
-0.837528,13.75,0.881744
-0.837528,14.25,0.806603
-0.837528,14.75,0.740574
-0.837528,15.25,0.681883
-0.837528,15.75,0.629499
-0.837528,16.25,0.582625
-0.837528,16.75,0.540493
-0.837528,17.25,0.502488
-0.837528,17.75,0.468103
-0.837528,18.25,0.436366
-0.837528,18.75,0.407498
-0.837528,19.25,0.381208
-0.837528,19.75,0.357208
-0.837528,20.25,0.335299
-0.837528,20.75,0.31524
-0.812533,1.25,170.381
-0.812533,1.75,90.6335
-0.812533,2.25,59.7741
-0.812533,2.75,38.8265
-0.812533,3.25,27.5188
-0.812533,3.75,20.1699
-0.812533,4.25,15.7028
-0.812533,4.75,11.8933
-0.812533,5.25,9.31366
-0.812533,5.75,7.6077
-0.812533,6.25,6.33798
-0.812533,6.75,5.32902
-0.812533,7.25,4.5032
-0.812533,7.75,3.82716
-0.812533,8.25,3.2667
-0.812533,8.75,2.80759
-0.812533,9.25,2.43937
-0.812533,9.75,2.13931
-0.812533,10.25,1.88931
-0.812533,10.75,1.67877
-0.812533,11.25,1.50067
-0.812533,11.75,1.34796
-0.812533,12.25,1.21652
-0.812533,12.75,1.10238
-0.812533,13.25,1.00249
-0.812533,13.75,0.914828
-0.812533,14.25,0.837551
-0.812533,14.75,0.769214
-0.812533,15.25,0.708384
-0.812533,15.75,0.65403
-0.812533,16.25,0.605412
-0.812533,16.75,0.561696
-0.812533,17.25,0.52224
-0.812533,17.75,0.48653
-0.812533,18.25,0.45359
-0.812533,18.75,0.423623
-0.812533,19.25,0.396327
-0.812533,19.75,0.371406
-0.812533,20.25,0.348602
-0.812533,20.75,0.32769
-0.787537,1.25,164.043
-0.787537,1.75,96.5505
-0.787537,2.25,61.676
-0.787537,2.75,40.9862
-0.787537,3.25,27.6689
-0.787537,3.75,21.134
-0.787537,4.25,15.9561
-0.787537,4.75,12.0743
-0.787537,5.25,9.62672
-0.787537,5.75,7.92309
-0.787537,6.25,6.59175
-0.787537,6.75,5.51454
-0.787537,7.25,4.63635
-0.787537,7.75,3.92137
-0.787537,8.25,3.34212
-0.787537,8.75,2.87404
-0.787537,9.25,2.50295
-0.787537,9.75,2.20147
-0.787537,10.25,1.94906
-0.787537,10.75,1.73524
-0.787537,11.25,1.55351
-0.787537,11.75,1.39684
-0.787537,12.25,1.26151
-0.787537,12.75,1.14383
-0.787537,13.25,1.04094
-0.787537,13.75,0.950445
-0.787537,14.25,0.87044
-0.787537,14.75,0.799324
-0.787537,15.25,0.735995
-0.787537,15.75,0.6794
-0.787537,16.25,0.628844
-0.787537,16.75,0.583399
-0.787537,17.25,0.542389
-0.787537,17.75,0.505278
-0.787537,18.25,0.471083
-0.787537,18.75,0.43998
-0.787537,19.25,0.411654
-0.787537,19.75,0.385798
-0.787537,20.25,0.362083
-0.787537,20.75,0.340307
-0.762541,1.25,175.872
-0.762541,1.75,100.944
-0.762541,2.25,61.1459
-0.762541,2.75,42.2333
-0.762541,3.25,28.5034
-0.762541,3.75,21.8678
-0.762541,4.25,16.09
-0.762541,4.75,12.4057
-0.762541,5.25,10.0379
-0.762541,5.75,8.23922
-0.762541,6.25,6.80981
-0.762541,6.75,5.66878
-0.762541,7.25,4.75444
-0.762541,7.75,4.01424
-0.762541,8.25,3.42447
-0.762541,8.75,2.95088
-0.762541,9.25,2.57746
-0.762541,9.75,2.27361
-0.762541,10.25,2.01717
-0.762541,10.75,1.79832
-0.762541,11.25,1.6114
-0.762541,11.75,1.44945
-0.762541,12.25,1.30919
-0.762541,12.75,1.18721
-0.762541,13.25,1.08076
-0.762541,13.75,0.98704
-0.762541,14.25,0.904022
-0.762541,14.75,0.829905
-0.762541,15.25,0.763929
-0.762541,15.75,0.704995
-0.762541,16.25,0.652441
-0.762541,16.75,0.605236
-0.762541,17.25,0.562655
-0.762541,17.75,0.524138
-0.762541,18.25,0.488693
-0.762541,18.75,0.456463
-0.762541,19.25,0.427118
-0.762541,19.75,0.400336
-0.762541,20.25,0.375717
-0.762541,20.75,0.35308
-0.737546,1.25,181.732
-0.737546,1.75,99.0491
-0.737546,2.25,61.1036
-0.737546,2.75,42.2214
-0.737546,3.25,29.9516
-0.737546,3.75,22.221
-0.737546,4.25,16.3316
-0.737546,4.75,12.9116
-0.737546,5.25,10.4813
-0.737546,5.75,8.51896
-0.737546,6.25,6.9811
-0.737546,6.75,5.79328
-0.737546,7.25,4.86437
-0.737546,7.75,4.1191
-0.737546,8.25,3.52753
-0.737546,8.75,3.0507
-0.737546,9.25,2.67139
-0.737546,9.75,2.36012
-0.737546,10.25,2.09556
-0.737546,10.75,1.86861
-0.737546,11.25,1.67419
-0.737546,11.75,1.50608
-0.737546,12.25,1.36029
-0.737546,12.75,1.23325
-0.737546,13.25,1.12205
-0.737546,13.75,1.02422
-0.737546,14.25,0.937548
-0.737546,14.75,0.860041
-0.737546,15.25,0.791132
-0.737546,15.75,0.729652
-0.737546,16.25,0.6752
-0.737546,16.75,0.62639
-0.737546,17.25,0.58238
-0.737546,17.75,0.542583
-0.737546,18.25,0.506015
-0.737546,18.75,0.472771
-0.737546,19.25,0.442504
-0.737546,19.75,0.414881
-0.737546,20.25,0.389404
-0.737546,20.75,0.365927
-0.71255,1.25,175.026
-0.71255,1.75,98.8215
-0.71255,2.25,63.8797
-0.71255,2.75,42.1447
-0.71255,3.25,31.3721
-0.71255,3.75,22.3607
-0.71255,4.25,16.8441
-0.71255,4.75,13.5119
-0.71255,5.25,10.8739
-0.71255,5.75,8.74292
-0.71255,6.25,7.12193
-0.71255,6.75,5.91175
-0.71255,7.25,4.98452
-0.71255,7.75,4.24682
-0.71255,8.25,3.65611
-0.71255,8.75,3.17453
-0.71255,9.25,2.78347
-0.71255,9.75,2.4586
-0.71255,10.25,2.18154
-0.71255,10.75,1.94354
-0.71255,11.25,1.73965
-0.71255,11.75,1.565
-0.71255,12.25,1.41354
-0.71255,12.75,1.28103
-0.71255,13.25,1.16409
-0.71255,13.75,1.06142
-0.71255,14.25,0.970604
-0.71255,14.75,0.88943
-0.71255,15.25,0.81739
-0.71255,15.75,0.753221
-0.71255,16.25,0.69704
-0.71255,16.75,0.646838
-0.71255,17.25,0.601581
-0.71255,17.75,0.560662
-0.71255,18.25,0.523121
-0.71255,18.75,0.488992
-0.71255,19.25,0.457913
-0.71255,19.75,0.429541
-0.71255,20.25,0.40325
-0.71255,20.75,0.378952
-0.687555,1.25,185.727
-0.687555,1.75,105.334
-0.687555,2.25,67.7965
-0.687555,2.75,43.3784
-0.687555,3.25,32.1435
-0.687555,3.75,22.6441
-0.687555,4.25,17.6117
-0.687555,4.75,14.0711
-0.687555,5.25,11.1607
-0.687555,5.75,8.91796
-0.687555,6.25,7.26839
-0.687555,6.75,6.06043
-0.687555,7.25,5.13797
-0.687555,7.75,4.40177
-0.687555,8.25,3.80377
-0.687555,8.75,3.3104
-0.687555,9.25,2.90214
-0.687555,9.75,2.55994
-0.687555,10.25,2.26811
-0.687555,10.75,2.01782
-0.687555,11.25,1.80391
-0.687555,11.75,1.62265
-0.687555,12.25,1.46566
-0.687555,12.75,1.32788
-0.687555,13.25,1.20537
-0.687555,13.75,1.09803
-0.687555,14.25,1.00323
-0.687555,14.75,0.918535
-0.687555,15.25,0.843492
-0.687555,15.75,0.776742
-0.687555,16.25,0.718956
-0.687555,16.75,0.667467
-0.687555,17.25,0.621049
-0.687555,17.75,0.579073
-0.687555,18.25,0.540614
-0.687555,18.75,0.50564
-0.687555,19.25,0.473777
-0.687555,19.75,0.444676
-0.687555,20.25,0.417578
-0.687555,20.75,0.392453
-0.662559,1.25,195.874
-0.662559,1.75,110.681
-0.662559,2.25,69.4547
-0.662559,2.75,45.8017
-0.662559,3.25,32.2773
-0.662559,3.75,23.3386
-0.662559,4.25,18.4371
-0.662559,4.75,14.4847
-0.662559,5.25,11.3716
-0.662559,5.75,9.10629
-0.662559,6.25,7.46425
-0.662559,6.75,6.25799
-0.662559,7.25,5.32659
-0.662559,7.75,4.57784
-0.662559,8.25,3.96203
-0.662559,8.75,3.45023
-0.662559,9.25,3.02079
-0.662559,9.75,2.65922
-0.662559,10.25,2.35189
-0.662559,10.75,2.08932
-0.662559,11.25,1.86572
-0.662559,11.75,1.67845
-0.662559,12.25,1.5165
-0.662559,12.75,1.37393
-0.662559,13.25,1.24617
-0.662559,13.75,1.13444
-0.662559,14.25,1.03588
-0.662559,14.75,0.94782
-0.662559,15.25,0.869889
-0.662559,15.75,0.800638
-0.662559,16.25,0.741339
-0.662559,16.75,0.688637
-0.662559,17.25,0.641106
-0.662559,17.75,0.598105
-0.662559,18.25,0.55875
-0.662559,18.75,0.522942
-0.662559,19.25,0.490298
-0.662559,19.75,0.460465
-0.662559,20.25,0.432542
-0.662559,20.75,0.406565
-0.637563,1.25,188.912
-0.637563,1.75,109.425
-0.637563,2.25,68.6335
-0.637563,2.75,48.0405
-0.637563,3.25,32.4069
-0.637563,3.75,24.4634
-0.637563,4.25,19.1454
-0.637563,4.75,14.7551
-0.637563,5.25,11.5679
-0.637563,5.75,9.35041
-0.637563,6.25,7.73351
-0.637563,6.75,6.5137
-0.637563,7.25,5.5519
-0.637563,7.75,4.77092
-0.637563,8.25,4.12457
-0.637563,8.75,3.58694
-0.637563,9.25,3.13571
-0.637563,9.75,2.75669
-0.637563,10.25,2.43578
-0.637563,10.75,2.16258
-0.637563,11.25,1.93059
-0.637563,11.75,1.73648
-0.637563,12.25,1.56895
-0.637563,12.75,1.42148
-0.637563,13.25,1.28913
-0.637563,13.75,1.1735
-0.637563,14.25,1.07166
-0.637563,14.75,0.980997
-0.637563,15.25,0.900745
-0.637563,15.75,0.82941
-0.637563,16.25,0.768179
-0.637563,16.75,0.713716
-0.637563,17.25,0.664585
-0.637563,17.75,0.620125
-0.637563,18.25,0.579568
-0.637563,18.75,0.542657
-0.637563,19.25,0.508989
-0.637563,19.75,0.478202
-0.637563,20.25,0.449359
-0.637563,20.75,0.422505
-0.612568,1.25,194.845
-0.612568,1.75,108.269
-0.612568,2.25,68.6693
-0.612568,2.75,48.888
-0.612568,3.25,33.1754
-0.612568,3.75,25.6483
-0.612568,4.25,19.5921
-0.612568,4.75,14.9764
-0.612568,5.25,11.8521
-0.612568,5.75,9.69711
-0.612568,6.25,8.08291
-0.612568,6.75,6.81697
-0.612568,7.25,5.79978
-0.612568,7.75,4.9688
-0.612568,8.25,4.28271
-0.612568,8.75,3.71509
-0.612568,9.25,3.24432
-0.612568,9.75,2.85188
-0.612568,10.25,2.52059
-0.612568,10.75,2.23913
-0.612568,11.25,2.00036
-0.612568,11.75,1.79849
-0.612568,12.25,1.62454
-0.612568,12.75,1.4719
-0.612568,13.25,1.33553
-0.612568,13.75,1.21637
-0.612568,14.25,1.11165
-0.612568,14.75,1.01909
-0.612568,15.25,0.937028
-0.612568,15.75,0.863978
-0.612568,16.25,0.800264
-0.612568,16.75,0.743361
-0.612568,17.25,0.692026
-0.612568,17.75,0.645572
-0.612568,18.25,0.603438
-0.612568,18.75,0.565092
-0.612568,19.25,0.530102
-0.612568,19.75,0.498097
-0.612568,20.25,0.468213
-0.612568,20.75,0.440446
-0.587572,1.25,207.958
-0.587572,1.75,114.011
-0.587572,2.25,71.595
-0.587572,2.75,48.6935
-0.587572,3.25,34.7522
-0.587572,3.75,26.5363
-0.587572,4.25,19.8278
-0.587572,4.75,15.2611
-0.587572,5.25,12.2611
-0.587572,5.75,10.1265
-0.587572,6.25,8.46499
-0.587572,6.75,7.12135
-0.587572,7.25,6.03508
-0.587572,7.75,5.15109
-0.587572,8.25,4.42723
-0.587572,8.75,3.83319
-0.587572,9.25,3.34665
-0.587572,9.75,2.94397
-0.587572,10.25,2.60469
-0.587572,10.75,2.31666
-0.587572,11.25,2.07222
-0.587572,11.75,1.86311
-0.587572,12.25,1.68302
-0.587572,12.75,1.52532
-0.587572,13.25,1.38494
-0.587572,13.75,1.26216
-0.587572,14.25,1.15446
-0.587572,14.75,1.05991
-0.587572,15.25,0.975938
-0.587572,15.75,0.901054
-0.587572,16.25,0.83466
-0.587572,16.75,0.775111
-0.587572,17.25,0.721385
-0.587572,17.75,0.672763
-0.587572,18.25,0.628915
-0.587572,18.75,0.58901
-0.587572,19.25,0.552585
-0.587572,19.75,0.519257
-0.587572,20.25,0.488247
-0.587572,20.75,0.459492
-0.562576,1.25,201.395
-0.562576,1.75,120.38
-0.562576,2.25,75.6907
-0.562576,2.75,48.929
-0.562576,3.25,36.5615
-0.562576,3.75,26.9423
-0.562576,4.25,20.0489
-0.562576,4.75,15.7246
-0.562576,5.25,12.7993
-0.562576,5.75,10.6015
-0.562576,6.25,8.84282
-0.562576,6.75,7.40232
-0.562576,7.25,6.24537
-0.562576,7.75,5.31373
-0.562576,8.25,4.55891
-0.562576,8.75,3.94441
-0.562576,9.25,3.44673
-0.562576,9.75,3.03708
-0.562576,10.25,2.69189
-0.562576,10.75,2.39849
-0.562576,11.25,2.149
-0.562576,11.75,1.93271
-0.562576,12.25,1.74631
-0.562576,12.75,1.58327
-0.562576,13.25,1.43859
-0.562576,13.75,1.31189
-0.562576,14.25,1.20089
-0.562576,14.75,1.10412
-0.562576,15.25,1.01801
-0.562576,15.75,0.941082
-0.562576,16.25,0.871722
-0.562576,16.75,0.809252
-0.562576,17.25,0.752889
-0.562576,17.75,0.701882
-0.562576,18.25,0.656147
-0.562576,18.75,0.614531
-0.562576,19.25,0.576535
-0.562576,19.75,0.541762
-0.562576,20.25,0.509525
-0.562576,20.75,0.479698
-0.537581,1.25,200.935
-0.537581,1.75,120.035
-0.537581,2.25,77.5367
-0.537581,2.75,50.6636
-0.537581,3.25,37.8512
-0.537581,3.75,27.1747
-0.537581,4.25,20.5667
-0.537581,4.75,16.4272
-0.537581,5.25,13.4277
-0.537581,5.75,11.0813
-0.537581,6.25,9.19694
-0.537581,6.75,7.66307
-0.537581,7.25,6.44748
-0.537581,7.75,5.47962
-0.537581,8.25,4.70055
-0.537581,8.75,4.06879
-0.537581,9.25,3.56177
-0.537581,9.75,3.14574
-0.537581,10.25,2.7939
-0.537581,10.75,2.49363
-0.537581,11.25,2.23765
-0.537581,11.75,2.01411
-0.537581,12.25,1.82114
-0.537581,12.75,1.65217
-0.537581,13.25,1.50217
-0.537581,13.75,1.37062
-0.537581,14.25,1.25531
-0.537581,14.75,1.1549
-0.537581,15.25,1.06543
-0.537581,15.75,0.985422
-0.537581,16.25,0.912891
-0.537581,16.75,0.847463
-0.537581,17.25,0.788414
-0.537581,17.75,0.734966
-0.537581,18.25,0.686961
-0.537581,18.75,0.643276
-0.537581,19.25,0.603391
-0.537581,19.75,0.566892
-0.537581,20.25,0.533207
-0.537581,20.75,0.502128
-0.512585,1.25,215.501
-0.512585,1.75,117.349
-0.512585,2.25,76.8447
-0.512585,2.75,53.4623
-0.512585,3.25,38.3511
-0.512585,3.75,27.6013
-0.512585,4.25,21.4487
-0.512585,4.75,17.271
-0.512585,5.25,14.0518
-0.512585,5.75,11.5159
-0.512585,6.25,9.51234
-0.512585,6.75,7.90792
-0.512585,7.25,6.65373
-0.512585,7.75,5.66304
-0.512585,8.25,4.86553
-0.512585,8.75,4.21776
-0.512585,9.25,3.70125
-0.512585,9.75,3.27778
-0.512585,10.25,2.9171
-0.512585,10.75,2.6072
-0.512585,11.25,2.34227
-0.512585,11.75,2.11087
-0.512585,12.25,1.91059
-0.512585,12.75,1.73469
-0.512585,13.25,1.57796
-0.512585,13.75,1.44034
-0.512585,14.25,1.31942
-0.512585,14.75,1.21361
-0.512585,15.25,1.11931
-0.512585,15.75,1.03497
-0.512585,16.25,0.958987
-0.512585,16.75,0.890523
-0.512585,17.25,0.828706
-0.512585,17.75,0.77273
-0.512585,18.25,0.721992
-0.512585,18.75,0.675805
-0.512585,19.25,0.633652
-0.512585,19.75,0.595092
-0.512585,20.25,0.559694
-0.512585,20.75,0.527146
-0.487589,1.25,211.41
-0.487589,1.75,120.825
-0.487589,2.25,76.6304
-0.487589,2.75,55.6618
-0.487589,3.25,38.527
-0.487589,3.75,28.5789
-0.487589,4.25,22.5825
-0.487589,4.75,18.077
-0.487589,5.25,14.5633
-0.487589,5.75,11.8624
-0.487589,6.25,9.78251
-0.487589,6.75,8.14055
-0.487589,7.25,6.86719
-0.487589,7.75,5.86294
-0.487589,8.25,5.04988
-0.487589,8.75,4.38563
-0.487589,9.25,3.85808
-0.487589,9.75,3.42523
-0.487589,10.25,3.05357
-0.487589,10.75,2.73197
-0.487589,11.25,2.45631
-0.487589,11.75,2.21557
-0.487589,12.25,2.00679
-0.487589,12.75,1.82295
-0.487589,13.25,1.65865
-0.487589,13.75,1.51426
-0.487589,14.25,1.38716
-0.487589,14.75,1.27543
-0.487589,15.25,1.17589
-0.487589,15.75,1.08687
-0.487589,16.25,1.00719
-0.487589,16.75,0.935504
-0.487589,17.25,0.870758
-0.487589,17.75,0.812119
-0.487589,18.25,0.758488
-0.487589,18.75,0.709659
-0.487589,19.25,0.665116
-0.487589,19.75,0.62439
-0.487589,20.25,0.587203
-0.487589,20.75,0.553131
-0.462594,1.25,205.146
-0.462594,1.75,128.213
-0.462594,2.25,79.1808
-0.462594,2.75,56.3869
-0.462594,3.25,39.1197
-0.462594,3.75,30.0471
-0.462594,4.25,23.6951
-0.462594,4.75,18.7
-0.462594,5.25,14.9352
-0.462594,5.75,12.1478
-0.462594,6.25,10.0485
-0.462594,6.75,8.39903
-0.462594,7.25,7.11817
-0.462594,7.75,6.1019
-0.462594,8.25,5.26985
-0.462594,8.75,4.58392
-0.462594,9.25,4.04049
-0.462594,9.75,3.59405
-0.462594,10.25,3.20764
-0.462594,10.75,2.87111
-0.462594,11.25,2.58209
-0.462594,11.75,2.32999
-0.462594,12.25,2.11108
-0.462594,12.75,1.91799
-0.462594,13.25,1.74503
-0.462594,13.75,1.59301
-0.462594,14.25,1.45901
-0.462594,14.75,1.34076
-0.462594,15.25,1.23546
-0.462594,15.75,1.14136
-0.462594,16.25,1.05771
-0.462594,16.75,0.982569
-0.462594,17.25,0.914708
-0.462594,17.75,0.853247
-0.462594,18.25,0.796542
-0.462594,18.75,0.744914
-0.462594,19.25,0.697847
-0.462594,19.75,0.654838
-0.462594,20.25,0.615779
-0.462594,20.75,0.580121
-0.437598,1.25,217.753
-0.437598,1.75,129.045
-0.437598,2.25,83.8755
-0.437598,2.75,56.0832
-0.437598,3.25,40.5695
-0.437598,3.75,31.6327
-0.437598,4.25,24.5821
-0.437598,4.75,19.1828
-0.437598,5.25,15.2966
-0.437598,5.75,12.4968
-0.437598,6.25,10.4054
-0.437598,6.75,8.75326
-0.437598,7.25,7.45566
-0.437598,7.75,6.41286
-0.437598,8.25,5.55157
-0.437598,8.75,4.83665
-0.437598,9.25,4.26631
-0.437598,9.75,3.79567
-0.437598,10.25,3.38737
-0.437598,10.75,3.03131
-0.437598,11.25,2.7254
-0.437598,11.75,2.45863
-0.437598,12.25,2.22705
-0.437598,12.75,2.02294
-0.437598,13.25,1.84034
-0.437598,13.75,1.67991
-0.437598,14.25,1.53858
-0.437598,14.75,1.41397
-0.437598,15.25,1.30304
-0.437598,15.75,1.20394
-0.437598,16.25,1.11575
-0.437598,16.75,1.03654
-0.437598,17.25,0.965021
-0.437598,17.75,0.900261
-0.437598,18.25,0.840425
-0.437598,18.75,0.785954
-0.437598,19.25,0.736306
-0.437598,19.75,0.690947
-0.437598,20.25,0.649737
-0.437598,20.75,0.612107
-0.412603,1.25,220.001
-0.412603,1.75,126.058
-0.412603,2.25,86.5148
-0.412603,2.75,56.9168
-0.412603,3.25,42.8572
-0.412603,3.75,32.9921
-0.412603,4.25,25.252
-0.412603,4.75,19.6576
-0.412603,5.25,15.7471
-0.412603,5.75,12.9466
-0.412603,6.25,10.8438
-0.412603,6.75,9.17017
-0.412603,7.25,7.83827
-0.412603,7.75,6.75457
-0.412603,8.25,5.8588
-0.412603,8.75,5.11426
-0.412603,9.25,4.51129
-0.412603,9.75,4.01027
-0.412603,10.25,3.57701
-0.412603,10.75,3.20043
-0.412603,11.25,2.87697
-0.412603,11.75,2.59445
-0.412603,12.25,2.34938
-0.412603,12.75,2.13389
-0.412603,13.25,1.94186
-0.412603,13.75,1.77317
-0.412603,14.25,1.62481
-0.412603,14.75,1.49467
-0.412603,15.25,1.37875
-0.412603,15.75,1.27512
-0.412603,16.25,1.18204
-0.412603,16.75,1.09825
-0.412603,17.25,1.0226
-0.412603,17.75,0.954107
-0.412603,18.25,0.891178
-0.412603,18.75,0.833891
-0.412603,19.25,0.781655
-0.412603,19.75,0.73391
-0.412603,20.25,0.690247
-0.412603,20.75,0.650205
-0.387607,1.25,210.298
-0.387607,1.75,128.097
-0.387607,2.25,86.2978
-0.387607,2.75,59.2925
-0.387607,3.25,45.0586
-0.387607,3.75,33.8861
-0.387607,4.25,25.7692
-0.387607,4.75,20.1982
-0.387607,5.25,16.3284
-0.387607,5.75,13.5187
-0.387607,6.25,11.3756
-0.387607,6.75,9.65289
-0.387607,7.25,8.26537
-0.387607,7.75,7.12566
-0.387607,8.25,6.186
-0.387607,8.75,5.40615
-0.387607,9.25,4.76634
-0.387607,9.75,4.23195
-0.387607,10.25,3.77196
-0.387607,10.75,3.37383
-0.387607,11.25,3.03217
-0.387607,11.75,2.73345
-0.387607,12.25,2.47458
-0.387607,12.75,2.24754
-0.387607,13.25,2.04603
-0.387607,13.75,1.86903
-0.387607,14.25,1.71364
-0.387607,14.75,1.57804
-0.387607,15.25,1.45717
-0.387607,15.75,1.34904
-0.387607,16.25,1.25098
-0.387607,16.75,1.16251
-0.387607,17.25,1.08264
-0.387607,17.75,1.01032
-0.387607,18.25,0.944252
-0.387607,18.75,0.884099
-0.387607,19.25,0.829222
-0.387607,19.75,0.779039
-0.387607,20.25,0.732837
-0.387607,20.75,0.69028
-0.362611,1.25,220.589
-0.362611,1.75,135.906
-0.362611,2.25,85.9698
-0.362611,2.75,62.7548
-0.362611,3.25,46.5566
-0.362611,3.75,34.4433
-0.362611,4.25,26.3707
-0.362611,4.75,20.941
-0.362611,5.25,17.086
-0.362611,5.75,14.2103
-0.362611,6.25,11.9792
-0.362611,6.75,10.1759
-0.362611,7.25,8.71383
-0.362611,7.75,7.50717
-0.362611,8.25,6.51845
-0.362611,8.75,5.70128
-0.362611,9.25,5.02322
-0.362611,9.75,4.45467
-0.362611,10.25,3.96783
-0.362611,10.75,3.54838
-0.362611,11.25,3.18882
-0.362611,11.75,2.8741
-0.362611,12.25,2.60164
-0.362611,12.75,2.36325
-0.362611,13.25,2.15246
-0.362611,13.75,1.96731
-0.362611,14.25,1.80503
-0.362611,14.75,1.66414
-0.362611,15.25,1.53845
-0.362611,15.75,1.4259
-0.362611,16.25,1.32283
-0.362611,16.75,1.22959
-0.362611,17.25,1.14542
-0.362611,17.75,1.06918
-0.362611,18.25,0.999921
-0.362611,18.75,0.936851
-0.362611,19.25,0.879278
-0.362611,19.75,0.826597
-0.362611,20.25,0.77776
-0.362611,20.75,0.732574
-0.337616,1.25,231.78
-0.337616,1.75,141.148
-0.337616,2.25,88.4405
-0.337616,2.75,65.8239
-0.337616,3.25,47.4333
-0.337616,3.75,35.1866
-0.337616,4.25,27.3671
-0.337616,4.75,22.0022
-0.337616,5.25,18.0586
-0.337616,5.75,15.042
-0.337616,6.25,12.673
-0.337616,6.75,10.7577
-0.337616,7.25,9.20353
-0.337616,7.75,7.92033
-0.337616,8.25,6.87036
-0.337616,8.75,6.0043
-0.337616,9.25,5.28949
-0.337616,9.75,4.69203
-0.337616,10.25,4.18087
-0.337616,10.75,3.7407
-0.337616,11.25,3.3635
-0.337616,11.75,3.0323
-0.337616,12.25,2.7457
-0.337616,12.75,2.4954
-0.337616,13.25,2.27486
-0.337616,13.75,2.08103
-0.337616,14.25,1.91103
-0.337616,14.75,1.76328
-0.337616,15.25,1.63139
-0.337616,15.75,1.5132
-0.337616,16.25,1.40404
-0.337616,16.75,1.30508
-0.337616,17.25,1.21575
-0.337616,17.75,1.13484
-0.337616,18.25,1.06169
-0.337616,18.75,0.995082
-0.337616,19.25,0.934256
-0.337616,19.75,0.878577
-0.337616,20.25,0.826949
-0.337616,20.75,0.779166
-0.31262,1.25,224.618
-0.31262,1.75,140.023
-0.31262,2.25,93.8946
-0.31262,2.75,67.6487
-0.31262,3.25,48.2231
-0.31262,3.75,36.3887
-0.31262,4.25,28.7179
-0.31262,4.75,23.2413
-0.31262,5.25,19.1168
-0.31262,5.75,15.9243
-0.31262,6.25,13.4036
-0.31262,6.75,11.3709
-0.31262,7.25,9.72406
-0.31262,7.75,8.36509
-0.31262,8.25,7.24626
-0.31262,8.75,6.32125
-0.31262,9.25,5.57322
-0.31262,9.75,4.95372
-0.31262,10.25,4.42128
-0.31262,10.75,3.96074
-0.31262,11.25,3.56571
-0.31262,11.75,3.21688
-0.31262,12.25,2.91491
-0.31262,12.75,2.65152
-0.31262,13.25,2.42014
-0.31262,13.75,2.21657
-0.31262,14.25,2.03744
-0.31262,14.75,1.88061
-0.31262,15.25,1.74055
-0.31262,15.75,1.61501
-0.31262,16.25,1.4982
-0.31262,16.75,1.39216
-0.31262,17.25,1.29645
-0.31262,17.75,1.20981
-0.31262,18.25,1.13179
-0.31262,18.75,1.06076
-0.31262,19.25,0.995899
-0.31262,19.75,0.936525
-0.31262,20.25,0.881837
-0.31262,20.75,0.83143
-0.287624,1.25,228.035
-0.287624,1.75,139.667
-0.287624,2.25,98.986
-0.287624,2.75,68.3214
-0.287624,3.25,49.4332
-0.287624,3.75,38.119
-0.287624,4.25,30.3456
-0.287624,4.75,24.5782
-0.287624,5.25,20.1919
-0.287624,5.75,16.7964
-0.287624,6.25,14.1197
-0.287624,6.75,11.9738
-0.287624,7.25,10.2402
-0.287624,7.75,8.81049
-0.287624,8.25,7.62562
-0.287624,8.75,6.64312
-0.287624,9.25,5.86408
-0.287624,9.75,5.22455
-0.287624,10.25,4.67193
-0.287624,10.75,4.19144
-0.287624,11.25,3.77872
-0.287624,11.75,3.41196
-0.287624,12.25,3.09424
-0.287624,12.75,2.81739
-0.287624,13.25,2.57487
-0.287624,13.75,2.36123
-0.287624,14.25,2.17259
-0.287624,14.75,2.00615
-0.287624,15.25,1.85744
-0.287624,15.75,1.72408
-0.287624,16.25,1.59909
-0.287624,16.75,1.48545
-0.287624,17.25,1.3829
-0.287624,17.75,1.29008
-0.287624,18.25,1.20685
-0.287624,18.75,1.13109
-0.287624,19.25,1.06191
-0.287624,19.75,0.998569
-0.287624,20.25,0.940622
-0.287624,20.75,0.887436
-0.262629,1.25,246.732
-0.262629,1.75,146.832
-0.262629,2.25,101.139
-0.262629,2.75,69.0817
-0.262629,3.25,51.5591
-0.262629,3.75,40.3297
-0.262629,4.25,32.1032
-0.262629,4.75,25.9004
-0.262629,5.25,21.2169
-0.262629,5.75,17.623
-0.262629,6.25,14.8045
-0.262629,6.75,12.5598
-0.262629,7.25,10.7507
-0.262629,7.75,9.25768
-0.262629,8.25,8.01066
-0.262629,8.75,6.97242
-0.262629,9.25,6.16459
-0.262629,9.75,5.50692
-0.262629,10.25,4.93501
-0.262629,10.75,4.4348
-0.262629,11.25,4.0043
-0.262629,11.75,3.61913
-0.262629,12.25,3.2851
-0.262629,12.75,2.99427
-0.262629,13.25,2.74019
-0.262629,13.75,2.51604
-0.262629,14.25,2.31741
-0.262629,14.75,2.14075
-0.262629,15.25,1.98283
-0.262629,15.75,1.84114
-0.262629,16.25,1.70735
-0.262629,16.75,1.58552
-0.262629,17.25,1.4756
-0.262629,17.75,1.37612
-0.262629,18.25,1.28729
-0.262629,18.75,1.20645
-0.262629,19.25,1.13262
-0.262629,19.75,1.06503
-0.262629,20.25,1.00361
-0.262629,20.75,0.947473
-0.237633,1.25,248.83
-0.237633,1.75,156.917
-0.237633,2.25,101.223
-0.237633,2.75,71.2576
-0.237633,3.25,54.4971
-0.237633,3.75,42.6623
-0.237633,4.25,33.7844
-0.237633,4.75,27.1252
-0.237633,5.25,22.1615
-0.237633,5.75,18.3988
-0.237633,6.25,15.4671
-0.237633,6.75,13.143
-0.237633,7.25,11.2742
-0.237633,7.75,9.73399
-0.237633,8.25,8.44174
-0.237633,8.75,7.36206
-0.237633,9.25,6.52061
-0.237633,9.75,5.8344
-0.237633,10.25,5.23666
-0.237633,10.75,4.71294
-0.237633,11.25,4.26135
-0.237633,11.75,3.85552
-0.237633,12.25,3.50312
-0.237633,12.75,3.19655
-0.237633,13.25,2.92959
-0.237633,13.75,2.69367
-0.237633,14.25,2.48404
-0.237633,14.75,2.29671
-0.237633,15.25,2.12906
-0.237633,15.75,1.97848
-0.237633,16.25,1.83619
-0.237633,16.75,1.70649
-0.237633,17.25,1.58937
-0.237633,17.75,1.48328
-0.237633,18.25,1.38858
-0.237633,18.75,1.30233
-0.237633,19.25,1.2235
-0.237633,19.75,1.15128
-0.237633,20.25,1.0855
-0.237633,20.75,1.02528
-0.212637,1.25,243.929
-0.212637,1.75,161.192
-0.212637,2.25,102.373
-0.212637,2.75,74.9747
-0.212637,3.25,57.6307
-0.212637,3.75,44.746
-0.212637,4.25,35.2601
-0.212637,4.75,28.2381
-0.212637,5.25,23.0509
-0.212637,5.75,19.1579
-0.212637,6.25,16.1403
-0.212637,6.75,13.7512
-0.212637,7.25,11.8341
-0.212637,7.75,10.2596
-0.212637,8.25,8.93788
-0.212637,8.75,7.83085
-0.212637,9.25,6.94788
-0.212637,9.75,6.21907
-0.212637,10.25,5.58647
-0.212637,10.75,5.03393
-0.212637,11.25,4.5567
-0.212637,11.75,4.12716
-0.212637,12.25,3.75365
-0.212637,12.75,3.42907
-0.212637,13.25,3.14751
-0.212637,13.75,2.89825
-0.212637,14.25,2.67641
-0.212637,14.75,2.47786
-0.212637,15.25,2.29992
-0.212637,15.75,2.13986
-0.212637,16.25,1.98951
-0.212637,16.75,1.85246
-0.212637,17.25,1.72845
-0.212637,17.75,1.61592
-0.212637,18.25,1.5151
-0.212637,18.75,1.42313
-0.212637,19.25,1.33893
-0.212637,19.75,1.26167
-0.212637,20.25,1.19049
-0.212637,20.75,1.12482
-0.187642,1.25,260.939
-0.187642,1.75,159.711
-0.187642,2.25,106.824
-0.187642,2.75,79.3607
-0.187642,3.25,60.3576
-0.187642,3.75,46.4101
-0.187642,4.25,36.4981
-0.187642,4.75,29.2516
-0.187642,5.25,23.9192
-0.187642,5.75,19.9365
-0.187642,6.25,16.8516
-0.187642,6.75,14.4046
-0.187642,7.25,12.4411
-0.187642,7.75,10.8321
-0.187642,8.25,9.4799
-0.187642,8.75,8.344
-0.187642,9.25,7.41556
-0.187642,9.75,6.63963
-0.187642,10.25,5.96853
-0.187642,10.75,5.38422
-0.187642,11.25,4.87877
-0.187642,11.75,4.42319
-0.187642,12.25,4.02651
-0.187642,12.75,3.68224
-0.187642,13.25,3.38482
-0.187642,13.75,3.12108
-0.187642,14.25,2.88599
-0.187642,14.75,2.67529
-0.187642,15.25,2.48619
-0.187642,15.75,2.31588
-0.187642,16.25,2.15693
-0.187642,16.75,2.01203
-0.187642,17.25,1.88068
-0.187642,17.75,1.76127
-0.187642,18.25,1.6539
-0.187642,18.75,1.55579
-0.187642,19.25,1.46583
-0.187642,19.75,1.38317
-0.187642,20.25,1.3061
-0.187642,20.75,1.23443
-0.162646,1.25,278.115
-0.162646,1.75,161.704
-0.162646,2.25,113.596
-0.162646,2.75,83.0077
-0.162646,3.25,62.2874
-0.162646,3.75,47.6724
-0.162646,4.25,37.6046
-0.162646,4.75,30.2658
-0.162646,5.25,24.842
-0.162646,5.75,20.7875
-0.162646,6.25,17.6376
-0.162646,6.75,15.1286
-0.162646,7.25,13.113
-0.162646,7.75,11.4647
-0.162646,8.25,10.0777
-0.162646,8.75,8.9093
-0.162646,9.25,7.9297
-0.162646,9.75,7.10076
-0.162646,10.25,6.38656
-0.162646,10.75,5.76693
-0.162646,11.25,5.23019
-0.162646,11.75,4.74584
-0.162646,12.25,4.32366
-0.162646,12.75,3.95779
-0.162646,13.25,3.6431
-0.162646,13.75,3.36363
-0.162646,14.25,3.11418
-0.162646,14.75,2.89031
-0.162646,15.25,2.68914
-0.162646,15.75,2.50774
-0.162646,16.25,2.33959
-0.162646,16.75,2.18635
-0.162646,17.25,2.04718
-0.162646,17.75,1.92044
-0.162646,18.25,1.80606
-0.162646,18.75,1.70138
-0.162646,19.25,1.60526
-0.162646,19.75,1.51681
-0.162646,20.25,1.43332
-0.162646,20.75,1.35506
-0.137651,1.25,274.32
-0.137651,1.75,171.419
-0.137651,2.25,119.433
-0.137651,2.75,85.0058
-0.137651,3.25,63.1678
-0.137651,3.75,48.5214
-0.137651,4.25,38.5449
-0.137651,4.75,31.2266
-0.137651,5.25,25.7542
-0.137651,5.75,21.6316
-0.137651,6.25,18.418
-0.137651,6.75,15.8641
-0.137651,7.25,13.8042
-0.137651,7.75,12.1134
-0.137651,8.25,10.6815
-0.137651,8.75,9.46934
-0.137651,9.25,8.444
-0.137651,9.75,7.57197
-0.137651,10.25,6.82126
-0.137651,10.75,6.17045
-0.137651,11.25,5.6057
-0.137651,11.75,5.09684
-0.137651,12.25,4.65234
-0.137651,12.75,4.26536
-0.137651,13.25,3.93
-0.137651,13.75,3.63187
-0.137651,14.25,3.36547
-0.137651,14.75,3.1261
-0.137651,15.25,2.91082
-0.137651,15.75,2.71654
-0.137651,16.25,2.53783
-0.137651,16.75,2.37508
-0.137651,17.25,2.22706
-0.137651,17.75,2.09207
-0.137651,18.25,1.96984
-0.137651,18.75,1.85782
-0.137651,19.25,1.75485
-0.137651,19.75,1.65999
-0.137651,20.25,1.57011
-0.137651,20.75,1.48562
-0.112655,1.25,279.467
-0.112655,1.75,181.913
-0.112655,2.25,122.04
-0.112655,2.75,85.7272
-0.112655,3.25,63.538
-0.112655,3.75,49.2936
-0.112655,4.25,39.4919
-0.112655,4.75,32.2155
-0.112655,5.25,26.69
-0.112655,5.75,22.4778
-0.112655,6.25,19.1898
-0.112655,6.75,16.6054
-0.112655,7.25,14.5082
-0.112655,7.75,12.7705
-0.112655,8.25,11.2818
-0.112655,8.75,10.0125
-0.112655,9.25,8.94887
-0.112655,9.75,8.04685
-0.112655,10.25,7.2686
-0.112655,10.75,6.59251
-0.112655,11.25,6.00451
-0.112655,11.75,5.47712
-0.112655,12.25,5.01495
-0.112655,12.75,4.608
-0.112655,13.25,4.24812
-0.112655,13.75,3.928
-0.112655,14.25,3.64175
-0.112655,14.75,3.3842
-0.112655,15.25,3.15249
-0.112655,15.75,2.94329
-0.112655,16.25,2.75246
-0.112655,16.75,2.57887
-0.112655,17.25,2.42083
-0.112655,17.75,2.27654
-0.112655,18.25,2.14549
-0.112655,18.75,2.02527
-0.112655,19.25,1.91467
-0.112655,19.75,1.81269
-0.112655,20.25,1.71657
-0.112655,20.75,1.62648
-0.0876593,1.25,307.094
-0.0876593,1.75,184.934
-0.0876593,2.25,122.187
-0.0876593,2.75,86.4677
-0.0876593,3.25,64.3906
-0.0876593,3.75,50.5109
-0.0876593,4.25,40.7723
-0.0876593,4.75,33.443
-0.0876593,5.25,27.7955
-0.0876593,5.75,23.4462
-0.0876593,6.25,20.0529
-0.0876593,6.75,17.421
-0.0876593,7.25,15.2751
-0.0876593,7.75,13.4818
-0.0876593,8.25,11.9286
-0.0876593,8.75,10.5956
-0.0876593,9.25,9.49007
-0.0876593,9.75,8.55581
-0.0876593,10.25,7.74828
-0.0876593,10.75,7.04553
-0.0876593,11.25,6.43312
-0.0876593,11.75,5.88674
-0.0876593,12.25,5.40646
-0.0876593,12.75,4.97856
-0.0876593,13.25,4.5922
-0.0876593,13.75,4.24839
-0.0876593,14.25,3.94072
-0.0876593,14.75,3.66357
-0.0876593,15.25,3.41413
-0.0876593,15.75,3.18885
-0.0876593,16.25,2.9851
-0.0876593,16.75,2.8
-0.0876593,17.25,2.63129
-0.0876593,17.75,2.47711
-0.0876593,18.25,2.33665
-0.0876593,18.75,2.20766
-0.0876593,19.25,2.08889
-0.0876593,19.75,1.97929
-0.0876593,20.25,1.87656
-0.0876593,20.75,1.78057
-0.0626636,1.25,322.617
-0.0626636,1.75,182.034
-0.0626636,2.25,123.144
-0.0626636,2.75,88.5493
-0.0626636,3.25,66.1471
-0.0626636,3.75,52.2907
-0.0626636,4.25,42.4033
-0.0626636,4.75,34.8962
-0.0626636,5.25,29.0512
-0.0626636,5.75,24.5179
-0.0626636,6.25,20.9917
-0.0626636,6.75,18.2988
-0.0626636,7.25,16.096
-0.0626636,7.75,14.2406
-0.0626636,8.25,12.6169
-0.0626636,8.75,11.215
-0.0626636,9.25,10.0649
-0.0626636,9.75,9.09707
-0.0626636,10.25,8.25922
-0.0626636,10.75,7.52898
-0.0626636,11.25,6.89148
-0.0626636,11.75,6.32606
-0.0626636,12.25,5.82757
-0.0626636,12.75,5.37799
-0.0626636,13.25,4.96326
-0.0626636,13.75,4.59405
-0.0626636,14.25,4.26342
-0.0626636,14.75,3.96524
-0.0626636,15.25,3.69678
-0.0626636,15.75,3.45425
-0.0626636,16.25,3.23681
-0.0626636,16.75,3.03954
-0.0626636,17.25,2.85955
-0.0626636,17.75,2.69489
-0.0626636,18.25,2.5444
-0.0626636,18.75,2.40607
-0.0626636,19.25,2.27859
-0.0626636,19.75,2.16087
-0.0626636,20.25,2.05115
-0.0626636,20.75,1.94896
-0.037668,1.25,313.813
-0.037668,1.75,180.856
-0.037668,2.25,125.49
-0.037668,2.75,90.906
-0.037668,3.25,67.8378
-0.037668,3.75,53.6851
-0.037668,4.25,43.5669
-0.037668,4.75,35.8634
-0.037668,5.25,29.8294
-0.037668,5.75,25.1301
-0.037668,6.25,21.4947
-0.037668,6.75,18.7645
-0.037668,7.25,16.529
-0.037668,7.75,14.636
-0.037668,8.25,12.9851
-0.037668,8.75,11.5614
-0.037668,9.25,10.3859
-0.037668,9.75,9.39334
-0.037668,10.25,8.53604
-0.037668,10.75,7.79041
-0.037668,11.25,7.13885
-0.037668,11.75,6.56048
-0.037668,12.25,6.05009
-0.037668,12.75,5.58764
-0.037668,13.25,5.15759
-0.037668,13.75,4.77471
-0.037668,14.25,4.43219
-0.037668,14.75,4.12424
-0.037668,15.25,3.84688
-0.037668,15.75,3.5962
-0.037668,16.25,3.37181
-0.037668,16.75,3.16824
-0.037668,17.25,2.9824
-0.037668,17.75,2.8123
-0.037668,18.25,2.65569
-0.037668,18.75,2.51164
-0.037668,19.25,2.37889
-0.037668,19.75,2.25628
-0.037668,20.25,2.14272
-0.037668,20.75,2.03737
-0.0126724,1.25,307.424
-0.0126724,1.75,183.359
-0.0126724,2.25,127.645
-0.0126724,2.75,92.2663
-0.0126724,3.25,68.7078
-0.0126724,3.75,54.2214
-0.0126724,4.25,43.9557
-0.0126724,4.75,36.1342
-0.0126724,5.25,29.98
-0.0126724,5.75,25.1718
-0.0126724,6.25,21.4758
-0.0126724,6.75,18.7446
-0.0126724,7.25,16.5099
-0.0126724,7.75,14.611
-0.0126724,8.25,12.9834
-0.0126724,8.75,11.5921
-0.0126724,9.25,10.4137
-0.0126724,9.75,9.40721
-0.0126724,10.25,8.54307
-0.0126724,10.75,7.79561
-0.0126724,11.25,7.14231
-0.0126724,11.75,6.55759
-0.0126724,12.25,6.04212
-0.0126724,12.75,5.57674
-0.0126724,13.25,5.14655
-0.0126724,13.75,4.76365
-0.0126724,14.25,4.42203
-0.0126724,14.75,4.1172
-0.0126724,15.25,3.8425
-0.0126724,15.75,3.59411
-0.0126724,16.25,3.37043
-0.0126724,16.75,3.16719
-0.0126724,17.25,2.98164
-0.0126724,17.75,2.81181
-0.0126724,18.25,2.65363
-0.0126724,18.75,2.50811
-0.0126724,19.25,2.37409
-0.0126724,19.75,2.25039
-0.0126724,20.25,2.13656
-0.0126724,20.75,2.03141
