-0.987502,1.25,13.7213
-0.987502,1.75,39.7305
-0.987502,2.25,47.5958
-0.987502,2.75,55.1044
-0.987502,3.25,55.5465
-0.987502,3.75,43.7946
-0.987502,4.25,33.8167
-0.987502,4.75,41.0147
-0.987502,5.25,45.25
-0.987502,5.75,40.0261
-0.987502,6.25,31.0595
-0.987502,6.75,23.2979
-0.987502,7.25,18.16
-0.987502,7.75,15.1781
-0.987502,8.25,13.5312
-0.987502,8.75,12.5627
-0.987502,9.25,11.8809
-0.987502,9.75,11.2782
-0.987502,10.25,10.6645
-0.987502,10.75,10.0271
-0.987502,11.25,9.38469
-0.987502,11.75,8.75411
-0.987502,12.25,8.14456
-0.987502,12.75,7.56787
-0.987502,13.25,7.03166
-0.987502,13.75,6.53425
-0.987502,14.25,6.07558
-0.987502,14.75,5.65357
-0.987502,15.25,5.26857
-0.987502,15.75,4.91796
-0.987502,16.25,4.59271
-0.987502,16.75,4.29554
-0.987502,17.25,4.02519
-0.987502,17.75,3.77893
-0.987502,18.25,3.54743
-0.987502,18.75,3.33566
-0.987502,19.25,3.14197
-0.987502,19.75,2.96449
-0.987502,20.25,2.80648
-0.987502,20.75,2.66413
-0.962507,1.25,12.9218
-0.962507,1.75,37.2954
-0.962507,2.25,47.3229
-0.962507,2.75,53.2259
-0.962507,3.25,59.2045
-0.962507,3.75,49.6124
-0.962507,4.25,34.2109
-0.962507,4.75,32.2799
-0.962507,5.25,36.2502
-0.962507,5.75,37.0977
-0.962507,6.25,33.6464
-0.962507,6.75,28.2104
-0.962507,7.25,22.8494
-0.962507,7.75,18.4616
-0.962507,8.25,15.1956
-0.962507,8.75,12.8867
-0.962507,9.25,11.2872
-0.962507,9.75,10.1617
-0.962507,10.25,9.32047
-0.962507,10.75,8.65127
-0.962507,11.25,8.09498
-0.962507,11.75,7.61158
-0.962507,12.25,7.17295
-0.962507,12.75,6.76803
-0.962507,13.25,6.39167
-0.962507,13.75,6.03618
-0.962507,14.25,5.69952
-0.962507,14.75,5.38002
-0.962507,15.25,5.07917
-0.962507,15.75,4.79653
-0.962507,16.25,4.52539
-0.962507,16.75,4.27069
-0.962507,17.25,4.03313
-0.962507,17.75,3.81175
-0.962507,18.25,3.59877
-0.962507,18.75,3.40041
-0.962507,19.25,3.21608
-0.962507,19.75,3.04472
-0.962507,20.25,2.89026
-0.962507,20.75,2.74945
-0.937511,1.25,13.4421
-0.937511,1.75,38.1075
-0.937511,2.25,47.0032
-0.937511,2.75,56.0781
-0.937511,3.25,57.7264
-0.937511,3.75,51.9305
-0.937511,4.25,39.7122
-0.937511,4.75,29.9174
-0.937511,5.25,28.2548
-0.937511,5.75,30.0186
-0.937511,6.25,30.5955
-0.937511,6.75,28.9217
-0.937511,7.25,25.8171
-0.937511,7.75,22.2722
-0.937511,8.25,18.9044
-0.937511,8.75,16.0162
-0.937511,9.25,13.6739
-0.937511,9.75,11.8332
-0.937511,10.25,10.3887
-0.937511,10.75,9.24678
-0.937511,11.25,8.34003
-0.937511,11.75,7.60873
-0.937511,12.25,7.00459
-0.937511,12.75,6.4958
-0.937511,13.25,6.0598
-0.937511,13.75,5.67728
-0.937511,14.25,5.33623
-0.937511,14.75,5.0278
-0.937511,15.25,4.74707
-0.937511,15.75,4.48968
-0.937511,16.25,4.24725
-0.937511,16.75,4.02194
-0.937511,17.25,3.813
-0.937511,17.75,3.61874
-0.937511,18.25,3.4313
-0.937511,18.75,3.25639
-0.937511,19.25,3.09333
-0.937511,19.75,2.94113
-0.937511,20.25,2.80337
-0.937511,20.75,2.67712
-0.912515,1.25,14.015
-0.912515,1.75,38.2524
-0.912515,2.25,47.8477
-0.912515,2.75,60.1898
-0.912515,3.25,52.0014
-0.912515,3.75,52.0211
-0.912515,4.25,47.0159
-0.912515,4.75,35.7613
-0.912515,5.25,27.5459
-0.912515,5.75,24.9567
-0.912515,6.25,25.2255
-0.912515,6.75,25.603
-0.912515,7.25,25.0246
-0.912515,7.75,23.495
-0.912515,8.25,21.3631
-0.912515,8.75,19.0226
-0.912515,9.25,16.7409
-0.912515,9.75,14.6717
-0.912515,10.25,12.8626
-0.912515,10.75,11.3146
-0.912515,11.25,10.014
-0.912515,11.75,8.92682
-0.912515,12.25,8.01842
-0.912515,12.75,7.25642
-0.912515,13.25,6.61299
-0.912515,13.75,6.06604
-0.912515,14.25,5.59705
-0.912515,14.75,5.1912
-0.912515,15.25,4.83689
-0.912515,15.75,4.52482
-0.912515,16.25,4.2449
-0.912515,16.75,3.99378
-0.912515,17.25,3.76753
-0.912515,17.75,3.56238
-0.912515,18.25,3.36985
-0.912515,18.75,3.19331
-0.912515,19.25,3.03108
-0.912515,19.75,2.88143
-0.912515,20.25,2.74635
-0.912515,20.75,2.62299
-0.88752,1.25,14.0945
-0.88752,1.75,40.6602
-0.88752,2.25,48.6584
-0.88752,2.75,58.6777
-0.88752,3.25,47.5995
-0.88752,3.75,49.0768
-0.88752,4.25,52.6675
-0.88752,4.75,46.2855
-0.88752,5.25,34.4326
-0.88752,5.75,25.7387
-0.88752,6.25,21.9419
-0.88752,6.75,21.0045
-0.88752,7.25,20.9077
-0.88752,7.75,20.6162
-0.88752,8.25,19.8226
-0.88752,8.75,18.6104
-0.88752,9.25,17.1603
-0.88752,9.75,15.6321
-0.88752,10.25,14.1293
-0.88752,10.75,12.7187
-0.88752,11.25,11.4412
-0.88752,11.75,10.3024
-0.88752,12.25,9.30145
-0.88752,12.75,8.42501
-0.88752,13.25,7.65754
-0.88752,13.75,6.98888
-0.88752,14.25,6.40552
-0.88752,14.75,5.89554
-0.88752,15.25,5.44758
-0.88752,15.75,5.05239
-0.88752,16.25,4.70201
-0.88752,16.75,4.38995
-0.88752,17.25,4.11074
-0.88752,17.75,3.85977
-0.88752,18.25,3.62887
-0.88752,18.75,3.41937
-0.88752,19.25,3.2288
-0.88752,19.75,3.0548
-0.88752,20.25,2.89759
-0.88752,20.75,2.75441
-0.862524,1.25,13.492
-0.862524,1.75,40.7605
-0.862524,2.25,49.8467
-0.862524,2.75,52.9176
-0.862524,3.25,45.5736
-0.862524,3.75,44.9657
-0.862524,4.25,51.6283
-0.862524,4.75,51.5795
-0.862524,5.25,43.1348
-0.862524,5.75,33.0416
-0.862524,6.25,25.3999
-0.862524,6.75,20.7479
-0.862524,7.25,18.1888
-0.862524,7.75,16.7568
-0.862524,8.25,15.7857
-0.862524,8.75,14.9627
-0.862524,9.25,14.1732
-0.862524,9.75,13.3669
-0.862524,10.25,12.5301
-0.862524,10.75,11.6852
-0.862524,11.25,10.8641
-0.862524,11.75,10.0755
-0.862524,12.25,9.33498
-0.862524,12.75,8.64352
-0.862524,13.25,7.99958
-0.862524,13.75,7.41021
-0.862524,14.25,6.87327
-0.862524,14.75,6.38619
-0.862524,15.25,5.94334
-0.862524,15.75,5.54081
-0.862524,16.25,5.17737
-0.862524,16.75,4.84708
-0.862524,17.25,4.546
-0.862524,17.75,4.27115
-0.862524,18.25,4.01662
-0.862524,18.75,3.78343
-0.862524,19.25,3.56959
-0.862524,19.75,3.37314
-0.862524,20.25,3.1933
-0.862524,20.75,3.02803
-0.837528,1.25,13.7955
-0.837528,1.75,39.3781
-0.837528,2.25,49.1031
-0.837528,2.75,49.867
-0.837528,3.25,46.4481
-0.837528,3.75,42.877
-0.837528,4.25,37.1153
-0.837528,4.75,37.6878
-0.837528,5.25,41.3691
-0.837528,5.75,42.4173
-0.837528,6.25,39.7393
-0.837528,6.75,34.9566
-0.837528,7.25,29.6914
-0.837528,7.75,24.8751
-0.837528,8.25,20.8253
-0.837528,8.75,17.5853
-0.837528,9.25,15.0709
-0.837528,9.75,13.129
-0.837528,10.25,11.6013
-0.837528,10.75,10.3793
-0.837528,11.25,9.39395
-0.837528,11.75,8.57845
-0.837528,12.25,7.89434
-0.837528,12.75,7.30521
-0.837528,13.25,6.78495
-0.837528,13.75,6.32704
-0.837528,14.25,5.91983
-0.837528,14.75,5.5551
-0.837528,15.25,5.22469
-0.837528,15.75,4.92353
-0.837528,16.25,4.65128
-0.837528,16.75,4.40152
-0.837528,17.25,4.17082
-0.837528,17.75,3.95714
-0.837528,18.25,3.75693
-0.837528,18.75,3.57067
-0.837528,19.25,3.39721
-0.837528,19.75,3.23542
-0.837528,20.25,3.08446
-0.837528,20.75,2.94338
-0.812533,1.25,14.1056
-0.812533,1.75,40.3974
-0.812533,2.25,50.5112
-0.812533,2.75,50.8862
-0.812533,3.25,47.9702
-0.812533,3.75,44.204
-0.812533,4.25,37.9978
-0.812533,4.75,37.6682
-0.812533,5.25,40.9061
-0.812533,5.75,42.3883
-0.812533,6.25,40.593
-0.812533,6.75,36.5995
-0.812533,7.25,31.7858
-0.812533,7.75,27.0874
-0.812533,8.25,22.9381
-0.812533,8.75,19.4772
-0.812533,9.25,16.6911
-0.812533,9.75,14.4752
-0.812533,10.25,12.699
-0.812533,10.75,11.2638
-0.812533,11.25,10.1012
-0.812533,11.75,9.14342
-0.812533,12.25,8.34602
-0.812533,12.75,7.66854
-0.812533,13.25,7.0809
-0.812533,13.75,6.57106
-0.812533,14.25,6.12319
-0.812533,14.75,5.72501
-0.812533,15.25,5.36891
-0.812533,15.75,5.04803
-0.812533,16.25,4.7602
-0.812533,16.75,4.49831
-0.812533,17.25,4.2582
-0.812533,17.75,4.0372
-0.812533,18.25,3.83256
-0.812533,18.75,3.64298
-0.812533,19.25,3.46696
-0.812533,19.75,3.30314
-0.812533,20.25,3.1503
-0.812533,20.75,3.00748
-0.787537,1.25,14.0716
-0.787537,1.75,41.5644
-0.787537,2.25,52.2565
-0.787537,2.75,52.1817
-0.787537,3.25,49.3212
-0.787537,3.75,45.1079
-0.787537,4.25,39.2207
-0.787537,4.75,38.6349
-0.787537,5.25,41.4081
-0.787537,5.75,42.7811
-0.787537,6.25,41.231
-0.787537,6.75,37.5666
-0.787537,7.25,32.9826
-0.787537,7.75,28.3691
-0.787537,8.25,24.2028
-0.787537,8.75,20.6567
-0.787537,9.25,17.7482
-0.787537,9.75,15.3979
-0.787537,10.25,13.4922
-0.787537,10.75,11.9402
-0.787537,11.25,10.6759
-0.787537,11.75,9.63353
-0.787537,12.25,8.76534
-0.787537,12.75,8.0301
-0.787537,13.25,7.39651
-0.787537,13.75,6.84916
-0.787537,14.25,6.36978
-0.787537,14.75,5.94329
-0.787537,15.25,5.56392
-0.787537,15.75,5.22383
-0.787537,16.25,4.91956
-0.787537,16.75,4.64382
-0.787537,17.25,4.39204
-0.787537,17.75,4.16112
-0.787537,18.25,3.94937
-0.787537,18.75,3.75378
-0.787537,19.25,3.5725
-0.787537,19.75,3.40407
-0.787537,20.25,3.24686
-0.787537,20.75,3.09994
-0.762541,1.25,14.1693
-0.762541,1.75,43.5441
-0.762541,2.25,54.2061
-0.762541,2.75,53.9327
-0.762541,3.25,50.5178
-0.762541,3.75,46.3081
-0.762541,4.25,40.5414
-0.762541,4.75,39.5832
-0.762541,5.25,41.9675
-0.762541,5.75,43.2488
-0.762541,6.25,41.872
-0.762541,6.75,38.4448
-0.762541,7.25,34.0296
-0.762541,7.75,29.4797
-0.762541,8.25,25.3062
-0.762541,8.75,21.7021
-0.762541,9.25,18.7052
-0.762541,9.75,16.2538
-0.762541,10.25,14.2474
-0.762541,10.75,12.602
-0.762541,11.25,11.2538
-0.762541,11.75,10.14
-0.762541,12.25,9.20991
-0.762541,12.75,8.42255
-0.762541,13.25,7.74624
-0.762541,13.75,7.16277
-0.762541,14.25,6.6519
-0.762541,14.75,6.19604
-0.762541,15.25,5.79178
-0.762541,15.75,5.43053
-0.762541,16.25,5.10767
-0.762541,16.75,4.81584
-0.762541,17.25,4.5502
-0.762541,17.75,4.30726
-0.762541,18.25,4.08652
-0.762541,18.75,3.88312
-0.762541,19.25,3.69495
-0.762541,19.75,3.52037
-0.762541,20.25,3.35738
-0.762541,20.75,3.20508
-0.737546,1.25,15.1817
-0.737546,1.75,45.8601
-0.737546,2.25,55.568
-0.737546,2.75,55.9576
-0.737546,3.25,51.6847
-0.737546,3.75,47.8157
-0.737546,4.25,41.8163
-0.737546,4.75,40.5405
-0.737546,5.25,42.6737
-0.737546,5.75,43.8426
-0.737546,6.25,42.4949
-0.737546,6.75,39.1659
-0.737546,7.25,34.8505
-0.737546,7.75,30.361
-0.737546,8.25,26.2067
-0.737546,8.75,22.5872
-0.737546,9.25,19.5473
-0.737546,9.75,17.0362
-0.737546,10.25,14.9631
-0.737546,10.75,13.2501
-0.737546,11.25,11.8372
-0.737546,11.75,10.6637
-0.737546,12.25,9.6796
-0.737546,12.75,8.84476
-0.737546,13.25,8.12806
-0.737546,13.75,7.50909
-0.737546,14.25,6.96666
-0.737546,14.75,6.48191
-0.737546,15.25,6.05243
-0.737546,15.75,5.66913
-0.737546,16.25,5.32638
-0.737546,16.75,5.01697
-0.737546,17.25,4.73587
-0.737546,17.75,4.47928
-0.737546,18.25,4.24691
-0.737546,18.75,4.03319
-0.737546,19.25,3.8358
-0.737546,19.75,3.65296
-0.737546,20.25,3.48219
-0.737546,20.75,3.32265
-0.71255,1.25,16.1761
-0.71255,1.75,46.9707
-0.71255,2.25,56.1065
-0.71255,2.75,57.6766
-0.71255,3.25,53.1458
-0.71255,3.75,49.4273
-0.71255,4.25,42.9557
-0.71255,4.75,41.5799
-0.71255,5.25,43.5588
-0.71255,5.75,44.5213
-0.71255,6.25,43.0317
-0.71255,6.75,39.6713
-0.71255,7.25,35.4065
-0.71255,7.75,30.993
-0.71255,8.25,26.8969
-0.71255,8.75,23.3115
-0.71255,9.25,20.2763
-0.71255,9.75,17.7472
-0.71255,10.25,15.6403
-0.71255,10.75,13.8843
-0.71255,11.25,12.4249
-0.71255,11.75,11.2025
-0.71255,12.25,10.1712
-0.71255,12.75,9.29305
-0.71255,13.25,8.53799
-0.71255,13.75,7.88404
-0.71255,14.25,7.31012
-0.71255,14.75,6.79741
-0.71255,15.25,6.34281
-0.71255,15.75,5.93703
-0.71255,16.25,5.57353
-0.71255,16.75,5.24545
-0.71255,17.25,4.94765
-0.71255,17.75,4.67612
-0.71255,18.25,4.42965
-0.71255,18.75,4.20324
-0.71255,19.25,3.99444
-0.71255,19.75,3.80131
-0.71255,20.25,3.62086
-0.71255,20.75,3.45232
-0.687555,1.25,15.9446
-0.687555,1.75,46.7269
-0.687555,2.25,56.6893
-0.687555,2.75,58.7072
-0.687555,3.25,55.0973
-0.687555,3.75,50.8282
-0.687555,4.25,43.9931
-0.687555,4.75,42.7864
-0.687555,5.25,44.5792
-0.687555,5.75,45.1674
-0.687555,6.25,43.3916
-0.687555,6.75,39.9257
-0.687555,7.25,35.697
-0.687555,7.75,31.3826
-0.687555,8.25,27.3854
-0.687555,8.75,23.8786
-0.687555,9.25,20.8898
-0.687555,9.75,18.3784
-0.687555,10.25,16.2667
-0.687555,10.75,14.49
-0.687555,11.25,13.0009
-0.687555,11.75,11.7419
-0.687555,12.25,10.6722
-0.687555,12.75,9.75669
-0.687555,13.25,8.9672
-0.687555,13.75,8.28067
-0.687555,14.25,7.67656
-0.687555,14.75,7.13644
-0.687555,15.25,6.6567
-0.687555,15.75,6.22798
-0.687555,16.25,5.84296
-0.687555,16.75,5.49522
-0.687555,17.25,5.17965
-0.687555,17.75,4.89205
-0.687555,18.25,4.63029
-0.687555,18.75,4.39002
-0.687555,19.25,4.16868
-0.687555,19.75,3.9642
-0.687555,20.25,3.77305
-0.687555,20.75,3.59451
-0.662559,1.25,15.7535
-0.662559,1.75,46.8813
-0.662559,2.25,58.2308
-0.662559,2.75,59.3205
-0.662559,3.25,57.2276
-0.662559,3.75,51.7528
-0.662559,4.25,45.1641
-0.662559,4.75,44.4082
-0.662559,5.25,45.8783
-0.662559,5.75,45.8596
-0.662559,6.25,43.6215
-0.662559,6.75,39.952
-0.662559,7.25,35.7193
-0.662559,7.75,31.5014
-0.662559,8.25,27.6232
-0.662559,8.75,24.2255
-0.662559,9.25,21.3158
-0.662559,9.75,18.8537
-0.662559,10.25,16.7658
-0.662559,10.75,14.9935
-0.662559,11.25,13.4961
-0.662559,11.75,12.2179
-0.662559,12.25,11.1244
-0.662559,12.75,10.1833
-0.662559,13.25,9.36905
-0.662559,13.75,8.6577
-0.662559,14.25,8.02965
-0.662559,14.75,7.46717
-0.662559,15.25,6.96628
-0.662559,15.75,6.51776
-0.662559,16.25,6.11362
-0.662559,16.75,5.74806
-0.662559,17.25,5.41611
-0.662559,17.75,5.11348
-0.662559,18.25,4.83713
-0.662559,18.75,4.58347
-0.662559,19.25,4.34992
-0.662559,19.75,4.13427
-0.662559,20.25,3.93246
-0.662559,20.75,3.7439
-0.637563,1.25,16.5138
-0.637563,1.75,48.4583
-0.637563,2.25,60.5707
-0.637563,2.75,60.1371
-0.637563,3.25,59.2946
-0.637563,3.75,52.4826
-0.637563,4.25,46.5802
-0.637563,4.75,46.0977
-0.637563,5.25,46.9677
-0.637563,5.75,46.2336
-0.637563,6.25,43.5708
-0.637563,6.75,39.7944
-0.637563,7.25,35.6438
-0.637563,7.75,31.5823
-0.637563,8.25,27.8617
-0.637563,8.75,24.5921
-0.637563,9.25,21.7732
-0.637563,9.75,19.3695
-0.637563,10.25,17.3121
-0.637563,10.75,15.5483
-0.637563,11.25,14.0443
-0.637563,11.75,12.7469
-0.637563,12.25,11.6284
-0.637563,12.75,10.6597
-0.637563,13.25,9.81711
-0.637563,13.75,9.07745
-0.637563,14.25,8.42259
-0.637563,14.75,7.83646
-0.637563,15.25,7.31311
-0.637563,15.75,6.84348
-0.637563,16.25,6.41928
-0.637563,16.75,6.03507
-0.637563,17.25,5.68589
-0.637563,17.75,5.3674
-0.637563,18.25,5.07463
-0.637563,18.75,4.80584
-0.637563,19.25,4.55844
-0.637563,19.75,4.33011
-0.637563,20.25,4.11612
-0.637563,20.75,3.91604
-0.612568,1.25,16.863
-0.612568,1.75,50.1777
-0.612568,2.25,62.5524
-0.612568,2.75,61.6932
-0.612568,3.25,60.7514
-0.612568,3.75,53.2175
-0.612568,4.25,48.3871
-0.612568,4.75,47.9242
-0.612568,5.25,47.9648
-0.612568,5.75,46.4464
-0.612568,6.25,43.3856
-0.612568,6.75,39.5528
-0.612568,7.25,35.5166
-0.612568,7.75,31.6249
-0.612568,8.25,28.0647
-0.612568,8.75,24.9191
-0.612568,9.25,22.191
-0.612568,9.75,19.8505
-0.612568,10.25,17.8307
-0.612568,10.75,16.0828
-0.612568,11.25,14.5792
-0.612568,11.75,13.268
-0.612568,12.25,12.1297
-0.612568,12.75,11.1373
-0.612568,13.25,10.2687
-0.612568,13.75,9.50251
-0.612568,14.25,8.82279
-0.612568,14.75,8.21611
-0.612568,15.25,7.67284
-0.612568,15.75,7.18419
-0.612568,16.25,6.74203
-0.612568,16.75,6.34097
-0.612568,17.25,5.97605
-0.612568,17.75,5.64287
-0.612568,18.25,5.33355
-0.612568,18.75,5.04932
-0.612568,19.25,4.78769
-0.612568,19.75,4.54625
-0.612568,20.25,4.31947
-0.612568,20.75,4.10714
-0.587572,1.25,16.6736
-0.587572,1.75,50.7099
-0.587572,2.25,63.456
-0.587572,2.75,63.8752
-0.587572,3.25,61.5807
-0.587572,3.75,54.2722
-0.587572,4.25,50.4306
-0.587572,4.75,49.5954
-0.587572,5.25,48.6891
-0.587572,5.75,46.4529
-0.587572,6.25,43.0917
-0.587572,6.75,39.2685
-0.587572,7.25,35.3782
-0.587572,7.75,31.666
-0.587572,8.25,28.264
-0.587572,8.75,25.2366
-0.587572,9.25,22.5959
-0.587572,9.75,20.3165
-0.587572,10.25,18.3332
-0.587572,10.75,16.6013
-0.587572,11.25,15.0993
-0.587572,11.75,13.776
-0.587572,12.25,12.6199
-0.587572,12.75,11.6059
-0.587572,13.25,10.7135
-0.587572,13.75,9.92296
-0.587572,14.25,9.22036
-0.587572,14.75,8.59505
-0.587572,15.25,8.03359
-0.587572,15.75,7.52739
-0.587572,16.25,7.06847
-0.587572,16.75,6.65159
-0.587572,17.25,6.27178
-0.587572,17.75,5.92464
-0.587572,18.25,5.59912
-0.587572,18.75,5.29969
-0.587572,19.25,5.024
-0.587572,19.75,4.76956
-0.587572,20.25,4.52997
-0.587572,20.75,4.30533
-0.562576,1.25,17.0208
-0.562576,1.75,50.6277
-0.562576,2.25,63.6072
-0.562576,2.75,66.0422
-0.562576,3.25,62.1165
-0.562576,3.75,55.7965
-0.562576,4.25,52.4571
-0.562576,4.75,50.8763
-0.562576,5.25,49.0344
-0.562576,5.75,46.2365
-0.562576,6.25,42.714
-0.562576,6.75,38.9805
-0.562576,7.25,35.2709
-0.562576,7.75,31.7469
-0.562576,8.25,28.4978
-0.562576,8.75,25.5791
-0.562576,9.25,23.019
-0.562576,9.75,20.7958
-0.562576,10.25,18.8451
-0.562576,10.75,17.1266
-0.562576,11.25,15.6247
-0.562576,11.75,14.2887
-0.562576,12.25,13.1147
-0.562576,12.75,12.0796
-0.562576,13.25,11.164
-0.562576,13.75,10.3497
-0.562576,14.25,9.62494
-0.562576,14.75,8.98192
-0.562576,15.25,8.40304
-0.562576,15.75,7.87997
-0.562576,16.25,7.40479
-0.562576,16.75,6.97245
-0.562576,17.25,6.57805
-0.562576,17.75,6.21716
-0.562576,18.25,5.87538
-0.562576,18.75,5.56062
-0.562576,19.25,5.2707
-0.562576,19.75,5.00305
-0.562576,20.25,4.75039
-0.562576,20.75,4.51311
-0.537581,1.25,17.2127
-0.537581,1.75,51.5087
-0.537581,2.25,64.2606
-0.537581,2.75,67.5646
-0.537581,3.25,62.9
-0.537581,3.75,57.774
-0.537581,4.25,54.4744
-0.537581,4.75,52.0927
-0.537581,5.25,49.4891
-0.537581,5.75,46.2801
-0.537581,6.25,42.647
-0.537581,6.75,38.9552
-0.537581,7.25,35.3519
-0.537581,7.75,31.9442
-0.537581,8.25,28.7932
-0.537581,8.75,25.9486
-0.537581,9.25,23.4497
-0.537581,9.75,21.2698
-0.537581,10.25,19.343
-0.537581,10.75,17.6342
-0.537581,11.25,16.1325
-0.537581,11.75,14.7881
-0.537581,12.25,13.6015
-0.537581,12.75,12.5505
-0.537581,13.25,11.616
-0.537581,13.75,10.7821
-0.537581,14.25,10.0379
-0.537581,14.75,9.37605
-0.537581,15.25,8.77882
-0.537581,15.75,8.23806
-0.537581,16.25,7.74617
-0.537581,16.75,7.29797
-0.537581,17.25,6.88851
-0.537581,17.75,6.51337
-0.537581,18.25,6.15769
-0.537581,18.75,5.82981
-0.537581,19.25,5.52756
-0.537581,19.75,5.24831
-0.537581,20.25,4.98479
-0.537581,20.75,4.73732
-0.512585,1.25,16.6614
-0.512585,1.75,53.1503
-0.512585,2.25,65.8148
-0.512585,2.75,68.4821
-0.512585,3.25,64.2598
-0.512585,3.75,59.945
-0.512585,4.25,56.1501
-0.512585,4.75,52.9234
-0.512585,5.25,49.747
-0.512585,5.75,46.3198
-0.512585,6.25,42.6919
-0.512585,6.75,39.069
-0.512585,7.25,35.5666
-0.512585,7.75,32.2591
-0.512585,8.25,29.1938
-0.512585,8.75,26.4167
-0.512585,9.25,23.9721
-0.512585,9.75,21.826
-0.512585,10.25,19.9151
-0.512585,10.75,18.2105
-0.512585,11.25,16.705
-0.512585,11.75,15.3523
-0.512585,12.25,14.1531
-0.512585,12.75,13.0857
-0.512585,13.25,12.1311
-0.512585,13.75,11.2766
-0.512585,14.25,10.5104
-0.512585,14.75,9.82336
-0.512585,15.25,9.20207
-0.512585,15.75,8.63847
-0.512585,16.25,8.12564
-0.512585,16.75,7.65777
-0.512585,17.25,7.22974
-0.512585,17.75,6.83713
-0.512585,18.25,6.46789
-0.512585,18.75,6.12734
-0.512585,19.25,5.81306
-0.512585,19.75,5.5224
-0.512585,20.25,5.2491
-0.512585,20.75,4.99296
-0.487589,1.25,16.7507
-0.487589,1.75,54.172
-0.487589,2.25,67.8505
-0.487589,2.75,69.2106
-0.487589,3.25,66.0991
-0.487589,3.75,61.9994
-0.487589,4.25,57.6434
-0.487589,4.75,53.8152
-0.487589,5.25,50.2542
-0.487589,5.75,46.6631
-0.487589,6.25,43.0065
-0.487589,6.75,39.3896
-0.487589,7.25,35.9239
-0.487589,7.75,32.6635
-0.487589,8.25,29.6438
-0.487589,8.75,26.9061
-0.487589,9.25,24.4948
-0.487589,9.75,22.3695
-0.487589,10.25,20.4677
-0.487589,10.75,18.7647
-0.487589,11.25,17.2553
-0.487589,11.75,15.8955
-0.487589,12.25,14.686
-0.487589,12.75,13.6046
-0.487589,13.25,12.6324
-0.487589,13.75,11.7597
-0.487589,14.25,10.9737
-0.487589,14.75,10.2632
-0.487589,15.25,9.61941
-0.487589,15.75,9.03441
-0.487589,16.25,8.50203
-0.487589,16.75,8.01574
-0.487589,17.25,7.57024
-0.487589,17.75,7.1611
-0.487589,18.25,6.77935
-0.487589,18.75,6.42704
-0.487589,19.25,6.10152
-0.487589,19.75,5.80012
-0.487589,20.25,5.51772
-0.487589,20.75,5.25356
-0.462594,1.25,17.5763
-0.462594,1.75,53.8876
-0.462594,2.25,69.5714
-0.462594,2.75,70.1919
-0.462594,3.25,68.1124
-0.462594,3.75,63.7589
-0.462594,4.25,58.8338
-0.462594,4.75,54.5416
-0.462594,5.25,50.7099
-0.462594,5.75,47.0155
-0.462594,6.25,43.3528
-0.462594,6.75,39.7515
-0.462594,7.25,36.3264
-0.462594,7.75,33.1152
-0.462594,8.25,30.142
-0.462594,8.75,27.4436
-0.462594,9.25,25.0626
-0.462594,9.75,22.9547
-0.462594,10.25,21.0604
-0.462594,10.75,19.3584
-0.462594,11.25,17.8442
-0.462594,11.75,16.4768
-0.462594,12.25,15.2561
-0.462594,12.75,14.1599
-0.462594,13.25,13.1688
-0.462594,13.75,12.2767
-0.462594,14.25,11.4696
-0.462594,14.75,10.7339
-0.462594,15.25,10.0661
-0.462594,15.75,9.45823
-0.462594,16.25,8.90496
-0.462594,16.75,8.39901
-0.462594,17.25,7.93485
-0.462594,17.75,7.50804
-0.462594,18.25,7.11299
-0.462594,18.75,6.74816
-0.462594,19.25,6.41065
-0.462594,19.75,6.09781
-0.462594,20.25,5.80575
-0.462594,20.75,5.5331
-0.437598,1.25,17.852
-0.437598,1.75,53.5238
-0.437598,2.25,70.8098
-0.437598,2.75,71.7343
-0.437598,3.25,70.2311
-0.437598,3.75,65.4525
-0.437598,4.25,60.0691
-0.437598,4.75,55.4061
-0.437598,5.25,51.3241
-0.437598,5.75,47.5058
-0.437598,6.25,43.8132
-0.437598,6.75,40.2236
-0.437598,7.25,36.84
-0.437598,7.75,33.68
-0.437598,8.25,30.7568
-0.437598,8.75,28.1
-0.437598,9.25,25.7429
-0.437598,9.75,23.6458
-0.437598,10.25,21.7546
-0.437598,10.75,20.0493
-0.437598,11.25,18.5264
-0.437598,11.75,17.1466
-0.437598,12.25,15.9106
-0.437598,12.75,14.796
-0.437598,13.25,13.7837
-0.437598,13.75,12.8699
-0.437598,14.25,12.04
-0.437598,14.75,11.2794
-0.437598,15.25,10.5875
-0.437598,15.75,9.95638
-0.437598,16.25,9.3803
-0.437598,16.75,8.85247
-0.437598,17.25,8.36751
-0.437598,17.75,7.92098
-0.437598,18.25,7.50946
-0.437598,18.75,7.12907
-0.437598,19.25,6.77673
-0.437598,19.75,6.44977
-0.437598,20.25,6.14399
-0.437598,20.75,5.85813
-0.412603,1.25,17.3689
-0.412603,1.75,54.2007
-0.412603,2.25,71.8134
-0.412603,2.75,74.0223
-0.412603,3.25,72.5938
-0.412603,3.75,67.4686
-0.412603,4.25,61.9243
-0.412603,4.75,57.0646
-0.412603,5.25,52.7352
-0.412603,5.75,48.6978
-0.412603,6.25,44.8591
-0.412603,6.75,41.1715
-0.412603,7.25,37.7308
-0.412603,7.75,34.5374
-0.412603,8.25,31.5994
-0.412603,8.75,28.9352
-0.412603,9.25,26.5593
-0.412603,9.75,24.4399
-0.412603,10.25,22.5274
-0.412603,10.75,20.8008
-0.412603,11.25,19.2556
-0.412603,11.75,17.8533
-0.412603,12.25,16.5944
-0.412603,12.75,15.4566
-0.412603,13.25,14.4207
-0.412603,13.75,13.4836
-0.412603,14.25,12.631
-0.412603,14.75,11.8482
-0.412603,15.25,11.1347
-0.412603,15.75,10.4827
-0.412603,16.25,9.88434
-0.412603,16.75,9.3348
-0.412603,17.25,8.82928
-0.412603,17.75,8.36327
-0.412603,18.25,7.93429
-0.412603,18.75,7.53737
-0.412603,19.25,7.16932
-0.412603,19.75,6.82742
-0.412603,20.25,6.5053
-0.412603,20.75,6.20266
-0.387607,1.25,17.2801
-0.387607,1.75,55.9243
-0.387607,2.25,72.7764
-0.387607,2.75,76.5104
-0.387607,3.25,74.9655
-0.387607,3.75,69.5527
-0.387607,4.25,63.8442
-0.387607,4.75,58.7728
-0.387607,5.25,54.2024
-0.387607,5.75,49.9664
-0.387607,6.25,46.0069
-0.387607,6.75,42.2347
-0.387607,7.25,38.7403
-0.387607,7.75,35.5092
-0.387607,8.25,32.5503
-0.387607,8.75,29.8715
-0.387607,9.25,27.4697
-0.387607,9.75,25.3206
-0.387607,10.25,23.3797
-0.387607,10.75,21.625
-0.387607,11.25,20.0517
-0.387607,11.75,18.6216
-0.387607,12.25,17.3353
-0.387607,12.75,16.1703
-0.387607,13.25,15.1072
-0.387607,13.75,14.1436
-0.387607,14.25,13.2653
-0.387607,14.75,12.4577
-0.387607,15.25,11.7202
-0.387607,15.75,11.0453
-0.387607,16.25,10.4225
-0.387607,16.75,9.8493
-0.387607,17.25,9.32143
-0.387607,17.75,8.83431
-0.387607,18.25,8.38652
-0.387607,18.75,7.97183
-0.387607,19.25,7.58693
-0.387607,19.75,7.22904
-0.387607,20.25,6.88935
-0.387607,20.75,6.56865
-0.362611,1.25,18.1316
-0.362611,1.75,58.2906
-0.362611,2.25,73.8499
-0.362611,2.75,79.2119
-0.362611,3.25,77.4335
-0.362611,3.75,71.7236
-0.362611,4.25,65.8465
-0.362611,4.75,60.5809
-0.362611,5.25,55.7974
-0.362611,5.75,51.3867
-0.362611,6.25,47.3244
-0.362611,6.75,43.468
-0.362611,7.25,39.9104
-0.362611,7.75,36.6259
-0.362611,8.25,33.6307
-0.362611,8.75,30.9231
-0.362611,9.25,28.4825
-0.362611,9.75,26.2926
-0.362611,10.25,24.3132
-0.362611,10.75,22.5214
-0.362611,11.25,20.9124
-0.362611,11.75,19.4487
-0.362611,12.25,18.1299
-0.362611,12.75,16.9333
-0.362611,13.25,15.839
-0.362611,13.75,14.8457
-0.362611,14.25,13.9388
-0.362611,14.75,13.1037
-0.362611,15.25,12.3401
-0.362611,15.75,11.6404
-0.362611,16.25,10.9911
-0.362611,16.75,10.3924
-0.362611,17.25,9.84057
-0.362611,17.75,9.33091
-0.362611,18.25,8.86314
-0.362611,18.75,8.42964
-0.362611,19.25,8.02692
-0.362611,19.75,7.65217
-0.362611,20.25,7.29382
-0.362611,20.75,6.95386
-0.337616,1.25,19.2175
-0.337616,1.75,60.821
-0.337616,2.25,75.4184
-0.337616,2.75,82.3528
-0.337616,3.25,80.1259
-0.337616,3.75,74.0894
-0.337616,4.25,68.0803
-0.337616,4.75,62.6606
-0.337616,5.25,57.7142
-0.337616,5.75,53.163
-0.337616,6.25,48.9932
-0.337616,6.75,45.04
-0.337616,7.25,41.4001
-0.337616,7.75,38.041
-0.337616,8.25,34.9737
-0.337616,8.75,32.198
-0.337616,9.25,29.703
-0.337616,9.75,27.4655
-0.337616,10.25,25.4377
-0.337616,10.75,23.5971
-0.337616,11.25,21.9416
-0.337616,11.75,20.429
-0.337616,12.25,19.0644
-0.337616,12.75,17.8245
-0.337616,13.25,16.6894
-0.337616,13.75,15.6577
-0.337616,14.25,14.7155
-0.337616,14.75,13.8495
-0.337616,15.25,13.0566
-0.337616,15.75,12.329
-0.337616,16.25,11.6502
-0.337616,16.75,11.0229
-0.337616,17.25,10.4442
-0.337616,17.75,9.90936
-0.337616,18.25,9.41666
-0.337616,18.75,8.95967
-0.337616,19.25,8.53488
-0.337616,19.75,8.13936
-0.337616,20.25,7.76086
-0.337616,20.75,7.40155
-0.31262,1.25,19.4629
-0.31262,1.75,62.5283
-0.31262,2.25,78.1485
-0.31262,2.75,85.8388
-0.31262,3.25,82.8136
-0.31262,3.75,76.6331
-0.31262,4.25,70.696
-0.31262,4.75,65.2244
-0.31262,5.25,60.1596
-0.31262,5.75,55.4662
-0.31262,6.25,51.1367
-0.31262,6.75,47.0385
-0.31262,7.25,43.2713
-0.31262,7.75,39.7993
-0.31262,8.25,36.6092
-0.31262,8.75,33.7135
-0.31262,9.25,31.1416
-0.31262,9.75,28.8462
-0.31262,10.25,26.7578
-0.31262,10.75,24.8551
-0.31262,11.25,23.1412
-0.31262,11.75,21.5624
-0.31262,12.25,20.137
-0.31262,12.75,18.8414
-0.31262,13.25,17.6554
-0.31262,13.75,16.5765
-0.31262,14.25,15.5925
-0.31262,14.75,14.6931
-0.31262,15.25,13.8687
-0.31262,15.75,13.1112
-0.31262,16.25,12.4003
-0.31262,16.75,11.742
-0.31262,17.25,11.1343
-0.31262,17.75,10.572
-0.31262,18.25,10.0494
-0.31262,18.75,9.56409
-0.31262,19.25,9.11284
-0.31262,19.75,8.69254
-0.31262,20.25,8.2928
-0.31262,20.75,7.91473
-0.287624,1.25,18.9894
-0.287624,1.75,62.8995
-0.287624,2.25,81.8769
-0.287624,2.75,89.0645
-0.287624,3.25,85.3246
-0.287624,3.75,79.2503
-0.287624,4.25,73.4949
-0.287624,4.75,68.0073
-0.287624,5.25,62.8318
-0.287624,5.75,57.9919
-0.287624,6.25,53.4901
-0.287624,6.75,49.233
-0.287624,7.25,45.3248
-0.287624,7.75,41.7271
-0.287624,8.25,38.3992
-0.287624,8.75,35.3684
-0.287624,9.25,32.709
-0.287624,9.75,30.3476
-0.287624,10.25,28.1909
-0.287624,10.75,26.2187
-0.287624,11.25,24.44
-0.287624,11.75,22.7871
-0.287624,12.25,21.294
-0.287624,12.75,19.9368
-0.287624,13.25,18.6949
-0.287624,13.75,17.5643
-0.287624,14.25,16.535
-0.287624,14.75,15.5998
-0.287624,15.25,14.7416
-0.287624,15.75,13.9522
-0.287624,16.25,13.2069
-0.287624,16.75,12.5155
-0.287624,17.25,11.8765
-0.287624,17.75,11.285
-0.287624,18.25,10.7299
-0.287624,18.75,10.214
-0.287624,19.25,9.7342
-0.287624,19.75,9.28712
-0.287624,20.25,8.86462
-0.287624,20.75,8.46655
-0.262629,1.25,19.4648
-0.262629,1.75,62.9593
-0.262629,2.25,86.1916
-0.262629,2.75,91.7755
-0.262629,3.25,87.7583
-0.262629,3.75,82.0704
-0.262629,4.25,76.5646
-0.262629,4.75,71.0574
-0.262629,5.25,65.7525
-0.262629,5.75,60.7474
-0.262629,6.25,56.0537
-0.262629,6.75,51.6213
-0.262629,7.25,47.5581
-0.262629,7.75,43.8227
-0.262629,8.25,40.3431
-0.262629,8.75,37.1632
-0.262629,9.25,34.4069
-0.262629,9.75,31.9724
-0.262629,10.25,29.7405
-0.262629,10.75,27.6923
-0.262629,11.25,25.8426
-0.262629,11.75,24.108
-0.262629,12.25,22.5405
-0.262629,12.75,21.1158
-0.262629,13.25,19.813
-0.262629,13.75,18.6263
-0.262629,14.25,17.5477
-0.262629,14.75,16.5746
-0.262629,15.25,15.6804
-0.262629,15.75,14.857
-0.262629,16.25,14.075
-0.262629,16.75,13.348
-0.262629,17.25,12.6758
-0.262629,17.75,12.0531
-0.262629,18.25,11.4628
-0.262629,18.75,10.9138
-0.262629,19.25,10.403
-0.262629,19.75,9.92704
-0.262629,20.25,9.48012
-0.262629,20.75,9.06074
-0.237633,1.25,21.1578
-0.237633,1.75,64.512
-0.237633,2.25,90.0362
-0.237633,2.75,93.8823
-0.237633,3.25,90.2788
-0.237633,3.75,85.2263
-0.237633,4.25,79.9713
-0.237633,4.75,74.4242
-0.237633,5.25,68.9528
-0.237633,5.75,63.7537
-0.237633,6.25,58.8571
-0.237633,6.75,54.2292
-0.237633,7.25,50.0043
-0.237633,7.75,46.1446
-0.237633,8.25,42.5366
-0.237633,8.75,39.2324
-0.237633,9.25,36.3682
-0.237633,9.75,33.8375
-0.237633,10.25,31.5139
-0.237633,10.75,29.3781
-0.237633,11.25,27.4472
-0.237633,11.75,25.6275
-0.237633,12.25,23.982
-0.237633,12.75,22.4866
-0.237633,13.25,21.1206
-0.237633,13.75,19.8752
-0.237633,14.25,18.7428
-0.237633,14.75,17.7215
-0.237633,15.25,16.7823
-0.237633,15.75,15.9165
-0.237633,16.25,15.0947
-0.237633,16.75,14.3302
-0.237633,17.25,13.6226
-0.237633,17.75,12.9663
-0.237633,18.25,12.3389
-0.237633,18.75,11.7545
-0.237633,19.25,11.2106
-0.237633,19.75,10.7033
-0.237633,20.25,10.2266
-0.237633,20.75,9.77889
-0.212637,1.25,22.0641
-0.212637,1.75,68.1873
-0.212637,2.25,92.4801
-0.212637,2.75,95.727
-0.212637,3.25,93.1899
-0.212637,3.75,88.8228
-0.212637,4.25,83.7128
-0.212637,4.75,78.0703
-0.212637,5.25,72.3917
-0.212637,5.75,66.9764
-0.212637,6.25,61.8748
-0.212637,6.75,57.0377
-0.212637,7.25,52.6529
-0.212637,7.75,48.6944
-0.212637,8.25,44.9938
-0.212637,8.75,41.6015
-0.212637,9.25,38.6213
-0.212637,9.75,35.9707
-0.212637,10.25,33.5384
-0.212637,10.75,31.3031
-0.212637,11.25,29.2807
-0.212637,11.75,27.3742
-0.212637,12.25,25.6486
-0.212637,12.75,24.0805
-0.212637,13.25,22.65
-0.212637,13.75,21.3442
-0.212637,14.25,20.1533
-0.212637,14.75,19.0722
-0.212637,15.25,18.0771
-0.212637,15.75,17.159
-0.212637,16.25,16.2944
-0.212637,16.75,15.4905
-0.212637,17.25,14.7454
-0.212637,17.75,14.0534
-0.212637,18.25,13.3867
-0.212637,18.75,12.7648
-0.212637,19.25,12.1853
-0.212637,19.75,11.6443
-0.212637,20.25,11.1313
-0.212637,20.75,10.6466
-0.187642,1.25,21.582
-0.187642,1.75,72.3367
-0.187642,2.25,93.7027
-0.187642,2.75,97.9398
-0.187642,3.25,96.7422
-0.187642,3.75,92.8748
-0.187642,4.25,87.7428
-0.187642,4.75,81.9237
-0.187642,5.25,76.0077
-0.187642,5.75,70.3662
-0.187642,6.25,65.0545
-0.187642,6.75,60.0042
-0.187642,7.25,55.4604
-0.187642,7.75,51.4104
-0.187642,8.25,47.6221
-0.187642,8.75,44.1447
-0.187642,9.25,41.0449
-0.187642,9.75,38.268
-0.187642,10.25,35.7207
-0.187642,10.75,33.3801
-0.187642,11.25,31.2605
-0.187642,11.75,29.2624
-0.187642,12.25,27.4518
-0.187642,12.75,25.8067
-0.187642,13.25,24.3085
-0.187642,13.75,22.9389
-0.187642,14.25,21.6859
-0.187642,14.75,20.5406
-0.187642,15.25,19.4856
-0.187642,15.75,18.5113
-0.187642,16.25,17.6013
-0.187642,16.75,16.756
-0.187642,17.25,15.9714
-0.187642,17.75,15.2416
-0.187642,18.25,14.5326
-0.187642,18.75,13.8702
-0.187642,19.25,13.2524
-0.187642,19.75,12.6752
-0.187642,20.25,12.1227
-0.187642,20.75,11.5974
-0.162646,1.25,21.7631
-0.162646,1.75,74.9057
-0.162646,2.25,94.6273
-0.162646,2.75,101.001
-0.162646,3.25,100.94
-0.162646,3.75,97.2751
-0.162646,4.25,91.9638
-0.162646,4.75,85.9208
-0.162646,5.25,79.7639
-0.162646,5.75,73.9036
-0.162646,6.25,68.3873
-0.162646,6.75,63.1269
-0.162646,7.25,58.4296
-0.162646,7.75,54.2988
-0.162646,8.25,50.4301
-0.162646,8.75,46.8726
-0.162646,9.25,43.6503
-0.162646,9.75,40.741
-0.162646,10.25,38.0727
-0.162646,10.75,35.6209
-0.162646,11.25,33.3984
-0.162646,11.75,31.3035
-0.162646,12.25,29.403
-0.162646,12.75,27.6766
-0.162646,13.25,26.107
-0.162646,13.75,24.6702
-0.162646,14.25,23.3514
-0.162646,14.75,22.1374
-0.162646,15.25,21.018
-0.162646,15.75,19.9835
-0.162646,16.25,19.0255
-0.162646,16.75,18.1366
-0.162646,17.25,17.3102
-0.162646,17.75,16.5406
-0.162646,18.25,15.7861
-0.162646,18.75,15.0803
-0.162646,19.25,14.4213
-0.162646,19.75,13.8049
-0.162646,20.25,13.2094
-0.162646,20.75,12.6397
-0.137651,1.25,23.5043
-0.137651,1.75,75.5701
-0.137651,2.25,96.324
-0.137651,2.75,104.707
-0.137651,3.25,105.04
-0.137651,3.75,101.296
-0.137651,4.25,95.7435
-0.137651,4.75,89.5011
-0.137651,5.25,83.1634
-0.137651,5.75,77.1374
-0.137651,6.25,71.4575
-0.137651,6.75,66.044
-0.137651,7.25,61.2247
-0.137651,7.75,57.0076
-0.137651,8.25,53.0629
-0.137651,8.75,49.4347
-0.137651,9.25,46.1317
-0.137651,9.75,43.1394
-0.137651,10.25,40.3881
-0.137651,10.75,37.8536
-0.137651,11.25,35.5525
-0.137651,11.75,33.3835
-0.137651,12.25,31.4121
-0.137651,12.75,29.6178
-0.137651,13.25,27.9828
-0.137651,13.75,26.4836
-0.137651,14.25,25.1028
-0.137651,14.75,23.823
-0.137651,15.25,22.6416
-0.137651,15.75,21.5485
-0.137651,16.25,20.5356
-0.137651,16.75,19.5948
-0.137651,17.25,18.7193
-0.137651,17.75,17.903
-0.137651,18.25,17.108
-0.137651,18.75,16.3637
-0.137651,19.25,15.6678
-0.137651,19.75,15.0162
-0.137651,20.25,14.3859
-0.137651,20.75,13.7826
-0.112655,1.25,25.0218
-0.112655,1.75,75.9676
-0.112655,2.25,99.2783
-0.112655,2.75,108.704
-0.112655,3.25,108.667
-0.112655,3.75,104.677
-0.112655,4.25,98.9171
-0.112655,4.75,92.541
-0.112655,5.25,86.1055
-0.112655,5.75,79.9837
-0.112655,6.25,74.1943
-0.112655,6.75,68.695
-0.112655,7.25,63.7884
-0.112655,7.75,59.4744
-0.112655,8.25,55.4563
-0.112655,8.75,51.767
-0.112655,9.25,48.4327
-0.112655,9.75,45.4171
-0.112655,10.25,42.6292
-0.112655,10.75,40.0479
-0.112655,11.25,37.6989
-0.112655,11.75,35.4845
-0.112655,12.25,33.4668
-0.112655,12.75,31.6217
-0.112655,13.25,29.929
-0.112655,13.75,28.3739
-0.112655,14.25,26.9365
-0.112655,14.75,25.5953
-0.112655,15.25,24.3555
-0.112655,15.75,23.207
-0.112655,16.25,22.1307
-0.112655,16.75,21.1278
-0.112655,17.25,20.1939
-0.112655,17.75,19.3228
-0.112655,18.25,18.4943
-0.112655,18.75,17.7185
-0.112655,19.25,16.992
-0.112655,19.75,16.3105
-0.112655,20.25,15.6575
-0.112655,20.75,15.0355
-0.0876593,1.25,25.3263
-0.0876593,1.75,77.7479
-0.0876593,2.25,103.146
-0.0876593,2.75,112.788
-0.0876593,3.25,112.103
-0.0876593,3.75,107.876
-0.0876593,4.25,101.986
-0.0876593,4.75,95.5462
-0.0876593,5.25,89.0694
-0.0876593,5.75,82.8937
-0.0876593,6.25,77.0217
-0.0876593,6.75,71.4543
-0.0876593,7.25,66.4707
-0.0876593,7.75,62.0639
-0.0876593,8.25,57.9778
-0.0876593,8.75,54.232
-0.0876593,9.25,50.8718
-0.0876593,9.75,47.8382
-0.0876593,10.25,45.0174
-0.0876593,10.75,42.3918
-0.0876593,11.25,39.9965
-0.0876593,11.75,37.7389
-0.0876593,12.25,35.6762
-0.0876593,12.75,33.7806
-0.0876593,13.25,32.0283
-0.0876593,13.75,30.4154
-0.0876593,14.25,28.9193
-0.0876593,14.75,27.5135
-0.0876593,15.25,26.2122
-0.0876593,15.75,25.0052
-0.0876593,16.25,23.8608
-0.0876593,16.75,22.7909
-0.0876593,17.25,21.7942
-0.0876593,17.75,20.8638
-0.0876593,18.25,20.001
-0.0876593,18.75,19.1932
-0.0876593,19.25,18.4354
-0.0876593,19.75,17.7233
-0.0876593,20.25,17.048
-0.0876593,20.75,16.4086
-0.0626636,1.25,25.6611
-0.0626636,1.75,80.8271
-0.0626636,2.25,107.072
-0.0626636,2.75,116.559
-0.0626636,3.25,115.233
-0.0626636,3.75,110.895
-0.0626636,4.25,104.986
-0.0626636,4.75,98.5564
-0.0626636,5.25,92.0904
-0.0626636,5.75,85.8961
-0.0626636,6.25,79.9624
-0.0626636,6.75,74.3408
-0.0626636,7.25,69.2878
-0.0626636,7.75,64.7903
-0.0626636,8.25,60.6393
-0.0626636,8.75,56.8404
-0.0626636,9.25,53.4593
-0.0626636,9.75,50.4128
-0.0626636,10.25,47.5628
-0.0626636,10.75,44.8953
-0.0626636,11.25,42.4556
-0.0626636,11.75,40.1569
-0.0626636,12.25,38.051
-0.0626636,12.75,36.1053
-0.0626636,13.25,34.2918
-0.0626636,13.75,32.6195
-0.0626636,14.25,31.0623
-0.0626636,14.75,29.5887
-0.0626636,15.25,28.2227
-0.0626636,15.75,26.954
-0.0626636,16.25,25.7364
-0.0626636,16.75,24.5945
-0.0626636,17.25,23.53
-0.0626636,17.75,22.5359
-0.0626636,18.25,21.6381
-0.0626636,18.75,20.7978
-0.0626636,19.25,20.0081
-0.0626636,19.75,19.2648
-0.0626636,20.25,18.5681
-0.0626636,20.75,17.9129
-0.037668,1.25,26.3359
-0.037668,1.75,83.0266
-0.037668,2.25,109.19
-0.037668,2.75,118.398
-0.037668,3.25,116.695
-0.037668,3.75,112.357
-0.037668,4.25,106.442
-0.037668,4.75,100.009
-0.037668,5.25,93.529
-0.037668,5.75,87.3085
-0.037668,6.25,81.3882
-0.037668,6.75,75.7962
-0.037668,7.25,70.738
-0.037668,7.75,66.1865
-0.037668,8.25,62.0126
-0.037668,8.75,58.2039
-0.037668,9.25,54.803
-0.037668,9.75,51.7319
-0.037668,10.25,48.8646
-0.037668,10.75,46.1853
-0.037668,11.25,43.7314
-0.037668,11.75,41.421
-0.037668,12.25,39.301
-0.037668,12.75,37.3341
-0.037668,13.25,35.4885
-0.037668,13.75,33.7849
-0.037668,14.25,32.1962
-0.037668,14.75,30.6881
-0.037668,15.25,29.2892
-0.037668,15.75,27.989
-0.037668,16.25,26.735
-0.037668,16.75,25.5571
-0.037668,17.25,24.4587
-0.037668,17.75,23.4327
-0.037668,18.25,22.5164
-0.037668,18.75,21.6588
-0.037668,19.25,20.8521
-0.037668,19.75,20.0923
-0.037668,20.25,19.3829
-0.037668,20.75,18.7175
-0.0126724,1.25,26.7858
-0.0126724,1.75,83.6337
-0.0126724,2.25,109.477
-0.0126724,2.75,118.387
-0.0126724,3.25,116.566
-0.0126724,3.75,112.273
-0.0126724,4.25,106.309
-0.0126724,4.75,99.825
-0.0126724,5.25,93.2801
-0.0126724,5.75,87.009
-0.0126724,6.25,81.17
-0.0126724,6.75,75.6865
-0.0126724,7.25,70.6853
-0.0126724,7.75,66.1163
-0.0126724,8.25,61.9593
-0.0126724,8.75,58.1822
-0.0126724,9.25,54.7578
-0.0126724,9.75,51.6451
-0.0126724,10.25,48.7688
-0.0126724,10.75,46.1062
-0.0126724,11.25,43.667
-0.0126724,11.75,41.3724
-0.0126724,12.25,39.266
-0.0126724,12.75,37.3068
-0.0126724,13.25,35.4598
-0.0126724,13.75,33.7551
-0.0126724,14.25,32.1661
-0.0126724,14.75,30.6602
-0.0126724,15.25,29.2633
-0.0126724,15.75,27.965
-0.0126724,16.25,26.7159
-0.0126724,16.75,25.5432
-0.0126724,17.25,24.4494
-0.0126724,17.75,23.4275
-0.0126724,18.25,22.51
-0.0126724,18.75,21.6509
-0.0126724,19.25,20.8429
-0.0126724,19.75,20.0819
-0.0126724,20.25,19.368
-0.0126724,20.75,18.696
