-0.987807,1.23171,4.61947e-26
-0.987807,1.69512,1.75245e-26
-0.987807,2.15854,1.30685e-27
-0.987807,2.62195,5.74254e-26
-0.987807,3.08537,4.03494e-26
-0.987807,3.54878,2.05035e-26
-0.987807,4.0122,3.64064e-28
-0.987807,4.47561,6.8854e-27
-0.987807,4.93902,1.60296e-26
-0.987807,5.40244,1.58322e-26
-0.987807,5.86585,1.06996e-26
-0.987807,6.32927,5.64444e-27
-0.987807,6.79268,2.3751e-27
-0.987807,7.2561,7.42233e-28
-0.987807,7.71951,1.23201e-28
-0.987807,8.18293,2.94636e-30
-0.987807,8.64634,7.29431e-29
-0.987807,9.10976,1.82371e-28
-0.987807,9.57317,2.7144e-28
-0.987807,10.0366,3.24654e-28
-0.987807,10.5,3.44112e-28
-0.987807,10.9634,3.39375e-28
-0.987807,11.4268,3.19408e-28
-0.987807,11.8902,2.91201e-28
-0.987807,12.3537,2.59492e-28
-0.987807,12.8171,2.2754e-28
-0.987807,13.2805,1.97223e-28
-0.987807,13.7439,1.69477e-28
-0.987807,14.2073,1.44713e-28
-0.987807,14.6707,1.22956e-28
-0.987807,15.1341,1.04149e-28
-0.987807,15.5976,8.80409e-29
-0.987807,16.061,7.42927e-29
-0.987807,16.5244,6.2615e-29
-0.987807,16.9878,5.27676e-29
-0.987807,17.4512,4.44809e-29
-0.987807,17.9146,3.74867e-29
-0.987807,18.378,3.1555e-29
-0.987807,18.8415,2.6589e-29
-0.987807,19.3049,2.243e-29
-0.987807,19.7683,1.89448e-29
-0.963421,1.23171,8.72194e-27
-0.963421,1.69512,6.7708e-27
-0.963421,2.15854,1.10803e-27
-0.963421,2.62195,4.66797e-26
-0.963421,3.08537,3.90489e-26
-0.963421,3.54878,3.07897e-26
-0.963421,4.0122,7.24987e-27
-0.963421,4.47561,2.04607e-28
-0.963421,4.93902,6.06603e-27
-0.963421,5.40244,1.05966e-26
-0.963421,5.86585,1.05212e-26
-0.963421,6.32927,8.01375e-27
-0.963421,6.79268,5.1892e-27
-0.963421,7.2561,2.9857e-27
-0.963421,7.71951,1.54505e-27
-0.963421,8.18293,7.1212e-28
-0.963421,8.64634,2.7934e-28
-0.963421,9.10976,8.20876e-29
-0.963421,9.57317,1.10027e-29
-0.963421,10.0366,8.70174e-31
-0.963421,10.5,1.5695e-29
-0.963421,10.9634,3.70947e-29
-0.963421,11.4268,5.67484e-29
-0.963421,11.8902,7.16233e-29
-0.963421,12.3537,8.11936e-29
-0.963421,12.8171,8.60899e-29
-0.963421,13.2805,8.7288e-29
-0.963421,13.7439,8.57504e-29
-0.963421,14.2073,8.23262e-29
-0.963421,14.6707,7.76728e-29
-0.963421,15.1341,7.23604e-29
-0.963421,15.5976,6.67685e-29
-0.963421,16.061,6.11293e-29
-0.963421,16.5244,5.56239e-29
-0.963421,16.9878,5.04049e-29
-0.963421,17.4512,4.55345e-29
-0.963421,17.9146,4.10091e-29
-0.963421,18.378,3.68025e-29
-0.963421,18.8415,3.29945e-29
-0.963421,19.3049,2.95636e-29
-0.963421,19.7683,2.64834e-29
-0.939035,1.23171,8.76128e-27
-0.939035,1.69512,1.29577e-27
-0.939035,2.15854,2.08372e-27
-0.939035,2.62195,4.87464e-26
-0.939035,3.08537,3.49731e-26
-0.939035,3.54878,3.19458e-26
-0.939035,4.0122,1.63714e-26
-0.939035,4.47561,2.3855e-27
-0.939035,4.93902,4.01324e-28
-0.939035,5.40244,3.78375e-27
-0.939035,5.86585,6.40208e-27
-0.939035,6.32927,6.87838e-27
-0.939035,6.79268,5.94508e-27
-0.939035,7.2561,4.53095e-27
-0.939035,7.71951,3.17854e-27
-0.939035,8.18293,2.10302e-27
-0.939035,8.64634,1.32805e-27
-0.939035,9.10976,8.04895e-28
-0.939035,9.57317,4.67846e-28
-0.939035,10.0366,2.58972e-28
-0.939035,10.5,1.3425e-28
-0.939035,10.9634,6.35854e-29
-0.939035,11.4268,2.60141e-29
-0.939035,11.8902,8.00723e-30
-0.939035,12.3537,1.10423e-30
-0.939035,12.8171,1.51502e-31
-0.939035,13.2805,2.0861e-30
-0.939035,13.7439,5.14974e-30
-0.939035,14.2073,8.38003e-30
-0.939035,14.6707,1.1287e-29
-0.939035,15.1341,1.36655e-29
-0.939035,15.5976,1.54627e-29
-0.939035,16.061,1.67003e-29
-0.939035,16.5244,1.74424e-29
-0.939035,16.9878,1.77772e-29
-0.939035,17.4512,1.77846e-29
-0.939035,17.9146,1.7525e-29
-0.939035,18.378,1.70446e-29
-0.939035,18.8415,1.643e-29
-0.939035,19.3049,1.5725e-29
-0.939035,19.7683,1.4964e-29
-0.914649,1.23171,2.27344e-26
-0.914649,1.69512,1.6127e-28
-0.914649,2.15854,2.46553e-27
-0.914649,2.62195,5.51887e-26
-0.914649,3.08537,2.49923e-26
-0.914649,3.54878,2.54001e-26
-0.914649,4.0122,2.40986e-26
-0.914649,4.47561,1.14833e-26
-0.914649,4.93902,2.01587e-27
-0.914649,5.40244,5.25651e-29
-0.914649,5.86585,1.66571e-27
-0.914649,6.32927,3.46025e-27
-0.914649,6.79268,4.2941e-27
-0.914649,7.2561,4.24944e-27
-0.914649,7.71951,3.70959e-27
-0.914649,8.18293,3.0003e-27
-0.914649,8.64634,2.3084e-27
-0.914649,9.10976,1.71791e-27
-0.914649,9.57317,1.24875e-27
-0.914649,10.0366,8.91391e-28
-0.914649,10.5,6.2558e-28
-0.914649,10.9634,4.33917e-28
-0.914649,11.4268,2.97824e-28
-0.914649,11.8902,2.02302e-28
-0.914649,12.3537,1.35869e-28
-0.914649,12.8171,9.00615e-29
-0.914649,13.2805,5.87722e-29
-0.914649,13.7439,3.76288e-29
-0.914649,14.2073,2.35118e-29
-0.914649,14.6707,1.42275e-29
-0.914649,15.1341,8.2487e-30
-0.914649,15.5976,4.50744e-30
-0.914649,16.061,2.26439e-30
-0.914649,16.5244,1.01107e-30
-0.914649,16.9878,3.99057e-31
-0.914649,17.4512,1.91071e-31
-0.914649,17.9146,2.27127e-31
-0.914649,18.378,4.0018e-31
-0.914649,18.8415,6.40318e-31
-0.914649,19.3049,9.02836e-31
-0.914649,19.7683,1.16025e-30
-0.890263,1.23171,2.01756e-26
-0.890263,1.69512,7.04455e-27
-0.890263,2.15854,6.31833e-28
-0.890263,2.62195,5.74732e-26
-0.890263,3.08537,1.28727e-26
-0.890263,3.54878,1.50575e-26
-0.890263,4.0122,2.61819e-26
-0.890263,4.47561,2.22066e-26
-0.890263,4.93902,1.04743e-26
-0.890263,5.40244,2.60078e-27
-0.890263,5.86585,9.36423e-29
-0.890263,6.32927,3.78181e-28
-0.890263,6.79268,1.34841e-27
-0.890263,7.2561,2.08791e-27
-0.890263,7.71951,2.40365e-27
-0.890263,8.18293,2.38341e-27
-0.890263,8.64634,2.1664e-27
-0.890263,9.10976,1.86672e-27
-0.890263,9.57317,1.55379e-27
-0.890263,10.0366,1.26277e-27
-0.890263,10.5,1.00691e-27
-0.890263,10.9634,7.94361e-28
-0.890263,11.4268,6.22224e-28
-0.890263,11.8902,4.8514e-28
-0.890263,12.3537,3.77208e-28
-0.890263,12.8171,2.92686e-28
-0.890263,13.2805,2.26843e-28
-0.890263,13.7439,1.75824e-28
-0.890263,14.2073,1.36346e-28
-0.890263,14.6707,1.05809e-28
-0.890263,15.1341,8.21864e-29
-0.890263,15.5976,6.38987e-29
-0.890263,16.061,4.97347e-29
-0.890263,16.5244,3.87504e-29
-0.890263,16.9878,3.02134e-29
-0.890263,17.4512,2.35697e-29
-0.890263,17.9146,1.83852e-29
-0.890263,18.378,1.43279e-29
-0.890263,18.8415,1.11635e-29
-0.890263,19.3049,8.69301e-30
-0.890263,19.7683,6.76285e-30
-0.865877,1.23171,5.38412e-27
-0.865877,1.69512,2.74339e-26
-0.865877,2.15854,1.38507e-28
-0.865877,2.62195,4.75772e-26
-0.865877,3.08537,3.86693e-27
-0.865877,3.54878,4.7164e-27
-0.865877,4.0122,1.84976e-26
-0.865877,4.47561,2.56491e-26
-0.865877,4.93902,1.98573e-26
-0.865877,5.40244,1.06813e-26
-0.865877,5.86585,4.21936e-27
-0.865877,6.32927,1.09436e-27
-0.865877,6.79268,8.7228e-29
-0.865877,7.2561,5.20864e-29
-0.865877,7.71951,3.18621e-28
-0.865877,8.18293,5.88404e-28
-0.865877,8.64634,7.65949e-28
-0.865877,9.10976,8.46071e-28
-0.865877,9.57317,8.51992e-28
-0.865877,10.0366,8.09346e-28
-0.865877,10.5,7.37788e-28
-0.865877,10.9634,6.55577e-28
-0.865877,11.4268,5.72253e-28
-0.865877,11.8902,4.93372e-28
-0.865877,12.3537,4.21875e-28
-0.865877,12.8171,3.58444e-28
-0.865877,13.2805,3.03224e-28
-0.865877,13.7439,2.56014e-28
-0.865877,14.2073,2.15982e-28
-0.865877,14.6707,1.82244e-28
-0.865877,15.1341,1.5387e-28
-0.865877,15.5976,1.30055e-28
-0.865877,16.061,1.10133e-28
-0.865877,16.5244,9.34694e-29
-0.865877,16.9878,7.94764e-29
-0.865877,17.4512,6.77151e-29
-0.865877,17.9146,5.78039e-29
-0.865877,18.378,4.94237e-29
-0.865877,18.8415,4.2354e-29
-0.865877,19.3049,3.63784e-29
-0.865877,19.7683,3.13174e-29
-0.841491,1.23171,1.04758e-26
-0.841491,1.69512,2.38976e-26
-0.841491,2.15854,7.07936e-28
-0.841491,2.62195,2.16723e-26
-0.841491,3.08537,4.92645e-28
-0.841491,3.54878,1.02703e-27
-0.841491,4.0122,1.26031e-27
-0.841491,4.47561,1.02689e-26
-0.841491,4.93902,1.73142e-26
-0.841491,5.40244,1.75122e-26
-0.841491,5.86585,1.37605e-26
-0.841491,6.32927,9.31904e-27
-0.841491,6.79268,5.69581e-27
-0.841491,7.2561,3.22052e-27
-0.841491,7.71951,1.69413e-27
-0.841491,8.18293,8.21928e-28
-0.841491,8.64634,3.57932e-28
-0.841491,9.10976,1.3129e-28
-0.841491,9.57317,3.39125e-29
-0.841491,10.0366,2.61007e-30
-0.841491,10.5,2.21977e-30
-0.841491,10.9634,1.39512e-29
-0.841491,11.4268,2.84068e-29
-0.841491,11.8902,4.1349e-29
-0.841491,12.3537,5.12533e-29
-0.841491,12.8171,5.78388e-29
-0.841491,13.2805,6.14498e-29
-0.841491,13.7439,6.27111e-29
-0.841491,14.2073,6.22008e-29
-0.841491,14.6707,6.04338e-29
-0.841491,15.1341,5.78132e-29
-0.841491,15.5976,5.4662e-29
-0.841491,16.061,5.12528e-29
-0.841491,16.5244,4.77602e-29
-0.841491,16.9878,4.4271e-29
-0.841491,17.4512,4.08708e-29
-0.841491,17.9146,3.76129e-29
-0.841491,18.378,3.45283e-29
-0.841491,18.8415,3.16432e-29
-0.841491,19.3049,2.89648e-29
-0.841491,19.7683,2.64922e-29
-0.817105,1.23171,1.49772e-26
-0.817105,1.69512,5.60843e-27
-0.817105,2.15854,8.77263e-27
-0.817105,2.62195,9.05779e-27
-0.817105,3.08537,5.8284e-28
-0.817105,3.54878,7.67675e-27
-0.817105,4.0122,1.43466e-27
-0.817105,4.47561,1.76121e-27
-0.817105,4.93902,9.13088e-27
-0.817105,5.40244,1.43602e-26
-0.817105,5.86585,1.51193e-26
-0.817105,6.32927,1.30644e-26
-0.817105,6.79268,1.00544e-26
-0.817105,7.2561,7.23091e-27
-0.817105,7.71951,4.97806e-27
-0.817105,8.18293,3.32252e-27
-0.817105,8.64634,2.16816e-27
-0.817105,9.10976,1.39207e-27
-0.817105,9.57317,8.81347e-28
-0.817105,10.0366,5.4995e-28
-0.817105,10.5,3.36902e-28
-0.817105,10.9634,2.02569e-28
-0.817105,11.4268,1.18904e-28
-0.817105,11.8902,6.75894e-29
-0.817105,12.3537,3.67538e-29
-0.817105,12.8171,1.87195e-29
-0.817105,13.2805,8.62355e-30
-0.817105,13.7439,3.36645e-30
-0.817105,14.2073,9.78257e-31
-0.817105,14.6707,2.32548e-31
-0.817105,15.1341,3.74781e-31
-0.817105,15.5976,9.48601e-31
-0.817105,16.061,1.68619e-30
-0.817105,16.5244,2.43693e-30
-0.817105,16.9878,3.11993e-30
-0.817105,17.4512,3.69793e-30
-0.817105,17.9146,4.15922e-30
-0.817105,18.378,4.50653e-30
-0.817105,18.8415,4.7491e-30
-0.817105,19.3049,4.89996e-30
-0.817105,19.7683,4.97308e-30
-0.792719,1.23171,5.60823e-27
-0.792719,1.69512,7.8847e-27
-0.792719,2.15854,8.76672e-27
-0.792719,2.62195,9.68725e-27
-0.792719,3.08537,8.49675e-28
-0.792719,3.54878,8.03677e-27
-0.792719,4.0122,1.35678e-27
-0.792719,4.47561,1.8481e-27
-0.792719,4.93902,9.24734e-27
-0.792719,5.40244,1.45788e-26
-0.792719,5.86585,1.55296e-26
-0.792719,6.32927,1.36373e-26
-0.792719,6.79268,1.06874e-26
-0.792719,7.2561,7.85653e-27
-0.792719,7.71951,5.55003e-27
-0.792719,8.18293,3.81242e-27
-0.792719,8.64634,2.56904e-27
-0.792719,9.10976,1.70954e-27
-0.792719,9.57317,1.12673e-27
-0.792719,10.0366,7.3631e-28
-0.792719,10.5,4.76205e-28
-0.792719,10.9634,3.0531e-28
-0.792719,11.4268,1.93708e-28
-0.792719,11.8902,1.21296e-28
-0.792719,12.3537,7.46732e-29
-0.792719,12.8171,4.49097e-29
-0.792719,13.2805,2.61758e-29
-0.792719,13.7439,1.46242e-29
-0.792719,14.2073,7.69011e-30
-0.792719,14.6707,3.69594e-30
-0.792719,15.1341,1.5528e-30
-0.792719,15.5976,5.47582e-31
-0.792719,16.061,2.20983e-31
-0.792719,16.5244,2.79869e-31
-0.792719,16.9878,5.39933e-31
-0.792719,17.4512,8.87374e-31
-0.792719,17.9146,1.25415e-30
-0.792719,18.378,1.60187e-30
-0.792719,18.8415,1.90954e-30
-0.792719,19.3049,2.16813e-30
-0.792719,19.7683,2.3756e-30
-0.768333,1.23171,4.1026e-27
-0.768333,1.69512,1.36545e-26
-0.768333,2.15854,8.11778e-27
-0.768333,2.62195,1.04857e-26
-0.768333,3.08537,1.34393e-27
-0.768333,3.54878,8.52636e-27
-0.768333,4.0122,1.21759e-27
-0.768333,4.47561,2.0177e-27
-0.768333,4.93902,9.51006e-27
-0.768333,5.40244,1.48725e-26
-0.768333,5.86585,1.5915e-26
-0.768333,6.32927,1.4121e-26
-0.768333,6.79268,1.12096e-26
-0.768333,7.2561,8.37921e-27
-0.768333,7.71951,6.04092e-27
-0.768333,8.18293,4.24543e-27
-0.768333,8.64634,2.93428e-27
-0.768333,9.10976,2.0077e-27
-0.768333,9.57317,1.36436e-27
-0.768333,10.0366,9.22692e-28
-0.768333,10.5,6.20506e-28
-0.768333,10.9634,4.15857e-28
-0.768333,11.4268,2.77665e-28
-0.768333,11.8902,1.84542e-28
-0.768333,12.3537,1.21905e-28
-0.768333,12.8171,7.98293e-29
-0.768333,13.2805,5.16894e-29
-0.768333,13.7439,3.30023e-29
-0.768333,14.2073,2.06771e-29
-0.768333,14.6707,1.26227e-29
-0.768333,15.1341,7.4529e-30
-0.768333,15.5976,4.20481e-30
-0.768333,16.061,2.22896e-30
-0.768333,16.5244,1.08612e-30
-0.768333,16.9878,4.81017e-31
-0.768333,17.4512,2.16384e-31
-0.768333,17.9146,1.60652e-31
-0.768333,18.378,2.26909e-31
-0.768333,18.8415,3.58323e-31
-0.768333,19.3049,5.18433e-31
-0.768333,19.7683,6.84382e-31
-0.743947,1.23171,2.55892e-26
-0.743947,1.69512,1.85612e-26
-0.743947,2.15854,5.94219e-27
-0.743947,2.62195,1.08802e-26
-0.743947,3.08537,2.29553e-27
-0.743947,3.54878,9.05072e-27
-0.743947,4.0122,1.01249e-27
-0.743947,4.47561,2.28408e-27
-0.743947,4.93902,9.89446e-27
-0.743947,5.40244,1.51995e-26
-0.743947,5.86585,1.62402e-26
-0.743947,6.32927,1.44949e-26
-0.743947,6.79268,1.16174e-26
-0.743947,7.2561,8.8e-27
-0.743947,7.71951,6.44841e-27
-0.743947,8.18293,4.61742e-27
-0.743947,8.64634,3.25902e-27
-0.743947,9.10976,2.28143e-27
-0.743947,9.57317,1.58926e-27
-0.743947,10.0366,1.10447e-27
-0.743947,10.5,7.65568e-28
-0.743947,10.9634,5.30505e-28
-0.743947,11.4268,3.67612e-28
-0.743947,11.8902,2.5469e-28
-0.743947,12.3537,1.76316e-28
-0.743947,12.8171,1.21822e-28
-0.743947,13.2805,8.39239e-29
-0.743947,13.7439,5.76023e-29
-0.743947,14.2073,3.93169e-29
-0.743947,14.6707,2.66062e-29
-0.743947,15.1341,1.78351e-29
-0.743947,15.5976,1.18076e-29
-0.743947,16.061,7.69197e-30
-0.743947,16.5244,4.90664e-30
-0.743947,16.9878,3.04479e-30
-0.743947,17.4512,1.8227e-30
-0.743947,17.9146,1.042e-30
-0.743947,18.378,5.63161e-31
-0.743947,18.8415,2.87867e-31
-0.743947,19.3049,1.48574e-31
-0.743947,19.7683,9.81757e-32
-0.719561,1.23171,3.70952e-26
-0.719561,1.69512,1.65501e-26
-0.719561,2.15854,2.68614e-27
-0.719561,2.62195,1.02614e-26
-0.719561,3.08537,3.89411e-27
-0.719561,3.54878,9.45598e-27
-0.719561,4.0122,7.52812e-28
-0.719561,4.47561,2.66253e-27
-0.719561,4.93902,1.03725e-26
-0.719561,5.40244,1.55056e-26
-0.719561,5.86585,1.64523e-26
-0.719561,6.32927,1.47238e-26
-0.719561,6.79268,1.19049e-26
-0.719561,7.2561,9.12169e-27
-0.719561,7.71951,6.77016e-27
-0.719561,8.18293,4.92447e-27
-0.719561,8.64634,3.53958e-27
-0.719561,9.10976,2.52738e-27
-0.719561,9.57317,1.79853e-27
-0.719561,10.0366,1.27904e-27
-0.719561,10.5,9.0876e-28
-0.719561,10.9634,6.46795e-28
-0.719561,11.4268,4.61232e-28
-0.719561,11.8902,3.29563e-28
-0.719561,12.3537,2.3599e-28
-0.719561,12.8171,1.69308e-28
-0.719561,13.2805,1.2165e-28
-0.719561,13.7439,8.74934e-29
-0.719561,14.2073,6.29323e-29
-0.719561,14.6707,4.51916e-29
-0.719561,15.1341,3.24142e-29
-0.719561,15.5976,2.31997e-29
-0.719561,16.061,1.65477e-29
-0.719561,16.5244,1.17466e-29
-0.719561,16.9878,8.28714e-30
-0.719561,17.4512,5.7996e-30
-0.719561,17.9146,4.01826e-30
-0.719561,18.378,2.74986e-30
-0.719561,18.8415,1.85084e-30
-0.719561,19.3049,1.21996e-30
-0.719561,19.7683,7.83305e-31
-0.695175,1.23171,1.57684e-26
-0.695175,1.69512,7.94086e-27
-0.695175,2.15854,2.06534e-28
-0.695175,2.62195,8.51004e-27
-0.695175,3.08537,5.98496e-27
-0.695175,3.54878,9.11476e-27
-0.695175,4.0122,3.65985e-28
-0.695175,4.47561,3.42003e-27
-0.695175,4.93902,1.12455e-26
-0.695175,5.40244,1.60242e-26
-0.695175,5.86585,1.66923e-26
-0.695175,6.32927,1.48589e-26
-0.695175,6.79268,1.20419e-26
-0.695175,7.2561,9.2801e-27
-0.695175,7.71951,6.93931e-27
-0.695175,8.18293,5.10064e-27
-0.695175,8.64634,3.71385e-27
-0.695175,9.10976,2.68997e-27
-0.695175,9.57317,1.94409e-27
-0.695175,10.0366,1.40587e-27
-0.695175,10.5,1.01681e-27
-0.695175,10.9634,7.37631e-28
-0.695175,11.4268,5.36676e-28
-0.695175,11.8902,3.91658e-28
-0.695175,12.3537,2.86891e-28
-0.695175,12.8171,2.11007e-28
-0.695175,13.2805,1.55796e-28
-0.695175,13.7439,1.15388e-28
-0.695175,14.2073,8.56761e-29
-0.695175,14.6707,6.36958e-29
-0.695175,15.1341,4.74493e-29
-0.695175,15.5976,3.54006e-29
-0.695175,16.061,2.64274e-29
-0.695175,16.5244,1.97283e-29
-0.695175,16.9878,1.47253e-29
-0.695175,17.4512,1.0982e-29
-0.695175,17.9146,8.17928e-30
-0.695175,18.378,6.08054e-30
-0.695175,18.8415,4.50502e-30
-0.695175,19.3049,3.3228e-30
-0.695175,19.7683,2.43677e-30
-0.670789,1.23171,2.74615e-28
-0.670789,1.69512,4.51269e-28
-0.670789,2.15854,1.02536e-27
-0.670789,2.62195,5.58075e-27
-0.670789,3.08537,8.61634e-27
-0.670789,3.54878,8.56881e-27
-0.670789,4.0122,1.13094e-28
-0.670789,4.47561,4.21077e-27
-0.670789,4.93902,1.19833e-26
-0.670789,5.40244,1.63465e-26
-0.670789,5.86585,1.67465e-26
-0.670789,6.32927,1.48428e-26
-0.670789,6.79268,1.20649e-26
-0.670789,7.2561,9.35615e-27
-0.670789,7.71951,7.05084e-27
-0.670789,8.18293,5.23806e-27
-0.670789,8.64634,3.86351e-27
-0.670789,9.10976,2.83818e-27
-0.670789,9.57317,2.08245e-27
-0.670789,10.0366,1.53045e-27
-0.670789,10.5,1.12585e-27
-0.670789,10.9634,8.31513e-28
-0.670789,11.4268,6.16339e-28
-0.670789,11.8902,4.58531e-28
-0.670789,12.3537,3.4277e-28
-0.670789,12.8171,2.57693e-28
-0.670789,13.2805,1.94809e-28
-0.670789,13.7439,1.47919e-28
-0.670789,14.2073,1.12764e-28
-0.670789,14.6707,8.62229e-29
-0.670789,15.1341,6.61751e-29
-0.670789,15.5976,5.09644e-29
-0.670789,16.061,3.93481e-29
-0.670789,16.5244,3.04436e-29
-0.670789,16.9878,2.36156e-29
-0.670789,17.4512,1.8361e-29
-0.670789,17.9146,1.43057e-29
-0.670789,18.378,1.11681e-29
-0.670789,18.8415,8.72983e-30
-0.670789,19.3049,6.8301e-30
-0.670789,19.7683,5.34662e-30
-0.646403,1.23171,2.46993e-26
-0.646403,1.69512,3.27755e-27
-0.646403,2.15854,5.60994e-27
-0.646403,2.62195,2.49598e-27
-0.646403,3.08537,1.13689e-26
-0.646403,3.54878,7.6657e-27
-0.646403,4.0122,2.69168e-30
-0.646403,4.47561,5.04968e-27
-0.646403,4.93902,1.26044e-26
-0.646403,5.40244,1.64888e-26
-0.646403,5.86585,1.6621e-26
-0.646403,6.32927,1.46694e-26
-0.646403,6.79268,1.19609e-26
-0.646403,7.2561,9.33441e-27
-0.646403,7.71951,7.09029e-27
-0.646403,8.18293,5.3221e-27
-0.646403,8.64634,3.97376e-27
-0.646403,9.10976,2.95854e-27
-0.646403,9.57317,2.20218e-27
-0.646403,10.0366,1.64319e-27
-0.646403,10.5,1.22789e-27
-0.646403,10.9634,9.21847e-28
-0.646403,11.4268,6.94867e-28
-0.646403,11.8902,5.25894e-28
-0.646403,12.3537,4.00203e-28
-0.646403,12.8171,3.06611e-28
-0.646403,13.2805,2.36466e-28
-0.646403,13.7439,1.83308e-28
-0.646403,14.2073,1.42785e-28
-0.646403,14.6707,1.11672e-28
-0.646403,15.1341,8.77416e-29
-0.646403,15.5976,6.92439e-29
-0.646403,16.061,5.48287e-29
-0.646403,16.5244,4.35455e-29
-0.646403,16.9878,3.47165e-29
-0.646403,17.4512,2.77777e-29
-0.646403,17.9146,2.23022e-29
-0.646403,18.378,1.79648e-29
-0.646403,18.8415,1.45144e-29
-0.646403,19.3049,1.17595e-29
-0.646403,19.7683,9.55246e-30
-0.622017,1.23171,4.8814e-26
-0.622017,1.69512,1.55591e-26
-0.622017,2.15854,1.28937e-26
-0.622017,2.62195,4.40848e-28
-0.622017,3.08537,1.3283e-26
-0.622017,3.54878,5.94759e-27
-0.622017,4.0122,1.27024e-28
-0.622017,4.47561,6.34921e-27
-0.622017,4.93902,1.35895e-26
-0.622017,5.40244,1.68416e-26
-0.622017,5.86585,1.65666e-26
-0.622017,6.32927,1.44646e-26
-0.622017,6.79268,1.17749e-26
-0.622017,7.2561,9.21544e-27
-0.622017,7.71951,7.04037e-27
-0.622017,8.18293,5.32004e-27
-0.622017,8.64634,4.0009e-27
-0.622017,9.10976,3.00617e-27
-0.622017,9.57317,2.26256e-27
-0.622017,10.0366,1.70811e-27
-0.622017,10.5,1.29131e-27
-0.622017,10.9634,9.81289e-28
-0.622017,11.4268,7.49069e-28
-0.622017,11.8902,5.74382e-28
-0.622017,12.3537,4.43029e-28
-0.622017,12.8171,3.4408e-28
-0.622017,13.2805,2.69047e-28
-0.622017,13.7439,2.11539e-28
-0.622017,14.2073,1.67204e-28
-0.622017,14.6707,1.32804e-28
-0.622017,15.1341,1.06009e-28
-0.622017,15.5976,8.5027e-29
-0.622017,16.061,6.8472e-29
-0.622017,16.5244,5.53469e-29
-0.622017,16.9878,4.49282e-29
-0.622017,17.4512,3.66192e-29
-0.622017,17.9146,2.99561e-29
-0.622017,18.378,2.45826e-29
-0.622017,18.8415,2.0245e-29
-0.622017,19.3049,1.67295e-29
-0.622017,19.7683,1.38694e-29
-0.597631,1.23171,2.97737e-26
-0.597631,1.69512,2.75769e-26
-0.597631,2.15854,1.86955e-26
-0.597631,2.62195,1.32517e-28
-0.597631,3.08537,1.4561e-26
-0.597631,3.54878,4.37176e-27
-0.597631,4.0122,5.0149e-28
-0.597631,4.47561,7.41829e-27
-0.597631,4.93902,1.41382e-26
-0.597631,5.40244,1.67929e-26
-0.597631,5.86585,1.62195e-26
-0.597631,6.32927,1.40676e-26
-0.597631,6.79268,1.1469e-26
-0.597631,7.2561,9.02425e-27
-0.597631,7.71951,6.94861e-27
-0.597631,8.18293,5.29528e-27
-0.597631,8.64634,4.01714e-27
-0.597631,9.10976,3.05015e-27
-0.597631,9.57317,2.32383e-27
-0.597631,10.0366,1.77671e-27
-0.597631,10.5,1.35992e-27
-0.597631,10.9634,1.04669e-27
-0.597631,11.4268,8.09521e-28
-0.597631,11.8902,6.29108e-28
-0.597631,12.3537,4.91896e-28
-0.597631,12.8171,3.87272e-28
-0.597631,13.2805,3.0697e-28
-0.597631,13.7439,2.44712e-28
-0.597631,14.2073,1.9617e-28
-0.597631,14.6707,1.58121e-28
-0.597631,15.1341,1.28112e-28
-0.597631,15.5976,1.04315e-28
-0.597631,16.061,8.53174e-29
-0.597631,16.5244,7.00755e-29
-0.597631,16.9878,5.78118e-29
-0.597631,17.4512,4.78972e-29
-0.597631,17.9146,3.98253e-29
-0.597631,18.378,3.32033e-29
-0.597631,18.8415,2.77876e-29
-0.597631,19.3049,2.33401e-29
-0.597631,19.7683,1.96731e-29
-0.573245,1.23171,1.37605e-27
-0.573245,1.69512,2.78915e-26
-0.573245,2.15854,2.10813e-26
-0.573245,2.62195,1.79342e-27
-0.573245,3.08537,1.43084e-26
-0.573245,3.54878,2.63022e-27
-0.573245,4.0122,1.24233e-27
-0.573245,4.47561,8.70989e-27
-0.573245,4.93902,1.477e-26
-0.573245,5.40244,1.67565e-26
-0.573245,5.86585,1.58461e-26
-0.573245,6.32927,1.36196e-26
-0.573245,6.79268,1.1096e-26
-0.573245,7.2561,8.75956e-27
-0.573245,7.71951,6.78423e-27
-0.573245,8.18293,5.20343e-27
-0.573245,8.64634,3.97392e-27
-0.573245,9.10976,3.04277e-27
-0.573245,9.57317,2.34164e-27
-0.573245,10.0366,1.80911e-27
-0.573245,10.5,1.39878e-27
-0.573245,10.9634,1.08782e-27
-0.573245,11.4268,8.50304e-28
-0.573245,11.8902,6.67985e-28
-0.573245,12.3537,5.28031e-28
-0.573245,12.8171,4.20239e-28
-0.573245,13.2805,3.36675e-28
-0.573245,13.7439,2.71292e-28
-0.573245,14.2073,2.19859e-28
-0.573245,14.6707,1.79244e-28
-0.573245,15.1341,1.46891e-28
-0.573245,15.5976,1.2098e-28
-0.573245,16.061,1.00114e-28
-0.573245,16.5244,8.32245e-29
-0.573245,16.9878,6.94914e-29
-0.573245,17.4512,5.82716e-29
-0.573245,17.9146,4.90261e-29
-0.573245,18.378,4.13328e-29
-0.573245,18.8415,3.49803e-29
-0.573245,19.3049,2.97132e-29
-0.573245,19.7683,2.53284e-29
-0.548859,1.23171,1.22399e-26
-0.548859,1.69512,1.74239e-26
-0.548859,2.15854,1.80777e-26
-0.548859,2.62195,4.94372e-27
-0.548859,3.08537,1.30798e-26
-0.548859,3.54878,1.31848e-27
-0.548859,4.0122,2.14965e-27
-0.548859,4.47561,9.70796e-27
-0.548859,4.93902,1.50052e-26
-0.548859,5.40244,1.6401e-26
-0.548859,5.86585,1.52574e-26
-0.548859,6.32927,1.30352e-26
-0.548859,6.79268,1.06352e-26
-0.548859,7.2561,8.437e-27
-0.548859,7.71951,6.58083e-27
-0.548859,8.18293,5.08529e-27
-0.548859,8.64634,3.91311e-27
-0.548859,9.10976,3.02323e-27
-0.548859,9.57317,2.35087e-27
-0.548859,10.0366,1.83565e-27
-0.548859,10.5,1.43389e-27
-0.548859,10.9634,1.12675e-27
-0.548859,11.4268,8.90036e-28
-0.548859,11.8902,7.06644e-28
-0.548859,12.3537,5.64545e-28
-0.548859,12.8171,4.53991e-28
-0.548859,13.2805,3.67429e-28
-0.548859,13.7439,2.99088e-28
-0.548859,14.2073,2.44867e-28
-0.548859,14.6707,2.01743e-28
-0.548859,15.1341,1.67068e-28
-0.548859,15.5976,1.39036e-28
-0.548859,16.061,1.16279e-28
-0.548859,16.5244,9.77124e-29
-0.548859,16.9878,8.24677e-29
-0.548859,17.4512,6.98921e-29
-0.548859,17.9146,5.94128e-29
-0.548859,18.378,5.05758e-29
-0.548859,18.8415,4.32159e-29
-0.548859,19.3049,3.70609e-29
-0.548859,19.7683,3.18932e-29
-0.524473,1.23171,3.65152e-26
-0.524473,1.69512,4.72915e-27
-0.524473,2.15854,1.22766e-26
-0.524473,2.62195,8.32165e-27
-0.524473,3.08537,1.07499e-26
-0.524473,3.54878,3.9552e-28
-0.524473,4.0122,3.31512e-27
-0.524473,4.47561,1.07149e-26
-0.524473,4.93902,1.52012e-26
-0.524473,5.40244,1.60449e-26
-0.524473,5.86585,1.46966e-26
-0.524473,6.32927,1.24815e-26
-0.524473,6.79268,1.01779e-26
-0.524473,7.2561,8.09926e-27
-0.524473,7.71951,6.35317e-27
-0.524473,8.18293,4.94592e-27
-0.524473,8.64634,3.83897e-27
-0.524473,9.10976,2.99088e-27
-0.524473,9.57317,2.34356e-27
-0.524473,10.0366,1.8447e-27
-0.524473,10.5,1.45442e-27
-0.524473,10.9634,1.15364e-27
-0.524473,11.4268,9.19931e-28
-0.524473,11.8902,7.37364e-28
-0.524473,12.3537,5.94687e-28
-0.524473,12.8171,4.82673e-28
-0.524473,13.2805,3.94183e-28
-0.524473,13.7439,3.23744e-28
-0.524473,14.2073,2.67373e-28
-0.524473,14.6707,2.22072e-28
-0.524473,15.1341,1.85378e-28
-0.524473,15.5976,1.55498e-28
-0.524473,16.061,1.31059e-28
-0.524473,16.5244,1.10972e-28
-0.524473,16.9878,9.4364e-29
-0.524473,17.4512,8.05699e-29
-0.524473,17.9146,6.9014e-29
-0.524473,18.378,5.92365e-29
-0.524473,18.8415,5.10306e-29
-0.524473,19.3049,4.41161e-29
-0.524473,19.7683,3.82672e-29
-0.500087,1.23171,2.64218e-26
-0.500087,1.69512,8.04552e-28
-0.500087,2.15854,5.91692e-27
-0.500087,2.62195,1.10547e-26
-0.500087,3.08537,8.20789e-27
-0.500087,3.54878,5.02946e-29
-0.500087,4.0122,4.38016e-27
-0.500087,4.47561,1.12754e-26
-0.500087,4.93902,1.49768e-26
-0.500087,5.40244,1.53968e-26
-0.500087,5.86585,1.39548e-26
-0.500087,6.32927,1.18195e-26
-0.500087,6.79268,9.65468e-27
-0.500087,7.2561,7.71959e-27
-0.500087,7.71951,6.09713e-27
-0.500087,8.18293,4.78628e-27
-0.500087,8.64634,3.74985e-27
-0.500087,9.10976,2.94736e-27
-0.500087,9.57317,2.32787e-27
-0.500087,10.0366,1.84745e-27
-0.500087,10.5,1.47026e-27
-0.500087,10.9634,1.17711e-27
-0.500087,11.4268,9.47425e-28
-0.500087,11.8902,7.66493e-28
-0.500087,12.3537,6.23873e-28
-0.500087,12.8171,5.10882e-28
-0.500087,13.2805,4.20827e-28
-0.500087,13.7439,3.48564e-28
-0.500087,14.2073,2.90241e-28
-0.500087,14.6707,2.42883e-28
-0.500087,15.1341,2.04253e-28
-0.500087,15.5976,1.72578e-28
-0.500087,16.061,1.46487e-28
-0.500087,16.5244,1.24891e-28
-0.500087,16.9878,1.06921e-28
-0.500087,17.4512,9.18994e-29
-0.500087,17.9146,7.92572e-29
-0.500087,18.378,6.85359e-29
-0.500087,18.8415,5.9474e-29
-0.500087,19.3049,5.17849e-29
-0.500087,19.7683,4.52362e-29
-0.475701,1.23171,5.17168e-27
-0.475701,1.69512,6.58567e-27
-0.475701,2.15854,2.10488e-27
-0.475701,2.62195,1.22007e-26
-0.475701,3.08537,5.64777e-27
-0.475701,3.54878,1.60298e-28
-0.475701,4.0122,5.42332e-27
-0.475701,4.47561,1.16566e-26
-0.475701,4.93902,1.46195e-26
-0.475701,5.40244,1.46819e-26
-0.475701,5.86585,1.31827e-26
-0.475701,6.32927,1.11395e-26
-0.475701,6.79268,9.11422e-27
-0.475701,7.2561,7.31955e-27
-0.475701,7.71951,5.81777e-27
-0.475701,8.18293,4.60194e-27
-0.475701,8.64634,3.63625e-27
-0.475701,9.10976,2.88088e-27
-0.475701,9.57317,2.29134e-27
-0.475701,10.0366,1.83161e-27
-0.475701,10.5,1.46982e-27
-0.475701,10.9634,1.1865e-27
-0.475701,11.4268,9.6286e-28
-0.475701,11.8902,7.85379e-28
-0.475701,12.3537,6.44401e-28
-0.475701,12.8171,5.31792e-28
-0.475701,13.2805,4.41325e-28
-0.475701,13.7439,3.68216e-28
-0.475701,14.2073,3.08762e-28
-0.475701,14.6707,2.60021e-28
-0.475701,15.1341,2.20022e-28
-0.475701,15.5976,1.8703e-28
-0.475701,16.061,1.59688e-28
-0.475701,16.5244,1.3692e-28
-0.475701,16.9878,1.17871e-28
-0.475701,17.4512,1.01863e-28
-0.475701,17.9146,8.83437e-29
-0.475701,18.378,7.68695e-29
-0.475701,18.8415,6.71124e-29
-0.475701,19.3049,5.87843e-29
-0.475701,19.7683,5.16501e-29
-0.451315,1.23171,9.8616e-27
-0.451315,1.69512,1.35868e-26
-0.451315,2.15854,1.30261e-27
-0.451315,2.62195,1.24798e-26
-0.451315,3.08537,4.2144e-27
-0.451315,3.54878,4.30484e-28
-0.451315,4.0122,5.54368e-27
-0.451315,4.47561,1.09367e-26
-0.451315,4.93902,1.33983e-26
-0.451315,5.40244,1.33894e-26
-0.451315,5.86585,1.20536e-26
-0.451315,6.32927,1.0249e-26
-0.451315,6.79268,8.4539e-27
-0.451315,7.2561,6.85397e-27
-0.451315,7.71951,5.50491e-27
-0.451315,8.18293,4.40282e-27
-0.451315,8.64634,3.5188e-27
-0.451315,9.10976,2.81698e-27
-0.451315,9.57317,2.26103e-27
-0.451315,10.0366,1.82381e-27
-0.451315,10.5,1.47814e-27
-0.451315,10.9634,1.2048e-27
-0.451315,11.4268,9.87008e-28
-0.451315,11.8902,8.12584e-28
-0.451315,12.3537,6.72758e-28
-0.451315,12.8171,5.59994e-28
-0.451315,13.2805,4.68563e-28
-0.451315,13.7439,3.94072e-28
-0.451315,14.2073,3.32972e-28
-0.451315,14.6707,2.82339e-28
-0.451315,15.1341,2.40505e-28
-0.451315,15.5976,2.05769e-28
-0.451315,16.061,1.76786e-28
-0.451315,16.5244,1.52493e-28
-0.451315,16.9878,1.32044e-28
-0.451315,17.4512,1.1476e-28
-0.451315,17.9146,1.00109e-28
-0.451315,18.378,8.76656e-29
-0.451315,18.8415,7.70159e-29
-0.451315,19.3049,6.78691e-29
-0.451315,19.7683,5.99858e-29
-0.426929,1.23171,2.20014e-26
-0.426929,1.69512,1.36683e-26
-0.426929,2.15854,2.87396e-27
-0.426929,2.62195,1.22878e-26
-0.426929,3.08537,3.13159e-27
-0.426929,3.54878,8.23912e-28
-0.426929,4.0122,5.8454e-27
-0.426929,4.47561,1.05593e-26
-0.426929,4.93902,1.25696e-26
-0.426929,5.40244,1.24356e-26
-0.426929,5.86585,1.11828e-26
-0.426929,6.32927,9.54341e-27
-0.426929,6.79268,7.9099e-27
-0.426929,7.2561,6.45201e-27
-0.426929,7.71951,5.21691e-27
-0.426929,8.18293,4.20262e-27
-0.426929,8.64634,3.38393e-27
-0.426929,9.10976,2.72985e-27
-0.426929,9.57317,2.20827e-27
-0.426929,10.0366,1.79501e-27
-0.426929,10.5,1.4656e-27
-0.426929,10.9634,1.20324e-27
-0.426929,11.4268,9.92834e-28
-0.426929,11.8902,8.23233e-28
-0.426929,12.3537,6.86318e-28
-0.426929,12.8171,5.75077e-28
-0.426929,13.2805,4.8423e-28
-0.426929,13.7439,4.09752e-28
-0.426929,14.2073,3.48272e-28
-0.426929,14.6707,2.96959e-28
-0.426929,15.1341,2.54327e-28
-0.426929,15.5976,2.18737e-28
-0.426929,16.061,1.88879e-28
-0.426929,16.5244,1.63717e-28
-0.426929,16.9878,1.42434e-28
-0.426929,17.4512,1.24358e-28
-0.426929,17.9146,1.08969e-28
-0.426929,18.378,9.58437e-29
-0.426929,18.8415,8.4561e-29
-0.426929,19.3049,7.48283e-29
-0.426929,19.7683,6.64044e-29
-0.402543,1.23171,1.34561e-26
-0.402543,1.69512,1.18365e-26
-0.402543,2.15854,4.96379e-27
-0.402543,2.62195,1.10405e-26
-0.402543,3.08537,1.94742e-27
-0.402543,3.54878,1.57133e-27
-0.402543,4.0122,6.81944e-27
-0.402543,4.47561,1.095e-26
-0.402543,4.93902,1.24224e-26
-0.402543,5.40244,1.20021e-26
-0.402543,5.86585,1.06699e-26
-0.402543,6.32927,9.06336e-27
-0.402543,6.79268,7.49543e-27
-0.402543,7.2561,6.11395e-27
-0.402543,7.71951,4.95017e-27
-0.402543,8.18293,3.99725e-27
-0.402543,8.64634,3.22851e-27
-0.402543,9.10976,2.61418e-27
-0.402543,9.57317,2.12373e-27
-0.402543,10.0366,1.73388e-27
-0.402543,10.5,1.42172e-27
-0.402543,10.9634,1.17223e-27
-0.402543,11.4268,9.71516e-28
-0.402543,11.8902,8.09206e-28
-0.402543,12.3537,6.77637e-28
-0.402543,12.8171,5.70231e-28
-0.402543,13.2805,4.82109e-28
-0.402543,13.7439,4.09586e-28
-0.402543,14.2073,3.4948e-28
-0.402543,14.6707,2.9907e-28
-0.402543,15.1341,2.57041e-28
-0.402543,15.5976,2.21836e-28
-0.402543,16.061,1.92193e-28
-0.402543,16.5244,1.67123e-28
-0.402543,16.9878,1.45852e-28
-0.402543,17.4512,1.2773e-28
-0.402543,17.9146,1.12255e-28
-0.402543,18.378,9.90204e-29
-0.402543,18.8415,8.76101e-29
-0.402543,19.3049,7.77395e-29
-0.402543,19.7683,6.91726e-29
-0.378157,1.23171,7.17538e-27
-0.378157,1.69512,1.14165e-26
-0.378157,2.15854,6.80905e-27
-0.378157,2.62195,9.6922e-27
-0.378157,3.08537,1.20901e-27
-0.378157,3.54878,2.5058e-27
-0.378157,4.0122,7.80764e-27
-0.378157,4.47561,1.13374e-26
-0.378157,4.93902,1.2294e-26
-0.378157,5.40244,1.15999e-26
-0.378157,5.86585,1.01863e-26
-0.378157,6.32927,8.60306e-27
-0.378157,6.79268,7.09095e-27
-0.378157,7.2561,5.77755e-27
-0.378157,7.71951,4.67898e-27
-0.378157,8.18293,3.78336e-27
-0.378157,8.64634,3.06218e-27
-0.378157,9.10976,2.48644e-27
-0.378157,9.57317,2.02677e-27
-0.378157,10.0366,1.66061e-27
-0.378157,10.5,1.36634e-27
-0.378157,10.9634,1.13054e-27
-0.378157,11.4268,9.40411e-28
-0.378157,11.8902,7.86293e-28
-0.378157,12.3537,6.60944e-28
-0.378157,12.8171,5.58201e-28
-0.378157,13.2805,4.73567e-28
-0.378157,13.7439,4.03694e-28
-0.378157,14.2073,3.45585e-28
-0.378157,14.6707,2.96643e-28
-0.378157,15.1341,2.55719e-28
-0.378157,15.5976,2.21341e-28
-0.378157,16.061,1.92305e-28
-0.378157,16.5244,1.67674e-28
-0.378157,16.9878,1.4672e-28
-0.378157,17.4512,1.28821e-28
-0.378157,17.9146,1.13499e-28
-0.378157,18.378,1.00363e-28
-0.378157,18.8415,8.90108e-29
-0.378157,19.3049,7.91664e-29
-0.378157,19.7683,7.06023e-29
-0.353771,1.23171,2.13041e-26
-0.353771,1.69512,1.26746e-26
-0.353771,2.15854,8.91287e-27
-0.353771,2.62195,8.77914e-27
-0.353771,3.08537,8.97528e-28
-0.353771,3.54878,3.33729e-27
-0.353771,4.0122,8.44899e-27
-0.353771,4.47561,1.13942e-26
-0.353771,4.93902,1.19284e-26
-0.353771,5.40244,1.10457e-26
-0.353771,5.86585,9.60812e-27
-0.353771,6.32927,8.08253e-27
-0.353771,6.79268,6.64743e-27
-0.353771,7.2561,5.41451e-27
-0.353771,7.71951,4.38858e-27
-0.353771,8.18293,3.5548e-27
-0.353771,8.64634,2.8841e-27
-0.353771,9.10976,2.34887e-27
-0.353771,9.57317,1.92139e-27
-0.353771,10.0366,1.58001e-27
-0.353771,10.5,1.30459e-27
-0.353771,10.9634,1.08328e-27
-0.353771,11.4268,9.04411e-28
-0.353771,11.8902,7.5907e-28
-0.353771,12.3537,6.40456e-28
-0.353771,12.8171,5.42832e-28
-0.353771,13.2805,4.62091e-28
-0.353771,13.7439,3.9522e-28
-0.353771,14.2073,3.39418e-28
-0.353771,14.6707,2.92218e-28
-0.353771,15.1341,2.52638e-28
-0.353771,15.5976,2.19293e-28
-0.353771,16.061,1.91046e-28
-0.353771,16.5244,1.67012e-28
-0.353771,16.9878,1.46512e-28
-0.353771,17.4512,1.28957e-28
-0.353771,17.9146,1.13893e-28
-0.353771,18.378,1.00948e-28
-0.353771,18.8415,8.97346e-29
-0.353771,19.3049,7.9988e-29
-0.353771,19.7683,7.14896e-29
-0.329385,1.23171,2.74583e-26
-0.329385,1.69512,1.10385e-26
-0.329385,2.15854,1.24606e-26
-0.329385,2.62195,7.41207e-27
-0.329385,3.08537,7.69852e-28
-0.329385,3.54878,4.60668e-27
-0.329385,4.0122,9.53258e-27
-0.329385,4.47561,1.18405e-26
-0.329385,4.93902,1.18759e-26
-0.329385,5.40244,1.07328e-26
-0.329385,5.86585,9.2001e-27
-0.329385,6.32927,7.67005e-27
-0.329385,6.79268,6.27496e-27
-0.329385,7.2561,5.0973e-27
-0.329385,7.71951,4.12796e-27
-0.329385,8.18293,3.34383e-27
-0.329385,8.64634,2.71463e-27
-0.329385,9.10976,2.21396e-27
-0.329385,9.57317,1.81476e-27
-0.329385,10.0366,1.49579e-27
-0.329385,10.5,1.23798e-27
-0.329385,10.9634,1.03054e-27
-0.329385,11.4268,8.62408e-28
-0.329385,11.8902,7.2537e-28
-0.329385,12.3537,6.13357e-28
-0.329385,12.8171,5.20998e-28
-0.329385,13.2805,4.44466e-28
-0.329385,13.7439,3.80965e-28
-0.329385,14.2073,3.27925e-28
-0.329385,14.6707,2.83161e-28
-0.329385,15.1341,2.45519e-28
-0.329385,15.5976,2.13721e-28
-0.329385,16.061,1.86697e-28
-0.329385,16.5244,1.63632e-28
-0.329385,16.9878,1.43908e-28
-0.329385,17.4512,1.26978e-28
-0.329385,17.9146,1.12394e-28
-0.329385,18.378,9.97915e-29
-0.329385,18.8415,8.88557e-29
-0.329385,19.3049,7.93347e-29
-0.329385,19.7683,7.10194e-29
-0.304999,1.23171,8.30934e-27
-0.304999,1.69512,5.79724e-27
-0.304999,2.15854,1.5716e-26
-0.304999,2.62195,4.74448e-27
-0.304999,3.08537,1.35364e-27
-0.304999,3.54878,6.84692e-27
-0.304999,4.0122,1.13477e-26
-0.304999,4.47561,1.27816e-26
-0.304999,4.93902,1.21479e-26
-0.304999,5.40244,1.06299e-26
-0.304999,5.86585,8.92333e-27
-0.304999,6.32927,7.33498e-27
-0.304999,6.79268,5.94519e-27
-0.304999,7.2561,4.80018e-27
-0.304999,7.71951,3.87308e-27
-0.304999,8.18293,3.1296e-27
-0.304999,8.64634,2.53654e-27
-0.304999,9.10976,2.06739e-27
-0.304999,9.57317,1.69498e-27
-0.304999,10.0366,1.39796e-27
-0.304999,10.5,1.15798e-27
-0.304999,10.9634,9.64998e-28
-0.304999,11.4268,8.08364e-28
-0.304999,11.8902,6.80454e-28
-0.304999,12.3537,5.75905e-28
-0.304999,12.8171,4.89681e-28
-0.304999,13.2805,4.18202e-28
-0.304999,13.7439,3.58859e-28
-0.304999,14.2073,3.09316e-28
-0.304999,14.6707,2.6769e-28
-0.304999,15.1341,2.32621e-28
-0.304999,15.5976,2.02938e-28
-0.304999,16.061,1.77648e-28
-0.304999,16.5244,1.56009e-28
-0.304999,16.9878,1.37472e-28
-0.304999,17.4512,1.21531e-28
-0.304999,17.9146,1.07753e-28
-0.304999,18.378,9.57779e-29
-0.304999,18.8415,8.53756e-29
-0.304999,19.3049,7.63099e-29
-0.304999,19.7683,6.83842e-29
-0.280613,1.23171,6.67981e-27
-0.280613,1.69512,3.15128e-27
-0.280613,2.15854,1.69083e-26
-0.280613,2.62195,2.22774e-27
-0.280613,3.08537,2.99997e-27
-0.280613,3.54878,9.40318e-27
-0.280613,4.0122,1.30288e-26
-0.280613,4.47561,1.34797e-26
-0.280613,4.93902,1.22042e-26
-0.280613,5.40244,1.03672e-26
-0.280613,5.86585,8.53529e-27
-0.280613,6.32927,6.9237e-27
-0.280613,6.79268,5.56282e-27
-0.280613,7.2561,4.46579e-27
-0.280613,7.71951,3.59081e-27
-0.280613,8.18293,2.89469e-27
-0.280613,8.64634,2.34243e-27
-0.280613,9.10976,1.908e-27
-0.280613,9.57317,1.56462e-27
-0.280613,10.0366,1.29122e-27
-0.280613,10.5,1.07041e-27
-0.280613,10.9634,8.9294e-28
-0.280613,11.4268,7.4869e-28
-0.280613,11.8902,6.30673e-28
-0.280613,12.3537,5.34216e-28
-0.280613,12.8171,4.54653e-28
-0.280613,13.2805,3.88672e-28
-0.280613,13.7439,3.33866e-28
-0.280613,14.2073,2.88136e-28
-0.280613,14.6707,2.49896e-28
-0.280613,15.1341,2.17619e-28
-0.280613,15.5976,1.90249e-28
-0.280613,16.061,1.66874e-28
-0.280613,16.5244,1.46824e-28
-0.280613,16.9878,1.29619e-28
-0.280613,17.4512,1.14798e-28
-0.280613,17.9146,1.01944e-28
-0.280613,18.378,9.07078e-29
-0.280613,18.8415,8.0938e-29
-0.280613,19.3049,7.24156e-29
-0.280613,19.7683,6.49579e-29
-0.256227,1.23171,3.40386e-26
-0.256227,1.69512,9.80347e-27
-0.256227,2.15854,1.51233e-26
-0.256227,2.62195,8.07025e-28
-0.256227,3.08537,5.46277e-27
-0.256227,3.54878,1.17755e-26
-0.256227,4.0122,1.42027e-26
-0.256227,4.47561,1.37045e-26
-0.256227,4.93902,1.19107e-26
-0.256227,5.40244,9.86689e-27
-0.256227,5.86585,7.9908e-27
-0.256227,6.32927,6.41013e-27
-0.256227,6.79268,5.11309e-27
-0.256227,7.2561,4.08611e-27
-0.256227,7.71951,3.27717e-27
-0.256227,8.18293,2.6376e-27
-0.256227,8.64634,2.13228e-27
-0.256227,9.10976,1.73661e-27
-0.256227,9.57317,1.42495e-27
-0.256227,10.0366,1.17707e-27
-0.256227,10.5,9.76844e-28
-0.256227,10.9634,8.15923e-28
-0.256227,11.4268,6.84889e-28
-0.256227,11.8902,5.77446e-28
-0.256227,12.3537,4.89614e-28
-0.256227,12.8171,4.17134e-28
-0.256227,13.2805,3.56994e-28
-0.256227,13.7439,3.07004e-28
-0.256227,14.2073,2.65311e-28
-0.256227,14.6707,2.30612e-28
-0.256227,15.1341,2.01265e-28
-0.256227,15.5976,1.76332e-28
-0.256227,16.061,1.54984e-28
-0.256227,16.5244,1.36626e-28
-0.256227,16.9878,1.20845e-28
-0.256227,17.4512,1.07226e-28
-0.256227,17.9146,9.53728e-29
-0.256227,18.378,8.49498e-29
-0.256227,18.8415,7.58783e-29
-0.256227,19.3049,6.79572e-29
-0.256227,19.7683,6.1019e-29
-0.231841,1.23171,4.0439e-26
-0.231841,1.69512,2.3417e-26
-0.231841,2.15854,8.89262e-27
-0.231841,2.62195,1.44695e-27
-0.231841,3.08537,9.53173e-27
-0.231841,3.54878,1.47339e-26
-0.231841,4.0122,1.54925e-26
-0.231841,4.47561,1.39141e-26
-0.231841,4.93902,1.15905e-26
-0.231841,5.40244,9.34544e-27
-0.231841,5.86585,7.43208e-27
-0.231841,6.32927,5.88709e-27
-0.231841,6.79268,4.65388e-27
-0.231841,7.2561,3.69754e-27
-0.231841,7.71951,2.95608e-27
-0.231841,8.18293,2.37451e-27
-0.231841,8.64634,1.91755e-27
-0.231841,9.10976,1.56092e-27
-0.231841,9.57317,1.28053e-27
-0.231841,10.0366,1.05799e-27
-0.231841,10.5,8.78392e-28
-0.231841,10.9634,7.34173e-28
-0.231841,11.4268,6.16782e-28
-0.231841,11.8902,5.20525e-28
-0.231841,12.3537,4.41823e-28
-0.231841,12.8171,3.76868e-28
-0.231841,13.2805,3.2295e-28
-0.231841,13.7439,2.78097e-28
-0.231841,14.2073,2.40649e-28
-0.231841,14.6707,2.09431e-28
-0.231841,15.1341,1.83005e-28
-0.231841,15.5976,1.60531e-28
-0.231841,16.061,1.41292e-28
-0.231841,16.5244,1.2475e-28
-0.231841,16.9878,1.1051e-28
-0.231841,17.4512,9.82051e-29
-0.231841,17.9146,8.74685e-29
-0.231841,18.378,7.79891e-29
-0.231841,18.8415,6.97313e-29
-0.231841,19.3049,6.25141e-29
-0.231841,19.7683,5.61867e-29
-0.207455,1.23171,1.11198e-26
-0.207455,1.69512,3.12788e-26
-0.207455,2.15854,2.51455e-27
-0.207455,2.62195,5.18779e-27
-0.207455,3.08537,1.42479e-26
-0.207455,3.54878,1.72449e-26
-0.207455,4.0122,1.61789e-26
-0.207455,4.47561,1.36575e-26
-0.207455,4.93902,1.09624e-26
-0.207455,5.40244,8.62932e-27
-0.207455,5.86585,6.75192e-27
-0.207455,6.32927,5.28816e-27
-0.207455,6.79268,4.14619e-27
-0.207455,7.2561,3.27712e-27
-0.207455,7.71951,2.61322e-27
-0.207455,8.18293,2.09619e-27
-0.207455,8.64634,1.69188e-27
-0.207455,9.10976,1.37696e-27
-0.207455,9.57317,1.12952e-27
-0.207455,10.0366,9.33498e-28
-0.207455,10.5,7.75401e-28
-0.207455,10.9634,6.48544e-28
-0.207455,11.4268,5.45362e-28
-0.207455,11.8902,4.60794e-28
-0.207455,12.3537,3.91617e-28
-0.207455,12.8171,3.34506e-28
-0.207455,13.2805,2.87076e-28
-0.207455,13.7439,2.4758e-28
-0.207455,14.2073,2.14546e-28
-0.207455,14.6707,1.86896e-28
-0.207455,15.1341,1.63475e-28
-0.207455,15.5976,1.43542e-28
-0.207455,16.061,1.26494e-28
-0.207455,16.5244,1.11852e-28
-0.207455,16.9878,9.92301e-29
-0.207455,17.4512,8.8309e-29
-0.207455,17.9146,7.8759e-29
-0.207455,18.378,7.02977e-29
-0.207455,18.8415,6.29199e-29
-0.207455,19.3049,5.64656e-29
-0.207455,19.7683,5.08017e-29
-0.183069,1.23171,4.11151e-27
-0.183069,1.69512,2.43294e-26
-0.183069,2.15854,6.3173e-28
-0.183069,2.62195,1.16353e-26
-0.183069,3.08537,1.8746e-26
-0.183069,3.54878,1.8875e-26
-0.183069,4.0122,1.61178e-26
-0.183069,4.47561,1.29046e-26
-0.183069,4.93902,1.00299e-26
-0.183069,5.40244,7.73056e-27
-0.183069,5.86585,5.96233e-27
-0.183069,6.32927,4.62299e-27
-0.183069,6.79268,3.59808e-27
-0.183069,7.2561,2.83087e-27
-0.183069,7.71951,2.25252e-27
-0.183069,8.18293,1.80487e-27
-0.183069,8.64634,1.45627e-27
-0.183069,9.10976,1.18514e-27
-0.183069,9.57317,9.72186e-28
-0.183069,10.0366,8.03737e-28
-0.183069,10.5,6.67949e-28
-0.183069,10.9634,5.5906e-28
-0.183069,11.4268,4.70553e-28
-0.183069,11.8902,3.98041e-28
-0.183069,12.3537,3.38698e-28
-0.183069,12.8171,2.89691e-28
-0.183069,13.2805,2.48972e-28
-0.183069,13.7439,2.15029e-28
-0.183069,14.2073,1.86593e-28
-0.183069,14.6707,1.62692e-28
-0.183069,15.1341,1.42435e-28
-0.183069,15.5976,1.25183e-28
-0.183069,16.061,1.10444e-28
-0.183069,16.5244,9.77977e-29
-0.183069,16.9878,8.68839e-29
-0.183069,17.4512,7.74285e-29
-0.183069,17.9146,6.91421e-29
-0.183069,18.378,6.1775e-29
-0.183069,18.8415,5.53455e-29
-0.183069,19.3049,4.97158e-29
-0.183069,19.7683,4.47712e-29
-0.158683,1.23171,4.01031e-26
-0.158683,1.69512,8.43834e-27
-0.158683,2.15854,5.9586e-27
-0.158683,2.62195,1.91807e-26
-0.158683,3.08537,2.20265e-26
-0.158683,3.54878,1.92723e-26
-0.158683,4.0122,1.52347e-26
-0.158683,4.47561,1.16667e-26
-0.158683,4.93902,8.82282e-27
-0.158683,5.40244,6.67841e-27
-0.158683,5.86585,5.08736e-27
-0.158683,6.32927,3.91038e-27
-0.158683,6.79268,3.02401e-27
-0.158683,7.2561,2.36992e-27
-0.158683,7.71951,1.88261e-27
-0.158683,8.18293,1.50735e-27
-0.158683,8.64634,1.21613e-27
-0.158683,9.10976,9.89837e-28
-0.158683,9.57317,8.12081e-28
-0.158683,10.0366,6.71654e-28
-0.158683,10.5,5.58487e-28
-0.158683,10.9634,4.67778e-28
-0.158683,11.4268,3.94091e-28
-0.158683,11.8902,3.33739e-28
-0.158683,12.3537,2.84323e-28
-0.158683,12.8171,2.43501e-28
-0.158683,13.2805,2.09565e-28
-0.158683,13.7439,1.81249e-28
-0.158683,14.2073,1.57485e-28
-0.158683,14.6707,1.3743e-28
-0.158683,15.1341,1.20421e-28
-0.158683,15.5976,1.05928e-28
-0.158683,16.061,9.3558e-29
-0.158683,16.5244,8.29581e-29
-0.158683,16.9878,7.37991e-29
-0.158683,17.4512,6.58545e-29
-0.158683,17.9146,5.88771e-29
-0.158683,18.378,5.26525e-29
-0.158683,18.8415,4.72155e-29
-0.158683,19.3049,4.24509e-29
-0.158683,19.7683,3.82625e-29
-0.134297,1.23171,5.7913e-26
-0.134297,1.69512,1.82882e-28
-0.134297,2.15854,1.70071e-26
-0.134297,2.62195,2.53796e-26
-0.134297,3.08537,2.30954e-26
-0.134297,3.54878,1.81137e-26
-0.134297,4.0122,1.34667e-26
-0.134297,4.47561,9.93824e-27
-0.134297,4.93902,7.34395e-27
-0.134297,5.40244,5.47684e-27
-0.134297,5.86585,4.12971e-27
-0.134297,6.32927,3.15146e-27
-0.134297,6.79268,2.42405e-27
-0.134297,7.2561,1.89286e-27
-0.134297,7.71951,1.50024e-27
-0.134297,8.18293,1.20012e-27
-0.134297,8.64634,9.68407e-28
-0.134297,9.10976,7.88708e-28
-0.134297,9.57317,6.47714e-28
-0.134297,10.0366,5.36348e-28
-0.134297,10.5,4.4649e-28
-0.134297,10.9634,3.74446e-28
-0.134297,11.4268,3.15901e-28
-0.134297,11.8902,2.67928e-28
-0.134297,12.3537,2.28609e-28
-0.134297,12.8171,1.96113e-28
-0.134297,13.2805,1.69084e-28
-0.134297,13.7439,1.46498e-28
-0.134297,14.2073,1.27506e-28
-0.134297,14.6707,1.11412e-28
-0.134297,15.1341,9.77495e-29
-0.134297,15.5976,8.6094e-29
-0.134297,16.061,7.61192e-29
-0.134297,16.5244,6.75465e-29
-0.134297,16.9878,6.01346e-29
-0.134297,17.4512,5.37014e-29
-0.134297,17.9146,4.80597e-29
-0.134297,18.378,4.30486e-29
-0.134297,18.8415,3.86648e-29
-0.134297,19.3049,3.48173e-29
-0.134297,19.7683,3.14301e-29
-0.109911,1.23171,2.60325e-26
-0.109911,1.69512,9.86407e-27
-0.109911,2.15854,2.84546e-26
-0.109911,2.62195,2.80592e-26
-0.109911,3.08537,2.16423e-26
-0.109911,3.54878,1.56033e-26
-0.109911,4.0122,1.10607e-26
-0.109911,4.47561,7.92391e-27
-0.109911,4.93902,5.74733e-27
-0.109911,5.40244,4.23646e-27
-0.109911,5.86585,3.16919e-27
-0.109911,6.32927,2.40492e-27
-0.109911,6.79268,1.84202e-27
-0.109911,7.2561,1.43402e-27
-0.109911,7.71951,1.134e-27
-0.109911,8.18293,9.06481e-28
-0.109911,8.64634,7.31833e-28
-0.109911,9.10976,5.96666e-28
-0.109911,9.57317,4.90785e-28
-0.109911,10.0366,4.07099e-28
-0.109911,10.5,3.39423e-28
-0.109911,10.9634,2.85119e-28
-0.109911,11.4268,2.40949e-28
-0.109911,11.8902,2.04716e-28
-0.109911,12.3537,1.74981e-28
-0.109911,12.8171,1.50393e-28
-0.109911,13.2805,1.29928e-28
-0.109911,13.7439,1.12798e-28
-0.109911,14.2073,9.83608e-29
-0.109911,14.6707,8.60785e-29
-0.109911,15.1341,7.56374e-29
-0.109911,15.5976,6.67181e-29
-0.109911,16.061,5.90469e-29
-0.109911,16.5244,5.24193e-29
-0.109911,16.9878,4.66872e-29
-0.109911,17.4512,4.17103e-29
-0.109911,17.9146,3.73612e-29
-0.109911,18.378,3.35326e-29
-0.109911,18.8415,3.01767e-29
-0.109911,19.3049,2.72259e-29
-0.109911,19.7683,2.46233e-29
-0.0855255,1.23171,8.78689e-29
-0.0855255,1.69512,2.95694e-26
-0.0855255,2.15854,3.405e-26
-0.0855255,2.62195,2.61598e-26
-0.0855255,3.08537,1.79803e-26
-0.0855255,3.54878,1.21922e-26
-0.0855255,4.0122,8.34563e-27
-0.0855255,4.47561,5.84945e-27
-0.0855255,4.93902,4.18598e-27
-0.0855255,5.40244,3.06082e-27
-0.0855255,5.86585,2.27756e-27
-0.0855255,6.32927,1.72196e-27
-0.0855255,6.79268,1.31528e-27
-0.0855255,7.2561,1.02202e-27
-0.0855255,7.71951,8.07089e-28
-0.0855255,8.18293,6.45145e-28
-0.0855255,8.64634,5.21405e-28
-0.0855255,9.10976,4.2575e-28
-0.0855255,9.57317,3.50889e-28
-0.0855255,10.0366,2.91645e-28
-0.0855255,10.5,2.43601e-28
-0.0855255,10.9634,2.05003e-28
-0.0855255,11.4268,1.73569e-28
-0.0855255,11.8902,1.47746e-28
-0.0855255,12.3537,1.26523e-28
-0.0855255,12.8171,1.08961e-28
-0.0855255,13.2805,9.43319e-29
-0.0855255,13.7439,8.2064e-29
-0.0855255,14.2073,7.17e-29
-0.0855255,14.6707,6.28461e-29
-0.0855255,15.1341,5.53086e-29
-0.0855255,15.5976,4.88608e-29
-0.0855255,16.061,4.32865e-29
-0.0855255,16.5244,3.84447e-29
-0.0855255,16.9878,3.42556e-29
-0.0855255,17.4512,3.06171e-29
-0.0855255,17.9146,2.74489e-29
-0.0855255,18.378,2.46852e-29
-0.0855255,18.8415,2.22581e-29
-0.0855255,19.3049,2.01199e-29
-0.0855255,19.7683,1.82305e-29
-0.0611395,1.23171,2.05309e-26
-0.0611395,1.69512,4.35853e-26
-0.0611395,2.15854,3.21191e-26
-0.0611395,2.62195,2.09899e-26
-0.0611395,3.08537,1.32936e-26
-0.0611395,3.54878,8.61997e-27
-0.0611395,4.0122,5.75165e-27
-0.0611395,4.47561,3.96717e-27
-0.0611395,4.93902,2.81173e-27
-0.0611395,5.40244,2.04474e-27
-0.0611395,5.86585,1.51614e-27
-0.0611395,6.32927,1.14354e-27
-0.0611395,6.79268,8.71864e-28
-0.0611395,7.2561,6.76643e-28
-0.0611395,7.71951,5.33866e-28
-0.0611395,8.18293,4.26884e-28
-0.0611395,8.64634,3.45462e-28
-0.0611395,9.10976,2.82564e-28
-0.0611395,9.57317,2.33365e-28
-0.0611395,10.0366,1.94371e-28
-0.0611395,10.5,1.62651e-28
-0.0611395,10.9634,1.37132e-28
-0.0611395,11.4268,1.1632e-28
-0.0611395,11.8902,9.92e-29
-0.0611395,12.3537,8.51065e-29
-0.0611395,12.8171,7.34362e-29
-0.0611395,13.2805,6.37068e-29
-0.0611395,13.7439,5.55328e-29
-0.0611395,14.2073,4.8611e-29
-0.0611395,14.6707,4.26729e-29
-0.0611395,15.1341,3.76106e-29
-0.0611395,15.5976,3.32742e-29
-0.0611395,16.061,2.95059e-29
-0.0611395,16.5244,2.62152e-29
-0.0611395,16.9878,2.33672e-29
-0.0611395,17.4512,2.08927e-29
-0.0611395,17.9146,1.87459e-29
-0.0611395,18.378,1.6891e-29
-0.0611395,18.8415,1.52589e-29
-0.0611395,19.3049,1.38185e-29
-0.0611395,19.7683,1.25433e-29
-0.0367535,1.23171,5.88937e-26
-0.0367535,1.69512,4.42241e-26
-0.0367535,2.15854,2.50915e-26
-0.0367535,2.62195,1.46558e-26
-0.0367535,3.08537,8.74196e-27
-0.0367535,3.54878,5.48165e-27
-0.0367535,4.0122,3.58121e-27
-0.0367535,4.47561,2.43484e-27
-0.0367535,4.93902,1.70986e-27
-0.0367535,5.40244,1.23565e-27
-0.0367535,5.86585,9.1263e-28
-0.0367535,6.32927,6.8678e-28
-0.0367535,6.79268,5.2275e-28
-0.0367535,7.2561,4.05108e-28
-0.0367535,7.71951,3.19106e-28
-0.0367535,8.18293,2.54919e-28
-0.0367535,8.64634,2.06217e-28
-0.0367535,9.10976,1.68646e-28
-0.0367535,9.57317,1.39289e-28
-0.0367535,10.0366,1.16037e-28
-0.0367535,10.5,9.71631e-29
-0.0367535,10.9634,8.19759e-29
-0.0367535,11.4268,6.95925e-29
-0.0367535,11.8902,5.94071e-29
-0.0367535,12.3537,5.10166e-29
-0.0367535,12.8171,4.40587e-29
-0.0367535,13.2805,3.82498e-29
-0.0367535,13.7439,3.33668e-29
-0.0367535,14.2073,2.9228e-29
-0.0367535,14.6707,2.56698e-29
-0.0367535,15.1341,2.26353e-29
-0.0367535,15.5976,2.0035e-29
-0.0367535,16.061,1.77721e-29
-0.0367535,16.5244,1.5793e-29
-0.0367535,16.9878,1.408e-29
-0.0367535,17.4512,1.25915e-29
-0.0367535,17.9146,1.13022e-29
-0.0367535,18.378,1.0193e-29
-0.0367535,18.8415,9.2162e-30
-0.0367535,19.3049,8.35337e-30
-0.0367535,19.7683,7.58893e-30
-0.0123675,1.23171,6.64014e-26
-0.0123675,1.69512,3.26841e-26
-0.0123675,2.15854,1.61289e-26
-0.0123675,2.62195,8.80635e-27
-0.0123675,3.08537,5.06477e-27
-0.0123675,3.54878,3.11337e-27
-0.0123675,4.0122,2.0056e-27
-0.0123675,4.47561,1.34953e-27
-0.0123675,4.93902,9.41324e-28
-0.0123675,5.40244,6.76695e-28
-0.0123675,5.86585,4.98378e-28
-0.0123675,6.32927,3.74678e-28
-0.0123675,6.79268,2.85049e-28
-0.0123675,7.2561,2.20728e-28
-0.0123675,7.71951,1.73609e-28
-0.0123675,8.18293,1.38503e-28
-0.0123675,8.64634,1.11905e-28
-0.0123675,9.10976,9.14096e-29
-0.0123675,9.57317,7.54084e-29
-0.0123675,10.0366,6.27586e-29
-0.0123675,10.5,5.25527e-29
-0.0123675,10.9634,4.43419e-29
-0.0123675,11.4268,3.76542e-29
-0.0123675,11.8902,3.21598e-29
-0.0123675,12.3537,2.7632e-29
-0.0123675,12.8171,2.38681e-29
-0.0123675,13.2805,2.07187e-29
-0.0123675,13.7439,1.80719e-29
-0.0123675,14.2073,1.58286e-29
-0.0123675,14.6707,1.38987e-29
-0.0123675,15.1341,1.22533e-29
-0.0123675,15.5976,1.08437e-29
-0.0123675,16.061,9.61889e-30
-0.0123675,16.5244,8.54943e-30
-0.0123675,16.9878,7.62361e-30
-0.0123675,17.4512,6.81898e-30
-0.0123675,17.9146,6.12187e-30
-0.0123675,18.378,5.52187e-30
-0.0123675,18.8415,4.99346e-30
-0.0123675,19.3049,4.52663e-30
-0.0123675,19.7683,4.11299e-30
