-0.987807,1.23171,5.90783e-25
-0.987807,1.69512,1.29668e-26
-0.987807,2.15854,6.91586e-25
-0.987807,2.62195,2.93446e-25
-0.987807,3.08537,2.2254e-26
-0.987807,3.54878,1.26558e-25
-0.987807,4.0122,2.37373e-25
-0.987807,4.47561,9.79476e-26
-0.987807,4.93902,9.81376e-27
-0.987807,5.40244,3.57167e-26
-0.987807,5.86585,6.6337e-26
-0.987807,6.32927,6.10837e-26
-0.987807,6.79268,3.65038e-26
-0.987807,7.2561,1.38899e-26
-0.987807,7.71951,2.02155e-27
-0.987807,8.18293,4.12071e-28
-0.987807,8.64634,5.15645e-27
-0.987807,9.10976,1.23511e-26
-0.987807,9.57317,1.93139e-26
-0.987807,10.0366,2.47154e-26
-0.987807,10.5,2.81496e-26
-0.987807,10.9634,2.9699e-26
-0.987807,11.4268,2.97067e-26
-0.987807,11.8902,2.85769e-26
-0.987807,12.3537,2.66812e-26
-0.987807,12.8171,2.43377e-26
-0.987807,13.2805,2.1788e-26
-0.987807,13.7439,1.92034e-26
-0.987807,14.2073,1.67002e-26
-0.987807,14.6707,1.43463e-26
-0.987807,15.1341,1.21978e-26
-0.987807,15.5976,1.02728e-26
-0.987807,16.061,8.57308e-27
-0.987807,16.5244,7.09087e-27
-0.987807,16.9878,5.81236e-27
-0.987807,17.4512,4.71989e-27
-0.987807,17.9146,3.79461e-27
-0.987807,18.378,3.01758e-27
-0.987807,18.8415,2.37012e-27
-0.987807,19.3049,1.83528e-27
-0.987807,19.7683,1.39758e-27
-0.963421,1.23171,1.61881e-24
-0.963421,1.69512,2.45073e-25
-0.963421,2.15854,5.03654e-25
-0.963421,2.62195,2.98832e-25
-0.963421,3.08537,1.06436e-25
-0.963421,3.54878,1.82954e-25
-0.963421,4.0122,1.50674e-25
-0.963421,4.47561,2.92066e-26
-0.963421,4.93902,5.24235e-27
-0.963421,5.40244,4.731e-26
-0.963421,5.86585,6.52152e-26
-0.963421,6.32927,4.89056e-26
-0.963421,6.79268,2.31727e-26
-0.963421,7.2561,5.61687e-27
-0.963421,7.71951,1.53741e-28
-0.963421,8.18293,3.60094e-27
-0.963421,8.64634,1.12876e-26
-0.963421,9.10976,1.95589e-26
-0.963421,9.57317,2.63127e-26
-0.963421,10.0366,3.0801e-26
-0.963421,10.5,3.30363e-26
-0.963421,10.9634,3.33576e-26
-0.963421,11.4268,3.22512e-26
-0.963421,11.8902,3.01839e-26
-0.963421,12.3537,2.75408e-26
-0.963421,12.8171,2.46287e-26
-0.963421,13.2805,2.16649e-26
-0.963421,13.7439,1.87936e-26
-0.963421,14.2073,1.61045e-26
-0.963421,14.6707,1.36428e-26
-0.963421,15.1341,1.14442e-26
-0.963421,15.5976,9.51064e-27
-0.963421,16.061,7.83151e-27
-0.963421,16.5244,6.3892e-27
-0.963421,16.9878,5.16259e-27
-0.963421,17.4512,4.12864e-27
-0.963421,17.9146,3.26461e-27
-0.963421,18.378,2.5488e-27
-0.963421,18.8415,1.96074e-27
-0.963421,19.3049,1.48227e-27
-0.963421,19.7683,1.09719e-27
-0.939035,1.23171,9.43356e-25
-0.939035,1.69512,8.3374e-25
-0.939035,2.15854,1.7322e-25
-0.939035,2.62195,1.58908e-25
-0.939035,3.08537,2.39788e-25
-0.939035,3.54878,1.13985e-25
-0.939035,4.0122,4.32685e-26
-0.939035,4.47561,1.60785e-28
-0.939035,4.93902,4.35197e-26
-0.939035,5.40244,9.19863e-26
-0.939035,5.86585,8.9214e-26
-0.939035,6.32927,5.5444e-26
-0.939035,6.79268,2.25861e-26
-0.939035,7.2561,4.75254e-27
-0.939035,7.71951,1.45629e-27
-0.939035,8.18293,6.98869e-27
-0.939035,8.64634,1.58006e-26
-0.939035,9.10976,2.42311e-26
-0.939035,9.57317,3.04833e-26
-0.939035,10.0366,3.41391e-26
-0.939035,10.5,3.54489e-26
-0.939035,10.9634,3.48981e-26
-0.939035,11.4268,3.30451e-26
-0.939035,11.8902,3.03814e-26
-0.939035,12.3537,2.72914e-26
-0.939035,12.8171,2.40634e-26
-0.939035,13.2805,2.08928e-26
-0.939035,13.7439,1.79016e-26
-0.939035,14.2073,1.51592e-26
-0.939035,14.6707,1.26941e-26
-0.939035,15.1341,1.05254e-26
-0.939035,15.5976,8.64409e-27
-0.939035,16.061,7.03103e-27
-0.939035,16.5244,5.66219e-27
-0.939035,16.9878,4.51157e-27
-0.939035,17.4512,3.553e-27
-0.939035,17.9146,2.76151e-27
-0.939035,18.378,2.11402e-27
-0.939035,18.8415,1.58947e-27
-0.939035,19.3049,1.1693e-27
-0.939035,19.7683,8.37171e-28
-0.914649,1.23171,3.35421e-27
-0.914649,1.69512,9.94616e-25
-0.914649,2.15854,5.21678e-28
-0.914649,2.62195,3.25438e-26
-0.914649,3.08537,2.88247e-25
-0.914649,3.54878,2.28748e-26
-0.914649,4.0122,1.83334e-26
-0.914649,4.47561,3.29362e-26
-0.914649,4.93902,9.95634e-26
-0.914649,5.40244,1.3358e-25
-0.914649,5.86585,1.07931e-25
-0.914649,6.32927,5.98508e-26
-0.914649,6.79268,2.19721e-26
-0.914649,7.2561,3.98302e-27
-0.914649,7.71951,1.87878e-27
-0.914649,8.18293,8.30861e-27
-0.914649,8.64634,1.7321e-26
-0.914649,9.10976,2.53995e-26
-0.914649,9.57317,3.10234e-26
-0.914649,10.0366,3.39856e-26
-0.914649,10.5,3.46636e-26
-0.914649,10.9634,3.36131e-26
-0.914649,11.4268,3.1405e-26
-0.914649,11.8902,2.85209e-26
-0.914649,12.3537,2.53283e-26
-0.914649,12.8171,2.20878e-26
-0.914649,13.2805,1.89706e-26
-0.914649,13.7439,1.60801e-26
-0.914649,14.2073,1.3469e-26
-0.914649,14.6707,1.11541e-26
-0.914649,15.1341,9.14121e-27
-0.914649,15.5976,7.41422e-27
-0.914649,16.061,5.94991e-27
-0.914649,16.5244,4.72115e-27
-0.914649,16.9878,3.69981e-27
-0.914649,17.4512,2.85903e-27
-0.914649,17.9146,2.17371e-27
-0.914649,18.378,1.62106e-27
-0.914649,18.8415,1.18094e-27
-0.914649,19.3049,8.35451e-28
-0.914649,19.7683,5.69056e-28
-0.890263,1.23171,7.88113e-25
-0.890263,1.69512,5.23333e-25
-0.890263,2.15854,1.44221e-25
-0.890263,2.62195,2.87231e-26
-0.890263,3.08537,2.13329e-25
-0.890263,3.54878,2.27408e-26
-0.890263,4.0122,9.09748e-26
-0.890263,4.47561,8.17192e-26
-0.890263,4.93902,1.17781e-25
-0.890263,5.40244,1.26979e-25
-0.890263,5.86585,9.07252e-26
-0.890263,6.32927,4.40909e-26
-0.890263,6.79268,1.25901e-26
-0.890263,7.2561,7.15538e-28
-0.890263,7.71951,2.50246e-27
-0.890263,8.18293,1.05729e-26
-0.890263,8.64634,1.96611e-26
-0.890263,9.10976,2.69909e-26
-0.890263,9.57317,3.15904e-26
-0.890263,10.0366,3.35598e-26
-0.890263,10.5,3.3418e-26
-0.890263,10.9634,3.17738e-26
-0.890263,11.4268,2.91855e-26
-0.890263,11.8902,2.61015e-26
-0.890263,12.3537,2.28535e-26
-0.890263,12.8171,1.96607e-26
-0.890263,13.2805,1.66618e-26
-0.890263,13.7439,1.39353e-26
-0.890263,14.2073,1.15141e-26
-0.890263,14.6707,9.40155e-27
-0.890263,15.1341,7.58981e-27
-0.890263,15.5976,6.05608e-27
-0.890263,16.061,4.77324e-27
-0.890263,16.5244,3.7117e-27
-0.890263,16.9878,2.84206e-27
-0.890263,17.4512,2.13746e-27
-0.890263,17.9146,1.57326e-27
-0.890263,18.378,1.12756e-27
-0.890263,18.8415,7.81454e-28
-0.890263,19.3049,5.18161e-28
-0.890263,19.7683,3.23279e-28
-0.865877,1.23171,1.61122e-24
-0.865877,1.69512,3.94835e-26
-0.865877,2.15854,4.81516e-25
-0.865877,2.62195,1.59193e-25
-0.865877,3.08537,8.46835e-26
-0.865877,3.54878,1.37803e-25
-0.865877,4.0122,1.75865e-25
-0.865877,4.47561,7.86095e-26
-0.865877,4.93902,7.01177e-26
-0.865877,5.40244,6.74765e-26
-0.865877,5.86585,4.17115e-26
-0.865877,6.32927,1.45749e-26
-0.865877,6.79268,1.19495e-27
-0.865877,7.2561,1.69434e-27
-0.865877,7.71951,9.99024e-27
-0.865877,8.18293,2.0257e-26
-0.865877,8.64634,2.89672e-26
-0.865877,9.10976,3.46916e-26
-0.865877,9.57317,3.73192e-26
-0.865877,10.0366,3.74054e-26
-0.865877,10.5,3.5667e-26
-0.865877,10.9634,3.27768e-26
-0.865877,11.4268,2.92725e-26
-0.865877,11.8902,2.55543e-26
-0.865877,12.3537,2.19006e-26
-0.865877,12.8171,1.84743e-26
-0.865877,13.2805,1.53679e-26
-0.865877,13.7439,1.26236e-26
-0.865877,14.2073,1.02453e-26
-0.865877,14.6707,8.21546e-27
-0.865877,15.1341,6.50764e-27
-0.865877,15.5976,5.0879e-27
-0.865877,16.061,3.92155e-27
-0.865877,16.5244,2.9738e-27
-0.865877,16.9878,2.21185e-27
-0.865877,17.4512,1.60705e-27
-0.865877,17.9146,1.13387e-27
-0.865877,18.378,7.70178e-28
-0.865877,18.8415,4.97253e-28
-0.865877,19.3049,2.98717e-28
-0.865877,19.7683,1.60712e-28
-0.841491,1.23171,7.37708e-25
-0.841491,1.69512,1.61983e-25
-0.841491,2.15854,6.97151e-25
-0.841491,2.62195,3.62621e-25
-0.841491,3.08537,4.88599e-27
-0.841491,3.54878,2.68083e-25
-0.841491,4.0122,1.54404e-25
-0.841491,4.47561,1.17829e-26
-0.841491,4.93902,1.36165e-26
-0.841491,5.40244,2.54499e-26
-0.841491,5.86585,1.65326e-26
-0.841491,6.32927,6.53016e-27
-0.841491,6.79268,6.52276e-27
-0.841491,7.2561,1.49387e-26
-0.841491,7.71951,2.63189e-26
-0.841491,8.18293,3.63826e-26
-0.841491,8.64634,4.31037e-26
-0.841491,9.10976,4.6148e-26
-0.841491,9.57317,4.60681e-26
-0.841491,10.0366,4.37459e-26
-0.841491,10.5,4.00168e-26
-0.841491,10.9634,3.55709e-26
-0.841491,11.4268,3.08994e-26
-0.841491,11.8902,2.63376e-26
-0.841491,12.3537,2.20984e-26
-0.841491,12.8171,1.82825e-26
-0.841491,13.2805,1.49325e-26
-0.841491,13.7439,1.20514e-26
-0.841491,14.2073,9.61158e-27
-0.841491,14.6707,7.57212e-27
-0.841491,15.1341,5.88821e-27
-0.841491,15.5976,4.51321e-27
-0.841491,16.061,3.4034e-27
-0.841491,16.5244,2.51769e-27
-0.841491,16.9878,1.81906e-27
-0.841491,17.4512,1.27606e-27
-0.841491,17.9146,8.61448e-28
-0.841491,18.378,5.52086e-28
-0.841491,18.8415,3.28654e-28
-0.841491,19.3049,1.74621e-28
-0.841491,19.7683,7.62002e-29
-0.817105,1.23171,8.78445e-27
-0.817105,1.69512,7.40728e-25
-0.817105,2.15854,5.58978e-25
-0.817105,2.62195,4.85351e-25
-0.817105,3.08537,1.83567e-26
-0.817105,3.54878,2.80468e-25
-0.817105,4.0122,6.22176e-26
-0.817105,4.47561,6.5428e-27
-0.817105,4.93902,5.83249e-26
-0.817105,5.40244,6.67409e-26
-0.817105,5.86585,4.23137e-26
-0.817105,6.32927,2.12951e-26
-0.817105,6.79268,1.54121e-26
-0.817105,7.2561,2.0595e-26
-0.817105,7.71951,2.97428e-26
-0.817105,8.18293,3.79674e-26
-0.817105,8.64634,4.31316e-26
-0.817105,9.10976,4.4928e-26
-0.817105,9.57317,4.39313e-26
-0.817105,10.0366,4.10098e-26
-0.817105,10.5,3.6952e-26
-0.817105,10.9634,3.23935e-26
-0.817105,11.4268,2.7773e-26
-0.817105,11.8902,2.33742e-26
-0.817105,12.3537,1.93625e-26
-0.817105,12.8171,1.58083e-26
-0.817105,13.2805,1.27323e-26
-0.817105,13.7439,1.01222e-26
-0.817105,14.2073,7.94076e-27
-0.817105,14.6707,6.14086e-27
-0.817105,15.1341,4.67556e-27
-0.817105,15.5976,3.49711e-27
-0.817105,16.061,2.56163e-27
-0.817105,16.5244,1.8292e-27
-0.817105,16.9878,1.26465e-27
-0.817105,17.4512,8.38126e-28
-0.817105,17.9146,5.24186e-28
-0.817105,18.378,3.01374e-28
-0.817105,18.8415,1.51782e-28
-0.817105,19.3049,6.0458e-29
-0.817105,19.7683,1.50521e-29
-0.792719,1.23171,9.59297e-25
-0.792719,1.69512,1.01941e-24
-0.792719,2.15854,2.68063e-25
-0.792719,2.62195,4.39756e-25
-0.792719,3.08537,1.02942e-25
-0.792719,3.54878,2.58847e-25
-0.792719,4.0122,1.80924e-26
-0.792719,4.47561,3.31226e-26
-0.792719,4.93902,8.95134e-26
-0.792719,5.40244,7.85034e-26
-0.792719,5.86585,4.32683e-26
-0.792719,6.32927,2.09309e-26
-0.792719,6.79268,1.69934e-26
-0.792719,7.2561,2.37266e-26
-0.792719,7.71951,3.31136e-26
-0.792719,8.18293,4.05793e-26
-0.792719,8.64634,4.45348e-26
-0.792719,9.10976,4.50887e-26
-0.792719,9.57317,4.30435e-26
-0.792719,10.0366,3.9353e-26
-0.792719,10.5,3.48018e-26
-0.792719,10.9634,2.99862e-26
-0.792719,11.4268,2.52945e-26
-0.792719,11.8902,2.09568e-26
-0.792719,12.3537,1.70892e-26
-0.792719,12.8171,1.37283e-26
-0.792719,13.2805,1.08698e-26
-0.792719,13.7439,8.48411e-27
-0.792719,14.2073,6.52193e-27
-0.792719,14.6707,4.92897e-27
-0.792719,15.1341,3.6546e-27
-0.792719,15.5976,2.64901e-27
-0.792719,16.061,1.86762e-27
-0.792719,16.5244,1.27108e-27
-0.792719,16.9878,8.25466e-28
-0.792719,17.4512,5.02203e-28
-0.792719,17.9146,2.77296e-28
-0.792719,18.378,1.30744e-28
-0.792719,18.8415,4.60015e-29
-0.792719,19.3049,9.51837e-30
-0.792719,19.7683,1.02255e-29
-0.768333,1.23171,1.65864e-24
-0.768333,1.69512,6.86996e-25
-0.768333,2.15854,3.17374e-26
-0.768333,2.62195,2.85102e-25
-0.768333,3.08537,2.24408e-25
-0.768333,3.54878,1.98727e-25
-0.768333,4.0122,1.36643e-28
-0.768333,4.47561,7.41424e-26
-0.768333,4.93902,1.16098e-25
-0.768333,5.40244,8.27168e-26
-0.768333,5.86585,3.99264e-26
-0.768333,6.32927,1.90252e-26
-0.768333,6.79268,1.81443e-26
-0.768333,7.2561,2.6546e-26
-0.768333,7.71951,3.59617e-26
-0.768333,8.18293,4.24683e-26
-0.768333,8.64634,4.5129e-26
-0.768333,9.10976,4.44627e-26
-0.768333,9.57317,4.14619e-26
-0.768333,10.0366,3.71284e-26
-0.768333,10.5,3.22163e-26
-0.768333,10.9634,2.72666e-26
-0.768333,11.4268,2.26089e-26
-0.768333,11.8902,1.84172e-26
-0.768333,12.3537,1.476e-26
-0.768333,12.8171,1.16426e-26
-0.768333,13.2805,9.03858e-27
-0.768333,13.7439,6.90291e-27
-0.768333,14.2073,5.17722e-27
-0.768333,14.6707,3.80199e-27
-0.768333,15.1341,2.72426e-27
-0.768333,15.5976,1.89358e-27
-0.768333,16.061,1.26576e-27
-0.768333,16.5244,8.02776e-28
-0.768333,16.9878,4.72492e-28
-0.768333,17.4512,2.4806e-28
-0.768333,17.9146,1.07262e-28
-0.768333,18.378,3.18114e-29
-0.768333,18.8415,6.79531e-30
-0.768333,19.3049,2.01738e-29
-0.768333,19.7683,6.223e-29
-0.743947,1.23171,6.84979e-25
-0.743947,1.69512,1.40121e-25
-0.743947,2.15854,4.0918e-26
-0.743947,2.62195,1.06865e-25
-0.743947,3.08537,3.34153e-25
-0.743947,3.54878,1.19484e-25
-0.743947,4.0122,1.3381e-26
-0.743947,4.47561,1.20558e-25
-0.743947,4.93902,1.32886e-25
-0.743947,5.40244,7.876e-26
-0.743947,5.86585,3.31933e-26
-0.743947,6.32927,1.64605e-26
-0.743947,6.79268,1.9401e-26
-0.743947,7.2561,2.93361e-26
-0.743947,7.71951,3.84548e-26
-0.743947,8.18293,4.377e-26
-0.743947,8.64634,4.50503e-26
-0.743947,9.10976,4.31957e-26
-0.743947,9.57317,3.93401e-26
-0.743947,10.0366,3.44887e-26
-0.743947,10.5,2.93395e-26
-0.743947,10.9634,2.43657e-26
-0.743947,11.4268,1.98304e-26
-0.743947,11.8902,1.5852e-26
-0.743947,12.3537,1.24558e-26
-0.743947,12.8171,9.6184e-27
-0.743947,13.2805,7.29371e-27
-0.743947,13.7439,5.42377e-27
-0.743947,14.2073,3.94332e-27
-0.743947,14.6707,2.7897e-27
-0.743947,15.1341,1.90854e-27
-0.743947,15.5976,1.24996e-27
-0.743947,16.061,7.71143e-28
-0.743947,16.5244,4.36087e-28
-0.743947,16.9878,2.14816e-28
-0.743947,17.4512,8.2604e-29
-0.743947,17.9146,1.92682e-29
-0.743947,18.378,8.44672e-30
-0.743947,18.8415,3.70118e-29
-0.743947,19.3049,9.44789e-29
-0.743947,19.7683,1.72505e-28
-0.719561,1.23171,1.76899e-26
-0.719561,1.69512,4.31399e-26
-0.719561,2.15854,2.97378e-25
-0.719561,2.62195,5.01447e-27
-0.719561,3.08537,3.88016e-25
-0.719561,3.54878,4.68284e-26
-0.719561,4.0122,5.51007e-26
-0.719561,4.47561,1.62338e-25
-0.719561,4.93902,1.36752e-25
-0.719561,5.40244,6.75867e-26
-0.719561,5.86585,2.46615e-26
-0.719561,6.32927,1.43252e-26
-0.719561,6.79268,2.13259e-26
-0.719561,7.2561,3.23597e-26
-0.719561,7.71951,4.07429e-26
-0.719561,8.18293,4.46091e-26
-0.719561,8.64634,4.44267e-26
-0.719561,9.10976,4.14278e-26
-0.719561,9.57317,3.68277e-26
-0.719561,10.0366,3.15829e-26
-0.719561,10.5,2.63101e-26
-0.719561,10.9634,2.14073e-26
-0.719561,11.4268,1.70653e-26
-0.719561,11.8902,1.33491e-26
-0.719561,12.3537,1.02482e-26
-0.719561,12.8171,7.71391e-27
-0.719561,13.2805,5.68243e-27
-0.719561,13.7439,4.08458e-27
-0.719561,14.2073,2.85042e-27
-0.719561,14.6707,1.916e-27
-0.719561,15.1341,1.22609e-27
-0.719561,15.5976,7.32474e-28
-0.719561,16.061,3.94629e-28
-0.719561,16.5244,1.79053e-28
-0.719561,16.9878,5.82914e-29
-0.719561,17.4512,1.0027e-29
-0.719561,17.9146,1.63058e-29
-0.719561,18.378,6.28106e-29
-0.719561,18.8415,1.38198e-28
-0.719561,19.3049,2.33531e-28
-0.719561,19.7683,3.4182e-28
-0.695175,1.23171,1.04536e-24
-0.695175,1.69512,5.29578e-25
-0.695175,2.15854,6.0837e-25
-0.695175,2.62195,3.92745e-26
-0.695175,3.08537,3.64612e-25
-0.695175,3.54878,4.83547e-27
-0.695175,4.0122,1.14328e-25
-0.695175,4.47561,1.8928e-25
-0.695175,4.93902,1.26218e-25
-0.695175,5.40244,5.11991e-26
-0.695175,5.86585,1.64702e-26
-0.695175,6.32927,1.40823e-26
-0.695175,6.79268,2.48331e-26
-0.695175,7.2561,3.62328e-26
-0.695175,7.71951,4.3295e-26
-0.695175,8.18293,4.53831e-26
-0.695175,8.64634,4.36139e-26
-0.695175,9.10976,3.94702e-26
-0.695175,9.57317,3.41831e-26
-0.695175,10.0366,2.86205e-26
-0.695175,10.5,2.32977e-26
-0.695175,10.9634,1.85268e-26
-0.695175,11.4268,1.44237e-26
-0.695175,11.8902,1.10012e-26
-0.695175,12.3537,8.21437e-27
-0.695175,12.8171,5.99164e-27
-0.695175,13.2805,4.2541e-27
-0.695175,13.7439,2.92391e-27
-0.695175,14.2073,1.9281e-27
-0.695175,14.6707,1.20254e-27
-0.695175,15.1341,6.92555e-28
-0.695175,15.5976,3.52288e-28
-0.695175,16.061,1.43943e-28
-0.695175,16.5244,3.68063e-29
-0.695175,16.9878,6.10698e-30
-0.695175,17.4512,3.20425e-29
-0.695175,17.9146,9.89381e-29
-0.695175,18.378,1.94502e-28
-0.695175,18.8415,3.09139e-28
-0.695175,19.3049,4.35438e-28
-0.695175,19.7683,5.67729e-28
-0.670789,1.23171,1.71586e-24
-0.670789,1.69512,1.0335e-24
-0.670789,2.15854,7.37277e-25
-0.670789,2.62195,1.95751e-25
-0.670789,3.08537,2.72564e-25
-0.670789,3.54878,7.47674e-27
-0.670789,4.0122,1.7797e-25
-0.670789,4.47561,1.9784e-25
-0.670789,4.93902,1.05071e-25
-0.670789,5.40244,3.3574e-26
-0.670789,5.86585,1.06223e-26
-0.670789,6.32927,1.61457e-26
-0.670789,6.79268,2.9542e-26
-0.670789,7.2561,4.03246e-26
-0.670789,7.71951,4.54969e-26
-0.670789,8.18293,4.55896e-26
-0.670789,8.64634,4.22353e-26
-0.670789,9.10976,3.70544e-26
-0.670789,9.57317,3.12202e-26
-0.670789,10.0366,2.54754e-26
-0.670789,10.5,2.02182e-26
-0.670789,10.9634,1.56684e-26
-0.670789,11.4268,1.18691e-26
-0.670789,11.8902,8.78423e-27
-0.670789,12.3537,6.33846e-27
-0.670789,12.8171,4.44103e-27
-0.670789,13.2805,3.0017e-27
-0.670789,13.7439,1.93705e-27
-0.670789,14.2073,1.17319e-27
-0.670789,14.6707,6.47194e-28
-0.670789,15.1341,3.06561e-28
-0.670789,15.5976,1.08523e-28
-0.670789,16.061,1.85387e-29
-0.670789,16.5244,9.01596e-30
-0.670789,16.9878,5.80821e-29
-0.670789,17.4512,1.48575e-28
-0.670789,17.9146,2.67149e-28
-0.670789,18.378,4.03511e-28
-0.670789,18.8415,5.49828e-28
-0.670789,19.3049,7.00194e-28
-0.670789,19.7683,8.50226e-28
-0.646403,1.23171,6.70278e-25
-0.646403,1.69512,9.57415e-25
-0.646403,2.15854,5.82861e-25
-0.646403,2.62195,3.93753e-25
-0.646403,3.08537,1.48932e-25
-0.646403,3.54878,5.59929e-26
-0.646403,4.0122,2.30308e-25
-0.646403,4.47561,1.85701e-25
-0.646403,4.93902,7.69387e-26
-0.646403,5.40244,1.78794e-26
-0.646403,5.86585,8.65033e-27
-0.646403,6.32927,2.0998e-26
-0.646403,6.79268,3.5519e-26
-0.646403,7.2561,4.46233e-26
-0.646403,7.71951,4.73769e-26
-0.646403,8.18293,4.5316e-26
-0.646403,8.64634,4.04205e-26
-0.646403,9.10976,3.43244e-26
-0.646403,9.57317,2.8077e-26
-0.646403,10.0366,2.22714e-26
-0.646403,10.5,1.71802e-26
-0.646403,10.9634,1.29241e-26
-0.646403,11.4268,9.47718e-27
-0.646403,11.8902,6.75929e-27
-0.646403,12.3537,4.66867e-27
-0.646403,12.8171,3.09946e-27
-0.646403,13.2805,1.95365e-27
-0.646403,13.7439,1.14517e-27
-0.646403,14.2073,6.01024e-28
-0.646403,14.6707,2.60838e-28
-0.646403,15.1341,7.54827e-29
-0.646403,15.5976,5.86386e-30
-0.646403,16.061,2.10346e-29
-0.646403,16.5244,9.67128e-29
-0.646403,16.9878,2.14041e-28
-0.646403,17.4512,3.58534e-28
-0.646403,17.9146,5.19146e-28
-0.646403,18.378,6.87503e-28
-0.646403,18.8415,8.5754e-28
-0.646403,19.3049,1.0248e-27
-0.646403,19.7683,1.18614e-27
-0.622017,1.23171,2.61953e-26
-0.622017,1.69512,3.8826e-25
-0.622017,2.15854,2.62871e-25
-0.622017,2.62195,5.27769e-25
-0.622017,3.08537,4.40042e-26
-0.622017,3.54878,1.36315e-25
-0.622017,4.0122,2.57875e-25
-0.622017,4.47561,1.55234e-25
-0.622017,4.93902,4.73776e-26
-0.622017,5.40244,7.59468e-27
-0.622017,5.86585,1.19609e-26
-0.622017,6.32927,2.89913e-26
-0.622017,6.79268,4.28002e-26
-0.622017,7.2561,4.91573e-26
-0.622017,7.71951,4.90281e-26
-0.622017,8.18293,4.47192e-26
-0.622017,8.64634,3.83636e-26
-0.622017,9.10976,3.14665e-26
-0.622017,9.57317,2.49039e-26
-0.622017,10.0366,1.91274e-26
-0.622017,10.5,1.42842e-26
-0.622017,10.9634,1.03757e-26
-0.622017,11.4268,7.31332e-27
-0.622017,11.8902,4.97745e-27
-0.622017,12.3537,3.24365e-27
-0.622017,12.8171,1.99525e-27
-0.622017,13.2805,1.12993e-27
-0.622017,13.7439,5.61633e-28
-0.622017,14.2073,2.19896e-28
-0.622017,14.6707,4.80425e-29
-0.622017,15.1341,1.16321e-30
-0.622017,15.5976,4.41443e-29
-0.622017,16.061,1.49758e-28
-0.622017,16.5244,2.97046e-28
-0.622017,16.9878,4.70182e-28
-0.622017,17.4512,6.57316e-28
-0.622017,17.9146,8.49659e-28
-0.622017,18.378,1.04076e-27
-0.622017,18.8415,1.22622e-27
-0.622017,19.3049,1.40295e-27
-0.622017,19.7683,1.56895e-27
-0.597631,1.23171,1.09628e-24
-0.597631,1.69512,4.32383e-27
-0.597631,2.15854,2.45946e-26
-0.597631,2.62195,5.26459e-25
-0.597631,3.08537,2.03627e-28
-0.597631,3.54878,2.25503e-25
-0.597631,4.0122,2.54928e-25
-0.597631,4.47561,1.13268e-25
-0.597631,4.93902,2.19947e-26
-0.597631,5.40244,4.56908e-27
-0.597631,5.86585,2.01567e-26
-0.597631,6.32927,3.89938e-26
-0.597631,6.79268,5.02488e-26
-0.597631,7.2561,5.30126e-26
-0.597631,7.71951,4.97857e-26
-0.597631,8.18293,4.33288e-26
-0.597631,8.64634,3.5728e-26
-0.597631,9.10976,2.82595e-26
-0.597631,9.57317,2.15835e-26
-0.597631,10.0366,1.59905e-26
-0.597631,10.5,1.14995e-26
-0.597631,10.9634,8.00544e-27
-0.597631,11.4268,5.36563e-27
-0.597631,11.8902,3.42916e-27
-0.597631,12.3537,2.05541e-27
-0.597631,12.8171,1.12158e-27
-0.597631,13.2805,5.24795e-28
-0.597631,13.7439,1.81622e-28
-0.597631,14.2073,2.5874e-29
-0.597631,14.6707,5.68937e-30
-0.597631,15.1341,8.09453e-29
-0.597631,15.5976,2.2097e-28
-0.597631,16.061,4.02446e-28
-0.597631,16.5244,6.0782e-28
-0.597631,16.9878,8.24423e-28
-0.597631,17.4512,1.04303e-27
-0.597631,17.9146,1.25707e-27
-0.597631,18.378,1.46197e-27
-0.597631,18.8415,1.65487e-27
-0.597631,19.3049,1.83399e-27
-0.597631,19.7683,1.99838e-27
-0.573245,1.23171,1.72062e-24
-0.573245,1.69512,2.63913e-25
-0.573245,2.15854,5.37344e-26
-0.573245,2.62195,3.8979e-25
-0.573245,3.08537,3.65652e-26
-0.573245,3.54878,2.96454e-25
-0.573245,4.0122,2.21758e-25
-0.573245,4.47561,6.84953e-26
-0.573245,4.93902,5.88929e-27
-0.573245,5.40244,1.01133e-26
-0.573245,5.86585,3.28785e-26
-0.573245,6.32927,5.03136e-26
-0.573245,6.79268,5.73363e-26
-0.573245,7.2561,5.59037e-26
-0.573245,7.71951,4.95538e-26
-0.573245,8.18293,4.11647e-26
-0.573245,8.64634,3.25919e-26
-0.573245,9.10976,2.48032e-26
-0.573245,9.57317,1.82155e-26
-0.573245,10.0366,1.29493e-26
-0.573245,10.5,8.89963e-27
-0.573245,10.9634,5.87169e-27
-0.573245,11.4268,3.67887e-27
-0.573245,11.8902,2.14756e-27
-0.573245,12.3537,1.12758e-27
-0.573245,12.8171,4.94644e-28
-0.573245,13.2805,1.48656e-28
-0.573245,13.7439,1.1171e-29
-0.573245,14.2073,2.16802e-29
-0.573245,14.6707,1.33969e-28
-0.573245,15.1341,3.13182e-28
-0.573245,15.5976,5.33395e-28
-0.573245,16.061,7.75226e-28
-0.573245,16.5244,1.02452e-27
-0.573245,16.9878,1.27185e-27
-0.573245,17.4512,1.51057e-27
-0.573245,17.9146,1.73621e-27
-0.573245,18.378,1.94598e-27
-0.573245,18.8415,2.13847e-27
-0.573245,19.3049,2.31306e-27
-0.573245,19.7683,2.46975e-27
-0.548859,1.23171,6.38457e-25
-0.548859,1.69512,8.6194e-25
-0.548859,2.15854,3.30812e-25
-0.548859,2.62195,1.90397e-25
-0.548859,3.08537,1.40076e-25
-0.548859,3.54878,3.27778e-25
-0.548859,4.0122,1.66244e-25
-0.548859,4.47561,2.99467e-26
-0.548859,4.93902,2.04659e-27
-0.548859,5.40244,2.36503e-26
-0.548859,5.86585,4.86041e-26
-0.548859,6.32927,6.1633e-26
-0.548859,6.79268,6.3199e-26
-0.548859,7.2561,5.73538e-26
-0.548859,7.71951,4.81138e-26
-0.548859,8.18293,3.81583e-26
-0.548859,8.64634,2.89636e-26
-0.548859,9.10976,2.11409e-26
-0.548859,9.57317,1.48546e-26
-0.548859,10.0366,1.0056e-26
-0.548859,10.5,6.52841e-27
-0.548859,10.9634,4.00864e-27
-0.548859,11.4268,2.27835e-27
-0.548859,11.8902,1.15043e-27
-0.548859,12.3537,4.7189e-28
-0.548859,12.8171,1.21493e-28
-0.548859,13.2805,5.14266e-30
-0.548859,13.7439,5.13872e-29
-0.548859,14.2073,2.06599e-28
-0.548859,14.6707,4.30818e-28
-0.548859,15.1341,6.9491e-28
-0.548859,15.5976,9.77891e-28
-0.548859,16.061,1.26423e-27
-0.548859,16.5244,1.54312e-27
-0.548859,16.9878,1.80846e-27
-0.548859,17.4512,2.05602e-27
-0.548859,17.9146,2.28337e-27
-0.548859,18.378,2.48934e-27
-0.548859,18.8415,2.67381e-27
-0.548859,19.3049,2.83722e-27
-0.548859,19.7683,2.9804e-27
-0.524473,1.23171,3.4762e-26
-0.524473,1.69512,1.08974e-24
-0.524473,2.15854,6.4349e-25
-0.524473,2.62195,3.51088e-26
-0.524473,3.08537,2.70986e-25
-0.524473,3.54878,3.10345e-25
-0.524473,4.0122,1.02323e-25
-0.524473,4.47561,5.87893e-27
-0.524473,4.93902,1.16357e-26
-0.524473,5.40244,4.35839e-26
-0.524473,5.86585,6.5605e-26
-0.524473,6.32927,7.18877e-26
-0.524473,6.79268,6.72709e-26
-0.524473,7.2561,5.71202e-26
-0.524473,7.71951,4.53929e-26
-0.524473,8.18293,3.43147e-26
-0.524473,8.64634,2.48775e-26
-0.524473,9.10976,1.73331e-26
-0.524473,9.57317,1.15803e-26
-0.524473,10.0366,7.38532e-27
-0.524473,10.5,4.44196e-27
-0.524473,10.9634,2.45667e-27
-0.524473,11.4268,1.19187e-27
-0.524473,11.8902,4.56114e-28
-0.524473,12.3537,9.98319e-29
-0.524473,12.8171,8.85497e-30
-0.524473,13.2805,9.76977e-29
-0.524473,13.7439,3.0339e-28
-0.524473,14.2073,5.80062e-28
-0.524473,14.6707,8.9459e-28
-0.524473,15.1341,1.22387e-27
-0.524473,15.5976,1.55193e-27
-0.524473,16.061,1.86732e-27
-0.524473,16.5244,2.16274e-27
-0.524473,16.9878,2.43497e-27
-0.524473,17.4512,2.68201e-27
-0.524473,17.9146,2.90302e-27
-0.524473,18.378,3.09796e-27
-0.524473,18.8415,3.26825e-27
-0.524473,19.3049,3.41525e-27
-0.524473,19.7683,3.54052e-27
-0.500087,1.23171,1.12447e-24
-0.500087,1.69512,6.7733e-25
-0.500087,2.15854,7.52357e-25
-0.500087,2.62195,7.80925e-27
-0.500087,3.08537,3.77766e-25
-0.500087,3.54878,2.48119e-25
-0.500087,4.0122,4.46863e-26
-0.500087,4.47561,1.17565e-27
-0.500087,4.93902,3.34059e-26
-0.500087,5.40244,6.73329e-26
-0.500087,5.86585,8.18027e-26
-0.500087,6.32927,7.97335e-26
-0.500087,6.79268,6.88699e-26
-0.500087,7.2561,5.49596e-26
-0.500087,7.71951,4.14064e-26
-0.500087,8.18293,2.97787e-26
-0.500087,8.64634,2.05276e-26
-0.500087,9.10976,1.35472e-26
-0.500087,9.57317,8.49966e-27
-0.500087,10.0366,5.0042e-27
-0.500087,10.5,2.69284e-27
-0.500087,10.9634,1.25538e-27
-0.500087,11.4268,4.48304e-28
-0.500087,11.8902,8.47069e-29
-0.500087,12.3537,2.43715e-29
-0.500087,12.8171,1.64091e-28
-0.500087,13.2805,4.29302e-28
-0.500087,13.7439,7.66826e-28
-0.500087,14.2073,1.13932e-27
-0.500087,14.6707,1.52096e-27
-0.500087,15.1341,1.89468e-27
-0.500087,15.5976,2.24944e-27
-0.500087,16.061,2.57788e-27
-0.500087,16.5244,2.87603e-27
-0.500087,16.9878,3.14316e-27
-0.500087,17.4512,3.3793e-27
-0.500087,17.9146,3.58491e-27
-0.500087,18.378,3.76076e-27
-0.500087,18.8415,3.90991e-27
-0.500087,19.3049,4.03447e-27
-0.500087,19.7683,4.13659e-27
-0.475701,1.23171,1.7045e-24
-0.475701,1.69512,1.14278e-25
-0.475701,2.15854,5.72388e-25
-0.475701,2.62195,1.24316e-25
-0.475701,3.08537,4.18163e-25
-0.475701,3.54878,1.60235e-25
-0.475701,4.0122,8.00591e-27
-0.475701,4.47561,1.73001e-26
-0.475701,4.93902,6.3851e-26
-0.475701,5.40244,9.1348e-26
-0.475701,5.86585,9.48668e-26
-0.475701,6.32927,8.39313e-26
-0.475701,6.79268,6.74669e-26
-0.475701,7.2561,5.07325e-26
-0.475701,7.71951,3.61997e-26
-0.475701,8.18293,2.46651e-26
-0.475701,8.64634,1.60402e-26
-0.475701,9.10976,9.8962e-27
-0.475701,9.57317,5.70481e-27
-0.475701,10.0366,2.98431e-27
-0.475701,10.5,1.33423e-27
-0.475701,10.9634,4.42901e-28
-0.475701,11.4268,7.39583e-29
-0.475701,11.8902,5.35929e-29
-0.475701,12.3537,2.56307e-28
-0.475701,12.8171,5.93227e-28
-0.475701,13.2805,1.00259e-27
-0.475701,13.7439,1.44199e-27
-0.475701,14.2073,1.88312e-27
-0.475701,14.6707,2.30773e-27
-0.475701,15.1341,2.70458e-27
-0.475701,15.5976,3.06738e-27
-0.475701,16.061,3.39279e-27
-0.475701,16.5244,3.67996e-27
-0.475701,16.9878,3.93018e-27
-0.475701,17.4512,4.14523e-27
-0.475701,17.9146,4.32657e-27
-0.475701,18.378,4.47545e-27
-0.475701,18.8415,4.59667e-27
-0.475701,19.3049,4.69292e-27
-0.475701,19.7683,4.76682e-27
-0.451315,1.23171,6.04549e-25
-0.451315,1.69512,6.63104e-26
-0.451315,2.15854,2.42532e-25
-0.451315,2.62195,3.22557e-25
-0.451315,3.08537,3.73455e-25
-0.451315,3.54878,7.19838e-26
-0.451315,4.0122,1.71044e-27
-0.451315,4.47561,5.24386e-26
-0.451315,4.93902,9.93332e-26
-0.451315,5.40244,1.13397e-25
-0.451315,5.86585,1.04051e-25
-0.451315,6.32927,8.46169e-26
-0.451315,6.79268,6.35891e-26
-0.451315,7.2561,4.50604e-26
-0.451315,7.71951,3.03461e-26
-0.451315,8.18293,1.94458e-26
-0.451315,8.64634,1.17785e-26
-0.451315,9.10976,6.64665e-27
-0.451315,9.57317,3.38538e-27
-0.451315,10.0366,1.45628e-27
-0.451315,10.5,4.52065e-28
-0.451315,10.9634,7.24306e-29
-0.451315,11.4268,9.85389e-29
-0.451315,11.8902,3.75849e-28
-0.451315,12.3537,7.97217e-28
-0.451315,12.8171,1.29006e-27
-0.451315,13.2805,1.80625e-27
-0.451315,13.7439,2.31437e-27
-0.451315,14.2073,2.79515e-27
-0.451315,14.6707,3.2378e-27
-0.451315,15.1341,3.63634e-27
-0.451315,15.5976,3.98879e-27
-0.451315,16.061,4.29569e-27
-0.451315,16.5244,4.55899e-27
-0.451315,16.9878,4.78136e-27
-0.451315,17.4512,4.96602e-27
-0.451315,17.9146,5.11511e-27
-0.451315,18.378,5.23002e-27
-0.451315,18.8415,5.31733e-27
-0.451315,19.3049,5.3802e-27
-0.451315,19.7683,5.42156e-27
-0.426929,1.23171,4.34891e-26
-0.426929,1.69512,5.97795e-25
-0.426929,2.15854,1.68423e-26
-0.426929,2.62195,4.97047e-25
-0.426929,3.08537,2.63858e-25
-0.426929,3.54878,1.34011e-26
-0.426929,4.0122,2.85909e-26
-0.426929,4.47561,9.90335e-26
-0.426929,4.93902,1.32582e-25
-0.426929,5.40244,1.28762e-25
-0.426929,5.86585,1.06669e-25
-0.426929,6.32927,8.03291e-26
-0.426929,6.79268,5.6542e-26
-0.426929,7.2561,3.7661e-26
-0.426929,7.71951,2.37757e-26
-0.426929,8.18293,1.41376e-26
-0.426929,8.64634,7.78478e-27
-0.426929,9.10976,3.83736e-27
-0.426929,9.57317,1.57222e-27
-0.426929,10.0366,4.46983e-28
-0.426929,10.5,7.03515e-29
-0.426929,10.9634,1.6636e-28
-0.426929,11.4268,5.43899e-28
-0.426929,11.8902,1.07353e-27
-0.426929,12.3537,1.66983e-27
-0.426929,12.8171,2.27842e-27
-0.426929,13.2805,2.86565e-27
-0.426929,13.7439,3.41102e-27
-0.426929,14.2073,3.90413e-27
-0.426929,14.6707,4.34145e-27
-0.426929,15.1341,4.7216e-27
-0.426929,15.5976,5.04653e-27
-0.426929,16.061,5.31968e-27
-0.426929,16.5244,5.54521e-27
-0.426929,16.9878,5.72751e-27
-0.426929,17.4512,5.87106e-27
-0.426929,17.9146,5.97871e-27
-0.426929,18.378,6.05229e-27
-0.426929,18.8415,6.09931e-27
-0.426929,19.3049,6.12326e-27
-0.426929,19.7683,6.12726e-27
-0.402543,1.23171,1.16059e-24
-0.402543,1.69512,1.08458e-24
-0.402543,2.15854,6.89284e-26
-0.402543,2.62195,5.5591e-25
-0.402543,3.08537,1.33273e-25
-0.402543,3.54878,2.05293e-27
-0.402543,4.0122,8.08395e-26
-0.402543,4.47561,1.46191e-25
-0.402543,4.93902,1.56461e-25
-0.402543,5.40244,1.33927e-25
-0.402543,5.86585,1.01459e-25
-0.402543,6.32927,7.09753e-26
-0.402543,6.79268,4.66484e-26
-0.402543,7.2561,2.89404e-26
-0.402543,7.71951,1.68367e-26
-0.402543,8.18293,9.0135e-27
-0.402543,8.64634,4.26713e-27
-0.402543,9.10976,1.63751e-27
-0.402543,9.57317,4.0797e-28
-0.402543,10.0366,7.12523e-29
-0.402543,10.5,2.78015e-28
-0.402543,10.9634,7.93487e-28
-0.402543,11.4268,1.46298e-27
-0.402543,11.8902,2.18689e-27
-0.402543,12.3537,2.90435e-27
-0.402543,12.8171,3.58053e-27
-0.402543,13.2805,4.19652e-27
-0.402543,13.7439,4.74223e-27
-0.402543,14.2073,5.21576e-27
-0.402543,14.6707,5.62053e-27
-0.402543,15.1341,5.95892e-27
-0.402543,15.5976,6.23629e-27
-0.402543,16.061,6.45842e-27
-0.402543,16.5244,6.63125e-27
-0.402543,16.9878,6.76066e-27
-0.402543,17.4512,6.85208e-27
-0.402543,17.9146,6.90881e-27
-0.402543,18.378,6.93294e-27
-0.402543,18.8415,6.9327e-27
-0.402543,19.3049,6.9117e-27
-0.402543,19.7683,6.87313e-27
-0.378157,1.23171,1.73378e-24
-0.378157,1.69512,9.54984e-25
-0.378157,2.15854,3.65361e-25
-0.378157,2.62195,4.66449e-25
-0.378157,3.08537,3.17726e-26
-0.378157,3.54878,4.10655e-26
-0.378157,4.0122,1.46417e-25
-0.378157,4.47561,1.85693e-25
-0.378157,4.93902,1.68238e-25
-0.378157,5.40244,1.2928e-25
-0.378157,5.86585,9.00038e-26
-0.378157,6.32927,5.83252e-26
-0.378157,6.79268,3.5449e-26
-0.378157,7.2561,2.01035e-26
-0.378157,7.71951,1.04185e-26
-0.378157,8.18293,4.70779e-27
-0.378157,8.64634,1.66712e-27
-0.378157,9.10976,3.48138e-28
-0.378157,9.57317,9.21007e-29
-0.378157,10.0366,4.5661e-28
-0.378157,10.5,1.15278e-27
-0.378157,10.9634,1.99722e-27
-0.378157,11.4268,2.87563e-27
-0.378157,11.8902,3.7198e-27
-0.378157,12.3537,4.49409e-27
-0.378157,12.8171,5.18302e-27
-0.378157,13.2805,5.78144e-27
-0.378157,13.7439,6.28831e-27
-0.378157,14.2073,6.70929e-27
-0.378157,14.6707,7.05408e-27
-0.378157,15.1341,7.32764e-27
-0.378157,15.5976,7.53805e-27
-0.378157,16.061,7.69274e-27
-0.378157,16.5244,7.79895e-27
-0.378157,16.9878,7.86373e-27
-0.378157,17.4512,7.89308e-27
-0.378157,17.9146,7.89049e-27
-0.378157,18.378,7.85806e-27
-0.378157,18.8415,7.8045e-27
-0.378157,19.3049,7.7334e-27
-0.378157,19.7683,7.64786e-27
-0.353771,1.23171,6.14942e-25
-0.353771,1.69512,3.59805e-25
-0.353771,2.15854,6.84826e-25
-0.353771,2.62195,2.74971e-25
-0.353771,3.08537,9.64246e-28
-0.353771,3.54878,1.20553e-25
-0.353771,4.0122,2.10777e-25
-0.353771,4.47561,2.10541e-25
-0.353771,4.93902,1.66498e-25
-0.353771,5.40244,1.15868e-25
-0.353771,5.86585,7.40107e-26
-0.353771,6.32927,4.39878e-26
-0.353771,6.79268,2.42206e-26
-0.353771,7.2561,1.20835e-26
-0.353771,7.71951,5.17187e-27
-0.353771,8.18293,1.65987e-27
-0.353771,8.64634,2.73411e-28
-0.353771,9.10976,1.52198e-28
-0.353771,9.57317,7.34079e-28
-0.353771,10.0366,1.66324e-27
-0.353771,10.5,2.72293e-27
-0.353771,10.9634,3.78519e-27
-0.353771,11.4268,4.77631e-27
-0.353771,11.8902,5.65855e-27
-0.353771,12.3537,6.42069e-27
-0.353771,12.8171,7.06523e-27
-0.353771,13.2805,7.59899e-27
-0.353771,13.7439,8.02798e-27
-0.353771,14.2073,8.36418e-27
-0.353771,14.6707,8.62265e-27
-0.353771,15.1341,8.80955e-27
-0.353771,15.5976,8.93487e-27
-0.353771,16.061,9.00701e-27
-0.353771,16.5244,9.03393e-27
-0.353771,16.9878,9.02351e-27
-0.353771,17.4512,8.98195e-27
-0.353771,17.9146,8.91266e-27
-0.353771,18.378,8.8175e-27
-0.353771,18.8415,8.70545e-27
-0.353771,19.3049,8.5799e-27
-0.353771,19.7683,8.44374e-27
-0.329385,1.23171,4.51011e-26
-0.329385,1.69512,8.6018e-28
-0.329385,2.15854,7.87937e-25
-0.329385,2.62195,8.55226e-26
-0.329385,3.08537,5.59425e-26
-0.329385,3.54878,2.17449e-25
-0.329385,4.0122,2.5801e-25
-0.329385,4.47561,2.1485e-25
-0.329385,4.93902,1.50651e-25
-0.329385,5.40244,9.49898e-26
-0.329385,5.86585,5.50902e-26
-0.329385,6.32927,2.93305e-26
-0.329385,6.79268,1.39745e-26
-0.329385,7.2561,5.58059e-27
-0.329385,7.71951,1.5678e-27
-0.329385,8.18293,1.83709e-28
-0.329385,8.64634,2.95325e-28
-0.329385,9.10976,1.18855e-27
-0.329385,9.57317,2.42657e-27
-0.329385,10.0366,3.75579e-27
-0.329385,10.5,5.03573e-27
-0.329385,10.9634,6.1941e-27
-0.329385,11.4268,7.19664e-27
-0.329385,11.8902,8.0343e-27
-0.329385,12.3537,8.71695e-27
-0.329385,12.8171,9.26177e-27
-0.329385,13.2805,9.685e-27
-0.329385,13.7439,9.99846e-27
-0.329385,14.2073,1.02189e-26
-0.329385,14.6707,1.03656e-26
-0.329385,15.1341,1.04447e-26
-0.329385,15.5976,1.04673e-26
-0.329385,16.061,1.04413e-26
-0.329385,16.5244,1.03747e-26
-0.329385,16.9878,1.02769e-26
-0.329385,17.4512,1.01539e-26
-0.329385,17.9146,1.00083e-26
-0.329385,18.378,9.84074e-27
-0.329385,18.8415,9.66163e-27
-0.329385,19.3049,9.47404e-27
-0.329385,19.7683,9.28048e-27
-0.304999,1.23171,1.20288e-24
-0.304999,1.69512,3.12277e-25
-0.304999,2.15854,5.96189e-25
-0.304999,2.62195,3.86087e-28
-0.304999,3.08537,1.77012e-25
-0.304999,3.54878,3.02351e-25
-0.304999,4.0122,2.75738e-25
-0.304999,4.47561,1.96985e-25
-0.304999,4.93902,1.22886e-25
-0.304999,5.40244,6.94143e-26
-0.304999,5.86585,3.55547e-26
-0.304999,6.32927,1.60381e-26
-0.304999,6.79268,5.86586e-27
-0.304999,7.2561,1.36526e-27
-0.304999,7.71951,1.12839e-28
-0.304999,8.18293,6.03724e-28
-0.304999,8.64634,1.93313e-27
-0.304999,9.10976,3.57463e-27
-0.304999,9.57317,5.23418e-27
-0.304999,10.0366,6.76508e-27
-0.304999,10.5,8.09964e-27
-0.304999,10.9634,9.21815e-27
-0.304999,11.4268,1.01218e-26
-0.304999,11.8902,1.08262e-26
-0.304999,12.3537,1.13576e-26
-0.304999,12.8171,1.17444e-26
-0.304999,13.2805,1.20095e-26
-0.304999,13.7439,1.21686e-26
-0.304999,14.2073,1.22417e-26
-0.304999,14.6707,1.22509e-26
-0.304999,15.1341,1.22011e-26
-0.304999,15.5976,1.21036e-26
-0.304999,16.061,1.19644e-26
-0.304999,16.5244,1.17913e-26
-0.304999,16.9878,1.15952e-26
-0.304999,17.4512,1.13817e-26
-0.304999,17.9146,1.11518e-26
-0.304999,18.378,1.09046e-26
-0.304999,18.8415,1.06522e-26
-0.304999,19.3049,1.03973e-26
-0.304999,19.7683,1.01418e-26
-0.280613,1.23171,1.83054e-24
-0.280613,1.69512,9.54707e-25
-0.280613,2.15854,2.51921e-25
-0.280613,2.62195,6.8571e-26
-0.280613,3.08537,3.20698e-25
-0.280613,3.54878,3.51923e-25
-0.280613,4.0122,2.61217e-25
-0.280613,4.47561,1.61708e-25
-0.280613,4.93902,8.88005e-26
-0.280613,5.40244,4.35633e-26
-0.280613,5.86585,1.84448e-26
-0.280613,6.32927,6.05682e-27
-0.280613,6.79268,1.08079e-27
-0.280613,7.2561,1.28062e-28
-0.280613,7.71951,1.18447e-27
-0.280613,8.18293,3.1024e-27
-0.280613,8.64634,5.25049e-27
-0.280613,9.10976,7.30501e-27
-0.280613,9.57317,9.11348e-27
-0.280613,10.0366,1.06277e-26
-0.280613,10.5,1.1842e-26
-0.280613,10.9634,1.27821e-26
-0.280613,11.4268,1.34779e-26
-0.280613,11.8902,1.39637e-26
-0.280613,12.3537,1.42765e-26
-0.280613,12.8171,1.44515e-26
-0.280613,13.2805,1.45154e-26
-0.280613,13.7439,1.44858e-26
-0.280613,14.2073,1.43841e-26
-0.280613,14.6707,1.42341e-26
-0.280613,15.1341,1.40378e-26
-0.280613,15.5976,1.38061e-26
-0.280613,16.061,1.35419e-26
-0.280613,16.5244,1.32522e-26
-0.280613,16.9878,1.29495e-26
-0.280613,17.4512,1.26387e-26
-0.280613,17.9146,1.2319e-26
-0.280613,18.378,1.19871e-26
-0.280613,18.8415,1.16575e-26
-0.280613,19.3049,1.13319e-26
-0.280613,19.7683,1.10118e-26
-0.256227,1.23171,6.85102e-25
-0.256227,1.69512,1.19429e-24
-0.256227,2.15854,1.65522e-26
-0.256227,2.62195,2.61678e-25
-0.256227,3.08537,4.34332e-25
-0.256227,3.54878,3.51876e-25
-0.256227,4.0122,2.17887e-25
-0.256227,4.47561,1.15942e-25
-0.256227,4.93902,5.41276e-26
-0.256227,5.40244,2.12892e-26
-0.256227,5.86585,6.11223e-27
-0.256227,6.32927,7.29329e-28
-0.256227,6.79268,3.35969e-28
-0.256227,7.2561,2.21449e-27
-0.256227,7.71951,4.9153e-27
-0.256227,8.18293,7.69339e-27
-0.256227,8.64634,1.01979e-26
-0.256227,9.10976,1.23009e-26
-0.256227,9.57317,1.39756e-26
-0.256227,10.0366,1.52544e-26
-0.256227,10.5,1.61776e-26
-0.256227,10.9634,1.68074e-26
-0.256227,11.4268,1.71942e-26
-0.256227,11.8902,1.73838e-26
-0.256227,12.3537,1.74179e-26
-0.256227,12.8171,1.7334e-26
-0.256227,13.2805,1.71596e-26
-0.256227,13.7439,1.69122e-26
-0.256227,14.2073,1.66128e-26
-0.256227,14.6707,1.62859e-26
-0.256227,15.1341,1.59291e-26
-0.256227,15.5976,1.55519e-26
-0.256227,16.061,1.51535e-26
-0.256227,16.5244,1.47393e-26
-0.256227,16.9878,1.4324e-26
-0.256227,17.4512,1.39109e-26
-0.256227,17.9146,1.34971e-26
-0.256227,18.378,1.30771e-26
-0.256227,18.8415,1.26673e-26
-0.256227,19.3049,1.22687e-26
-0.256227,19.7683,1.18821e-26
-0.231841,1.23171,3.27733e-26
-0.231841,1.69512,7.5667e-25
-0.231841,2.15854,7.52533e-26
-0.231841,2.62195,4.84707e-25
-0.231841,3.08537,4.73683e-25
-0.231841,3.54878,3.00497e-25
-0.231841,4.0122,1.54921e-25
-0.231841,4.47561,6.8115e-26
-0.231841,4.93902,2.44413e-26
-0.231841,5.40244,5.86919e-27
-0.231841,5.86585,3.48797e-28
-0.231841,6.32927,9.70334e-28
-0.231841,6.79268,4.0602e-27
-0.231841,7.2561,7.79735e-27
-0.231841,7.71951,1.13503e-26
-0.231841,8.18293,1.43658e-26
-0.231841,8.64634,1.67496e-26
-0.231841,9.10976,1.85397e-26
-0.231841,9.57317,1.98071e-26
-0.231841,10.0366,2.06443e-26
-0.231841,10.5,2.11254e-26
-0.231841,10.9634,2.13318e-26
-0.231841,11.4268,2.13215e-26
-0.231841,11.8902,2.11442e-26
-0.231841,12.3537,2.08445e-26
-0.231841,12.8171,2.04577e-26
-0.231841,13.2805,2.0009e-26
-0.231841,13.7439,1.95151e-26
-0.231841,14.2073,1.89941e-26
-0.231841,14.6707,1.84665e-26
-0.231841,15.1341,1.79293e-26
-0.231841,15.5976,1.73898e-26
-0.231841,16.061,1.68441e-26
-0.231841,16.5244,1.62959e-26
-0.231841,16.9878,1.57596e-26
-0.231841,17.4512,1.52374e-26
-0.231841,17.9146,1.47267e-26
-0.231841,18.378,1.42233e-26
-0.231841,18.8415,1.37379e-26
-0.231841,19.3049,1.32708e-26
-0.231841,19.7683,1.28218e-26
-0.207455,1.23171,1.21356e-24
-0.207455,1.69512,1.40218e-25
-0.207455,2.15854,3.97929e-25
-0.207455,2.62195,6.27225e-25
-0.207455,3.08537,4.24682e-25
-0.207455,3.54878,2.13575e-25
-0.207455,4.0122,8.77951e-26
-0.207455,4.47561,2.81454e-26
-0.207455,4.93902,5.2818e-27
-0.207455,5.40244,1.07881e-28
-0.207455,5.86585,2.42192e-27
-0.207455,6.32927,7.24593e-27
-0.207455,6.79268,1.23171e-26
-0.207455,7.2561,1.675e-26
-0.207455,7.71951,2.02816e-26
-0.207455,8.18293,2.28882e-26
-0.207455,8.64634,2.46777e-26
-0.207455,9.10976,2.58084e-26
-0.207455,9.57317,2.64138e-26
-0.207455,10.0366,2.66222e-26
-0.207455,10.5,2.65272e-26
-0.207455,10.9634,2.62111e-26
-0.207455,11.4268,2.57282e-26
-0.207455,11.8902,2.51252e-26
-0.207455,12.3537,2.44469e-26
-0.207455,12.8171,2.37222e-26
-0.207455,13.2805,2.29717e-26
-0.207455,13.7439,2.22099e-26
-0.207455,14.2073,2.14499e-26
-0.207455,14.6707,2.07056e-26
-0.207455,15.1341,1.99753e-26
-0.207455,15.5976,1.92632e-26
-0.207455,16.061,1.85623e-26
-0.207455,16.5244,1.78744e-26
-0.207455,16.9878,1.72128e-26
-0.207455,17.4512,1.65779e-26
-0.207455,17.9146,1.5969e-26
-0.207455,18.378,1.53849e-26
-0.207455,18.8415,1.48265e-26
-0.207455,19.3049,1.42933e-26
-0.207455,19.7683,1.37842e-26
-0.183069,1.23171,1.99469e-24
-0.183069,1.69512,5.87266e-26
-0.183069,2.15854,7.60473e-25
-0.183069,2.62195,6.17114e-25
-0.183069,3.08537,3.05261e-25
-0.183069,3.54878,1.16433e-25
-0.183069,4.0122,3.25494e-26
-0.183069,4.47561,4.27716e-27
-0.183069,4.93902,3.66691e-28
-0.183069,5.40244,5.40805e-27
-0.183069,5.86585,1.26419e-26
-0.183069,6.32927,1.93934e-26
-0.183069,6.79268,2.47552e-26
-0.183069,7.2561,2.86716e-26
-0.183069,7.71951,3.13205e-26
-0.183069,8.18293,3.29092e-26
-0.183069,8.64634,3.36748e-26
-0.183069,9.10976,3.38412e-26
-0.183069,9.57317,3.35676e-26
-0.183069,10.0366,3.29922e-26
-0.183069,10.5,3.22127e-26
-0.183069,10.9634,3.1296e-26
-0.183069,11.4268,3.0283e-26
-0.183069,11.8902,2.92111e-26
-0.183069,12.3537,2.8123e-26
-0.183069,12.8171,2.70368e-26
-0.183069,13.2805,2.59666e-26
-0.183069,13.7439,2.49238e-26
-0.183069,14.2073,2.39151e-26
-0.183069,14.6707,2.29461e-26
-0.183069,15.1341,2.20166e-26
-0.183069,15.5976,2.11276e-26
-0.183069,16.061,2.02687e-26
-0.183069,16.5244,1.94392e-26
-0.183069,16.9878,1.86511e-26
-0.183069,17.4512,1.79027e-26
-0.183069,17.9146,1.71958e-26
-0.183069,18.378,1.65328e-26
-0.183069,18.8415,1.59032e-26
-0.183069,19.3049,1.53054e-26
-0.183069,19.7683,1.47377e-26
-0.158683,1.23171,8.85386e-25
-0.158683,1.69512,6.28932e-25
-0.158683,2.15854,9.07123e-25
-0.158683,2.62195,4.59908e-25
-0.158683,3.08537,1.60408e-25
-0.158683,3.54878,3.78274e-26
-0.158683,4.0122,2.8296e-27
-0.158683,4.47561,1.91104e-27
-0.158683,4.93902,1.12417e-26
-0.158683,5.40244,2.17125e-26
-0.158683,5.86585,3.03773e-26
-0.158683,6.32927,3.66457e-26
-0.158683,6.79268,4.06348e-26
-0.158683,7.2561,4.29117e-26
-0.158683,7.71951,4.39174e-26
-0.158683,8.18293,4.39749e-26
-0.158683,8.64634,4.33697e-26
-0.158683,9.10976,4.23358e-26
-0.158683,9.57317,4.10217e-26
-0.158683,10.0366,3.95526e-26
-0.158683,10.5,3.80161e-26
-0.158683,10.9634,3.64497e-26
-0.158683,11.4268,3.48721e-26
-0.158683,11.8902,3.33071e-26
-0.158683,12.3537,3.17931e-26
-0.158683,12.8171,3.03343e-26
-0.158683,13.2805,2.89367e-26
-0.158683,13.7439,2.76083e-26
-0.158683,14.2073,2.63482e-26
-0.158683,14.6707,2.51519e-26
-0.158683,15.1341,2.40222e-26
-0.158683,15.5976,2.29561e-26
-0.158683,16.061,2.19397e-26
-0.158683,16.5244,2.09697e-26
-0.158683,16.9878,2.00563e-26
-0.158683,17.4512,1.9196e-26
-0.158683,17.9146,1.83933e-26
-0.158683,18.378,1.76547e-26
-0.158683,18.8415,1.69569e-26
-0.158683,19.3049,1.62973e-26
-0.158683,19.7683,1.56736e-26
-0.134297,1.23171,2.12364e-27
-0.134297,1.69512,1.24615e-24
-0.134297,2.15854,7.36813e-25
-0.134297,2.62195,2.34648e-25
-0.134297,3.08537,4.43872e-26
-0.134297,3.54878,1.14163e-27
-0.134297,4.0122,6.39121e-27
-0.134297,4.47561,2.23322e-26
-0.134297,4.93902,3.69098e-26
-0.134297,5.40244,4.74402e-26
-0.134297,5.86585,5.40524e-26
-0.134297,6.32927,5.7594e-26
-0.134297,6.79268,5.88002e-26
-0.134297,7.2561,5.85477e-26
-0.134297,7.71951,5.73503e-26
-0.134297,8.18293,5.55038e-26
-0.134297,8.64634,5.32712e-26
-0.134297,9.10976,5.08929e-26
-0.134297,9.57317,4.84794e-26
-0.134297,10.0366,4.60864e-26
-0.134297,10.5,4.37568e-26
-0.134297,10.9634,4.15196e-26
-0.134297,11.4268,3.9366e-26
-0.134297,11.8902,3.73026e-26
-0.134297,12.3537,3.53617e-26
-0.134297,12.8171,3.3542e-26
-0.134297,13.2805,3.18387e-26
-0.134297,13.7439,3.02448e-26
-0.134297,14.2073,2.87507e-26
-0.134297,14.6707,2.73384e-26
-0.134297,15.1341,2.60186e-26
-0.134297,15.5976,2.47849e-26
-0.134297,16.061,2.36204e-26
-0.134297,16.5244,2.25193e-26
-0.134297,16.9878,2.1489e-26
-0.134297,17.4512,2.05243e-26
-0.134297,17.9146,1.9631e-26
-0.134297,18.378,1.88186e-26
-0.134297,18.8415,1.80541e-26
-0.134297,19.3049,1.7334e-26
-0.134297,19.7683,1.66551e-26
-0.109911,1.23171,1.04015e-24
-0.109911,1.69512,1.2662e-24
-0.109911,2.15854,3.755e-25
-0.109911,2.62195,5.40526e-26
-0.109911,3.08537,6.07899e-29
-0.109911,3.54878,1.7213e-26
-0.109911,4.0122,4.29002e-26
-0.109911,4.47561,6.22614e-26
-0.109911,4.93902,7.39347e-26
-0.109911,5.40244,7.96825e-26
-0.109911,5.86585,8.13575e-26
-0.109911,6.32927,8.04444e-26
-0.109911,6.79268,7.78982e-26
-0.109911,7.2561,7.45585e-26
-0.109911,7.71951,7.08445e-26
-0.109911,8.18293,6.69007e-26
-0.109911,8.64634,6.29187e-26
-0.109911,9.10976,5.91546e-26
-0.109911,9.57317,5.56575e-26
-0.109911,10.0366,5.23656e-26
-0.109911,10.5,4.92515e-26
-0.109911,10.9634,4.63571e-26
-0.109911,11.4268,4.36433e-26
-0.109911,11.8902,4.1098e-26
-0.109911,12.3537,3.87469e-26
-0.109911,12.8171,3.65897e-26
-0.109911,13.2805,3.46092e-26
-0.109911,13.7439,3.27753e-26
-0.109911,14.2073,3.10687e-26
-0.109911,14.6707,2.94553e-26
-0.109911,15.1341,2.7959e-26
-0.109911,15.5976,2.65696e-26
-0.109911,16.061,2.52682e-26
-0.109911,16.5244,2.40464e-26
-0.109911,16.9878,2.29086e-26
-0.109911,17.4512,2.18476e-26
-0.109911,17.9146,2.08704e-26
-0.109911,18.378,1.99882e-26
-0.109911,18.8415,1.91604e-26
-0.109911,19.3049,1.83827e-26
-0.109911,19.7683,1.76513e-26
-0.0855255,1.23171,2.21495e-24
-0.0855255,1.69512,6.94691e-25
-0.0855255,2.15854,7.21013e-26
-0.0855255,2.62195,1.80875e-27
-0.0855255,3.08537,4.11282e-26
-0.0855255,3.54878,8.08327e-26
-0.0855255,4.0122,1.04096e-25
-0.0855255,4.47561,1.14666e-25
-0.0855255,4.93902,1.17057e-25
-0.0855255,5.40244,1.14626e-25
-0.0855255,5.86585,1.09557e-25
-0.0855255,6.32927,1.03245e-25
-0.0855255,6.79268,9.65178e-26
-0.0855255,7.2561,8.99083e-26
-0.0855255,7.71951,8.36245e-26
-0.0855255,8.18293,7.75859e-26
-0.0855255,8.64634,7.18848e-26
-0.0855255,9.10976,6.67942e-26
-0.0855255,9.57317,6.22889e-26
-0.0855255,10.0366,5.8167e-26
-0.0855255,10.5,5.43226e-26
-0.0855255,10.9634,5.08205e-26
-0.0855255,11.4268,4.75901e-26
-0.0855255,11.8902,4.46012e-26
-0.0855255,12.3537,4.18734e-26
-0.0855255,12.8171,3.94106e-26
-0.0855255,13.2805,3.71825e-26
-0.0855255,13.7439,3.51343e-26
-0.0855255,14.2073,3.32372e-26
-0.0855255,14.6707,3.14398e-26
-0.0855255,15.1341,2.9782e-26
-0.0855255,15.5976,2.82501e-26
-0.0855255,16.061,2.68237e-26
-0.0855255,16.5244,2.54921e-26
-0.0855255,16.9878,2.42562e-26
-0.0855255,17.4512,2.31073e-26
-0.0855255,17.9146,2.20536e-26
-0.0855255,18.378,2.11087e-26
-0.0855255,18.8415,2.02239e-26
-0.0855255,19.3049,1.93941e-26
-0.0855255,19.7683,1.86151e-26
-0.0611395,1.23171,1.62255e-24
-0.0611395,1.69512,1.20503e-25
-0.0611395,2.15854,1.10361e-26
-0.0611395,2.62195,9.17717e-26
-0.0611395,3.08537,1.48744e-25
-0.0611395,3.54878,1.7329e-25
-0.0611395,4.0122,1.76349e-25
-0.0611395,4.47561,1.70383e-25
-0.0611395,4.93902,1.60188e-25
-0.0611395,5.40244,1.48183e-25
-0.0611395,5.86585,1.35864e-25
-0.0611395,6.32927,1.24064e-25
-0.0611395,6.79268,1.13295e-25
-0.0611395,7.2561,1.03615e-25
-0.0611395,7.71951,9.49697e-26
-0.0611395,8.18293,8.70239e-26
-0.0611395,8.64634,7.97672e-26
-0.0611395,9.10976,7.35036e-26
-0.0611395,9.57317,6.81315e-26
-0.0611395,10.0366,6.32981e-26
-0.0611395,10.5,5.88167e-26
-0.0611395,10.9634,5.47858e-26
-0.0611395,11.4268,5.11056e-26
-0.0611395,11.8902,4.77294e-26
-0.0611395,12.3537,4.46731e-26
-0.0611395,12.8171,4.19474e-26
-0.0611395,13.2805,3.95101e-26
-0.0611395,13.7439,3.72804e-26
-0.0611395,14.2073,3.52203e-26
-0.0611395,14.6707,3.32613e-26
-0.0611395,15.1341,3.14613e-26
-0.0611395,15.5976,2.98038e-26
-0.0611395,16.061,2.82672e-26
-0.0611395,16.5244,2.68389e-26
-0.0611395,16.9878,2.55165e-26
-0.0611395,17.4512,2.42897e-26
-0.0611395,17.9146,2.31686e-26
-0.0611395,18.378,2.21692e-26
-0.0611395,18.8415,2.12347e-26
-0.0611395,19.3049,2.03594e-26
-0.0611395,19.7683,1.95385e-26
-0.0367535,1.23171,3.31021e-25
-0.0367535,1.69512,3.19267e-26
-0.0367535,2.15854,1.91069e-25
-0.0367535,2.62195,2.66685e-25
-0.0367535,3.08537,2.79791e-25
-0.0367535,3.54878,2.67123e-25
-0.0367535,4.0122,2.42716e-25
-0.0367535,4.47561,2.18468e-25
-0.0367535,4.93902,1.95813e-25
-0.0367535,5.40244,1.74882e-25
-0.0367535,5.86585,1.56197e-25
-0.0367535,6.32927,1.39818e-25
-0.0367535,6.79268,1.25735e-25
-0.0367535,7.2561,1.13575e-25
-0.0367535,7.71951,1.03033e-25
-0.0367535,8.18293,9.36297e-26
-0.0367535,8.64634,8.52414e-26
-0.0367535,9.10976,7.81233e-26
-0.0367535,9.57317,7.21106e-26
-0.0367535,10.0366,6.67562e-26
-0.0367535,10.5,6.18102e-26
-0.0367535,10.9634,5.73973e-26
-0.0367535,11.4268,5.33925e-26
-0.0367535,11.8902,4.97363e-26
-0.0367535,12.3537,4.64446e-26
-0.0367535,12.8171,4.35313e-26
-0.0367535,13.2805,4.0945e-26
-0.0367535,13.7439,3.85871e-26
-0.0367535,14.2073,3.64161e-26
-0.0367535,14.6707,3.43603e-26
-0.0367535,15.1341,3.24757e-26
-0.0367535,15.5976,3.07438e-26
-0.0367535,16.061,2.91383e-26
-0.0367535,16.5244,2.76453e-26
-0.0367535,16.9878,2.62653e-26
-0.0367535,17.4512,2.49871e-26
-0.0367535,17.9146,2.3817e-26
-0.0367535,18.378,2.27666e-26
-0.0367535,18.8415,2.1786e-26
-0.0367535,19.3049,2.08692e-26
-0.0367535,19.7683,2.00106e-26
-0.0123675,1.23171,4.0665e-26
-0.0123675,1.69512,3.64011e-25
-0.0123675,2.15854,4.60561e-25
-0.0123675,2.62195,4.40838e-25
-0.0123675,3.08537,3.90599e-25
-0.0123675,3.54878,3.39631e-25
-0.0123675,4.0122,2.91212e-25
-0.0123675,4.47561,2.52194e-25
-0.0123675,4.93902,2.19966e-25
-0.0123675,5.40244,1.92319e-25
-0.0123675,5.86585,1.69091e-25
-0.0123675,6.32927,1.49613e-25
-0.0123675,6.79268,1.33275e-25
-0.0123675,7.2561,1.19436e-25
-0.0123675,7.71951,1.07598e-25
-0.0123675,8.18293,9.72791e-26
-0.0123675,8.64634,8.82446e-26
-0.0123675,9.10976,8.06274e-26
-0.0123675,9.57317,7.42222e-26
-0.0123675,10.0366,6.85528e-26
-0.0123675,10.5,6.33272e-26
-0.0123675,10.9634,5.86876e-26
-0.0123675,11.4268,5.44893e-26
-0.0123675,11.8902,5.06649e-26
-0.0123675,12.3537,4.72338e-26
-0.0123675,12.8171,4.42096e-26
-0.0123675,13.2805,4.15351e-26
-0.0123675,13.7439,3.91026e-26
-0.0123675,14.2073,3.68721e-26
-0.0123675,14.6707,3.47822e-26
-0.0123675,15.1341,3.28685e-26
-0.0123675,15.5976,3.11115e-26
-0.0123675,16.061,2.94768e-26
-0.0123675,16.5244,2.79502e-26
-0.0123675,16.9878,2.65406e-26
-0.0123675,17.4512,2.52365e-26
-0.0123675,17.9146,2.40355e-26
-0.0123675,18.378,2.29385e-26
-0.0123675,18.8415,2.19166e-26
-0.0123675,19.3049,2.0963e-26
-0.0123675,19.7683,2.00717e-26
