-0.987502,1.25,12.1162
-0.987502,1.75,10.3188
-0.987502,2.25,5.01601
-0.987502,2.75,3.76639
-0.987502,3.25,0.0512724
-0.987502,3.75,1.88576
-0.987502,4.25,0.165779
-0.987502,4.75,0.262709
-0.987502,5.25,0.49348
-0.987502,5.75,0.236678
-0.987502,6.25,0.029129
-0.987502,6.75,0.0105041
-0.987502,7.25,0.0761497
-0.987502,7.75,0.134185
-0.987502,8.25,0.155413
-0.987502,8.75,0.145542
-0.987502,9.25,0.119195
-0.987502,9.75,0.0885007
-0.987502,10.25,0.060508
-0.987502,10.75,0.0381928
-0.987502,11.25,0.0220383
-0.987502,11.75,0.0112882
-0.987502,12.25,0.00481014
-0.987502,12.75,0.00142547
-0.987502,13.25,0.000134876
-0.987502,13.75,0.000166299
-0.987502,14.25,0.000959581
-0.987502,14.75,0.00212858
-0.987502,15.25,0.00341944
-0.987502,15.75,0.0046748
-0.987502,16.25,0.00580679
-0.987502,16.75,0.00677003
-0.987502,17.25,0.00754871
-0.987502,17.75,0.00814554
-0.987502,18.25,0.00856767
-0.987502,18.75,0.00883889
-0.987502,19.25,0.00898035
-0.987502,19.75,0.00901271
-0.987502,20.25,0.00895139
-0.987502,20.75,0.00881548
-0.962507,1.25,10.9609
-0.962507,1.75,1.58425
-0.962507,2.25,2.06462
-0.962507,2.75,2.32353
-0.962507,3.25,2.66305
-0.962507,3.75,0.335985
-0.962507,4.25,0.474681
-0.962507,4.75,0.634899
-0.962507,5.25,0.135539
-0.962507,5.75,0.00498965
-0.962507,6.25,0.113953
-0.962507,6.75,0.19581
-0.962507,7.25,0.191071
-0.962507,7.75,0.138365
-0.962507,8.25,0.080048
-0.962507,8.75,0.0364036
-0.962507,9.25,0.0113108
-0.962507,9.75,0.00119172
-0.962507,10.25,0.000696139
-0.962507,10.75,0.0052191
-0.962507,11.25,0.0115706
-0.962507,11.75,0.0178332
-0.962507,12.25,0.023065
-0.962507,12.75,0.0269237
-0.962507,13.25,0.0294104
-0.962507,13.75,0.0306784
-0.962507,14.25,0.0309563
-0.962507,14.75,0.0304819
-0.962507,15.25,0.0294561
-0.962507,15.75,0.0280554
-0.962507,16.25,0.0264305
-0.962507,16.75,0.0246815
-0.962507,17.25,0.0228869
-0.962507,17.75,0.0211049
-0.962507,18.25,0.0193627
-0.962507,18.75,0.017702
-0.962507,19.25,0.0161401
-0.962507,19.75,0.0146851
-0.962507,20.25,0.013334
-0.962507,20.75,0.0120894
-0.937511,1.25,8.8273
-0.937511,1.75,17.5756
-0.937511,2.25,1.49767
-0.937511,2.75,0.805531
-0.937511,3.25,2.75824
-0.937511,3.75,0.849193
-0.937511,4.25,1.70369
-0.937511,4.75,0.313524
-0.937511,5.25,0.0571604
-0.937511,5.75,0.304894
-0.937511,6.25,0.364651
-0.937511,6.75,0.251414
-0.937511,7.25,0.117942
-0.937511,7.75,0.0351505
-0.937511,8.25,0.00578356
-0.937511,8.75,0.00940175
-0.937511,9.25,0.0265704
-0.937511,9.75,0.0451649
-0.937511,10.25,0.0595296
-0.937511,10.75,0.0680791
-0.937511,11.25,0.0712836
-0.937511,11.75,0.0702884
-0.937511,12.25,0.0665056
-0.937511,12.75,0.0610781
-0.937511,13.25,0.0548714
-0.937511,13.75,0.0484682
-0.937511,14.25,0.0422617
-0.937511,14.75,0.0364874
-0.937511,15.25,0.0312485
-0.937511,15.75,0.0265891
-0.937511,16.25,0.0225127
-0.937511,16.75,0.0189804
-0.937511,17.25,0.0159446
-0.937511,17.75,0.0133533
-0.937511,18.25,0.0111462
-0.937511,18.75,0.00928147
-0.937511,19.25,0.00771184
-0.937511,19.75,0.00639443
-0.937511,20.25,0.00528906
-0.937511,20.75,0.00436467
-0.912515,1.25,30.2723
-0.912515,1.75,4.10651
-0.912515,2.25,8.83417
-0.912515,2.75,5.69473
-0.912515,3.25,0.318033
-0.912515,3.75,3.57372
-0.912515,4.25,0.961983
-0.912515,4.75,0.131126
-0.912515,5.25,0.62849
-0.912515,5.75,0.650881
-0.912515,6.25,0.358491
-0.912515,6.75,0.118994
-0.912515,7.25,0.021806
-0.912515,7.75,0.0186389
-0.912515,8.25,0.0499357
-0.912515,8.75,0.0812166
-0.912515,9.25,0.099894
-0.912515,9.75,0.105113
-0.912515,10.25,0.100334
-0.912515,10.75,0.0896817
-0.912515,11.25,0.0765018
-0.912515,11.75,0.0629514
-0.912515,12.25,0.0503918
-0.912515,12.75,0.0394307
-0.912515,13.25,0.0302516
-0.912515,13.75,0.0227923
-0.912515,14.25,0.016877
-0.912515,14.75,0.0122824
-0.912515,15.25,0.00877271
-0.912515,15.75,0.00613875
-0.912515,16.25,0.00419878
-0.912515,16.75,0.00279862
-0.912515,17.25,0.00181297
-0.912515,17.75,0.00114147
-0.912515,18.25,0.000704451
-0.912515,18.75,0.000440576
-0.912515,19.25,0.000301887
-0.912515,19.75,0.000251738
-0.912515,20.25,0.000262321
-0.912515,20.75,0.000312902
-0.88752,1.25,33.3475
-0.88752,1.75,11.857
-0.88752,2.25,7.02877
-0.88752,2.75,3.53463
-0.88752,3.25,2.42488
-0.88752,3.75,1.55045
-0.88752,4.25,0.146622
-0.88752,4.75,1.10501
-0.88752,5.25,0.999779
-0.88752,5.75,0.42246
-0.88752,6.25,0.0822611
-0.88752,6.75,0.00847187
-0.88752,7.25,0.0460959
-0.88752,7.75,0.0930733
-0.88752,8.25,0.115725
-0.88752,8.75,0.114278
-0.88752,9.25,0.0984485
-0.88752,9.75,0.0772571
-0.88752,10.25,0.0563839
-0.88752,10.75,0.0386291
-0.88752,11.25,0.0248787
-0.88752,11.75,0.0149458
-0.88752,12.25,0.00823571
-0.88752,12.75,0.00402034
-0.88752,13.25,0.00162694
-0.88752,13.75,0.000498697
-0.88752,14.25,0.000204396
-0.88752,14.75,0.000426283
-0.88752,15.25,0.000939346
-0.88752,15.75,0.00158981
-0.88752,16.25,0.00227668
-0.88752,16.75,0.00293679
-0.88752,17.25,0.00353347
-0.88752,17.75,0.00404808
-0.88752,18.25,0.00447234
-0.88752,18.75,0.00480823
-0.88752,19.25,0.00506118
-0.88752,19.75,0.00523899
-0.88752,20.25,0.00534835
-0.88752,20.75,0.00539903
-0.862524,1.25,3.55563
-0.862524,1.75,4.77035
-0.862524,2.25,0.808463
-0.862524,2.75,0.0326804
-0.862524,3.25,1.37938
-0.862524,3.75,0.267951
-0.862524,4.25,1.54515
-0.862524,4.75,0.871063
-0.862524,5.25,0.126807
-0.862524,5.75,0.0106666
-0.862524,6.25,0.134065
-0.862524,6.75,0.220883
-0.862524,7.25,0.224048
-0.862524,7.75,0.179045
-0.862524,8.25,0.122546
-0.862524,8.75,0.0739426
-0.862524,9.25,0.0392257
-0.862524,9.75,0.0176227
-0.862524,10.25,0.00598464
-0.862524,10.75,0.00100929
-0.862524,11.25,2.42729e-05
-0.862524,11.75,0.00114325
-0.862524,12.25,0.00315578
-0.862524,12.75,0.00534781
-0.862524,13.25,0.00733766
-0.862524,13.75,0.00895526
-0.862524,14.25,0.0101543
-0.862524,14.75,0.0109576
-0.862524,15.25,0.0114088
-0.862524,15.75,0.0115687
-0.862524,16.25,0.0114969
-0.862524,16.75,0.0112497
-0.862524,17.25,0.0108751
-0.862524,17.75,0.0104125
-0.862524,18.25,0.00989159
-0.862524,18.75,0.0093391
-0.862524,19.25,0.00877405
-0.862524,19.75,0.00821049
-0.862524,20.25,0.00765567
-0.862524,20.75,0.00711833
-0.837528,1.25,5.97328
-0.837528,1.75,12.2895
-0.837528,2.25,6.29522
-0.837528,2.75,5.75453
-0.837528,3.25,0.553196
-0.837528,3.75,2.21451
-0.837528,4.25,0.199482
-0.837528,4.75,0.331632
-0.837528,5.25,0.839827
-0.837528,5.75,0.754587
-0.837528,6.25,0.423375
-0.837528,6.75,0.160569
-0.837528,7.25,0.0345703
-0.837528,7.75,0.00440255
-0.837528,8.25,0.0188349
-0.837528,8.75,0.044889
-0.837528,9.25,0.0670747
-0.837528,9.75,0.0805859
-0.837528,10.25,0.0856387
-0.837528,10.75,0.0842817
-0.837528,11.25,0.0788322
-0.837528,11.75,0.0711391
-0.837528,12.25,0.0625732
-0.837528,12.75,0.0539994
-0.837528,13.25,0.0459277
-0.837528,13.75,0.0386376
-0.837528,14.25,0.0322348
-0.837528,14.75,0.0267267
-0.837528,15.25,0.0220388
-0.837528,15.75,0.0180911
-0.837528,16.25,0.0147909
-0.837528,16.75,0.0120518
-0.837528,17.25,0.00979031
-0.837528,17.75,0.00793072
-0.837528,18.25,0.00640524
-0.837528,18.75,0.00515878
-0.837528,19.25,0.00414291
-0.837528,19.75,0.00331687
-0.837528,20.25,0.002646
-0.837528,20.75,0.00210272
-0.812533,1.25,14.9179
-0.812533,1.75,17.2463
-0.812533,2.25,1.85719
-0.812533,2.75,3.71323
-0.812533,3.25,2.56191
-0.812533,3.75,1.63163
-0.812533,4.25,0.0916018
-0.812533,4.75,0.870794
-0.812533,5.25,1.003
-0.812533,5.75,0.573043
-0.812533,6.25,0.194376
-0.812533,6.75,0.0305433
-0.812533,7.25,0.0134649
-0.812533,7.75,0.0530622
-0.812533,8.25,0.0971008
-0.812533,8.75,0.125993
-0.812533,9.25,0.137188
-0.812533,9.75,0.134778
-0.812533,10.25,0.123935
-0.812533,10.75,0.108941
-0.812533,11.25,0.0927784
-0.812533,11.75,0.0771887
-0.812533,12.25,0.0631068
-0.812533,12.75,0.0508961
-0.812533,13.25,0.0406
-0.812533,13.75,0.0320983
-0.812533,14.25,0.0251867
-0.812533,14.75,0.0196369
-0.812533,15.25,0.0152112
-0.812533,15.75,0.0117085
-0.812533,16.25,0.00895198
-0.812533,16.75,0.00679752
-0.812533,17.25,0.00512354
-0.812533,17.75,0.00383027
-0.812533,18.25,0.00283597
-0.812533,18.75,0.00207786
-0.812533,19.25,0.00150437
-0.812533,19.75,0.00107457
-0.812533,20.25,0.000756105
-0.812533,20.75,0.000523563
-0.787537,1.25,41.141
-0.787537,1.75,7.92886
-0.787537,2.25,1.35474
-0.787537,2.75,1.10602
-0.787537,3.25,3.94772
-0.787537,3.75,0.609422
-0.787537,4.25,0.56175
-0.787537,4.75,1.31971
-0.787537,5.25,0.920813
-0.787537,5.75,0.337101
-0.787537,6.25,0.0552454
-0.787537,6.75,0.0188021
-0.787537,7.25,0.0770782
-0.787537,7.75,0.139848
-0.787537,8.25,0.176263
-0.787537,8.75,0.185135
-0.787537,9.25,0.174592
-0.787537,9.75,0.153721
-0.787537,10.25,0.129186
-0.787537,10.75,0.105004
-0.787537,11.25,0.0832606
-0.787537,11.75,0.0647528
-0.787537,12.25,0.0495711
-0.787537,12.75,0.0374375
-0.787537,13.25,0.0279271
-0.787537,13.75,0.0205881
-0.787537,14.25,0.0149995
-0.787537,14.75,0.0107947
-0.787537,15.25,0.00766128
-0.787537,15.75,0.0053526
-0.787537,16.25,0.00367158
-0.787537,16.75,0.00246643
-0.787537,17.25,0.00161811
-0.787537,17.75,0.00103487
-0.787537,18.25,0.000646372
-0.787537,18.75,0.000400314
-0.787537,19.25,0.000256613
-0.787537,19.75,0.000185255
-0.787537,20.25,0.000163971
-0.787537,20.75,0.000176291
-0.762541,1.25,18.9358
-0.762541,1.75,2.1638
-0.762541,2.25,6.43831
-0.762541,2.75,0.560232
-0.762541,3.25,3.74767
-0.762541,3.75,0.120007
-0.762541,4.25,1.31132
-0.762541,4.75,1.40888
-0.762541,5.25,0.607786
-0.762541,5.75,0.11147
-0.762541,6.25,0.02055
-0.762541,6.75,0.0995276
-0.762541,7.25,0.18891
-0.762541,7.75,0.235671
-0.762541,8.25,0.240329
-0.762541,8.75,0.218335
-0.762541,9.25,0.183937
-0.762541,9.75,0.14722
-0.762541,10.25,0.113584
-0.762541,10.75,0.0851749
-0.762541,11.25,0.0623886
-0.762541,11.75,0.0447588
-0.762541,12.25,0.0314804
-0.762541,12.75,0.0216988
-0.762541,13.25,0.0146337
-0.762541,13.75,0.00962671
-0.762541,14.25,0.00615144
-0.762541,14.75,0.00379778
-0.762541,15.25,0.00225145
-0.762541,15.75,0.00127927
-0.762541,16.25,0.00070857
-0.762541,16.75,0.000413745
-0.762541,17.25,0.000303493
-0.762541,17.75,0.000312473
-0.762541,18.25,0.000394226
-0.762541,18.75,0.000516732
-0.762541,19.25,0.000657999
-0.762541,19.75,0.000803366
-0.762541,20.25,0.000943857
-0.762541,20.75,0.00107372
-0.737546,1.25,9.72577
-0.737546,1.75,11.4793
-0.737546,2.25,10.4357
-0.737546,2.75,2.8138
-0.737546,3.25,2.13116
-0.737546,3.75,0.54584
-0.737546,4.25,1.84142
-0.737546,4.75,1.09069
-0.737546,5.25,0.245735
-0.737546,5.75,0.0197109
-0.737546,6.25,0.113083
-0.737546,6.75,0.24061
-0.737546,7.25,0.303688
-0.737546,7.75,0.302807
-0.737546,8.25,0.264914
-0.737546,8.75,0.213378
-0.737546,9.25,0.161936
-0.737546,9.75,0.117592
-0.737546,10.25,0.0824328
-0.737546,10.75,0.0559795
-0.737546,11.25,0.0368372
-0.737546,11.75,0.0234336
-0.737546,12.25,0.0143314
-0.737546,12.75,0.00835232
-0.737546,13.25,0.00458096
-0.737546,13.75,0.00233285
-0.737546,14.25,0.00111054
-0.737546,14.75,0.0005596
-0.737546,15.25,0.000432128
-0.737546,15.75,0.000558368
-0.737546,16.25,0.000823488
-0.737546,16.75,0.00115199
-0.737546,17.25,0.00149563
-0.737546,17.75,0.00182483
-0.737546,18.25,0.00212101
-0.737546,18.75,0.00237683
-0.737546,19.25,0.00258946
-0.737546,19.75,0.00275936
-0.737546,20.25,0.00289058
-0.737546,20.75,0.0029863
-0.71255,1.25,37.7607
-0.71255,1.75,18.566
-0.71255,2.25,7.93319
-0.71255,2.75,5.37461
-0.71255,3.25,0.492644
-0.71255,3.75,1.53526
-0.71255,4.25,1.79627
-0.71255,4.75,0.557048
-0.71255,5.25,0.0326793
-0.71255,5.75,0.108645
-0.71255,6.25,0.290293
-0.71255,6.75,0.380418
-0.71255,7.25,0.373792
-0.71255,7.75,0.31477
-0.71255,8.25,0.240796
-0.71255,8.75,0.17213
-0.71255,9.25,0.116319
-0.71255,9.75,0.0748388
-0.71255,10.25,0.0458767
-0.71255,10.75,0.0266203
-0.71255,11.25,0.0144185
-0.71255,11.75,0.00711617
-0.71255,12.25,0.00308642
-0.71255,12.75,0.00116242
-0.71255,13.25,0.000536209
-0.71255,13.75,0.00066442
-0.71255,14.25,0.00119197
-0.71255,14.75,0.00189488
-0.71255,15.25,0.00263564
-0.71255,15.75,0.00333499
-0.71255,16.25,0.00394918
-0.71255,16.75,0.004461
-0.71255,17.25,0.00486733
-0.71255,17.75,0.00517295
-0.71255,18.25,0.00538428
-0.71255,18.75,0.00551503
-0.71255,19.25,0.00557715
-0.71255,19.75,0.00558192
-0.71255,20.25,0.00554172
-0.71255,20.75,0.00546498
-0.687555,1.25,25.906
-0.687555,1.75,10.0747
-0.687555,2.25,2.181
-0.687555,2.75,5.36899
-0.687555,3.25,0.181851
-0.687555,3.75,2.29137
-0.687555,4.25,1.20034
-0.687555,4.75,0.119866
-0.687555,5.25,0.0773022
-0.687555,5.75,0.328893
-0.687555,6.25,0.466594
-0.687555,6.75,0.456016
-0.687555,7.25,0.36932
-0.687555,7.75,0.266352
-0.687555,8.25,0.176674
-0.687555,8.75,0.10913
-0.687555,9.25,0.062586
-0.687555,9.75,0.0329564
-0.687555,10.25,0.0154806
-0.687555,10.75,0.00609467
-0.687555,11.25,0.00179651
-0.687555,11.75,0.000516336
-0.687555,12.25,0.000894594
-0.687555,12.75,0.00207555
-0.687555,13.25,0.00354318
-0.687555,13.75,0.00500506
-0.687555,14.25,0.00631053
-0.687555,14.75,0.00739742
-0.687555,15.25,0.00824383
-0.687555,15.75,0.00885953
-0.687555,16.25,0.00926311
-0.687555,16.75,0.00948739
-0.687555,17.25,0.00956384
-0.687555,17.75,0.0095209
-0.687555,18.25,0.00938146
-0.687555,18.75,0.00916995
-0.687555,19.25,0.00890506
-0.687555,19.75,0.00860207
-0.687555,20.25,0.00827509
-0.687555,20.75,0.00793332
-0.662559,1.25,2.74945
-0.662559,1.75,0.869426
-0.662559,2.25,0.342625
-0.662559,2.75,2.87881
-0.662559,3.25,1.26902
-0.662559,3.75,2.26784
-0.662559,4.25,0.490821
-0.662559,4.75,0.0192352
-0.662559,5.25,0.318838
-0.662559,5.75,0.54436
-0.662559,6.25,0.547473
-0.662559,6.75,0.430814
-0.662559,7.25,0.292752
-0.662559,7.75,0.178464
-0.662559,8.25,0.0984202
-0.662559,8.75,0.0483417
-0.662559,9.25,0.0200688
-0.662559,9.75,0.00621126
-0.662559,10.25,0.00102806
-0.662559,10.75,0.000605113
-0.662559,11.25,0.00248869
-0.662559,11.75,0.00523282
-0.662559,12.25,0.00804277
-0.662559,12.75,0.0105213
-0.662559,13.25,0.0125032
-0.662559,13.75,0.013964
-0.662559,14.25,0.0149458
-0.662559,14.75,0.0155254
-0.662559,15.25,0.0157611
-0.662559,15.75,0.0157235
-0.662559,16.25,0.0154667
-0.662559,16.75,0.0150526
-0.662559,17.25,0.0145285
-0.662559,17.75,0.0139303
-0.662559,18.25,0.0132864
-0.662559,18.75,0.0126191
-0.662559,19.25,0.011945
-0.662559,19.75,0.0112766
-0.662559,20.25,0.0106234
-0.662559,20.75,0.00999144
-0.637563,1.25,19.4363
-0.637563,1.75,4.47897
-0.637563,2.25,3.62955
-0.637563,2.75,0.398052
-0.637563,3.25,2.59052
-0.637563,3.75,1.39908
-0.637563,4.25,0.0309689
-0.637563,4.75,0.271732
-0.637563,5.25,0.637294
-0.637563,5.75,0.672654
-0.637563,6.25,0.51458
-0.637563,6.75,0.325491
-0.637563,7.25,0.177987
-0.637563,7.75,0.0837775
-0.637563,8.25,0.0319746
-0.637563,8.75,0.00813527
-0.637563,9.25,0.000570185
-0.637563,9.75,0.00137922
-0.637563,10.25,0.00573733
-0.637563,10.75,0.0109885
-0.637563,11.25,0.0158185
-0.637563,11.75,0.0196834
-0.637563,12.25,0.0224563
-0.637563,12.75,0.0242049
-0.637563,13.25,0.0250783
-0.637563,13.75,0.0252665
-0.637563,14.25,0.0249449
-0.637563,14.75,0.0242719
-0.637563,15.25,0.0233387
-0.637563,15.75,0.0222371
-0.637563,16.25,0.0210264
-0.637563,16.75,0.01977
-0.637563,17.25,0.0185096
-0.637563,17.75,0.0172725
-0.637563,18.25,0.0160783
-0.637563,18.75,0.0149382
-0.637563,19.25,0.0138591
-0.637563,19.75,0.012845
-0.637563,20.25,0.0118962
-0.637563,20.75,0.0110125
-0.612568,1.25,20.9304
-0.612568,1.75,10.9587
-0.612568,2.25,6.4241
-0.612568,2.75,0.352389
-0.612568,3.25,2.898
-0.612568,3.75,0.415359
-0.612568,4.25,0.135548
-0.612568,4.75,0.698351
-0.612568,5.25,0.828321
-0.612568,5.75,0.626086
-0.612568,6.25,0.368315
-0.612568,6.75,0.177117
-0.612568,7.25,0.0671503
-0.612568,7.75,0.016536
-0.612568,8.25,0.000807858
-0.612568,8.75,0.0023876
-0.612568,9.25,0.0107037
-0.612568,9.75,0.020178
-0.612568,10.25,0.0283181
-0.612568,10.75,0.03429
-0.612568,11.25,0.0380606
-0.612568,11.75,0.0399299
-0.612568,12.25,0.0403194
-0.612568,12.75,0.0396198
-0.612568,13.25,0.0381635
-0.612568,13.75,0.0362308
-0.612568,14.25,0.0340327
-0.612568,14.75,0.0317305
-0.612568,15.25,0.0294015
-0.612568,15.75,0.027117
-0.612568,16.25,0.0249135
-0.612568,16.75,0.0228289
-0.612568,17.25,0.020881
-0.612568,17.75,0.0190758
-0.612568,18.25,0.0174124
-0.612568,18.75,0.0158876
-0.612568,19.25,0.0144948
-0.612568,19.75,0.0132258
-0.612568,20.25,0.0120708
-0.612568,20.75,0.0110215
-0.587572,1.25,0.819404
-0.587572,1.75,6.69589
-0.587572,2.25,4.64287
-0.587572,2.75,2.38039
-0.587572,3.25,1.84109
-0.587572,3.75,0.000889566
-0.587572,4.25,0.691394
-0.587572,4.75,1.04464
-0.587572,5.25,0.802531
-0.587572,5.75,0.439091
-0.587572,6.25,0.181629
-0.587572,6.75,0.0510203
-0.587572,7.25,0.00492268
-0.587572,7.75,0.00200991
-0.587572,8.25,0.0159042
-0.587572,8.75,0.0328839
-0.587572,9.25,0.0470359
-0.587572,9.75,0.0566401
-0.587572,10.25,0.0619029
-0.587572,10.75,0.063669
-0.587572,11.25,0.0628794
-0.587572,11.75,0.0603505
-0.587572,12.25,0.05678
-0.587572,12.75,0.0526562
-0.587572,13.25,0.0483206
-0.587572,13.75,0.0440049
-0.587572,14.25,0.0398594
-0.587572,14.75,0.0359779
-0.587572,15.25,0.0323839
-0.587572,15.75,0.0290944
-0.587572,16.25,0.0261026
-0.587572,16.75,0.0234032
-0.587572,17.25,0.0209798
-0.587572,17.75,0.0188109
-0.587572,18.25,0.0168712
-0.587572,18.75,0.0151416
-0.587572,19.25,0.0136007
-0.587572,19.75,0.0122285
-0.587572,20.25,0.0110055
-0.587572,20.75,0.0099156
-0.562576,1.25,10.5985
-0.562576,1.75,0.159234
-0.562576,2.25,0.736267
-0.562576,2.75,3.99135
-0.562576,3.25,0.41763
-0.562576,3.75,0.509959
-0.562576,4.25,1.3306
-0.562576,4.75,1.09351
-0.562576,5.25,0.560243
-0.562576,5.75,0.194063
-0.562576,6.25,0.0348052
-0.562576,6.75,1.12421e-05
-0.562576,7.25,0.017769
-0.562576,7.75,0.0483017
-0.562576,8.25,0.0745099
-0.562576,8.75,0.0914493
-0.562576,9.25,0.0994439
-0.562576,9.75,0.100592
-0.562576,10.25,0.0971801
-0.562576,10.75,0.0910363
-0.562576,11.25,0.0834723
-0.562576,11.75,0.0753506
-0.562576,12.25,0.0673078
-0.562576,12.75,0.059687
-0.562576,13.25,0.052669
-0.562576,13.75,0.0463178
-0.562576,14.25,0.0406474
-0.562576,14.75,0.0356348
-0.562576,15.25,0.0312248
-0.562576,15.75,0.0273619
-0.562576,16.25,0.0239859
-0.562576,16.75,0.0210426
-0.562576,17.25,0.0184798
-0.562576,17.75,0.016249
-0.562576,18.25,0.0143031
-0.562576,18.75,0.0126086
-0.562576,19.25,0.0111322
-0.562576,19.75,0.00984441
-0.562576,20.25,0.00871894
-0.562576,20.75,0.0077344
-0.537581,1.25,15.8298
-0.537581,1.75,3.87479
-0.537581,2.25,0.574306
-0.537581,2.75,3.29598
-0.537581,3.25,0.0418487
-0.537581,3.75,1.49065
-0.537581,4.25,1.55628
-0.537581,4.75,0.79527
-0.537581,5.25,0.23902
-0.537581,5.75,0.0253722
-0.537581,6.25,0.00602106
-0.537581,6.75,0.0533935
-0.537581,7.25,0.105203
-0.537581,7.75,0.140656
-0.537581,8.25,0.157321
-0.537581,8.75,0.159429
-0.537581,9.25,0.15212
-0.537581,9.75,0.139655
-0.537581,10.25,0.125039
-0.537581,10.75,0.110082
-0.537581,11.25,0.0957876
-0.537581,11.75,0.0826492
-0.537581,12.25,0.0709473
-0.537581,12.75,0.0607123
-0.537581,13.25,0.0518694
-0.537581,13.75,0.04428
-0.537581,14.25,0.0378013
-0.537581,14.75,0.0322903
-0.537581,15.25,0.0276098
-0.537581,15.75,0.0236383
-0.537581,16.25,0.0202687
-0.537581,16.75,0.0174088
-0.537581,17.25,0.0149795
-0.537581,17.75,0.0129135
-0.537581,18.25,0.0111496
-0.537581,18.75,0.00964533
-0.537581,19.25,0.00836061
-0.537581,19.75,0.00726136
-0.537581,20.25,0.00631874
-0.537581,20.75,0.00550899
-0.512585,1.25,0.364314
-0.512585,1.75,11.2006
-0.512585,2.25,4.69834
-0.512585,2.75,1.06559
-0.512585,3.25,1.17122
-0.512585,3.75,2.30406
-0.512585,4.25,1.27189
-0.512585,4.75,0.345283
-0.512585,5.25,0.0215625
-0.512585,5.75,0.028461
-0.512585,6.25,0.123526
-0.512585,6.75,0.203431
-0.512585,7.25,0.244728
-0.512585,7.75,0.253295
-0.512585,8.25,0.240572
-0.512585,8.75,0.216861
-0.512585,9.25,0.18893
-0.512585,9.75,0.161032
-0.512585,10.25,0.135411
-0.512585,10.75,0.112884
-0.512585,11.25,0.0935651
-0.512585,11.75,0.0772661
-0.512585,12.25,0.0636943
-0.512585,12.75,0.0524752
-0.512585,13.25,0.0432423
-0.512585,13.75,0.0356638
-0.512585,14.25,0.0294508
-0.512585,14.75,0.0243587
-0.512585,15.25,0.0201823
-0.512585,15.75,0.0167532
-0.512585,16.25,0.0139338
-0.512585,16.75,0.0116118
-0.512585,17.25,0.00969593
-0.512585,17.75,0.00811197
-0.512585,18.25,0.00679615
-0.512585,18.75,0.0057042
-0.512585,19.25,0.00479635
-0.512585,19.75,0.00403995
-0.512585,20.25,0.00340878
-0.512585,20.75,0.00288088
-0.487589,1.25,14.9178
-0.487589,1.75,8.42511
-0.487589,2.25,7.74991
-0.487589,2.75,0.0686733
-0.487589,3.25,2.85331
-0.487589,3.75,2.20329
-0.487589,4.25,0.623506
-0.487589,4.75,0.0365993
-0.487589,5.25,0.0659285
-0.487589,5.75,0.2348
-0.487589,6.25,0.354787
-0.487589,6.75,0.397953
-0.487589,7.25,0.386902
-0.487589,7.75,0.347567
-0.487589,8.25,0.297433
-0.487589,8.75,0.246941
-0.487589,9.25,0.200783
-0.487589,9.75,0.161165
-0.487589,10.25,0.128468
-0.487589,10.75,0.101998
-0.487589,11.25,0.080786
-0.487589,11.75,0.0639196
-0.487589,12.25,0.0505694
-0.487589,12.75,0.0400244
-0.487589,13.25,0.0317011
-0.487589,13.75,0.0251378
-0.487589,14.25,0.0199587
-0.487589,14.75,0.0158672
-0.487589,15.25,0.0126301
-0.487589,15.75,0.0100647
-0.487589,16.25,0.00802838
-0.487589,16.75,0.00640914
-0.487589,17.25,0.00511942
-0.487589,17.75,0.00409056
-0.487589,18.25,0.00326647
-0.487589,18.75,0.00260764
-0.487589,19.25,0.00208049
-0.487589,19.75,0.00165831
-0.487589,20.25,0.00132032
-0.487589,20.75,0.00104947
-0.462594,1.25,26.9847
-0.462594,1.75,0.993999
-0.462594,2.25,6.10545
-0.462594,2.75,1.75458
-0.462594,3.25,3.83334
-0.462594,3.75,1.34287
-0.462594,4.25,0.103898
-0.462594,4.75,0.121461
-0.462594,5.25,0.410539
-0.462594,5.75,0.588512
-0.462594,6.25,0.622038
-0.462594,6.75,0.566917
-0.462594,7.25,0.477404
-0.462594,7.75,0.384089
-0.462594,8.25,0.300246
-0.462594,8.75,0.230494
-0.462594,9.25,0.174499
-0.462594,9.75,0.131004
-0.462594,10.25,0.0979548
-0.462594,10.75,0.0730614
-0.462594,11.25,0.0543788
-0.462594,11.75,0.040418
-0.462594,12.25,0.0299936
-0.462594,12.75,0.0222149
-0.462594,13.25,0.0164125
-0.462594,13.75,0.0120934
-0.462594,14.25,0.0088806
-0.462594,14.75,0.00649304
-0.462594,15.25,0.00472153
-0.462594,15.75,0.00341011
-0.462594,16.25,0.00244245
-0.462594,16.75,0.00173161
-0.462594,17.25,0.00121261
-0.462594,17.75,0.000836798
-0.462594,18.25,0.000567266
-0.462594,18.75,0.000377373
-0.462594,19.25,0.000246451
-0.462594,19.75,0.000158957
-0.462594,20.25,0.000103269
-0.462594,20.75,7.06e-05
-0.437598,1.25,6.78719
-0.437598,1.75,6.99603
-0.437598,2.25,1.53211
-0.437598,2.75,5.55875
-0.437598,3.25,3.46667
-0.437598,3.75,0.440245
-0.437598,4.25,0.155613
-0.437598,4.75,0.614049
-0.437598,5.25,0.884351
-0.437598,5.75,0.895664
-0.437598,6.25,0.76949
-0.437598,6.75,0.603805
-0.437598,7.25,0.450519
-0.437598,7.75,0.326122
-0.437598,8.25,0.231228
-0.437598,8.75,0.161557
-0.437598,9.25,0.111331
-0.437598,9.75,0.0758856
-0.437598,10.25,0.0512615
-0.437598,10.75,0.0342895
-0.437598,11.25,0.022666
-0.437598,11.75,0.0147771
-0.437598,12.25,0.00946939
-0.437598,12.75,0.00594277
-0.437598,13.25,0.00363993
-0.437598,13.75,0.00217441
-0.437598,14.25,0.00127581
-0.437598,14.75,0.000757014
-0.437598,15.25,0.000488963
-0.437598,15.75,0.000382966
-0.437598,16.25,0.000378395
-0.437598,16.75,0.000434162
-0.437598,17.25,0.0005227
-0.437598,17.75,0.000625806
-0.437598,18.25,0.000731148
-0.437598,18.75,0.000831806
-0.437598,19.25,0.000923537
-0.437598,19.75,0.0010041
-0.437598,20.25,0.001073
-0.437598,20.75,0.0011301
-0.412603,1.25,17.3037
-0.412603,1.75,19.1268
-0.412603,2.25,1.49572
-0.412603,2.75,7.27179
-0.412603,3.25,1.80129
-0.412603,3.75,0.144231
-0.412603,4.25,0.755796
-0.412603,4.75,1.24074
-0.412603,5.25,1.26747
-0.412603,5.75,1.05718
-0.412603,6.25,0.793148
-0.412603,6.75,0.559195
-0.412603,7.25,0.380022
-0.412603,7.75,0.251992
-0.412603,8.25,0.163734
-0.412603,8.75,0.104494
-0.412603,9.25,0.0653787
-0.412603,9.75,0.0400632
-0.412603,10.25,0.0239871
-0.412603,10.75,0.0139687
-0.412603,11.25,0.00787954
-0.412603,11.75,0.00431625
-0.412603,12.25,0.00235227
-0.412603,12.75,0.00138427
-0.412603,13.25,0.00102038
-0.412603,13.75,0.00100828
-0.412603,14.25,0.00118724
-0.412603,14.75,0.00145663
-0.412603,15.25,0.00175489
-0.412603,15.75,0.0020458
-0.412603,16.25,0.00230889
-0.412603,16.75,0.00253466
-0.412603,17.25,0.00271982
-0.412603,17.75,0.00286476
-0.412603,18.25,0.00296995
-0.412603,18.75,0.0030409
-0.412603,19.25,0.0030819
-0.412603,19.75,0.00309711
-0.412603,20.25,0.00309122
-0.412603,20.75,0.0030676
-0.387607,1.25,47.6551
-0.387607,1.75,19.555
-0.387607,2.25,6.99519
-0.387607,2.75,6.09188
-0.387607,3.25,0.473777
-0.387607,3.75,0.776929
-0.387607,4.25,1.66751
-0.387607,4.75,1.77311
-0.387607,5.25,1.43905
-0.387607,5.75,1.02412
-0.387607,6.25,0.675844
-0.387607,6.75,0.424711
-0.387607,7.25,0.257787
-0.387607,7.75,0.15182
-0.387607,8.25,0.086531
-0.387607,8.75,0.0475449
-0.387607,9.25,0.0250179
-0.387607,9.75,0.0125987
-0.387607,10.25,0.00622659
-0.387607,10.75,0.00336773
-0.387607,11.25,0.00247632
-0.387607,11.75,0.00262375
-0.387607,12.25,0.0032619
-0.387607,12.75,0.00407672
-0.387607,13.25,0.00489585
-0.387607,13.75,0.00563003
-0.387607,14.25,0.00624035
-0.387607,14.75,0.0067163
-0.387607,15.25,0.00706234
-0.387607,15.75,0.00729081
-0.387607,16.25,0.0074146
-0.387607,16.75,0.00745184
-0.387607,17.25,0.00741855
-0.387607,17.75,0.00732862
-0.387607,18.25,0.00718989
-0.387607,18.75,0.00701706
-0.387607,19.25,0.00681921
-0.387607,19.75,0.00660357
-0.387607,20.25,0.00637653
-0.387607,20.75,0.00614267
-0.362611,1.25,27.9524
-0.362611,1.75,8.1337
-0.362611,2.25,12.4654
-0.362611,2.75,2.96281
-0.362611,3.25,0.571487
-0.362611,3.75,2.07084
-0.362611,4.25,2.45234
-0.362611,4.75,1.96725
-0.362611,5.25,1.32343
-0.362611,5.75,0.808274
-0.362611,6.25,0.462388
-0.362611,6.75,0.250863
-0.362611,7.25,0.129248
-0.362611,7.75,0.0628426
-0.362611,8.25,0.0286549
-0.362611,8.75,0.0126793
-0.362611,9.25,0.00654176
-0.362611,9.75,0.00541576
-0.362611,10.25,0.00659917
-0.362611,10.75,0.00863297
-0.362611,11.25,0.0107703
-0.362611,11.75,0.0126599
-0.362611,12.25,0.0141645
-0.362611,12.75,0.0152625
-0.362611,13.25,0.0159875
-0.362611,13.75,0.0163835
-0.362611,14.25,0.0165081
-0.362611,14.75,0.016417
-0.362611,15.25,0.0161583
-0.362611,15.75,0.0157737
-0.362611,16.25,0.0152903
-0.362611,16.75,0.0147428
-0.362611,17.25,0.0141557
-0.362611,17.75,0.0135464
-0.362611,18.25,0.0129221
-0.362611,18.75,0.0122999
-0.362611,19.25,0.0116878
-0.362611,19.75,0.0110914
-0.362611,20.25,0.0105137
-0.362611,20.75,0.00995769
-0.337616,1.25,10.352
-0.337616,1.75,3.61837
-0.337616,2.25,12.55
-0.337616,2.75,0.809169
-0.337616,3.25,2.10417
-0.337616,3.75,3.24755
-0.337616,4.25,2.67032
-0.337616,4.75,1.70464
-0.337616,5.25,0.950899
-0.337616,5.75,0.483532
-0.337616,6.25,0.225909
-0.337616,6.75,0.0963985
-0.337616,7.25,0.037701
-0.337616,7.75,0.0155223
-0.337616,8.25,0.0108339
-0.337616,8.75,0.0136103
-0.337616,9.25,0.0188025
-0.337616,9.75,0.0240545
-0.337616,10.25,0.028398
-0.337616,10.75,0.0315511
-0.337616,11.25,0.033557
-0.337616,11.75,0.034574
-0.337616,12.25,0.0348016
-0.337616,12.75,0.0344353
-0.337616,13.25,0.0336445
-0.337616,13.75,0.0325429
-0.337616,14.25,0.0312356
-0.337616,14.75,0.0298041
-0.337616,15.25,0.028307
-0.337616,15.75,0.0267891
-0.337616,16.25,0.0252664
-0.337616,16.75,0.023777
-0.337616,17.25,0.0223408
-0.337616,17.75,0.0209677
-0.337616,18.25,0.0196587
-0.337616,18.75,0.0184216
-0.337616,19.25,0.0172575
-0.337616,19.75,0.0161651
-0.337616,20.25,0.0151421
-0.337616,20.75,0.0141858
-0.31262,1.25,42.2561
-0.31262,1.75,14.4333
-0.31262,2.25,6.87834
-0.31262,2.75,1.33437
-0.31262,3.25,4.08757
-0.31262,3.75,3.79361
-0.31262,4.25,2.38706
-0.31262,4.75,1.24267
-0.31262,5.25,0.569043
-0.31262,5.75,0.231149
-0.31262,6.25,0.0824163
-0.31262,6.75,0.0284522
-0.31262,7.25,0.0173197
-0.31262,7.75,0.0230234
-0.31262,8.25,0.0333894
-0.31262,8.75,0.0432475
-0.31262,9.25,0.050785
-0.31262,9.75,0.0557014
-0.31262,10.25,0.0582927
-0.31262,10.75,0.0590295
-0.31262,11.25,0.0583909
-0.31262,11.75,0.056768
-0.31262,12.25,0.0545036
-0.31262,12.75,0.0518523
-0.31262,13.25,0.0490025
-0.31262,13.75,0.0460698
-0.31262,14.25,0.0431465
-0.31262,14.75,0.0402964
-0.31262,15.25,0.0375573
-0.31262,15.75,0.0349541
-0.31262,16.25,0.0324733
-0.31262,16.75,0.0301459
-0.31262,17.25,0.0279784
-0.31262,17.75,0.0259666
-0.31262,18.25,0.024108
-0.31262,18.75,0.0223901
-0.31262,19.25,0.0208039
-0.31262,19.75,0.0193405
-0.31262,20.25,0.0179954
-0.31262,20.75,0.0167577
-0.287624,1.25,49.9651
-0.287624,1.75,24.7411
-0.287624,2.25,1.74601
-0.287624,2.75,4.24436
-0.287624,3.25,5.41409
-0.287624,3.75,3.46674
-0.287624,4.25,1.68547
-0.287624,4.75,0.683718
-0.287624,5.25,0.232862
-0.287624,5.75,0.0673593
-0.287624,6.25,0.0276542
-0.287624,6.75,0.0351531
-0.287624,7.25,0.0552034
-0.287624,7.75,0.0742197
-0.287624,8.25,0.087917
-0.287624,8.75,0.095915
-0.287624,9.25,0.0991614
-0.287624,9.75,0.0988925
-0.287624,10.25,0.0962269
-0.287624,10.75,0.0920277
-0.287624,11.25,0.0869331
-0.287624,11.75,0.081362
-0.287624,12.25,0.0756705
-0.287624,12.75,0.0700651
-0.287624,13.25,0.0646761
-0.287624,13.75,0.0595756
-0.287624,14.25,0.0548042
-0.287624,14.75,0.0503784
-0.287624,15.25,0.0462952
-0.287624,15.75,0.0425441
-0.287624,16.25,0.0390693
-0.287624,16.75,0.0358885
-0.287624,17.25,0.0329894
-0.287624,17.75,0.0303489
-0.287624,18.25,0.0279612
-0.287624,18.75,0.0257868
-0.287624,19.25,0.0238051
-0.287624,19.75,0.0219983
-0.287624,20.25,0.0203601
-0.287624,20.75,0.01887
-0.262629,1.25,15.1236
-0.262629,1.75,19.2737
-0.262629,2.25,2.37373
-0.262629,2.75,7.30293
-0.262629,3.25,5.21653
-0.262629,3.75,2.37215
-0.262629,4.25,0.83267
-0.262629,4.75,0.225009
-0.262629,5.25,0.0550979
-0.262629,5.75,0.0483954
-0.262629,6.25,0.0860045
-0.262629,6.75,0.124522
-0.262629,7.25,0.151458
-0.262629,7.75,0.165709
-0.262629,8.25,0.169816
-0.262629,8.75,0.166915
-0.262629,9.25,0.159616
-0.262629,9.75,0.149863
-0.262629,10.25,0.13901
-0.262629,10.75,0.127887
-0.262629,11.25,0.116987
-0.262629,11.75,0.10655
-0.262629,12.25,0.096822
-0.262629,12.75,0.0878612
-0.262629,13.25,0.0796726
-0.262629,13.75,0.072248
-0.262629,14.25,0.0655433
-0.262629,14.75,0.059505
-0.262629,15.25,0.0540739
-0.262629,15.75,0.0491927
-0.262629,16.25,0.0447547
-0.262629,16.75,0.04076
-0.262629,17.25,0.0371738
-0.262629,17.75,0.0339517
-0.262629,18.25,0.031085
-0.262629,18.75,0.0285029
-0.262629,19.25,0.0261724
-0.262629,19.75,0.0240663
-0.262629,20.25,0.0221774
-0.262629,20.75,0.0204749
-0.237633,1.25,16.7811
-0.237633,1.75,5.92325
-0.237633,2.25,7.76621
-0.237633,2.75,8.06815
-0.237633,3.25,3.61343
-0.237633,3.75,1.08995
-0.237633,4.25,0.224925
-0.237633,4.75,0.0608161
-0.237633,5.25,0.10897
-0.237633,5.75,0.187462
-0.237633,6.25,0.244518
-0.237633,6.75,0.274048
-0.237633,7.25,0.281701
-0.237633,7.75,0.274695
-0.237633,8.25,0.259002
-0.237633,8.75,0.239048
-0.237633,9.25,0.217711
-0.237633,9.75,0.196612
-0.237633,10.25,0.176659
-0.237633,10.75,0.158266
-0.237633,11.25,0.141568
-0.237633,11.75,0.126502
-0.237633,12.25,0.113073
-0.237633,12.75,0.101133
-0.237633,13.25,0.0905252
-0.237633,13.75,0.0811494
-0.237633,14.25,0.0728612
-0.237633,14.75,0.065526
-0.237633,15.25,0.059038
-0.237633,15.75,0.0532928
-0.237633,16.25,0.0481432
-0.237633,16.75,0.0435631
-0.237633,17.25,0.0394947
-0.237633,17.75,0.035874
-0.237633,18.25,0.0326859
-0.237633,18.75,0.0298368
-0.237633,19.25,0.0272837
-0.237633,19.75,0.0249914
-0.237633,20.25,0.0229479
-0.237633,20.75,0.0211163
-0.212637,1.25,47.2265
-0.212637,1.75,3.01156
-0.212637,2.25,12.2395
-0.212637,2.75,6.11096
-0.212637,3.25,1.62949
-0.212637,3.75,0.25066
-0.212637,4.25,0.0949903
-0.212637,4.75,0.228084
-0.212637,5.25,0.359036
-0.212637,5.75,0.431272
-0.212637,6.25,0.452209
-0.212637,6.75,0.440637
-0.212637,7.25,0.411586
-0.212637,7.75,0.374736
-0.212637,8.25,0.335286
-0.212637,8.75,0.29692
-0.212637,9.25,0.261747
-0.212637,9.75,0.230229
-0.212637,10.25,0.20233
-0.212637,10.75,0.17786
-0.212637,11.25,0.15654
-0.212637,11.75,0.137987
-0.212637,12.25,0.121886
-0.212637,12.75,0.107876
-0.212637,13.25,0.095644
-0.212637,13.75,0.0850126
-0.212637,14.25,0.0757428
-0.212637,14.75,0.0676232
-0.212637,15.25,0.060526
-0.212637,15.75,0.0543074
-0.212637,16.25,0.0488001
-0.212637,16.75,0.0439455
-0.212637,17.25,0.0396654
-0.212637,17.75,0.0358824
-0.212637,18.25,0.0325713
-0.212637,18.75,0.0296293
-0.212637,19.25,0.0270068
-0.212637,19.75,0.0246637
-0.212637,20.25,0.0225793
-0.212637,20.75,0.0207164
-0.187642,1.25,33.0932
-0.187642,1.75,13.193
-0.187642,2.25,11.2404
-0.187642,2.75,2.79552
-0.187642,3.25,0.309349
-0.187642,3.75,0.175343
-0.187642,4.25,0.452524
-0.187642,4.75,0.650767
-0.187642,5.25,0.724813
-0.187642,5.75,0.715882
-0.187642,6.25,0.663068
-0.187642,6.75,0.592755
-0.187642,7.25,0.520137
-0.187642,7.75,0.452043
-0.187642,8.25,0.389805
-0.187642,8.75,0.335011
-0.187642,9.25,0.288337
-0.187642,9.75,0.248694
-0.187642,10.25,0.214925
-0.187642,10.75,0.186203
-0.187642,11.25,0.16184
-0.187642,11.75,0.141162
-0.187642,12.25,0.123544
-0.187642,12.75,0.108443
-0.187642,13.25,0.0954209
-0.187642,13.75,0.0842409
-0.187642,14.25,0.0745906
-0.187642,14.75,0.0662002
-0.187642,15.25,0.0589323
-0.187642,15.75,0.0526161
-0.187642,16.25,0.0470758
-0.187642,16.75,0.0422265
-0.187642,17.25,0.037976
-0.187642,17.75,0.0342394
-0.187642,18.25,0.0309847
-0.187642,18.75,0.0281059
-0.187642,19.25,0.0255504
-0.187642,19.75,0.0232761
-0.187642,20.25,0.0212559
-0.187642,20.75,0.019454
-0.162646,1.25,4.43007
-0.162646,1.75,20.4863
-0.162646,2.25,5.72005
-0.162646,2.75,0.457423
-0.162646,3.25,0.331035
-0.162646,3.75,0.856819
-0.162646,4.25,1.1349
-0.162646,4.75,1.17459
-0.162646,5.25,1.09187
-0.162646,5.75,0.962694
-0.162646,6.25,0.82465
-0.162646,6.75,0.695816
-0.162646,7.25,0.584561
-0.162646,7.75,0.491477
-0.162646,8.25,0.412513
-0.162646,8.75,0.346666
-0.162646,9.25,0.29304
-0.162646,9.75,0.249025
-0.162646,10.25,0.21246
-0.162646,10.75,0.181998
-0.162646,11.25,0.156642
-0.162646,11.75,0.135508
-0.162646,12.25,0.117742
-0.162646,12.75,0.10268
-0.162646,13.25,0.0898055
-0.162646,13.75,0.0788543
-0.162646,14.25,0.0694728
-0.162646,14.75,0.0613592
-0.162646,15.25,0.0543808
-0.162646,15.75,0.048355
-0.162646,16.25,0.0431107
-0.162646,16.75,0.0385462
-0.162646,17.25,0.0345639
-0.162646,17.75,0.031078
-0.162646,18.25,0.0280535
-0.162646,18.75,0.0253879
-0.162646,19.25,0.0230296
-0.162646,19.75,0.0209374
-0.162646,20.25,0.0190805
-0.162646,20.75,0.0174267
-0.137651,1.25,20.3021
-0.137651,1.75,14.1406
-0.137651,2.25,0.920124
-0.137651,2.75,0.600487
-0.137651,3.25,1.5671
-0.137651,3.75,1.92245
-0.137651,4.25,1.84811
-0.137651,4.75,1.6095
-0.137651,5.25,1.34354
-0.137651,5.75,1.10112
-0.137651,6.25,0.895175
-0.137651,6.75,0.725686
-0.137651,7.25,0.590976
-0.137651,7.75,0.484799
-0.137651,8.25,0.398712
-0.137651,8.75,0.329393
-0.137651,9.25,0.274728
-0.137651,9.75,0.230936
-0.137651,10.25,0.195137
-0.137651,10.75,0.165715
-0.137651,11.25,0.141552
-0.137651,11.75,0.121637
-0.137651,12.25,0.105065
-0.137651,12.75,0.0911464
-0.137651,13.25,0.0793512
-0.137651,13.75,0.0693876
-0.137651,14.25,0.0609033
-0.137651,14.75,0.0536034
-0.137651,15.25,0.0473567
-0.137651,15.75,0.0419876
-0.137651,16.25,0.037346
-0.137651,16.75,0.0333227
-0.137651,17.25,0.0298238
-0.137651,17.75,0.0267697
-0.137651,18.25,0.0241174
-0.137651,18.75,0.0217859
-0.137651,19.25,0.0197286
-0.137651,19.75,0.0179078
-0.137651,20.25,0.0162933
-0.137651,20.75,0.0148573
-0.112655,1.25,37.8075
-0.112655,1.75,2.94928
-0.112655,2.25,1.00038
-0.112655,2.75,2.85489
-0.112655,3.25,3.20814
-0.112655,3.75,2.83808
-0.112655,4.25,2.30211
-0.112655,4.75,1.80743
-0.112655,5.25,1.40641
-0.112655,5.75,1.09635
-0.112655,6.25,0.859757
-0.112655,6.75,0.677688
-0.112655,7.25,0.539638
-0.112655,7.75,0.434516
-0.112655,8.25,0.351858
-0.112655,8.75,0.286906
-0.112655,9.25,0.236954
-0.112655,9.75,0.197653
-0.112655,10.25,0.165843
-0.112655,10.75,0.139919
-0.112655,11.25,0.118833
-0.112655,11.75,0.101551
-0.112655,12.25,0.0872851
-0.112655,12.75,0.0754036
-0.112655,13.25,0.0654242
-0.112655,13.75,0.0570367
-0.112655,14.25,0.0499297
-0.112655,14.75,0.0438467
-0.112655,15.25,0.0386592
-0.112655,15.75,0.0342142
-0.112655,16.25,0.0303938
-0.112655,16.75,0.0270919
-0.112655,17.25,0.0242256
-0.112655,17.75,0.0217278
-0.112655,18.25,0.0195467
-0.112655,18.75,0.0176324
-0.112655,19.25,0.0159466
-0.112655,19.75,0.0144574
-0.112655,20.25,0.0131383
-0.112655,20.75,0.0119664
-0.0876593,1.25,15.5147
-0.0876593,1.75,1.43252
-0.0876593,2.25,5.33533
-0.0876593,2.75,5.4929
-0.0876593,3.25,4.34653
-0.0876593,3.75,3.2236
-0.0876593,4.25,2.35777
-0.0876593,4.75,1.7299
-0.0876593,5.25,1.28273
-0.0876593,5.75,0.965174
-0.0876593,6.25,0.737716
-0.0876593,6.75,0.569751
-0.0876593,7.25,0.446223
-0.0876593,7.75,0.354295
-0.0876593,8.25,0.283528
-0.0876593,8.75,0.228875
-0.0876593,9.25,0.18765
-0.0876593,9.75,0.155654
-0.0876593,10.25,0.129922
-0.0876593,10.75,0.109067
-0.0876593,11.25,0.0922256
-0.0876593,11.75,0.0784714
-0.0876593,12.25,0.0671866
-0.0876593,12.75,0.0578506
-0.0876593,13.25,0.0500664
-0.0876593,13.75,0.0435486
-0.0876593,14.25,0.0380466
-0.0876593,14.75,0.0333568
-0.0876593,15.25,0.0293675
-0.0876593,15.75,0.025957
-0.0876593,16.25,0.0230403
-0.0876593,16.75,0.0205252
-0.0876593,17.25,0.0183445
-0.0876593,17.75,0.0164463
-0.0876593,18.25,0.0147788
-0.0876593,18.75,0.013317
-0.0876593,19.25,0.0120317
-0.0876593,19.75,0.0108979
-0.0876593,20.25,0.00989431
-0.0876593,20.75,0.00900345
-0.0626636,1.25,0.949662
-0.0626636,1.75,10.0975
-0.0626636,2.25,9.47765
-0.0626636,2.75,6.62264
-0.0626636,3.25,4.36592
-0.0626636,3.75,2.91711
-0.0626636,4.25,1.99974
-0.0626636,4.75,1.40404
-0.0626636,5.25,1.00795
-0.0626636,5.75,0.74032
-0.0626636,6.25,0.556135
-0.0626636,6.75,0.42354
-0.0626636,7.25,0.327902
-0.0626636,7.75,0.25777
-0.0626636,8.25,0.204542
-0.0626636,8.75,0.163917
-0.0626636,9.25,0.133728
-0.0626636,9.75,0.11053
-0.0626636,10.25,0.0919371
-0.0626636,10.75,0.0769119
-0.0626636,11.25,0.0648369
-0.0626636,11.75,0.0549929
-0.0626636,12.25,0.0469516
-0.0626636,12.75,0.0403326
-0.0626636,13.25,0.0348461
-0.0626636,13.75,0.030264
-0.0626636,14.25,0.0264063
-0.0626636,14.75,0.0231282
-0.0626636,15.25,0.0203443
-0.0626636,15.75,0.0179679
-0.0626636,16.25,0.0159441
-0.0626636,16.75,0.0142017
-0.0626636,17.25,0.0126918
-0.0626636,17.75,0.0113782
-0.0626636,18.25,0.0102169
-0.0626636,18.75,0.00919953
-0.0626636,19.25,0.00830592
-0.0626636,19.75,0.00751846
-0.0626636,20.25,0.00682157
-0.0626636,20.75,0.00620328
-0.037668,1.25,17.6512
-0.037668,1.75,15.9478
-0.037668,2.25,9.55202
-0.037668,2.75,5.55201
-0.037668,3.25,3.31942
-0.037668,3.75,2.0896
-0.037668,4.25,1.37868
-0.037668,4.75,0.942855
-0.037668,5.25,0.663454
-0.037668,5.75,0.479687
-0.037668,6.25,0.35628
-0.037668,6.75,0.269105
-0.037668,7.25,0.206883
-0.037668,7.75,0.161539
-0.037668,8.25,0.127523
-0.037668,8.75,0.101785
-0.037668,9.25,0.0827574
-0.037668,9.75,0.0682031
-0.037668,10.25,0.056594
-0.037668,10.75,0.0472511
-0.037668,11.25,0.0397641
-0.037668,11.75,0.0336685
-0.037668,12.25,0.0287014
-0.037668,12.75,0.0246209
-0.037668,13.25,0.0212436
-0.037668,13.75,0.0184283
-0.037668,14.25,0.0160633
-0.037668,14.75,0.0140601
-0.037668,15.25,0.0123606
-0.037668,15.75,0.0109112
-0.037668,16.25,0.00967814
-0.037668,16.75,0.00861727
-0.037668,17.25,0.00769864
-0.037668,17.75,0.00689988
-0.037668,18.25,0.00619311
-0.037668,18.75,0.00557423
-0.037668,19.25,0.00503099
-0.037668,19.75,0.00455255
-0.037668,20.25,0.00412914
-0.037668,20.75,0.00375355
-0.0126724,1.25,29.9181
-0.0126724,1.75,14.2929
-0.0126724,2.25,6.94101
-0.0126724,2.75,3.66447
-0.0126724,3.25,2.07793
-0.0126724,3.75,1.26435
-0.0126724,4.25,0.815422
-0.0126724,4.75,0.548981
-0.0126724,5.25,0.38147
-0.0126724,5.75,0.272812
-0.0126724,6.25,0.200983
-0.0126724,6.75,0.151102
-0.0126724,7.25,0.115672
-0.0126724,7.75,0.0898671
-0.0126724,8.25,0.0707275
-0.0126724,8.75,0.0563523
-0.0126724,9.25,0.0456913
-0.0126724,9.75,0.0375413
-0.0126724,10.25,0.0310883
-0.0126724,10.75,0.0259274
-0.0126724,11.25,0.0217986
-0.0126724,11.75,0.0184426
-0.0126724,12.25,0.0157113
-0.0126724,12.75,0.0134662
-0.0126724,13.25,0.0116038
-0.0126724,13.75,0.0100538
-0.0126724,14.25,0.00875465
-0.0126724,14.75,0.00765828
-0.0126724,15.25,0.00672896
-0.0126724,15.75,0.00593699
-0.0126724,16.25,0.00526183
-0.0126724,16.75,0.00468114
-0.0126724,17.25,0.00417881
-0.0126724,17.75,0.00374244
-0.0126724,18.25,0.00335825
-0.0126724,18.75,0.00302206
-0.0126724,19.25,0.00272706
-0.0126724,19.75,0.00246732
-0.0126724,20.25,0.00223746
-0.0126724,20.75,0.00203357
