-0.987807,1.2439,6.5058
-0.987807,1.73171,4.51432
-0.987807,2.21951,1.10461
-0.987807,2.70732,0.819917
-0.987807,3.19512,0.08766
-0.987807,3.68293,0.531767
-0.987807,4.17073,0.098517
-0.987807,4.65854,0.0395374
-0.987807,5.14634,0.121574
-0.987807,5.63415,0.0727207
-0.987807,6.12195,0.0147551
-0.987807,6.60976,0.000319657
-0.987807,7.09756,0.0109109
-0.987807,7.58537,0.0237894
-0.987807,8.07317,0.0299025
-0.987807,8.56098,0.0291921
-0.987807,9.04878,0.0245866
-0.987807,9.53659,0.0187113
-0.987807,10.0244,0.0131289
-0.987807,10.5122,0.00855436
-0.987807,11,0.00516563
-0.987807,11.4878,0.00284576
-0.987807,11.9756,0.00138021
-0.987807,12.4634,0.000542568
-0.987807,12.9512,0.000136121
-0.987807,13.439,7.12761e-06
-0.987807,13.9268,4.4706e-05
-0.987807,14.4146,0.00017209
-0.987807,14.9024,0.000338543
-0.987807,15.3902,0.000512141
-0.987807,15.878,0.000673984
-0.987807,16.3659,0.000811537
-0.987807,16.8537,0.000922725
-0.987807,17.3415,0.00100725
-0.987807,17.8293,0.00106678
-0.987807,18.3171,0.00110341
-0.987807,18.8049,0.00112104
-0.987807,19.2927,0.00112288
-0.987807,19.7805,0.00111196
-0.987807,20.2683,0.00109299
-0.987807,20.7561,0.00106723
-0.963421,1.2439,3.02987
-0.963421,1.73171,0.06408
-0.963421,2.21951,1.12952
-0.963421,2.70732,1.06576
-0.963421,3.19512,0.638477
-0.963421,3.68293,0.20266
-0.963421,4.17073,0.0754288
-0.963421,4.65854,0.176274
-0.963421,5.14634,0.0567177
-0.963421,5.63415,0.000381028
-0.963421,6.12195,0.0164672
-0.963421,6.60976,0.0378712
-0.963421,7.09756,0.0415435
-0.963421,7.58537,0.0326175
-0.963421,8.07317,0.0204846
-0.963421,8.56098,0.010463
-0.963421,9.04878,0.00411164
-0.963421,9.53659,0.000972897
-0.963421,10.0244,2.36294e-05
-0.963421,10.5122,0.000315976
-0.963421,11,0.00116202
-0.963421,11.4878,0.00213469
-0.963421,11.9756,0.00300549
-0.963421,12.4634,0.00367796
-0.963421,12.9512,0.00413641
-0.963421,13.439,0.00439538
-0.963421,13.9268,0.00448633
-0.963421,14.4146,0.00444782
-0.963421,14.9024,0.00431446
-0.963421,15.3902,0.00411544
-0.963421,15.878,0.00387412
-0.963421,16.3659,0.0035981
-0.963421,16.8537,0.00331558
-0.963421,17.3415,0.00303643
-0.963421,17.8293,0.00276712
-0.963421,18.3171,0.00251046
-0.963421,18.8049,0.00227092
-0.963421,19.2927,0.0020496
-0.963421,19.7805,0.0018467
-0.963421,20.2683,0.00166488
-0.963421,20.7561,0.00150106
-0.939035,1.2439,5.225
-0.939035,1.73171,6.37693
-0.939035,2.21951,0.186096
-0.939035,2.70732,0.0898951
-0.939035,3.19512,1.12011
-0.939035,3.68293,0.104653
-0.939035,4.17073,0.478429
-0.939035,4.65854,0.139023
-0.939035,5.14634,0.00489104
-0.939035,5.63415,0.0527926
-0.939035,6.12195,0.0804552
-0.939035,6.60976,0.0634734
-0.939035,7.09756,0.0342131
-0.939035,7.58537,0.0127497
-0.939035,8.07317,0.00274135
-0.939035,8.56098,0.000830574
-0.939035,9.04878,0.00286516
-0.939035,9.53659,0.0059878
-0.939035,10.0244,0.00872868
-0.939035,10.5122,0.0105447
-0.939035,11,0.0114068
-0.939035,11.4878,0.0114844
-0.939035,11.9756,0.0110078
-0.939035,12.4634,0.0101915
-0.939035,12.9512,0.00920967
-0.939035,13.439,0.00816863
-0.939035,13.9268,0.00714105
-0.939035,14.4146,0.00617526
-0.939035,14.9024,0.0052949
-0.939035,15.3902,0.00450913
-0.939035,15.878,0.00381853
-0.939035,16.3659,0.0032102
-0.939035,16.8537,0.00268968
-0.939035,17.3415,0.00224741
-0.939035,17.8293,0.0018735
-0.939035,18.3171,0.00155777
-0.939035,18.8049,0.0012932
-0.939035,19.2927,0.00107207
-0.939035,19.7805,0.000887638
-0.939035,20.2683,0.000735283
-0.939035,20.7561,0.000608891
-0.914649,1.2439,7.48178
-0.914649,1.73171,3.15052
-0.914649,2.21951,2.2939
-0.914649,2.70732,1.38841
-0.914649,3.19512,0.177099
-0.914649,3.68293,0.944076
-0.914649,4.17073,0.41667
-0.914649,4.65854,0.0199494
-0.914649,5.14634,0.11924
-0.914649,5.63415,0.159842
-0.914649,6.12195,0.103281
-0.914649,6.60976,0.0416848
-0.914649,7.09756,0.00987352
-0.914649,7.58537,0.00251931
-0.914649,8.07317,0.0064297
-0.914649,8.56098,0.0125643
-0.914649,9.04878,0.0170057
-0.914649,9.53659,0.0189093
-0.914649,10.0244,0.0186991
-0.914649,10.5122,0.0171234
-0.914649,11,0.0148776
-0.914649,11.4878,0.0124361
-0.914649,11.9756,0.0100945
-0.914649,12.4634,0.00800793
-0.914649,12.9512,0.0062372
-0.914649,13.439,0.00478
-0.914649,13.9268,0.00360917
-0.914649,14.4146,0.00268785
-0.914649,14.9024,0.00197416
-0.914649,15.3902,0.00142886
-0.914649,15.878,0.00101786
-0.914649,16.3659,0.000711051
-0.914649,16.8537,0.000487201
-0.914649,17.3415,0.000326701
-0.914649,17.8293,0.000214034
-0.914649,18.3171,0.000137018
-0.914649,18.8049,8.6497e-05
-0.914649,19.2927,5.52546e-05
-0.914649,19.7805,3.78187e-05
-0.914649,20.2683,3.01121e-05
-0.914649,20.7561,2.90441e-05
-0.890263,1.2439,17.2211
-0.890263,1.73171,2.55075
-0.890263,2.21951,3.33223
-0.890263,2.70732,1.47765
-0.890263,3.19512,0.474805
-0.890263,3.68293,0.721812
-0.890263,4.17073,0.0157557
-0.890263,4.65854,0.221441
-0.890263,5.14634,0.276768
-0.890263,5.63415,0.147385
-0.890263,6.12195,0.0417851
-0.890263,6.60976,0.0043793
-0.890263,7.09756,0.00464547
-0.890263,7.58537,0.0144222
-0.890263,8.07317,0.0214218
-0.890263,8.56098,0.0232187
-0.890263,9.04878,0.0212997
-0.890263,9.53659,0.0175898
-0.890263,10.0244,0.0134743
-0.890263,10.5122,0.00971865
-0.890263,11,0.00665375
-0.890263,11.4878,0.004327
-0.890263,11.9756,0.00266059
-0.890263,12.4634,0.00152957
-0.890263,12.9512,0.000804747
-0.890263,13.439,0.000373385
-0.890263,13.9268,0.000145259
-0.890263,14.4146,5.19511e-05
-0.890263,14.9024,4.35615e-05
-0.890263,15.3902,8.50289e-05
-0.890263,15.878,0.000152414
-0.890263,16.3659,0.000229624
-0.890263,16.8537,0.000306785
-0.890263,17.3415,0.000377986
-0.890263,17.8293,0.000440028
-0.890263,18.3171,0.000491127
-0.890263,18.8049,0.000531512
-0.890263,19.2927,0.00056172
-0.890263,19.7805,0.000582669
-0.890263,20.2683,0.000595978
-0.890263,20.7561,0.000602544
-0.865877,1.2439,0.207038
-0.865877,1.73171,2.79397
-0.865877,2.21951,0.0182588
-0.865877,2.70732,0.22432
-0.865877,3.19512,0.580423
-0.865877,3.68293,0.00166554
-0.865877,4.17073,0.367999
-0.865877,4.65854,0.330328
-0.865877,5.14634,0.0978958
-0.865877,5.63415,0.00402021
-0.865877,6.12195,0.0100767
-0.865877,6.60976,0.0331861
-0.865877,7.09756,0.0429321
-0.865877,7.58537,0.0396713
-0.865877,8.07317,0.0303249
-0.865877,8.56098,0.0202456
-0.865877,9.04878,0.0121112
-0.865877,9.53659,0.0064633
-0.865877,10.0244,0.00297597
-0.865877,10.5122,0.00107638
-0.865877,11,0.000224983
-0.865877,11.4878,5.80066e-07
-0.865877,11.9756,0.000111805
-0.865877,12.4634,0.000372558
-0.865877,12.9512,0.000672386
-0.865877,13.439,0.00095166
-0.865877,13.9268,0.00118269
-0.865877,14.4146,0.00135721
-0.865877,14.9024,0.0014764
-0.865877,15.3902,0.001546
-0.865877,15.878,0.0015741
-0.865877,16.3659,0.00156839
-0.865877,16.8537,0.00153746
-0.865877,17.3415,0.00148806
-0.865877,17.8293,0.00142563
-0.865877,18.3171,0.0013534
-0.865877,18.8049,0.00127661
-0.865877,19.2927,0.001198
-0.865877,19.7805,0.00111957
-0.865877,20.2683,0.0010433
-0.865877,20.7561,0.000969886
-0.841491,1.2439,7.36151
-0.841491,1.73171,1.05621
-0.841491,2.21951,2.42054
-0.841491,2.70732,1.68008
-0.841491,3.19512,0.0985801
-0.841491,3.68293,0.442679
-0.841491,4.17073,0.173395
-0.841491,4.65854,0.0139901
-0.841491,5.14634,0.151574
-0.841491,5.63415,0.224183
-0.841491,6.12195,0.187504
-0.841491,6.60976,0.117031
-0.841491,7.09756,0.058885
-0.841491,7.58537,0.0237615
-0.841491,8.07317,0.00682661
-0.841491,8.56098,0.00087791
-0.841491,9.04878,0.000308931
-0.841491,9.53659,0.00173409
-0.841491,10.0244,0.00347311
-0.841491,10.5122,0.00483906
-0.841491,11,0.0056604
-0.841491,11.4878,0.00598347
-0.841491,11.9756,0.00592867
-0.841491,12.4634,0.00562209
-0.841491,12.9512,0.00516434
-0.841491,13.439,0.00463611
-0.841491,13.9268,0.00409181
-0.841491,14.4146,0.00356682
-0.841491,14.9024,0.00307937
-0.841491,15.3902,0.00263793
-0.841491,15.878,0.00224599
-0.841491,16.3659,0.00190316
-0.841491,16.8537,0.00160636
-0.841491,17.3415,0.00135153
-0.841491,17.8293,0.00113401
-0.841491,18.3171,0.000948289
-0.841491,18.8049,0.00079152
-0.841491,19.2927,0.000659595
-0.841491,19.7805,0.000548849
-0.841491,20.2683,0.000456152
-0.841491,20.7561,0.00037864
-0.817105,1.2439,2.63207
-0.817105,1.73171,6.63057
-0.817105,2.21951,1.5425
-0.817105,2.70732,1.77079
-0.817105,3.19512,0.50849
-0.817105,3.68293,0.677669
-0.817105,4.17073,0.0236674
-0.817105,4.65854,0.174806
-0.817105,5.14634,0.27156
-0.817105,5.63415,0.185165
-0.817105,6.12195,0.077801
-0.817105,6.60976,0.0189236
-0.817105,7.09756,0.00209927
-0.817105,7.58537,0.00561728
-0.817105,8.07317,0.0143585
-0.817105,8.56098,0.0213981
-0.817105,9.04878,0.0250158
-0.817105,9.53659,0.0256372
-0.817105,10.0244,0.0242129
-0.817105,10.5122,0.0216431
-0.817105,11,0.0186416
-0.817105,11.4878,0.0156316
-0.817105,11.9756,0.0128516
-0.817105,12.4634,0.0104118
-0.817105,12.9512,0.00833691
-0.817105,13.439,0.00661497
-0.817105,13.9268,0.00521031
-0.817105,14.4146,0.0040794
-0.817105,14.9024,0.00317697
-0.817105,15.3902,0.00246175
-0.817105,15.878,0.00189834
-0.817105,16.3659,0.00145705
-0.817105,16.8537,0.00111267
-0.817105,17.3415,0.000845036
-0.817105,17.8293,0.000637837
-0.817105,18.3171,0.000477661
-0.817105,18.8049,0.000354983
-0.817105,19.2927,0.000261514
-0.817105,19.7805,0.000190734
-0.817105,20.2683,0.00013753
-0.817105,20.7561,9.78919e-05
-0.792719,1.2439,14.6521
-0.792719,1.73171,5.2186
-0.792719,2.21951,0.300918
-0.792719,2.70732,0.888187
-0.792719,3.19512,1.12501
-0.792719,3.68293,0.37908
-0.792719,4.17073,0.0757767
-0.792719,4.65854,0.334256
-0.792719,5.14634,0.292001
-0.792719,5.63415,0.132703
-0.792719,6.12195,0.0327041
-0.792719,6.60976,0.00349584
-0.792719,7.09756,0.00924845
-0.792719,7.58537,0.0229403
-0.792719,8.07317,0.0329911
-0.792719,8.56098,0.0369309
-0.792719,9.04878,0.036178
-0.792719,9.53659,0.0327161
-0.792719,10.0244,0.028017
-0.792719,10.5122,0.0230674
-0.792719,11,0.0184814
-0.792719,11.4878,0.014502
-0.792719,11.9756,0.0111961
-0.792719,12.4634,0.00853227
-0.792719,12.9512,0.00643037
-0.792719,13.439,0.00479816
-0.792719,13.9268,0.00354653
-0.792719,14.4146,0.00259652
-0.792719,14.9024,0.00188216
-0.792719,15.3902,0.00134971
-0.792719,15.878,0.000956298
-0.792719,16.3659,0.000668481
-0.792719,16.8537,0.000459885
-0.792719,17.3415,0.000310586
-0.792719,17.8293,0.000205357
-0.792719,18.3171,0.000132564
-0.792719,18.8049,8.37424e-05
-0.792719,19.2927,5.22878e-05
-0.792719,19.7805,3.32723e-05
-0.792719,20.2683,2.30317e-05
-0.792719,20.7561,1.88651e-05
-0.768333,1.2439,12.5253
-0.768333,1.73171,1.19631
-0.768333,2.21951,1.21606
-0.768333,2.70732,0.171352
-0.768333,3.19512,1.40066
-0.768333,3.68293,0.0971551
-0.768333,4.17073,0.275635
-0.768333,4.65854,0.427956
-0.768333,5.14634,0.23381
-0.768333,5.63415,0.0629786
-0.768333,6.12195,0.00613966
-0.768333,6.60976,0.0122811
-0.768333,7.09756,0.033094
-0.768333,7.58537,0.0474383
-0.768333,8.07317,0.0518414
-0.768333,8.56098,0.0488737
-0.768333,9.04878,0.0422717
-0.768333,9.53659,0.0346287
-0.768333,10.0244,0.0272378
-0.768333,10.5122,0.0207529
-0.768333,11,0.0154472
-0.768333,11.4878,0.011273
-0.768333,11.9756,0.00808477
-0.768333,12.4634,0.00570522
-0.768333,12.9512,0.00396203
-0.768333,13.439,0.00270401
-0.768333,13.9268,0.00180955
-0.768333,14.4146,0.00118325
-0.768333,14.9024,0.000752927
-0.768333,15.3902,0.00046398
-0.768333,15.878,0.000275596
-0.768333,16.3659,0.000157878
-0.768333,16.8537,8.89364e-05
-0.768333,17.3415,5.31353e-05
-0.768333,17.8293,3.92994e-05
-0.768333,18.3171,3.94885e-05
-0.768333,18.8049,4.81931e-05
-0.768333,19.2927,6.15836e-05
-0.768333,19.7805,7.70727e-05
-0.768333,20.2683,9.29277e-05
-0.768333,20.7561,0.000108068
-0.743947,1.2439,2.58935
-0.743947,1.73171,2.14323
-0.743947,2.21951,3.28738
-0.743947,2.70732,0.451411
-0.743947,3.19512,1.09707
-0.743947,3.68293,0.0596414
-0.743947,4.17073,0.500139
-0.743947,4.65854,0.400627
-0.743947,5.14634,0.129476
-0.743947,5.63415,0.0132912
-0.743947,6.12195,0.0131527
-0.743947,6.60976,0.0435362
-0.743947,7.09756,0.0650833
-0.743947,7.58537,0.0701592
-0.743947,8.07317,0.0642049
-0.743947,8.56098,0.0531668
-0.743947,9.04878,0.0413623
-0.743947,9.53659,0.0308629
-0.743947,10.0244,0.0222322
-0.743947,10.5122,0.0155236
-0.743947,11,0.0105585
-0.743947,11.4878,0.00699569
-0.743947,11.9756,0.00450755
-0.743947,12.4634,0.00281403
-0.743947,12.9512,0.00169175
-0.743947,13.439,0.000970128
-0.743947,13.9268,0.000524476
-0.743947,14.4146,0.000265116
-0.743947,14.9024,0.000128993
-0.743947,15.3902,7.19622e-05
-0.743947,15.878,6.36467e-05
-0.743947,16.3659,8.36345e-05
-0.743947,16.8537,0.000118377
-0.743947,17.3415,0.000159146
-0.743947,17.8293,0.000200465
-0.743947,18.3171,0.000238874
-0.743947,18.8049,0.000272768
-0.743947,19.2927,0.000301352
-0.743947,19.7805,0.000324446
-0.743947,20.2683,0.00034207
-0.743947,20.7561,0.000354695
-0.719561,1.2439,11.1857
-0.719561,1.73171,6.43079
-0.719561,2.21951,3.79724
-0.719561,2.70732,1.44915
-0.719561,3.19512,0.47046
-0.719561,3.68293,0.301207
-0.719561,4.17073,0.60337
-0.719561,4.65854,0.267316
-0.719561,5.14634,0.0362416
-0.719561,5.63415,0.01037
-0.719561,6.12195,0.0525179
-0.719561,6.60976,0.0848325
-0.719561,7.09756,0.0923722
-0.719561,7.58537,0.0823387
-0.719561,8.07317,0.0655441
-0.719561,8.56098,0.0483376
-0.719561,9.04878,0.0338076
-0.719561,9.53659,0.0226865
-0.719561,10.0244,0.0146289
-0.719561,10.5122,0.00904347
-0.719561,11,0.00534346
-0.719561,11.4878,0.0029874
-0.719561,11.9756,0.00155278
-0.719561,12.4634,0.000730407
-0.719561,12.9512,0.000302586
-0.719561,13.439,0.000120598
-0.719561,13.9268,8.4479e-05
-0.719561,14.4146,0.000128871
-0.719561,14.9024,0.000212208
-0.719561,15.3902,0.000309011
-0.719561,15.878,0.000404392
-0.719561,16.3659,0.000491028
-0.719561,16.8537,0.000564496
-0.719561,17.3415,0.000623513
-0.719561,17.8293,0.000668272
-0.719561,18.3171,0.000699346
-0.719561,18.8049,0.000718796
-0.719561,19.2927,0.000728284
-0.719561,19.7805,0.000729441
-0.719561,20.2683,0.000723215
-0.719561,20.7561,0.000711262
-0.695175,1.2439,15.6637
-0.695175,1.73171,6.35008
-0.695175,2.21951,2.12124
-0.695175,2.70732,2.07439
-0.695175,3.19512,0.0564379
-0.695175,3.68293,0.641261
-0.695175,4.17073,0.530889
-0.695175,4.65854,0.114468
-0.695175,5.14634,0.00469447
-0.695175,5.63415,0.053277
-0.695175,6.12195,0.10333
-0.695175,6.60976,0.116194
-0.695175,7.09756,0.102645
-0.695175,7.58537,0.0786669
-0.695175,8.07317,0.0550668
-0.695175,8.56098,0.0359435
-0.695175,9.04878,0.0221267
-0.695175,9.53659,0.0128464
-0.695175,10.0244,0.00695891
-0.695175,10.5122,0.00343521
-0.695175,11,0.00148374
-0.695175,11.4878,0.000520262
-0.695175,11.9756,0.000146878
-0.695175,12.4634,0.000105577
-0.695175,12.9512,0.000234038
-0.695175,13.439,0.000433549
-0.695175,13.9268,0.000647251
-0.695175,14.4146,0.00084399
-0.695175,14.9024,0.00100929
-0.695175,15.3902,0.00113875
-0.695175,15.878,0.00123315
-0.695175,16.3659,0.0012989
-0.695175,16.8537,0.00133714
-0.695175,17.3415,0.00135238
-0.695175,17.8293,0.00134882
-0.695175,18.3171,0.00132957
-0.695175,18.8049,0.00129905
-0.695175,19.2927,0.00126018
-0.695175,19.7805,0.00121538
-0.695175,20.2683,0.00116535
-0.695175,20.7561,0.00111242
-0.670789,1.2439,3.61119
-0.670789,1.73171,1.90867
-0.670789,2.21951,0.273284
-0.670789,2.70732,1.69429
-0.670789,3.19512,0.160318
-0.670789,3.68293,0.812736
-0.670789,4.17073,0.306859
-0.670789,4.65854,0.0122391
-0.670789,5.14634,0.0461601
-0.670789,5.63415,0.124146
-0.670789,6.12195,0.147566
-0.670789,6.60976,0.128523
-0.670789,7.09756,0.0945764
-0.670789,7.58537,0.062066
-0.670789,8.07317,0.0372691
-0.670789,8.56098,0.0205295
-0.670789,9.04878,0.0102502
-0.670789,9.53659,0.00446153
-0.670789,10.0244,0.00154553
-0.670789,10.5122,0.000340143
-0.670789,11,8.17589e-05
-0.670789,11.4878,0.000293961
-0.670789,11.9756,0.000698766
-0.670789,12.4634,0.00114239
-0.670789,12.9512,0.00154262
-0.670789,13.439,0.00186634
-0.670789,13.9268,0.00210637
-0.670789,14.4146,0.00226529
-0.670789,14.9024,0.0023539
-0.670789,15.3902,0.00238588
-0.670789,15.878,0.00237382
-0.670789,16.3659,0.0023361
-0.670789,16.8537,0.00227299
-0.670789,17.3415,0.00219184
-0.670789,17.8293,0.00209845
-0.670789,18.3171,0.00199642
-0.670789,18.8049,0.00189075
-0.670789,19.2927,0.00178418
-0.670789,19.7805,0.00167873
-0.670789,20.2683,0.00157372
-0.670789,20.7561,0.00147157
-0.646403,1.2439,3.67735
-0.646403,1.73171,0.345596
-0.646403,2.21951,0.472712
-0.646403,2.70732,0.641716
-0.646403,3.19512,0.643467
-0.646403,3.68293,0.67979
-0.646403,4.17073,0.0808583
-0.646403,4.65854,0.0261876
-0.646403,5.14634,0.141811
-0.646403,5.63415,0.188144
-0.646403,6.12195,0.162994
-0.646403,6.60976,0.114076
-0.646403,7.09756,0.0693048
-0.646403,7.58537,0.0373324
-0.646403,8.07317,0.0176536
-0.646403,8.56098,0.00694669
-0.646403,9.04878,0.00195009
-0.646403,9.53659,0.000215434
-0.646403,10.0244,0.000152941
-0.646403,10.5122,0.00081555
-0.646403,11,0.00168515
-0.646403,11.4878,0.0025097
-0.646403,11.9756,0.0031837
-0.646403,12.4634,0.00367431
-0.646403,12.9512,0.00397666
-0.646403,13.439,0.00412387
-0.646403,13.9268,0.00415167
-0.646403,14.4146,0.00408612
-0.646403,14.9024,0.0039543
-0.646403,15.3902,0.00377964
-0.646403,15.878,0.00357941
-0.646403,16.3659,0.00337866
-0.646403,16.8537,0.00317059
-0.646403,17.3415,0.00296181
-0.646403,17.8293,0.00275685
-0.646403,18.3171,0.00255788
-0.646403,18.8049,0.00236835
-0.646403,19.2927,0.00218947
-0.646403,19.7805,0.00202182
-0.646403,20.2683,0.00186263
-0.646403,20.7561,0.00171376
-0.622017,1.2439,10.7119
-0.622017,1.73171,3.16849
-0.622017,2.21951,1.9697
-0.622017,2.70732,0.0146756
-0.622017,3.19512,1.0421
-0.622017,3.68293,0.361603
-0.622017,4.17073,0.000755278
-0.622017,4.65854,0.136766
-0.622017,5.14634,0.231441
-0.622017,5.63415,0.208813
-0.622017,6.12195,0.140857
-0.622017,6.60976,0.0788379
-0.622017,7.09756,0.0373321
-0.622017,7.58537,0.0143216
-0.622017,8.07317,0.00375871
-0.622017,8.56098,0.00028547
-0.622017,9.04878,0.000301172
-0.622017,9.53659,0.00170104
-0.622017,10.0244,0.00339122
-0.622017,10.5122,0.00486789
-0.622017,11,0.00596173
-0.622017,11.4878,0.00666519
-0.622017,11.9756,0.00703051
-0.622017,12.4634,0.00712435
-0.622017,12.9512,0.00699722
-0.622017,13.439,0.00672628
-0.622017,13.9268,0.00636882
-0.622017,14.4146,0.00596066
-0.622017,14.9024,0.0055302
-0.622017,15.3902,0.00509799
-0.622017,15.878,0.00467773
-0.622017,16.3659,0.00428842
-0.622017,16.8537,0.00392075
-0.622017,17.3415,0.0035775
-0.622017,17.8293,0.00325974
-0.622017,18.3171,0.00296724
-0.622017,18.8049,0.00269959
-0.622017,19.2927,0.00245559
-0.622017,19.7805,0.00223375
-0.622017,20.2683,0.00202979
-0.622017,20.7561,0.00184397
-0.597631,1.2439,3.86624
-0.597631,1.73171,4.20647
-0.597631,2.21951,2.49826
-0.597631,2.70732,0.36309
-0.597631,3.19512,0.963679
-0.597631,3.68293,0.0572802
-0.597631,4.17073,0.106835
-0.597631,4.65854,0.288231
-0.597631,5.14634,0.278
-0.597631,5.63415,0.181651
-0.597631,6.12195,0.0923214
-0.597631,6.60976,0.0369262
-0.597631,7.09756,0.0102701
-0.597631,7.58537,0.00102739
-0.597631,8.07317,0.000344472
-0.597631,8.56098,0.00293321
-0.597631,9.04878,0.00612867
-0.597631,9.53659,0.00881165
-0.597631,10.0244,0.0106496
-0.597631,10.5122,0.0116472
-0.597631,11,0.0119788
-0.597631,11.4878,0.0118284
-0.597631,11.9756,0.0113547
-0.597631,12.4634,0.0106812
-0.597631,12.9512,0.00987666
-0.597631,13.439,0.00902837
-0.597631,13.9268,0.00818913
-0.597631,14.4146,0.00738778
-0.597631,14.9024,0.00663883
-0.597631,15.3902,0.00594874
-0.597631,15.878,0.0053206
-0.597631,16.3659,0.00475982
-0.597631,16.8537,0.00425525
-0.597631,17.3415,0.00380328
-0.597631,17.8293,0.00339983
-0.597631,18.3171,0.00304121
-0.597631,18.8049,0.0027221
-0.597631,19.2927,0.00243839
-0.597631,19.7805,0.00218628
-0.597631,20.2683,0.00196017
-0.597631,20.7561,0.00175844
-0.573245,1.2439,0.773651
-0.573245,1.73171,1.43953
-0.573245,2.21951,1.24339
-0.573245,2.70732,1.23117
-0.573245,3.19512,0.505523
-0.573245,3.68293,0.0249853
-0.573245,4.17073,0.324459
-0.573245,4.65854,0.376334
-0.573245,5.14634,0.244792
-0.573245,5.63415,0.113838
-0.573245,6.12195,0.0374566
-0.573245,6.60976,0.00636175
-0.573245,7.09756,1.29787e-05
-0.573245,7.58537,0.00371476
-0.573245,8.07317,0.00975007
-0.573245,8.56098,0.0148882
-0.573245,9.04878,0.0182355
-0.573245,9.53659,0.0198788
-0.573245,10.0244,0.0201852
-0.573245,10.5122,0.0195421
-0.573245,11,0.0183441
-0.573245,11.4878,0.0168468
-0.573245,11.9756,0.0152347
-0.573245,12.4634,0.0136305
-0.573245,12.9512,0.012079
-0.573245,13.439,0.0106411
-0.573245,13.9268,0.00934186
-0.573245,14.4146,0.00818943
-0.573245,14.9024,0.00717367
-0.573245,15.3902,0.00628022
-0.573245,15.878,0.00549795
-0.573245,16.3659,0.00481554
-0.573245,16.8537,0.00422094
-0.573245,17.3415,0.00370344
-0.573245,17.8293,0.00325348
-0.573245,18.3171,0.00286384
-0.573245,18.8049,0.00252447
-0.573245,19.2927,0.00222869
-0.573245,19.7805,0.00197067
-0.573245,20.2683,0.00174391
-0.573245,20.7561,0.00154513
-0.548859,1.2439,7.44192
-0.548859,1.73171,0.127506
-0.548859,2.21951,0.041029
-0.548859,2.70732,1.59909
-0.548859,3.19512,0.0562716
-0.548859,3.68293,0.300119
-0.548859,4.17073,0.52729
-0.548859,4.65854,0.359795
-0.548859,5.14634,0.154107
-0.548859,5.63415,0.0407889
-0.548859,6.12195,0.00307113
-0.548859,6.60976,0.00218699
-0.548859,7.09756,0.0127437
-0.548859,7.58537,0.0232579
-0.548859,8.07317,0.0301669
-0.548859,8.56098,0.0332631
-0.548859,9.04878,0.0335255
-0.548859,9.53659,0.0320131
-0.548859,10.0244,0.0294713
-0.548859,10.5122,0.0264235
-0.548859,11,0.0233005
-0.548859,11.4878,0.0202908
-0.548859,11.9756,0.0175184
-0.548859,12.4634,0.0150485
-0.548859,12.9512,0.0128648
-0.548859,13.439,0.0109727
-0.548859,13.9268,0.0093524
-0.548859,14.4146,0.00798216
-0.548859,14.9024,0.00682261
-0.548859,15.3902,0.00583723
-0.548859,15.878,0.00500028
-0.548859,16.3659,0.00428502
-0.548859,16.8537,0.0036785
-0.548859,17.3415,0.00316374
-0.548859,17.8293,0.00272662
-0.548859,18.3171,0.00235688
-0.548859,18.8049,0.0020414
-0.548859,19.2927,0.00177174
-0.548859,19.7805,0.00154084
-0.548859,20.2683,0.00134198
-0.548859,20.7561,0.0011708
-0.524473,1.2439,3.60091
-0.524473,1.73171,3.00301
-0.524473,2.21951,0.69181
-0.524473,2.70732,1.08386
-0.524473,3.19512,0.0909942
-0.524473,3.68293,0.682858
-0.524473,4.17073,0.562035
-0.524473,4.65854,0.234724
-0.524473,5.14634,0.0512308
-0.524473,5.63415,0.00111929
-0.524473,6.12195,0.00971689
-0.524473,6.60976,0.0310899
-0.524473,7.09756,0.0475115
-0.524473,7.58537,0.0555248
-0.524473,8.07317,0.0567519
-0.524473,8.56098,0.0536224
-0.524473,9.04878,0.0483875
-0.524473,9.53659,0.04248
-0.524473,10.0244,0.0365456
-0.524473,10.5122,0.0309428
-0.524473,11,0.025974
-0.524473,11.4878,0.0216629
-0.524473,11.9756,0.0179953
-0.524473,12.4634,0.0149252
-0.524473,12.9512,0.0123512
-0.524473,13.439,0.0102196
-0.524473,13.9268,0.00846514
-0.524473,14.4146,0.00702977
-0.524473,14.9024,0.00585232
-0.524473,15.3902,0.0048818
-0.524473,15.878,0.00408079
-0.524473,16.3659,0.00341679
-0.524473,16.8537,0.00286744
-0.524473,17.3415,0.00241204
-0.524473,17.8293,0.00203378
-0.524473,18.3171,0.00171949
-0.524473,18.8049,0.00145708
-0.524473,19.2927,0.00123748
-0.524473,19.7805,0.00105327
-0.524473,20.2683,0.000898171
-0.524473,20.7561,0.000767407
-0.500087,1.2439,1.05341
-0.500087,1.73171,5.15727
-0.500087,2.21951,2.55669
-0.500087,2.70732,0.231963
-0.500087,3.19512,0.661952
-0.500087,3.68293,0.920357
-0.500087,4.17073,0.414472
-0.500087,4.65854,0.0824185
-0.500087,5.14634,0.00133127
-0.500087,5.63415,0.0250727
-0.500087,6.12195,0.0637583
-0.500087,6.60976,0.0878216
-0.500087,7.09756,0.0951333
-0.500087,7.58537,0.0911421
-0.500087,8.07317,0.0813943
-0.500087,8.56098,0.0694912
-0.500087,9.04878,0.0578676
-0.500087,9.53659,0.047563
-0.500087,10.0244,0.0386602
-0.500087,10.5122,0.031108
-0.500087,11,0.0249353
-0.500087,11.4878,0.0199329
-0.500087,11.9756,0.0159152
-0.500087,12.4634,0.012713
-0.500087,12.9512,0.0101459
-0.500087,13.439,0.00810468
-0.500087,13.9268,0.00648648
-0.500087,14.4146,0.00520608
-0.500087,14.9024,0.00418951
-0.500087,15.3902,0.00337872
-0.500087,15.878,0.00273066
-0.500087,16.3659,0.0022114
-0.500087,16.8537,0.00179449
-0.500087,17.3415,0.00145896
-0.500087,17.8293,0.00118827
-0.500087,18.3171,0.00096925
-0.500087,18.8049,0.000791806
-0.500087,19.2927,0.000647738
-0.500087,19.7805,0.000530529
-0.500087,20.2683,0.000435017
-0.500087,20.7561,0.000357026
-0.475701,1.2439,10.9119
-0.475701,1.73171,2.52023
-0.475701,2.21951,3.43545
-0.475701,2.70732,0.105674
-0.475701,3.19512,1.3115
-0.475701,3.68293,0.798654
-0.475701,4.17073,0.169991
-0.475701,4.65854,0.00523831
-0.475701,5.14634,0.0503329
-0.475701,5.63415,0.117642
-0.475701,6.12195,0.152526
-0.475701,6.60976,0.155881
-0.475701,7.09756,0.141152
-0.475701,7.58537,0.119314
-0.475701,8.07317,0.0967868
-0.475701,8.56098,0.076345
-0.475701,9.04878,0.0594349
-0.475701,9.53659,0.0460662
-0.475701,10.0244,0.0354909
-0.475701,10.5122,0.0271471
-0.475701,11,0.0207354
-0.475701,11.4878,0.0158218
-0.475701,11.9756,0.01207
-0.475701,12.4634,0.0092148
-0.475701,12.9512,0.00702608
-0.475701,13.439,0.00535868
-0.475701,13.9268,0.00409082
-0.475701,14.4146,0.00312671
-0.475701,14.9024,0.00239165
-0.475701,15.3902,0.00182956
-0.475701,15.878,0.00139917
-0.475701,16.3659,0.00106971
-0.475701,16.8537,0.000816719
-0.475701,17.3415,0.00062234
-0.475701,17.8293,0.000472925
-0.475701,18.3171,0.000357875
-0.475701,18.8049,0.000269638
-0.475701,19.2927,0.000202061
-0.475701,19.7805,0.000150419
-0.475701,20.2683,0.00011112
-0.475701,20.7561,8.13088e-05
-0.451315,1.2439,9.80768
-0.451315,1.73171,0.503454
-0.451315,2.21951,2.19532
-0.451315,2.70732,1.11865
-0.451315,3.19512,1.60972
-0.451315,3.68293,0.440272
-0.451315,4.17073,0.0230678
-0.451315,4.65854,0.0852753
-0.451315,5.14634,0.199858
-0.451315,5.63415,0.249328
-0.451315,6.12195,0.241836
-0.451315,6.60976,0.206253
-0.451315,7.09756,0.163729
-0.451315,7.58537,0.124546
-0.451315,8.07317,0.0922911
-0.451315,8.56098,0.067065
-0.451315,9.04878,0.0483771
-0.451315,9.53659,0.0348752
-0.451315,10.0244,0.025012
-0.451315,10.5122,0.0177864
-0.451315,11,0.0126063
-0.451315,11.4878,0.00889924
-0.451315,11.9756,0.0062546
-0.451315,12.4634,0.00437447
-0.451315,12.9512,0.00303364
-0.451315,13.439,0.00208612
-0.451315,13.9268,0.00142086
-0.451315,14.4146,0.000956418
-0.451315,14.9024,0.000634392
-0.451315,15.3902,0.000413257
-0.451315,15.878,0.000263537
-0.451315,16.3659,0.000164315
-0.451315,16.8537,0.000100252
-0.451315,17.3415,6.06971e-05
-0.451315,17.8293,3.80389e-05
-0.451315,18.3171,2.68297e-05
-0.451315,18.8049,2.3261e-05
-0.451315,19.2927,2.45902e-05
-0.451315,19.7805,2.88982e-05
-0.451315,20.2683,3.48803e-05
-0.451315,20.7561,4.16286e-05
-0.426929,1.2439,2.00579
-0.426929,1.73171,4.78097
-0.426929,2.21951,0.44431
-0.426929,2.70732,2.65399
-0.426929,3.19512,1.32099
-0.426929,3.68293,0.126721
-0.426929,4.17073,0.0982433
-0.426929,4.65854,0.28976
-0.426929,5.14634,0.370972
-0.426929,5.63415,0.350411
-0.426929,6.12195,0.285564
-0.426929,6.60976,0.214192
-0.426929,7.09756,0.153014
-0.426929,7.58537,0.105929
-0.426929,8.07317,0.0718646
-0.426929,8.56098,0.0479254
-0.426929,9.04878,0.0316553
-0.426929,9.53659,0.0207757
-0.426929,10.0244,0.013472
-0.426929,10.5122,0.00858274
-0.426929,11,0.00538027
-0.426929,11.4878,0.00330448
-0.426929,11.9756,0.00198033
-0.426929,12.4634,0.0011542
-0.426929,12.9512,0.000652981
-0.426929,13.439,0.000364233
-0.426929,13.9268,0.000211243
-0.426929,14.4146,0.000142928
-0.426929,14.9024,0.0001257
-0.426929,15.3902,0.000137772
-0.426929,15.878,0.000165192
-0.426929,16.3659,0.000199223
-0.426929,16.8537,0.000234416
-0.426929,17.3415,0.000267601
-0.426929,17.8293,0.000297021
-0.426929,18.3171,0.000321585
-0.426929,18.8049,0.000341364
-0.426929,19.2927,0.000356504
-0.426929,19.7805,0.000367346
-0.426929,20.2683,0.000374461
-0.426929,20.7561,0.000378263
-0.402543,1.2439,13.7839
-0.402543,1.73171,9.63735
-0.402543,2.21951,1.08196
-0.402543,2.70732,3.18642
-0.402543,3.19512,0.623293
-0.402543,3.68293,0.0852513
-0.402543,4.17073,0.379206
-0.402543,4.65854,0.540551
-0.402543,5.14634,0.509813
-0.402543,5.63415,0.401209
-0.402543,6.12195,0.286535
-0.402543,6.60976,0.192947
-0.402543,7.09756,0.125132
-0.402543,7.58537,0.0788603
-0.402543,8.07317,0.0486301
-0.402543,8.56098,0.0293205
-0.402543,9.04878,0.0173102
-0.402543,9.53659,0.00998354
-0.402543,10.0244,0.00557615
-0.402543,10.5122,0.00299204
-0.402543,11,0.0015532
-0.402543,11.4878,0.000807206
-0.402543,11.9756,0.000471699
-0.402543,12.4634,0.000370676
-0.402543,12.9512,0.00039509
-0.402543,13.439,0.0004798
-0.402543,13.9268,0.000586526
-0.402543,14.4146,0.00069425
-0.402543,14.9024,0.000791663
-0.402543,15.3902,0.000873196
-0.402543,15.878,0.000937198
-0.402543,16.3659,0.000983678
-0.402543,16.8537,0.00101448
-0.402543,17.3415,0.00103153
-0.402543,17.8293,0.00103682
-0.402543,18.3171,0.00103177
-0.402543,18.8049,0.00101889
-0.402543,19.2927,0.000999827
-0.402543,19.7805,0.00097598
-0.402543,20.2683,0.000948503
-0.402543,20.7561,0.000918423
-0.378157,1.2439,22.1243
-0.378157,1.73171,8.05885
-0.378157,2.21951,3.75476
-0.378157,2.70732,2.44008
-0.378157,3.19512,0.158874
-0.378157,3.68293,0.417869
-0.378157,4.17073,0.757397
-0.378157,4.65854,0.739827
-0.378157,5.14634,0.56533
-0.378157,5.63415,0.382789
-0.378157,6.12195,0.241412
-0.378157,6.60976,0.144976
-0.378157,7.09756,0.083809
-0.378157,7.58537,0.0466458
-0.378157,8.07317,0.0250069
-0.378157,8.56098,0.0128186
-0.378157,9.04878,0.00625806
-0.378157,9.53659,0.00294621
-0.378157,10.0244,0.00145464
-0.378157,10.5122,0.000948487
-0.378157,11,0.000946912
-0.378157,11.4878,0.00117204
-0.378157,11.9756,0.00147177
-0.378157,12.4634,0.00176786
-0.378157,12.9512,0.00202046
-0.378157,13.439,0.00221682
-0.378157,13.9268,0.00235641
-0.378157,14.4146,0.00244687
-0.378157,14.9024,0.0024945
-0.378157,15.3902,0.00250494
-0.378157,15.878,0.00248534
-0.378157,16.3659,0.00243962
-0.378157,16.8537,0.00237653
-0.378157,17.3415,0.00230088
-0.378157,17.8293,0.00221648
-0.378157,18.3171,0.00212599
-0.378157,18.8049,0.00203251
-0.378157,19.2927,0.00193796
-0.378157,19.7805,0.00184383
-0.378157,20.2683,0.00175042
-0.378157,20.7561,0.00165903
-0.353771,1.2439,8.28637
-0.353771,1.73171,2.70532
-0.353771,2.21951,5.91179
-0.353771,2.70732,1.08664
-0.353771,3.19512,0.332612
-0.353771,3.68293,0.984407
-0.353771,4.17073,1.05656
-0.353771,4.65854,0.793964
-0.353771,5.14634,0.505453
-0.353771,5.63415,0.293072
-0.353771,6.12195,0.159113
-0.353771,6.60976,0.0814455
-0.353771,7.09756,0.0391956
-0.353771,7.58537,0.0175321
-0.353771,8.07317,0.00737272
-0.353771,8.56098,0.00325553
-0.353771,9.04878,0.00214328
-0.353771,9.53659,0.00239683
-0.353771,10.0244,0.00316282
-0.353771,10.5122,0.00401008
-0.353771,11,0.00475421
-0.353771,11.4878,0.00532061
-0.353771,11.9756,0.00569988
-0.353771,12.4634,0.00591423
-0.353771,12.9512,0.00598557
-0.353771,13.439,0.00594708
-0.353771,13.9268,0.00582756
-0.353771,14.4146,0.00565842
-0.353771,14.9024,0.00545404
-0.353771,15.3902,0.0052225
-0.353771,15.878,0.00497431
-0.353771,16.3659,0.00470954
-0.353771,16.8537,0.00444486
-0.353771,17.3415,0.0041848
-0.353771,17.8293,0.00393257
-0.353771,18.3171,0.0036906
-0.353771,18.8049,0.00345981
-0.353771,19.2927,0.00324095
-0.353771,19.7805,0.00303436
-0.353771,20.2683,0.0028376
-0.353771,20.7561,0.00265202
-0.329385,1.2439,7.4209
-0.329385,1.73171,2.25845
-0.329385,2.21951,5.42907
-0.329385,2.70732,0.309705
-0.329385,3.19512,1.05937
-0.329385,3.68293,1.464
-0.329385,4.17073,1.12849
-0.329385,4.65854,0.685028
-0.329385,5.14634,0.364883
-0.329385,5.63415,0.177006
-0.329385,6.12195,0.0784754
-0.329385,6.60976,0.0314627
-0.329385,7.09756,0.011614
-0.329385,7.58537,0.00502163
-0.329385,8.07317,0.00435912
-0.329385,8.56098,0.00591741
-0.329385,9.04878,0.00798098
-0.329385,9.53659,0.0098365
-0.329385,10.0244,0.0112252
-0.329385,10.5122,0.0120844
-0.329385,11,0.0125071
-0.329385,11.4878,0.0125666
-0.329385,11.9756,0.0123552
-0.329385,12.4634,0.0119628
-0.329385,12.9512,0.011444
-0.329385,13.439,0.0108516
-0.329385,13.9268,0.010223
-0.329385,14.4146,0.00959537
-0.329385,14.9024,0.00898007
-0.329385,15.3902,0.00838046
-0.329385,15.878,0.00780325
-0.329385,16.3659,0.00723646
-0.329385,16.8537,0.00670437
-0.329385,17.3415,0.00620769
-0.329385,17.8293,0.00574627
-0.329385,18.3171,0.00532073
-0.329385,18.8049,0.00492724
-0.329385,19.2927,0.00456404
-0.329385,19.7805,0.00422923
-0.329385,20.2683,0.00391869
-0.329385,20.7561,0.00363196
-0.304999,1.2439,23.6075
-0.304999,1.73171,8.05611
-0.304999,2.21951,2.6982
-0.304999,2.70732,0.746675
-0.304999,3.19512,1.94518
-0.304999,3.68293,1.67582
-0.304999,4.17073,0.997172
-0.304999,4.65854,0.493748
-0.304999,5.14634,0.214746
-0.304999,5.63415,0.0821635
-0.304999,6.12195,0.0273506
-0.304999,6.60976,0.00946963
-0.304999,7.09756,0.00723617
-0.304999,7.58537,0.0104528
-0.304999,8.07317,0.0146867
-0.304999,8.56098,0.0182015
-0.304999,9.04878,0.0206093
-0.304999,9.53659,0.0220111
-0.304999,10.0244,0.0225219
-0.304999,10.5122,0.0222887
-0.304999,11,0.0215997
-0.304999,11.4878,0.0205857
-0.304999,11.9756,0.0193813
-0.304999,12.4634,0.0181028
-0.304999,12.9512,0.0168071
-0.304999,13.439,0.0155376
-0.304999,13.9268,0.0143211
-0.304999,14.4146,0.0131833
-0.304999,14.9024,0.0121255
-0.304999,15.3902,0.0111431
-0.304999,15.878,0.0102336
-0.304999,16.3659,0.00936821
-0.304999,16.8537,0.00857815
-0.304999,17.3415,0.00785829
-0.304999,17.8293,0.00720371
-0.304999,18.3171,0.00661257
-0.304999,18.8049,0.00607482
-0.304999,19.2927,0.0055857
-0.304999,19.7805,0.00514075
-0.304999,20.2683,0.00473526
-0.304999,20.7561,0.00436584
-0.280613,1.2439,20.6678
-0.280613,1.73171,11.8768
-0.280613,2.21951,0.651685
-0.280613,2.70732,2.16985
-0.280613,3.19512,2.49479
-0.280613,3.68293,1.50633
-0.280613,4.17073,0.692792
-0.280613,4.65854,0.26485
-0.280613,5.14634,0.0839656
-0.280613,5.63415,0.022836
-0.280613,6.12195,0.0112876
-0.280613,6.60976,0.0167198
-0.280613,7.09756,0.0255649
-0.280613,7.58537,0.032819
-0.280613,8.07317,0.0373904
-0.280613,8.56098,0.039361
-0.280613,9.04878,0.0395832
-0.280613,9.53659,0.0387816
-0.280613,10.0244,0.0371467
-0.280613,10.5122,0.0348783
-0.280613,11,0.032397
-0.280613,11.4878,0.0298102
-0.280613,11.9756,0.0272472
-0.280613,12.4634,0.0248182
-0.280613,12.9512,0.0225583
-0.280613,13.439,0.0204776
-0.280613,13.9268,0.0185763
-0.280613,14.4146,0.0168553
-0.280613,14.9024,0.0153011
-0.280613,15.3902,0.0138972
-0.280613,15.878,0.0126283
-0.280613,16.3659,0.0114433
-0.280613,16.8537,0.0103813
-0.280613,17.3415,0.0094295
-0.280613,17.8293,0.0085768
-0.280613,18.3171,0.00781841
-0.280613,18.8049,0.00713656
-0.280613,19.2927,0.00652296
-0.280613,19.7805,0.00597016
-0.280613,20.2683,0.00547328
-0.280613,20.7561,0.00502527
-0.256227,1.2439,4.79231
-0.256227,1.73171,8.2669
-0.256227,2.21951,1.3593
-0.256227,2.70732,3.50258
-0.256227,3.19512,2.32362
-0.256227,3.68293,0.994506
-0.256227,4.17073,0.323327
-0.256227,4.65854,0.078936
-0.256227,5.14634,0.0201976
-0.256227,5.63415,0.0247778
-0.256227,6.12195,0.0434322
-0.256227,6.60976,0.0596104
-0.256227,7.09756,0.0695205
-0.256227,7.58537,0.0732693
-0.256227,8.07317,0.0727551
-0.256227,8.56098,0.0692599
-0.256227,9.04878,0.0646281
-0.256227,9.53659,0.0598793
-0.256227,10.0244,0.0548691
-0.256227,10.5122,0.0496646
-0.256227,11,0.0447532
-0.256227,11.4878,0.040132
-0.256227,11.9756,0.0358761
-0.256227,12.4634,0.0320578
-0.256227,12.9512,0.0286674
-0.256227,13.439,0.0256573
-0.256227,13.9268,0.0229862
-0.256227,14.4146,0.0206178
-0.256227,14.9024,0.0185191
-0.256227,15.3902,0.0166597
-0.256227,15.878,0.0150073
-0.256227,16.3659,0.0134838
-0.256227,16.8537,0.0121372
-0.256227,17.3415,0.0109452
-0.256227,17.8293,0.00988964
-0.256227,18.3171,0.00896212
-0.256227,18.8049,0.00813585
-0.256227,19.2927,0.00739852
-0.256227,19.7805,0.0067394
-0.256227,20.2683,0.00615374
-0.256227,20.7561,0.00563023
-0.231841,1.2439,10.9182
-0.231841,1.73171,2.1568
-0.231841,2.21951,4.01196
-0.231841,2.70732,3.7652
-0.231841,3.19512,1.5958
-0.231841,3.68293,0.451693
-0.231841,4.17073,0.0848361
-0.231841,4.65854,0.0267789
-0.231841,5.14634,0.0541205
-0.231841,5.63415,0.0894391
-0.231841,6.12195,0.112643
-0.231841,6.60976,0.122721
-0.231841,7.09756,0.123242
-0.231841,7.58537,0.117343
-0.231841,8.07317,0.108297
-0.231841,8.56098,0.097592
-0.231841,9.04878,0.0872245
-0.231841,9.53659,0.0779798
-0.231841,10.0244,0.0693952
-0.231841,10.5122,0.0613295
-0.231841,11,0.0541615
-0.231841,11.4878,0.0477369
-0.231841,11.9756,0.0420409
-0.231841,12.4634,0.03708
-0.231841,12.9512,0.0327962
-0.231841,13.439,0.0290743
-0.231841,13.9268,0.0258287
-0.231841,14.4146,0.0229918
-0.231841,14.9024,0.0205098
-0.231841,15.3902,0.0183366
-0.231841,15.878,0.016426
-0.231841,16.3659,0.0146893
-0.231841,16.8537,0.0131663
-0.231841,17.3415,0.0118276
-0.231841,17.8293,0.0106494
-0.231841,18.3171,0.00961937
-0.231841,18.8049,0.00870662
-0.231841,19.2927,0.00789602
-0.231841,19.7805,0.0071746
-0.231841,20.2683,0.00653367
-0.231841,20.7561,0.00596186
-0.207455,1.2439,23.6009
-0.207455,1.73171,1.78565
-0.207455,2.21951,5.96173
-0.207455,2.70732,2.77215
-0.207455,3.19512,0.69429
-0.207455,3.68293,0.0957437
-0.207455,4.17073,0.0468931
-0.207455,4.65854,0.11427
-0.207455,5.14634,0.172202
-0.207455,5.63415,0.200918
-0.207455,6.12195,0.205951
-0.207455,6.60976,0.196841
-0.207455,7.09756,0.180709
-0.207455,7.58537,0.161444
-0.207455,8.07317,0.142063
-0.207455,8.56098,0.123464
-0.207455,9.04878,0.107116
-0.207455,9.53659,0.0932379
-0.207455,10.0244,0.0811412
-0.207455,10.5122,0.0704274
-0.207455,11,0.0612438
-0.207455,11.4878,0.0532661
-0.207455,11.9756,0.0463712
-0.207455,12.4634,0.0404864
-0.207455,12.9512,0.0355067
-0.207455,13.439,0.0312472
-0.207455,13.9268,0.0275789
-0.207455,14.4146,0.0244077
-0.207455,14.9024,0.0216601
-0.207455,15.3902,0.0192748
-0.207455,15.878,0.0171947
-0.207455,16.3659,0.0153294
-0.207455,16.8537,0.0137023
-0.207455,17.3415,0.0122788
-0.207455,17.8293,0.0110311
-0.207455,18.3171,0.009943
-0.207455,18.8049,0.00898227
-0.207455,19.2927,0.00813188
-0.207455,19.7805,0.00737731
-0.207455,20.2683,0.00670446
-0.207455,20.7561,0.00610395
-0.183069,1.2439,13.3379
-0.183069,1.73171,7.07515
-0.183069,2.21951,5.2663
-0.183069,2.70732,1.2151
-0.183069,3.19512,0.118513
-0.183069,3.68293,0.0911309
-0.183069,4.17073,0.228552
-0.183069,4.65854,0.316536
-0.183069,5.14634,0.342718
-0.183069,5.63415,0.33184
-0.183069,6.12195,0.302335
-0.183069,6.60976,0.266512
-0.183069,7.09756,0.230727
-0.183069,7.58537,0.197457
-0.183069,8.07317,0.1681
-0.183069,8.56098,0.142413
-0.183069,9.04878,0.120921
-0.183069,9.53659,0.103137
-0.183069,10.0244,0.0882248
-0.183069,10.5122,0.0755212
-0.183069,11,0.0648932
-0.183069,11.4878,0.0558577
-0.183069,11.9756,0.0481883
-0.183069,12.4634,0.0417378
-0.183069,12.9512,0.0363629
-0.183069,13.439,0.0318188
-0.183069,13.9268,0.0279414
-0.183069,14.4146,0.024617
-0.183069,14.9024,0.0217576
-0.183069,15.3902,0.0192913
-0.183069,15.878,0.0171537
-0.183069,16.3659,0.0152587
-0.183069,16.8537,0.0136121
-0.183069,17.3415,0.0121766
-0.183069,17.8293,0.0109221
-0.183069,18.3171,0.00982966
-0.183069,18.8049,0.00886772
-0.183069,19.2927,0.00801833
-0.183069,19.7805,0.00726632
-0.183069,20.2683,0.00659291
-0.183069,20.7561,0.00599135
-0.158683,1.2439,1.66026
-0.158683,1.73171,10.162
-0.158683,2.21951,2.56131
-0.158683,2.70732,0.172072
-0.158683,3.19512,0.175581
-0.158683,3.68293,0.435407
-0.158683,4.17073,0.560224
-0.158683,4.65854,0.567557
-0.158683,5.14634,0.516502
-0.158683,5.63415,0.448294
-0.158683,6.12195,0.37904
-0.158683,6.60976,0.316538
-0.158683,7.09756,0.263098
-0.158683,7.58537,0.218447
-0.158683,8.07317,0.181618
-0.158683,8.56098,0.151074
-0.158683,9.04878,0.126252
-0.158683,9.53659,0.105998
-0.158683,10.0244,0.0894583
-0.158683,10.5122,0.0757575
-0.158683,11,0.0644916
-0.158683,11.4878,0.0550624
-0.158683,11.9756,0.0471644
-0.158683,12.4634,0.0405937
-0.158683,12.9512,0.0351849
-0.158683,13.439,0.030653
-0.158683,13.9268,0.0268128
-0.158683,14.4146,0.0235407
-0.158683,14.9024,0.0207417
-0.158683,15.3902,0.0183393
-0.158683,15.878,0.016267
-0.158683,16.3659,0.0144478
-0.158683,16.8537,0.0128714
-0.158683,17.3415,0.0115006
-0.158683,17.8293,0.0103051
-0.158683,18.3171,0.00926486
-0.158683,18.8049,0.00835063
-0.158683,19.2927,0.00754478
-0.158683,19.7805,0.00683244
-0.158683,20.2683,0.00619156
-0.158683,20.7561,0.00561825
-0.134297,1.2439,11.3899
-0.134297,1.73171,6.60504
-0.134297,2.21951,0.349129
-0.134297,2.70732,0.315625
-0.134297,3.19512,0.800809
-0.134297,3.68293,0.95607
-0.134297,4.17073,0.905701
-0.134297,4.65854,0.777845
-0.134297,5.14634,0.638204
-0.134297,5.63415,0.515846
-0.134297,6.12195,0.414558
-0.134297,6.60976,0.333608
-0.134297,7.09756,0.26966
-0.134297,7.58537,0.219041
-0.134297,8.07317,0.178914
-0.134297,8.56098,0.14663
-0.134297,9.04878,0.121034
-0.134297,9.53659,0.100563
-0.134297,10.0244,0.0841249
-0.134297,10.5122,0.070736
-0.134297,11,0.0598514
-0.134297,11.4878,0.0508483
-0.134297,11.9756,0.0433797
-0.134297,12.4634,0.0372076
-0.134297,12.9512,0.0321258
-0.134297,13.439,0.027884
-0.134297,13.9268,0.0243096
-0.134297,14.4146,0.0212787
-0.134297,14.9024,0.0186974
-0.134297,15.3902,0.0164908
-0.134297,15.878,0.0145952
-0.134297,16.3659,0.0129458
-0.134297,16.8537,0.0115199
-0.134297,17.3415,0.0102825
-0.134297,17.8293,0.0092053
-0.134297,18.3171,0.00826838
-0.134297,18.8049,0.00744634
-0.134297,19.2927,0.00672282
-0.134297,19.7805,0.00608412
-0.134297,20.2683,0.00551035
-0.134297,20.7561,0.00499769
-0.109911,1.2439,18.5047
-0.109911,1.73171,1.18766
-0.109911,2.21951,0.524814
-0.109911,2.70732,1.45535
-0.109911,3.19512,1.60828
-0.109911,3.68293,1.40527
-0.109911,4.17073,1.1302
-0.109911,4.65854,0.878325
-0.109911,5.14634,0.673774
-0.109911,5.63415,0.518476
-0.109911,6.12195,0.402001
-0.109911,6.60976,0.315239
-0.109911,7.09756,0.249968
-0.109911,7.58537,0.19984
-0.109911,8.07317,0.161085
-0.109911,8.56098,0.130454
-0.109911,9.04878,0.106664
-0.109911,9.53659,0.0880309
-0.109911,10.0244,0.073232
-0.109911,10.5122,0.0613001
-0.109911,11,0.0516722
-0.109911,11.4878,0.04378
-0.109911,11.9756,0.0372792
-0.109911,12.4634,0.0319272
-0.109911,12.9512,0.0274891
-0.109911,13.439,0.023787
-0.109911,13.9268,0.0206812
-0.109911,14.4146,0.0180573
-0.109911,14.9024,0.0158303
-0.109911,15.3902,0.0139329
-0.109911,15.878,0.0123084
-0.109911,16.3659,0.0109063
-0.109911,16.8537,0.0096963
-0.109911,17.3415,0.00864797
-0.109911,17.8293,0.00773657
-0.109911,18.3171,0.00694403
-0.109911,18.8049,0.00624956
-0.109911,19.2927,0.00563904
-0.109911,19.7805,0.00510068
-0.109911,20.2683,0.00461928
-0.109911,20.7561,0.00419022
-0.0855255,1.2439,6.71285
-0.0855255,1.73171,0.752431
-0.0855255,2.21951,2.75697
-0.0855255,2.70732,2.78777
-0.0855255,3.19512,2.17743
-0.0855255,3.68293,1.60767
-0.0855255,4.17073,1.1695
-0.0855255,4.65854,0.851161
-0.0855255,5.14634,0.62347
-0.0855255,5.63415,0.463215
-0.0855255,6.12195,0.349966
-0.0855255,6.60976,0.26939
-0.0855255,7.09756,0.210728
-0.0855255,7.58537,0.16654
-0.0855255,8.07317,0.132946
-0.0855255,8.56098,0.106699
-0.0855255,9.04878,0.0866234
-0.0855255,9.53659,0.0711565
-0.0855255,10.0244,0.0589663
-0.0855255,10.5122,0.0492098
-0.0855255,11,0.0413779
-0.0855255,11.4878,0.0350018
-0.0855255,11.9756,0.0297778
-0.0855255,12.4634,0.025487
-0.0855255,12.9512,0.0218996
-0.0855255,13.439,0.0189061
-0.0855255,13.9268,0.0164031
-0.0855255,14.4146,0.0142943
-0.0855255,14.9024,0.0125091
-0.0855255,15.3902,0.010992
-0.0855255,15.878,0.00969653
-0.0855255,16.3659,0.00858665
-0.0855255,16.8537,0.00763001
-0.0855255,17.3415,0.00680206
-0.0855255,17.8293,0.00608287
-0.0855255,18.3171,0.00545732
-0.0855255,18.8049,0.00490967
-0.0855255,19.2927,0.00442861
-0.0855255,19.7805,0.0040047
-0.0855255,20.2683,0.00362726
-0.0855255,20.7561,0.00329159
-0.0611395,1.2439,0.445203
-0.0611395,1.73171,5.17306
-0.0611395,2.21951,4.85946
-0.0611395,2.70732,3.3751
-0.0611395,3.19512,2.19513
-0.0611395,3.68293,1.46939
-0.0611395,4.17073,1.00429
-0.0611395,4.65854,0.700699
-0.0611395,5.14634,0.497832
-0.0611395,5.63415,0.36111
-0.0611395,6.12195,0.268053
-0.0611395,6.60976,0.203837
-0.0611395,7.09756,0.158088
-0.0611395,7.58537,0.12401
-0.0611395,8.07317,0.0983668
-0.0611395,8.56098,0.0784551
-0.0611395,9.04878,0.0633927
-0.0611395,9.53659,0.0519348
-0.0611395,10.0244,0.0429467
-0.0611395,10.5122,0.0357871
-0.0611395,11,0.030057
-0.0611395,11.4878,0.0254149
-0.0611395,11.9756,0.0216252
-0.0611395,12.4634,0.0185153
-0.0611395,12.9512,0.0158905
-0.0611395,13.439,0.0136969
-0.0611395,13.9268,0.011867
-0.0611395,14.4146,0.010328
-0.0611395,14.9024,0.00902739
-0.0611395,15.3902,0.00792402
-0.0611395,15.878,0.0069836
-0.0611395,16.3659,0.00618326
-0.0611395,16.8537,0.00549384
-0.0611395,17.3415,0.00489746
-0.0611395,17.8293,0.00437958
-0.0611395,18.3171,0.00392882
-0.0611395,18.8049,0.00353435
-0.0611395,19.2927,0.00318798
-0.0611395,19.7805,0.00288285
-0.0611395,20.2683,0.00261222
-0.0611395,20.7561,0.00237198
-0.0367535,1.2439,8.89342
-0.0367535,1.73171,7.96975
-0.0367535,2.21951,4.87776
-0.0367535,2.70732,2.83487
-0.0367535,3.19512,1.67253
-0.0367535,3.68293,1.05805
-0.0367535,4.17073,0.697362
-0.0367535,4.65854,0.474339
-0.0367535,5.14634,0.330647
-0.0367535,5.63415,0.236038
-0.0367535,6.12195,0.173139
-0.0367535,6.60976,0.130611
-0.0367535,7.09756,0.100744
-0.0367535,7.58537,0.0786287
-0.0367535,8.07317,0.0621313
-0.0367535,8.56098,0.0494384
-0.0367535,9.04878,0.0398607
-0.0367535,9.53659,0.0325726
-0.0367535,10.0244,0.0268776
-0.0367535,10.5122,0.0223675
-0.0367535,11,0.018766
-0.0367535,11.4878,0.0158533
-0.0367535,11.9756,0.013479
-0.0367535,12.4634,0.0115333
-0.0367535,12.9512,0.00988813
-0.0367535,13.439,0.0085139
-0.0367535,13.9268,0.00736925
-0.0367535,14.4146,0.00640926
-0.0367535,14.9024,0.00559961
-0.0367535,15.3902,0.00491328
-0.0367535,15.878,0.00432875
-0.0367535,16.3659,0.00383192
-0.0367535,16.8537,0.00340414
-0.0367535,17.3415,0.00303424
-0.0367535,17.8293,0.00271303
-0.0367535,18.3171,0.00243258
-0.0367535,18.8049,0.00218733
-0.0367535,19.2927,0.00197212
-0.0367535,19.7805,0.00178264
-0.0367535,20.2683,0.00161525
-0.0367535,20.7561,0.00146696
-0.0123675,1.2439,15.0122
-0.0123675,1.73171,7.20022
-0.0123675,2.21951,3.58976
-0.0123675,2.70732,1.89471
-0.0123675,3.19512,1.05958
-0.0123675,3.68293,0.647446
-0.0123675,4.17073,0.417533
-0.0123675,4.65854,0.279487
-0.0123675,5.14634,0.192364
-0.0123675,5.63415,0.13573
-0.0123675,6.12195,0.0986756
-0.0123675,6.60976,0.0739951
-0.0123675,7.09756,0.0568423
-0.0123675,7.58537,0.0441856
-0.0123675,8.07317,0.0348261
-0.0123675,8.56098,0.0277168
-0.0123675,9.04878,0.0223332
-0.0123675,9.53659,0.0181945
-0.0123675,10.0244,0.0149732
-0.0123675,10.5122,0.0124408
-0.0123675,11,0.0104229
-0.0123675,11.4878,0.00879034
-0.0123675,11.9756,0.00745979
-0.0123675,12.4634,0.00637187
-0.0123675,12.9512,0.0054565
-0.0123675,13.439,0.00469376
-0.0123675,13.9268,0.00405922
-0.0123675,14.4146,0.00352913
-0.0123675,14.9024,0.00308321
-0.0123675,15.3902,0.0027053
-0.0123675,15.878,0.00238345
-0.0123675,16.3659,0.00210906
-0.0123675,16.8537,0.00187294
-0.0123675,17.3415,0.00166888
-0.0123675,17.8293,0.00149166
-0.0123675,18.3171,0.00133617
-0.0123675,18.8049,0.00120034
-0.0123675,19.2927,0.00108127
-0.0123675,19.7805,0.000976548
-0.0123675,20.2683,0.000884404
-0.0123675,20.7561,0.000802961
