-0.987807,1.2439,12.7849
-0.987807,1.73171,37.544
-0.987807,2.21951,44.1659
-0.987807,2.70732,52.6024
-0.987807,3.19512,52.9514
-0.987807,3.68293,43.8973
-0.987807,4.17073,32.2971
-0.987807,4.65854,37.5809
-0.987807,5.14634,43.134
-0.987807,5.63415,39.8098
-0.987807,6.12195,31.6885
-0.987807,6.60976,23.9256
-0.987807,7.09756,18.47
-0.987807,7.58537,15.1725
-0.987807,8.07317,13.3308
-0.987807,8.56098,12.2723
-0.987807,9.04878,11.5761
-0.987807,9.53659,11.0043
-0.987807,10.0244,10.4469
-0.987807,10.5122,9.8576
-0.987807,11,9.258
-0.987807,11.4878,8.66132
-0.987807,11.9756,8.07967
-0.987807,12.4634,7.52195
-0.987807,12.9512,6.99964
-0.987807,13.439,6.51328
-0.987807,13.9268,6.06299
-0.987807,14.4146,5.64715
-0.987807,14.9024,5.26535
-0.987807,15.3902,4.91668
-0.987807,15.878,4.59823
-0.987807,16.3659,4.3013
-0.987807,16.8537,4.03082
-0.987807,17.3415,3.78421
-0.987807,17.8293,3.55839
-0.987807,18.3171,3.34585
-0.987807,18.8049,3.1514
-0.987807,19.2927,2.97317
-0.987807,19.7805,2.8095
-0.987807,20.2683,2.66392
-0.987807,20.7561,2.53212
-0.963421,1.2439,11.759
-0.963421,1.73171,35.0395
-0.963421,2.21951,44.3848
-0.963421,2.70732,50.2401
-0.963421,3.19512,55.9523
-0.963421,3.68293,49.3722
-0.963421,4.17073,33.9658
-0.963421,4.65854,30.4301
-0.963421,5.14634,34.1347
-0.963421,5.63415,35.7909
-0.963421,6.12195,33.2019
-0.963421,6.60976,28.2824
-0.963421,7.09756,23.0905
-0.963421,7.58537,18.684
-0.963421,8.07317,15.3337
-0.963421,8.56098,12.9249
-0.963421,9.04878,11.2446
-0.963421,9.53659,10.0689
-0.963421,10.0244,9.21296
-0.963421,10.5122,8.53527
-0.963421,11,7.9814
-0.963421,11.4878,7.50539
-0.963421,11.9756,7.07879
-0.963421,12.4634,6.68475
-0.963421,12.9512,6.31946
-0.963421,13.439,5.97551
-0.963421,13.9268,5.64965
-0.963421,14.4146,5.33981
-0.963421,14.9024,5.04628
-0.963421,15.3902,4.76973
-0.963421,15.878,4.50931
-0.963421,16.3659,4.25845
-0.963421,16.8537,4.02398
-0.963421,17.3415,3.80507
-0.963421,17.8293,3.60016
-0.963421,18.3171,3.40308
-0.963421,18.8049,3.21971
-0.963421,19.2927,3.04906
-0.963421,19.7805,2.8902
-0.963421,20.2683,2.74719
-0.963421,20.7561,2.61624
-0.939035,1.2439,12.2668
-0.939035,1.73171,35.5839
-0.939035,2.21951,44.3816
-0.939035,2.70732,52.2135
-0.939035,3.19512,55.5698
-0.939035,3.68293,50.5378
-0.939035,4.17073,39.3859
-0.939035,4.65854,29.3903
-0.939035,5.14634,27.0169
-0.939035,5.63415,28.6296
-0.939035,6.12195,29.5396
-0.939035,6.60976,28.3087
-0.939035,7.09756,25.5199
-0.939035,7.58537,22.1517
-0.939035,8.07317,18.8672
-0.939035,8.56098,15.9912
-0.939035,9.04878,13.6385
-0.939035,9.53659,11.7771
-0.939035,10.0244,10.3266
-0.939035,10.5122,9.17524
-0.939035,11,8.26466
-0.939035,11.4878,7.5332
-0.939035,11.9756,6.93302
-0.939035,12.4634,6.4287
-0.939035,12.9512,5.99854
-0.939035,13.439,5.62299
-0.939035,13.9268,5.28896
-0.939035,14.4146,4.98718
-0.939035,14.9024,4.71193
-0.939035,15.3902,4.45937
-0.939035,15.878,4.22587
-0.939035,16.3659,4.00383
-0.939035,16.8537,3.79768
-0.939035,17.3415,3.60577
-0.939035,17.8293,3.42613
-0.939035,18.3171,3.25254
-0.939035,18.8049,3.09056
-0.939035,19.2927,2.93923
-0.939035,19.7805,2.79769
-0.939035,20.2683,2.66974
-0.939035,20.7561,2.55195
-0.914649,1.2439,12.814
-0.914649,1.73171,35.7269
-0.914649,2.21951,45.3729
-0.914649,2.70732,56.6303
-0.914649,3.19512,50.5046
-0.914649,3.68293,49.627
-0.914649,4.17073,45.6529
-0.914649,4.65854,35.249
-0.914649,5.14634,26.9982
-0.914649,5.63415,24.0922
-0.914649,6.12195,24.2366
-0.914649,6.60976,24.7256
-0.914649,7.09756,24.348
-0.914649,7.58537,23.0184
-0.914649,8.07317,21.0589
-0.914649,8.56098,18.8258
-0.914649,9.04878,16.6156
-0.914649,9.53659,14.5806
-0.914649,10.0244,12.7977
-0.914649,10.5122,11.2582
-0.914649,11,9.96091
-0.914649,11.4878,8.87513
-0.914649,11.9756,7.96752
-0.914649,12.4634,7.20679
-0.914649,12.9512,6.56524
-0.914649,13.439,6.02041
-0.914649,13.9268,5.55392
-0.914649,14.4146,5.15073
-0.914649,14.9024,4.79913
-0.914649,15.3902,4.48983
-0.914649,15.878,4.21517
-0.914649,16.3659,3.96638
-0.914649,16.8537,3.74235
-0.914649,17.3415,3.53932
-0.914649,17.8293,3.3537
-0.914649,18.3171,3.17869
-0.914649,18.8049,3.01787
-0.914649,19.2927,2.86951
-0.914649,19.7805,2.73218
-0.914649,20.2683,2.60821
-0.914649,20.7561,2.49445
-0.890263,1.2439,13.2207
-0.890263,1.73171,37.2302
-0.890263,2.21951,46.2267
-0.890263,2.70732,57.1936
-0.890263,3.19512,46.0034
-0.890263,3.68293,46.6173
-0.890263,4.17073,49.8386
-0.890263,4.65854,44.845
-0.890263,5.14634,34.0109
-0.890263,5.63415,25.4259
-0.890263,6.12195,21.4463
-0.890263,6.60976,20.4399
-0.890263,7.09756,20.409
-0.890263,7.58537,20.2426
-0.890263,8.07317,19.5923
-0.890263,8.56098,18.477
-0.890263,9.04878,17.0912
-0.890263,9.53659,15.5939
-0.890263,10.0244,14.1112
-0.890263,10.5122,12.7004
-0.890263,11,11.4168
-0.890263,11.4878,10.2712
-0.890263,11.9756,9.26201
-0.890263,12.4634,8.38053
-0.890263,12.9512,7.60956
-0.890263,13.439,6.93772
-0.890263,13.9268,6.35252
-0.890263,14.4146,5.84178
-0.890263,14.9024,5.39437
-0.890263,15.3902,5.00056
-0.890263,15.878,4.65225
-0.890263,16.3659,4.34224
-0.890263,16.8537,4.06538
-0.890263,17.3415,3.81692
-0.890263,17.8293,3.59246
-0.890263,18.3171,3.38525
-0.890263,18.8049,3.19695
-0.890263,19.2927,3.02515
-0.890263,19.7805,2.86783
-0.890263,20.2683,2.72566
-0.890263,20.7561,2.59574
-0.865877,1.2439,12.3726
-0.865877,1.73171,38.6688
-0.865877,2.21951,46.3528
-0.865877,2.70732,52.3253
-0.865877,3.19512,43.9739
-0.865877,3.68293,42.756
-0.865877,4.17073,49.0743
-0.865877,4.65854,50.043
-0.865877,5.14634,42.2521
-0.865877,5.63415,32.2972
-0.865877,6.12195,24.6779
-0.865877,6.60976,20.1561
-0.865877,7.09756,17.791
-0.865877,7.58537,16.55
-0.865877,8.07317,15.7505
-0.865877,8.56098,15.0278
-0.865877,9.04878,14.2882
-0.865877,9.53659,13.5009
-0.865877,10.0244,12.6727
-0.865877,10.5122,11.8121
-0.865877,11,10.9696
-0.865877,11.4878,10.1604
-0.865877,11.9756,9.39752
-0.865877,12.4634,8.68952
-0.865877,12.9512,8.03129
-0.865877,13.439,7.42778
-0.865877,13.9268,6.87879
-0.865877,14.4146,6.38163
-0.865877,14.9024,5.9316
-0.865877,15.3902,5.52367
-0.865877,15.878,5.15389
-0.865877,16.3659,4.82055
-0.865877,16.8537,4.51742
-0.865877,17.3415,4.24132
-0.865877,17.8293,3.98904
-0.865877,18.3171,3.75542
-0.865877,18.8049,3.54155
-0.865877,19.2927,3.34536
-0.865877,19.7805,3.16501
-0.865877,20.2683,3.00005
-0.865877,20.7561,2.84835
-0.841491,1.2439,12.8987
-0.841491,1.73171,36.4553
-0.841491,2.21951,46.7491
-0.841491,2.70732,47.9555
-0.841491,3.19512,44.0094
-0.841491,3.68293,39.8959
-0.841491,4.17073,38.3496
-0.841491,4.65854,41.1768
-0.841491,5.14634,43.2655
-0.841491,5.63415,41.2754
-0.841491,6.12195,36.1141
-0.841491,6.60976,30.0948
-0.841491,7.09756,24.6415
-0.841491,7.58537,20.2849
-0.841491,8.07317,17.0069
-0.841491,8.56098,14.5778
-0.841491,9.04878,12.8096
-0.841491,9.53659,11.5053
-0.841491,10.0244,10.502
-0.841491,10.5122,9.6727
-0.841491,11,8.98226
-0.841491,11.4878,8.38425
-0.841491,11.9756,7.85272
-0.841491,12.4634,7.37327
-0.841491,12.9512,6.92583
-0.841491,13.439,6.51135
-0.841491,13.9268,6.12838
-0.841491,14.4146,5.77463
-0.841491,14.9024,5.44678
-0.841491,15.3902,5.14185
-0.841491,15.878,4.85834
-0.841491,16.3659,4.59834
-0.841491,16.8537,4.35591
-0.841491,17.3415,4.12981
-0.841491,17.8293,3.91866
-0.841491,18.3171,3.7197
-0.841491,18.8049,3.53404
-0.841491,19.2927,3.36068
-0.841491,19.7805,3.19872
-0.841491,20.2683,3.04753
-0.841491,20.7561,2.90619
-0.817105,1.2439,13.0016
-0.817105,1.73171,37.738
-0.817105,2.21951,47.476
-0.817105,2.70732,48.4037
-0.817105,3.19512,45.6013
-0.817105,3.68293,42.6449
-0.817105,4.17073,36.6356
-0.817105,4.65854,35.4238
-0.817105,5.14634,38.3736
-0.817105,5.63415,40.3496
-0.817105,6.12195,39.2381
-0.817105,6.60976,35.8078
-0.817105,7.09756,31.3584
-0.817105,7.58537,26.8503
-0.817105,8.07317,22.806
-0.817105,8.56098,19.3746
-0.817105,9.04878,16.5893
-0.817105,9.53659,14.3682
-0.817105,10.0244,12.5988
-0.817105,10.5122,11.16
-0.817105,11,9.99681
-0.817105,11.4878,9.04236
-0.817105,11.9756,8.24817
-0.817105,12.4634,7.57893
-0.817105,12.9512,6.99887
-0.817105,13.439,6.494
-0.817105,13.9268,6.05162
-0.817105,14.4146,5.65936
-0.817105,14.9024,5.30852
-0.817105,15.3902,4.99253
-0.817105,15.878,4.70628
-0.817105,16.3659,4.44874
-0.817105,16.8537,4.21259
-0.817105,17.3415,3.99517
-0.817105,17.8293,3.79422
-0.817105,18.3171,3.60732
-0.817105,18.8049,3.43371
-0.817105,19.2927,3.27208
-0.817105,19.7805,3.12131
-0.817105,20.2683,2.98037
-0.817105,20.7561,2.84843
-0.792719,1.2439,13.0883
-0.792719,1.73171,38.5632
-0.792719,2.21951,48.9693
-0.792719,2.70732,49.4916
-0.792719,3.19512,46.9625
-0.792719,3.68293,43.5007
-0.792719,4.17073,37.7131
-0.792719,4.65854,36.3161
-0.792719,5.14634,38.8009
-0.792719,5.63415,40.6261
-0.792719,6.12195,39.7519
-0.792719,6.60976,36.6809
-0.792719,7.09756,32.5177
-0.792719,7.58537,28.1354
-0.792719,8.07317,24.1007
-0.792719,8.56098,20.5988
-0.792719,9.04878,17.6962
-0.792719,9.53659,15.3386
-0.792719,10.0244,13.4327
-0.792719,10.5122,11.8696
-0.792719,11,10.5969
-0.792719,11.4878,9.54983
-0.792719,11.9756,8.67863
-0.792719,12.4634,7.94569
-0.792719,12.9512,7.31491
-0.792719,13.439,6.76923
-0.792719,13.9268,6.29374
-0.792719,14.4146,5.87275
-0.792719,14.9024,5.4973
-0.792719,15.3902,5.16119
-0.792719,15.878,4.85836
-0.792719,16.3659,4.58663
-0.792719,16.8537,4.33867
-0.792719,17.3415,4.11134
-0.792719,17.8293,3.90214
-0.792719,18.3171,3.7094
-0.792719,18.8049,3.53079
-0.792719,19.2927,3.36483
-0.792719,19.7805,3.21025
-0.792719,20.2683,3.06569
-0.792719,20.7561,2.93036
-0.768333,1.2439,13.0058
-0.768333,1.73171,39.9559
-0.768333,2.21951,50.8695
-0.768333,2.70732,50.9216
-0.768333,3.19512,48.1958
-0.768333,3.68293,44.5406
-0.768333,4.17073,38.9438
-0.768333,4.65854,37.2461
-0.768333,5.14634,39.3108
-0.768333,5.63415,40.9952
-0.768333,6.12195,40.2831
-0.768333,6.60976,37.4709
-0.768333,7.09756,33.5211
-0.768333,7.58537,29.2327
-0.768333,8.07317,25.2107
-0.768333,8.56098,21.6629
-0.768333,9.04878,18.6774
-0.768333,9.53659,16.2187
-0.768333,10.0244,14.2087
-0.768333,10.5122,12.5481
-0.768333,11,11.1869
-0.768333,11.4878,10.063
-0.768333,11.9756,9.12629
-0.768333,12.4634,8.33738
-0.768333,12.9512,7.66077
-0.768333,13.439,7.07702
-0.768333,13.9268,6.56956
-0.768333,14.4146,6.11967
-0.768333,14.9024,5.7186
-0.768333,15.3902,5.36086
-0.768333,15.878,5.03967
-0.768333,16.3659,4.75175
-0.768333,16.8537,4.48993
-0.768333,17.3415,4.25067
-0.768333,17.8293,4.03129
-0.768333,18.3171,3.83095
-0.768333,18.8049,3.64569
-0.768333,19.2927,3.47385
-0.768333,19.7805,3.31404
-0.768333,20.2683,3.16452
-0.768333,20.7561,3.02459
-0.743947,1.2439,13.5729
-0.743947,1.73171,42.1546
-0.743947,2.21951,52.6038
-0.743947,2.70732,52.7911
-0.743947,3.19512,49.2688
-0.743947,3.68293,45.8814
-0.743947,4.17073,40.1904
-0.743947,4.65854,38.1593
-0.743947,5.14634,39.932
-0.743947,5.63415,41.4913
-0.743947,6.12195,40.8332
-0.743947,6.60976,38.153
-0.743947,7.09756,34.3326
-0.743947,7.58537,30.1147
-0.743947,8.07317,26.1162
-0.743947,8.56098,22.554
-0.743947,9.04878,19.5249
-0.743947,9.53659,17.0043
-0.743947,10.0244,14.9246
-0.743947,10.5122,13.1941
-0.743947,11,11.766
-0.743947,11.4878,10.5811
-0.743947,11.9756,9.58967
-0.743947,12.4634,8.75206
-0.743947,12.9512,8.03418
-0.743947,13.439,7.41483
-0.743947,13.9268,6.87635
-0.743947,14.4146,6.3979
-0.743947,14.9024,5.97103
-0.743947,15.3902,5.59085
-0.743947,15.878,5.25008
-0.743947,16.3659,4.94448
-0.743947,16.8537,4.66719
-0.743947,17.3415,4.41435
-0.743947,17.8293,4.18309
-0.743947,18.3171,3.97312
-0.743947,18.8049,3.77928
-0.743947,19.2927,3.59978
-0.743947,19.7805,3.4331
-0.743947,20.2683,3.27708
-0.743947,20.7561,3.13112
-0.719561,1.2439,14.686
-0.719561,1.73171,43.9616
-0.719561,2.21951,53.4787
-0.719561,2.70732,54.6846
-0.719561,3.19512,50.4255
-0.719561,3.68293,47.4554
-0.719561,4.17073,41.3329
-0.719561,4.65854,39.0961
-0.719561,5.14634,40.7179
-0.719561,5.63415,42.125
-0.719561,6.12195,41.3631
-0.719561,6.60976,38.6696
-0.719561,7.09756,34.8966
-0.719561,7.58537,30.7552
-0.719561,8.07317,26.8116
-0.719561,8.56098,23.2795
-0.719561,9.04878,20.2542
-0.719561,9.53659,17.7134
-0.719561,10.0244,15.5995
-0.719561,10.5122,13.8243
-0.719561,11,12.3485
-0.719561,11.4878,11.1148
-0.719561,11.9756,10.0756
-0.719561,12.4634,9.1933
-0.719561,12.9512,8.43605
-0.719561,13.439,7.78148
-0.719561,13.9268,7.21126
-0.719561,14.4146,6.70463
-0.719561,14.9024,6.25271
-0.719561,15.3902,5.85018
-0.719561,15.878,5.48942
-0.719561,16.3659,5.16535
-0.719561,16.8537,4.8716
-0.719561,17.3415,4.60406
-0.719561,17.8293,4.3596
-0.719561,18.3171,4.1372
-0.719561,18.8049,3.9322
-0.719561,19.2927,3.74267
-0.719561,19.7805,3.56695
-0.719561,20.2683,3.40237
-0.719561,20.7561,3.24847
-0.695175,1.2439,14.9563
-0.695175,1.73171,44.3396
-0.695175,2.21951,53.7734
-0.695175,2.70732,56.1024
-0.695175,3.19512,51.899
-0.695175,3.68293,48.8581
-0.695175,4.17073,42.3267
-0.695175,4.65854,40.2853
-0.695175,5.14634,41.8498
-0.695175,5.63415,42.9407
-0.695175,6.12195,41.8581
-0.695175,6.60976,38.9889
-0.695175,7.09756,35.176
-0.695175,7.58537,31.0855
-0.695175,8.07317,27.211
-0.695175,8.56098,23.7438
-0.695175,9.04878,20.7648
-0.695175,9.53659,18.2462
-0.695175,10.0244,16.1364
-0.695175,10.5122,14.3496
-0.695175,11,12.8535
-0.695175,11.4878,11.5928
-0.695175,11.9756,10.5231
-0.695175,12.4634,9.60969
-0.695175,12.9512,8.82351
-0.695175,13.439,8.14165
-0.695175,13.9268,7.54563
-0.695175,14.4146,7.01527
-0.695175,14.9024,6.54157
-0.695175,15.3902,6.11898
-0.695175,15.878,5.73981
-0.695175,16.3659,5.39823
-0.695175,16.8537,5.08855
-0.695175,17.3415,4.80653
-0.695175,17.8293,4.54884
-0.695175,18.3171,4.31378
-0.695175,18.8049,4.09729
-0.695175,19.2927,3.89731
-0.695175,19.7805,3.71208
-0.695175,20.2683,3.53844
-0.695175,20.7561,3.37606
-0.670789,1.2439,14.5293
-0.670789,1.73171,44.0096
-0.670789,2.21951,54.5071
-0.670789,2.70732,56.846
-0.670789,3.19512,53.8572
-0.670789,3.68293,50.0238
-0.670789,4.17073,43.2664
-0.670789,4.65854,41.5868
-0.670789,5.14634,43.0008
-0.670789,5.63415,43.6375
-0.670789,6.12195,42.157
-0.670789,6.60976,39.0974
-0.670789,7.09756,35.2661
-0.670789,7.58537,31.2621
-0.670789,8.07317,27.4954
-0.670789,8.56098,24.1283
-0.670789,9.04878,21.2245
-0.670789,9.53659,18.7505
-0.670789,10.0244,16.662
-0.670789,10.5122,14.8758
-0.670789,11,13.3681
-0.670789,11.4878,12.0864
-0.670789,11.9756,10.99
-0.670789,12.4634,10.0476
-0.670789,12.9512,9.23362
-0.670789,13.439,8.52481
-0.670789,13.9268,7.90279
-0.670789,14.4146,7.34818
-0.670789,14.9024,6.85198
-0.670789,15.3902,6.40844
-0.670789,15.878,6.00986
-0.670789,16.3659,5.64969
-0.670789,16.8537,5.32297
-0.670789,17.3415,5.0254
-0.670789,17.8293,4.75343
-0.670789,18.3171,4.50464
-0.670789,18.8049,4.27566
-0.670789,19.2927,4.06431
-0.670789,19.7805,3.86869
-0.670789,20.2683,3.68516
-0.670789,20.7561,3.51352
-0.646403,1.2439,14.8926
-0.646403,1.73171,44.6866
-0.646403,2.21951,56.2649
-0.646403,2.70732,57.3381
-0.646403,3.19512,55.9969
-0.646403,3.68293,50.8367
-0.646403,4.17073,44.3388
-0.646403,4.65854,43.0682
-0.646403,5.14634,44.1229
-0.646403,5.63415,44.1471
-0.646403,6.12195,42.221
-0.646403,6.60976,38.9891
-0.646403,7.09756,35.1814
-0.646403,7.58537,31.3035
-0.646403,8.07317,27.6808
-0.646403,8.56098,24.4423
-0.646403,9.04878,21.6353
-0.646403,9.53659,19.2234
-0.646403,10.0244,17.17
-0.646403,10.5122,15.3953
-0.646403,11,13.884
-0.646403,11.4878,12.5871
-0.646403,11.9756,11.4682
-0.646403,12.4634,10.4998
-0.646403,12.9512,9.65966
-0.646403,13.439,8.92479
-0.646403,13.9268,8.27718
-0.646403,14.4146,7.69875
-0.646403,14.9024,7.1804
-0.646403,15.3902,6.71602
-0.646403,15.878,6.29794
-0.646403,16.3659,5.91902
-0.646403,16.8537,5.57502
-0.646403,17.3415,5.26154
-0.646403,17.8293,4.97486
-0.646403,18.3171,4.71158
-0.646403,18.8049,4.46936
-0.646403,19.2927,4.24589
-0.646403,19.7805,4.0392
-0.646403,20.2683,3.84505
-0.646403,20.7561,3.66344
-0.622017,1.2439,15.5007
-0.622017,1.73171,46.2675
-0.622017,2.21951,58.3293
-0.622017,2.70732,58.2299
-0.622017,3.19512,57.7446
-0.622017,3.68293,51.4092
-0.622017,4.17073,45.7915
-0.622017,4.65854,44.9001
-0.622017,5.14634,45.3796
-0.622017,5.63415,44.6364
-0.622017,6.12195,42.221
-0.622017,6.60976,38.821
-0.622017,7.09756,35.0516
-0.622017,7.58537,31.2946
-0.622017,8.07317,27.813
-0.622017,8.56098,24.692
-0.622017,9.04878,21.9749
-0.622017,9.53659,19.6295
-0.622017,10.0244,17.6205
-0.622017,10.5122,15.8694
-0.622017,11,14.366
-0.622017,11.4878,13.0638
-0.622017,11.9756,11.9307
-0.622017,12.4634,10.9438
-0.622017,12.9512,10.082
-0.622017,13.439,9.32419
-0.622017,13.9268,8.65343
-0.622017,14.4146,8.05491
-0.622017,14.9024,7.51864
-0.622017,15.3902,7.03696
-0.622017,15.878,6.60236
-0.622017,16.3659,6.20784
-0.622017,16.8537,5.84919
-0.622017,17.3415,5.522
-0.622017,17.8293,5.22223
-0.622017,18.3171,4.94431
-0.622017,18.8049,4.68858
-0.622017,19.2927,4.45265
-0.622017,19.7805,4.23444
-0.622017,20.2683,4.02897
-0.622017,20.7561,3.83657
-0.597631,1.2439,15.4347
-0.597631,1.73171,47.4348
-0.597631,2.21951,59.816
-0.597631,2.70732,59.8688
-0.597631,3.19512,58.9575
-0.597631,3.68293,52.1163
-0.597631,4.17073,47.5122
-0.597631,4.65854,46.5876
-0.597631,5.14634,46.2663
-0.597631,5.63415,44.7721
-0.597631,6.12195,41.9788
-0.597631,6.60976,38.5193
-0.597631,7.09756,34.8647
-0.597631,7.58537,31.275
-0.597631,8.07317,27.959
-0.597631,8.56098,24.9657
-0.597631,9.04878,22.3425
-0.597631,9.53659,20.0649
-0.597631,10.0244,18.0995
-0.597631,10.5122,16.3701
-0.597631,11,14.8726
-0.597631,11.4878,13.5633
-0.597631,11.9756,12.4146
-0.597631,12.4634,11.4077
-0.597631,12.9512,10.5232
-0.597631,13.439,9.74143
-0.597631,13.9268,9.04668
-0.597631,14.4146,8.42742
-0.597631,14.9024,7.87277
-0.597631,15.3902,7.37332
-0.597631,15.878,6.92175
-0.597631,16.3659,6.51118
-0.597631,16.8537,6.13744
-0.597631,17.3415,5.79611
-0.597631,17.8293,5.48283
-0.597631,18.3171,5.18969
-0.597631,18.8049,4.91989
-0.597631,19.2927,4.67094
-0.597631,19.7805,4.44071
-0.597631,20.2683,4.22339
-0.597631,20.7561,4.01967
-0.573245,1.2439,15.4592
-0.573245,1.73171,47.525
-0.573245,2.21951,60.3382
-0.573245,2.70732,61.9088
-0.573245,3.19512,59.6074
-0.573245,3.68293,53.1695
-0.573245,4.17073,49.4492
-0.573245,4.65854,48.1787
-0.573245,5.14634,47.0044
-0.573245,5.63415,44.838
-0.573245,6.12195,41.7431
-0.573245,6.60976,38.2577
-0.573245,7.09756,34.7175
-0.573245,7.58537,31.2781
-0.573245,8.07317,28.1061
-0.573245,8.56098,25.2207
-0.573245,9.04878,22.6779
-0.573245,9.53659,20.4617
-0.573245,10.0244,18.5368
-0.573245,10.5122,16.8284
-0.573245,11,15.3386
-0.573245,11.4878,14.025
-0.573245,11.9756,12.8639
-0.573245,12.4634,11.8411
-0.573245,12.9512,10.9377
-0.573245,13.439,10.1359
-0.573245,13.9268,9.42071
-0.573245,14.4146,8.78415
-0.573245,14.9024,8.2143
-0.573245,15.3902,7.69992
-0.573245,15.878,7.23387
-0.573245,16.3659,6.80936
-0.573245,16.8537,6.42238
-0.573245,17.3415,6.06852
-0.573245,17.8293,5.74308
-0.573245,18.3171,5.43567
-0.573245,18.8049,5.1526
-0.573245,19.2927,4.89132
-0.573245,19.7805,4.64962
-0.573245,20.2683,4.42084
-0.573245,20.7561,4.20609
-0.548859,1.2439,15.8826
-0.548859,1.73171,47.6394
-0.548859,2.21951,60.4928
-0.548859,2.70732,63.7478
-0.548859,3.19512,60.1197
-0.548859,3.68293,54.6724
-0.548859,4.17073,51.348
-0.548859,4.65854,49.4206
-0.548859,5.14634,47.4291
-0.548859,5.63415,44.7437
-0.548859,6.12195,41.4743
-0.548859,6.60976,38.0307
-0.548859,7.09756,34.6288
-0.548859,7.58537,31.3402
-0.548859,8.07317,28.3022
-0.548859,8.56098,25.511
-0.548859,9.04878,23.0383
-0.548859,9.53659,20.8768
-0.548859,10.0244,18.9874
-0.548859,10.5122,17.2961
-0.548859,11,15.8115
-0.548859,11.4878,14.4925
-0.548859,11.9756,13.3189
-0.548859,12.4634,12.2802
-0.548859,12.9512,11.3585
-0.548859,13.439,10.5371
-0.548859,13.9268,9.80212
-0.548859,14.4146,9.1488
-0.548859,14.9024,8.56418
-0.548859,15.3902,8.03525
-0.548859,15.878,7.55504
-0.548859,16.3659,7.11681
-0.548859,16.8537,6.71675
-0.548859,17.3415,6.35046
-0.548859,17.8293,6.01294
-0.548859,18.3171,5.69133
-0.548859,18.8049,5.395
-0.548859,19.2927,5.12136
-0.548859,19.7805,4.86812
-0.548859,20.2683,4.62782
-0.548859,20.7561,4.40195
-0.524473,1.2439,15.6861
-0.524473,1.73171,48.7944
-0.524473,2.21951,61.3361
-0.524473,2.70732,65.0009
-0.524473,3.19512,61.0206
-0.524473,3.68293,56.6193
-0.524473,4.17073,53.2167
-0.524473,4.65854,50.5471
-0.524473,5.14634,47.8945
-0.524473,5.63415,44.8735
-0.524473,6.12195,41.5215
-0.524473,6.60976,38.1065
-0.524473,7.09756,34.78
-0.524473,7.58537,31.5775
-0.524473,8.07317,28.6221
-0.524473,8.56098,25.8983
-0.524473,9.04878,23.4809
-0.524473,9.53659,21.361
-0.524473,10.0244,19.4945
-0.524473,10.5122,17.8122
-0.524473,11,16.3284
-0.524473,11.4878,15.0043
-0.524473,11.9756,13.8217
-0.524473,12.4634,12.7709
-0.524473,12.9512,11.833
-0.524473,13.439,10.9936
-0.524473,13.9268,10.2404
-0.524473,14.4146,9.56626
-0.524473,14.9024,8.95977
-0.524473,15.3902,8.40997
-0.524473,15.878,7.91
-0.524473,16.3659,7.45371
-0.524473,16.8537,7.03654
-0.524473,17.3415,6.65409
-0.524473,17.8293,6.30162
-0.524473,18.3171,5.96834
-0.524473,18.8049,5.66092
-0.524473,19.2927,5.37674
-0.524473,19.7805,5.1135
-0.524473,20.2683,4.86468
-0.524473,20.7561,4.63118
-0.500087,1.2439,15.2484
-0.500087,1.73171,50.305
-0.500087,2.21951,62.9677
-0.500087,2.70732,65.7355
-0.500087,3.19512,62.4057
-0.500087,3.68293,58.6151
-0.500087,4.17073,54.7702
-0.500087,4.65854,51.4111
-0.500087,5.14634,48.2722
-0.500087,5.63415,45.0426
-0.500087,6.12195,41.6606
-0.500087,6.60976,38.2827
-0.500087,7.09756,35.0196
-0.500087,7.58537,31.8864
-0.500087,8.07317,28.9967
-0.500087,8.56098,26.3265
-0.500087,9.04878,23.953
-0.500087,9.53659,21.8651
-0.500087,10.0244,20.0154
-0.500087,10.5122,18.3396
-0.500087,11,16.855
-0.500087,11.4878,15.5256
-0.500087,11.9756,14.3342
-0.500087,12.4634,13.2718
-0.500087,12.9512,12.318
-0.500087,13.439,11.4612
-0.500087,13.9268,10.6902
-0.500087,14.4146,9.99541
-0.500087,14.9024,9.36705
-0.500087,15.3902,8.79636
-0.500087,15.878,8.27658
-0.500087,16.3659,7.80222
-0.500087,16.8537,7.36789
-0.500087,17.3415,6.96921
-0.500087,17.8293,6.60168
-0.500087,18.3171,6.25679
-0.500087,18.8049,5.93828
-0.500087,19.2927,5.64353
-0.500087,19.7805,5.37022
-0.500087,20.2683,5.11289
-0.500087,20.7561,4.87177
-0.475701,1.2439,15.7056
-0.475701,1.73171,50.8833
-0.475701,2.21951,64.8504
-0.475701,2.70732,66.4169
-0.475701,3.19512,64.1659
-0.475701,3.68293,60.4565
-0.475701,4.17073,56.1153
-0.475701,4.65854,52.2572
-0.475701,5.14634,48.7882
-0.475701,5.63415,45.4096
-0.475701,6.12195,41.9879
-0.475701,6.60976,38.6122
-0.475701,7.09756,35.3734
-0.475701,7.58537,32.2767
-0.475701,8.07317,29.4266
-0.475701,8.56098,26.7913
-0.475701,9.04878,24.4474
-0.475701,9.53659,22.3804
-0.475701,10.0244,20.5409
-0.475701,10.5122,18.8685
-0.475701,11,17.3819
-0.475701,11.4878,16.047
-0.475701,11.9756,14.8474
-0.475701,12.4634,13.7742
-0.475701,12.9512,12.8055
-0.475701,13.439,11.9321
-0.475701,13.9268,11.1441
-0.475701,14.4146,10.4293
-0.475701,14.9024,9.77942
-0.475701,15.3902,9.18817
-0.475701,15.878,8.64887
-0.475701,16.3659,8.15681
-0.475701,16.8537,7.70562
-0.475701,17.3415,7.29092
-0.475701,17.8293,6.90853
-0.475701,18.3171,6.5524
-0.475701,18.8049,6.2231
-0.475701,19.2927,5.91801
-0.475701,19.7805,5.63481
-0.475701,20.2683,5.36921
-0.475701,20.7561,5.12073
-0.451315,1.2439,16.376
-0.451315,1.73171,50.4098
-0.451315,2.21951,66.3393
-0.451315,2.70732,67.3588
-0.451315,3.19512,66.0125
-0.451315,3.68293,62.043
-0.451315,4.17073,57.2245
-0.451315,4.65854,52.9652
-0.451315,5.14634,49.2408
-0.451315,5.63415,45.7554
-0.451315,6.12195,42.3114
-0.451315,6.60976,38.9498
-0.451315,7.09756,35.7446
-0.451315,7.58537,32.6934
-0.451315,8.07317,29.8894
-0.451315,8.56098,27.2937
-0.451315,9.04878,24.9816
-0.451315,9.53659,22.9347
-0.451315,10.0244,21.105
-0.451315,10.5122,19.4366
-0.451315,11,17.9482
-0.451315,11.4878,16.6076
-0.451315,11.9756,15.3994
-0.451315,12.4634,14.315
-0.451315,12.9512,13.3303
-0.451315,13.439,12.4391
-0.451315,13.9268,11.6331
-0.451315,14.4146,10.8967
-0.451315,14.9024,10.2236
-0.451315,15.3902,9.61019
-0.451315,15.878,9.04988
-0.451315,16.3659,8.53875
-0.451315,16.8537,8.06941
-0.451315,17.3415,7.63746
-0.451315,17.8293,7.23907
-0.451315,18.3171,6.87082
-0.451315,18.8049,6.52989
-0.451315,19.2927,6.21366
-0.451315,19.7805,5.9198
-0.451315,20.2683,5.64533
-0.451315,20.7561,5.38895
-0.426929,1.2439,16.3557
-0.426929,1.73171,50.3115
-0.426929,2.21951,67.5453
-0.426929,2.70732,69.0632
-0.426929,3.19512,68.1786
-0.426929,3.68293,63.832
-0.426929,4.17073,58.7076
-0.426929,4.65854,54.1853
-0.426929,5.14634,50.2218
-0.426929,5.63415,46.5547
-0.426929,6.12195,43.0125
-0.426929,6.60976,39.6073
-0.426929,7.09756,36.3947
-0.426929,7.58537,33.3554
-0.426929,8.07317,30.571
-0.426929,8.56098,27.9976
-0.426929,9.04878,25.6972
-0.426929,9.53659,23.6471
-0.426929,10.0244,21.8107
-0.426929,10.5122,20.1329
-0.426929,11,18.6315
-0.426929,11.4878,17.2754
-0.426929,11.9756,16.0498
-0.426929,12.4634,14.9466
-0.426929,12.9512,13.9418
-0.426929,13.439,13.03
-0.426929,13.9268,12.2032
-0.426929,14.4146,11.4459
-0.426929,14.9024,10.7523
-0.426929,15.3902,10.1188
-0.426929,15.878,9.53886
-0.426929,16.3659,9.00679
-0.426929,16.8537,8.51749
-0.426929,17.3415,8.06657
-0.426929,17.8293,7.65026
-0.426929,18.3171,7.26589
-0.426929,18.8049,6.90962
-0.426929,19.2927,6.57878
-0.426929,19.7805,6.27101
-0.426929,20.2683,5.98152
-0.426929,20.7561,5.71004
-0.402543,1.2439,15.9043
-0.402543,1.73171,51.1166
-0.402543,2.21951,68.4631
-0.402543,2.70732,71.1892
-0.402543,3.19512,70.4032
-0.402543,3.68293,65.7447
-0.402543,4.17073,60.4654
-0.402543,4.65854,55.7655
-0.402543,5.14634,51.5799
-0.402543,5.63415,47.7065
-0.402543,6.12195,44.0309
-0.402543,6.60976,40.5367
-0.402543,7.09756,37.2699
-0.402543,7.58537,34.1968
-0.402543,8.07317,31.3937
-0.402543,8.56098,28.8127
-0.402543,9.04878,26.5001
-0.402543,9.53659,24.4275
-0.402543,10.0244,22.5697
-0.402543,10.5122,20.8707
-0.402543,11,19.3477
-0.402543,11.4878,17.9694
-0.402543,11.9756,16.7215
-0.402543,12.4634,15.596
-0.402543,12.9512,14.5685
-0.402543,13.439,13.6341
-0.402543,13.9268,12.7852
-0.402543,14.4146,12.0063
-0.402543,14.9024,11.2917
-0.402543,15.3902,10.6379
-0.402543,15.878,10.0382
-0.402543,16.3659,9.4848
-0.402543,16.8537,8.97525
-0.402543,17.3415,8.50514
-0.402543,17.8293,8.07076
-0.402543,18.3171,7.67018
-0.402543,18.8049,7.29847
-0.402543,19.2927,6.95296
-0.402543,19.7805,6.63125
-0.402543,20.2683,6.32629
-0.402543,20.7561,6.03909
-0.378157,1.2439,16.0933
-0.378157,1.73171,52.8397
-0.378157,2.21951,69.3376
-0.378157,2.70732,73.5543
-0.378157,3.19512,72.6847
-0.378157,3.68293,67.7444
-0.378157,4.17073,62.3246
-0.378157,4.65854,57.4554
-0.378157,5.14634,53.0625
-0.378157,5.63415,48.9964
-0.378157,6.12195,45.2009
-0.378157,6.60976,41.6193
-0.378157,7.09756,38.2911
-0.378157,7.58537,35.1698
-0.378157,8.07317,32.3336
-0.378157,8.56098,29.7317
-0.378157,9.04878,27.395
-0.378157,9.53659,25.2895
-0.378157,10.0244,23.401
-0.378157,10.5122,21.6726
-0.378157,11,20.1208
-0.378157,11.4878,18.7147
-0.378157,11.9756,17.4398
-0.378157,12.4634,16.288
-0.378157,12.9512,15.2342
-0.378157,13.439,14.2742
-0.378157,13.9268,13.4007
-0.378157,14.4146,12.5979
-0.378157,14.9024,11.8603
-0.378157,15.3902,11.1845
-0.378157,15.878,10.5637
-0.378157,16.3659,9.98727
-0.378157,16.8537,9.45608
-0.378157,17.3415,8.96554
-0.378157,17.8293,8.51199
-0.378157,18.3171,8.0943
-0.378157,18.8049,7.70637
-0.378157,19.2927,7.34546
-0.378157,19.7805,7.00914
-0.378157,20.2683,6.68783
-0.378157,20.7561,6.38397
-0.353771,1.2439,17.0047
-0.353771,1.73171,55.094
-0.353771,2.21951,70.2751
-0.353771,2.70732,76.124
-0.353771,3.19512,75.0538
-0.353771,3.68293,69.7984
-0.353771,4.17073,64.2154
-0.353771,4.65854,59.1851
-0.353771,5.14634,54.6131
-0.353771,5.63415,50.3829
-0.353771,6.12195,46.4944
-0.353771,6.60976,42.8375
-0.353771,7.09756,39.4489
-0.353771,7.58537,36.2716
-0.353771,8.07317,33.3925
-0.353771,8.56098,30.7601
-0.353771,9.04878,28.3898
-0.353771,9.53659,26.2426
-0.353771,10.0244,24.3153
-0.353771,10.5122,22.5499
-0.353771,11,20.9625
-0.353771,11.4878,19.5228
-0.353771,11.9756,18.216
-0.353771,12.4634,17.0337
-0.353771,12.9512,15.9498
-0.353771,13.439,14.9608
-0.353771,13.9268,14.0595
-0.353771,14.4146,13.2302
-0.353771,14.9024,12.4672
-0.353771,15.3902,11.7672
-0.353771,15.878,11.1232
-0.353771,16.3659,10.5218
-0.353771,16.8537,9.96715
-0.353771,17.3415,9.45453
-0.353771,17.8293,8.98033
-0.353771,18.3171,8.5443
-0.353771,18.8049,8.13901
-0.353771,19.2927,7.76165
-0.353771,19.7805,7.40975
-0.353771,20.2683,7.07092
-0.353771,20.7561,6.74918
-0.329385,1.2439,17.9006
-0.329385,1.73171,57.4761
-0.329385,2.21951,71.9194
-0.329385,2.70732,79.2606
-0.329385,3.19512,77.6904
-0.329385,3.68293,72.1173
-0.329385,4.17073,66.4752
-0.329385,4.65854,61.342
-0.329385,5.14634,56.6399
-0.329385,5.63415,52.2877
-0.329385,6.12195,48.2758
-0.329385,6.60976,44.511
-0.329385,7.09756,41.0294
-0.329385,7.58537,37.7666
-0.329385,8.07317,34.8065
-0.329385,8.56098,32.084
-0.329385,9.04878,29.6426
-0.329385,9.53659,27.4496
-0.329385,10.0244,25.478
-0.329385,10.5122,23.6617
-0.329385,11,22.0266
-0.329385,11.4878,20.5369
-0.329385,11.9756,19.1795
-0.329385,12.4634,17.9501
-0.329385,12.9512,16.8225
-0.329385,13.439,15.7927
-0.329385,13.9268,14.8534
-0.329385,14.4146,13.9916
-0.329385,14.9024,13.2
-0.329385,15.3902,12.4729
-0.329385,15.878,11.8029
-0.329385,16.3659,11.1732
-0.329385,16.8537,10.5919
-0.329385,17.3415,10.0543
-0.329385,17.8293,9.55618
-0.329385,18.3171,9.09496
-0.329385,18.8049,8.66606
-0.329385,19.2927,8.26654
-0.329385,19.7805,7.89381
-0.329385,20.2683,7.53645
-0.329385,20.7561,7.19776
-0.304999,1.2439,17.8599
-0.304999,1.73171,58.8321
-0.304999,2.21951,74.5541
-0.304999,2.70732,82.5415
-0.304999,3.19512,80.1846
-0.304999,3.68293,74.472
-0.304999,4.17073,68.9431
-0.304999,4.65854,63.7956
-0.304999,5.14634,58.9971
-0.304999,5.63415,54.5271
-0.304999,6.12195,50.3644
-0.304999,6.60976,46.4613
-0.304999,7.09756,42.8573
-0.304999,7.58537,39.4833
-0.304999,8.07317,36.4163
-0.304999,8.56098,33.5741
-0.304999,9.04878,31.0402
-0.304999,9.53659,28.7906
-0.304999,10.0244,26.7656
-0.304999,10.5122,24.8886
-0.304999,11,23.1974
-0.304999,11.4878,21.6487
-0.304999,11.9756,20.2315
-0.304999,12.4634,18.9471
-0.304999,12.9512,17.7694
-0.304999,13.439,16.6936
-0.304999,13.9268,15.7114
-0.304999,14.4146,14.8142
-0.304999,14.9024,13.9923
-0.304999,15.3902,13.2364
-0.304999,15.878,12.5388
-0.304999,16.3659,11.879
-0.304999,16.8537,11.2694
-0.304999,17.3415,10.7052
-0.304999,17.8293,10.1816
-0.304999,18.3171,9.69248
-0.304999,18.8049,9.23751
-0.304999,19.2927,8.81358
-0.304999,19.7805,8.41795
-0.304999,20.2683,8.04116
-0.304999,20.7561,7.68514
-0.280613,1.2439,17.4807
-0.280613,1.73171,58.9956
-0.280613,2.21951,78.1295
-0.280613,2.70732,85.5282
-0.280613,3.19512,82.4948
-0.280613,3.68293,76.9017
-0.280613,4.17073,71.5938
-0.280613,4.65854,66.4618
-0.280613,5.14634,61.5691
-0.280613,5.63415,56.975
-0.280613,6.12195,52.6483
-0.280613,6.60976,48.5931
-0.280613,7.09756,44.8536
-0.280613,7.58537,41.3568
-0.280613,8.07317,38.171
-0.280613,8.56098,35.1954
-0.280613,9.04878,32.5579
-0.280613,9.53659,30.2444
-0.280613,10.0244,28.1594
-0.280613,10.5122,26.2149
-0.280613,11,24.4618
-0.280613,11.4878,22.8478
-0.280613,11.9756,21.3644
-0.280613,12.4634,20.0193
-0.280613,12.9512,18.7867
-0.280613,13.439,17.6605
-0.280613,13.9268,16.6317
-0.280613,14.4146,15.6965
-0.280613,14.9024,14.8422
-0.280613,15.3902,14.0557
-0.280613,15.878,13.3287
-0.280613,16.3659,12.6367
-0.280613,16.8537,11.9969
-0.280613,17.3415,11.4042
-0.280613,17.8293,10.8533
-0.280613,18.3171,10.3341
-0.280613,18.8049,9.85104
-0.280613,19.2927,9.40077
-0.280613,19.7805,8.98045
-0.280613,20.2683,8.58287
-0.280613,20.7561,8.20843
-0.256227,1.2439,18.2059
-0.256227,1.73171,59.0714
-0.256227,2.21951,82.1829
-0.256227,2.70732,88.0094
-0.256227,3.19512,84.7443
-0.256227,3.68293,79.537
-0.256227,4.17073,74.507
-0.256227,4.65854,69.3798
-0.256227,5.14634,64.3703
-0.256227,5.63415,59.6336
-0.256227,6.12195,55.1247
-0.256227,6.60976,50.9029
-0.256227,7.09756,47.0158
-0.256227,7.58537,43.3861
-0.256227,8.07317,40.0709
-0.256227,8.56098,36.9493
-0.256227,9.04878,34.1983
-0.256227,9.53659,31.8146
-0.256227,10.0244,29.6642
-0.256227,10.5122,27.6462
-0.256227,11,25.8257
-0.256227,11.4878,24.1401
-0.256227,11.9756,22.5841
-0.256227,12.4634,21.1726
-0.256227,12.9512,19.8804
-0.256227,13.439,18.6994
-0.256227,13.9268,17.6202
-0.256227,14.4146,16.6442
-0.256227,14.9024,15.7554
-0.256227,15.3902,14.9363
-0.256227,15.878,14.1781
-0.256227,16.3659,13.4516
-0.256227,16.8537,12.7795
-0.256227,17.3415,12.1564
-0.256227,17.8293,11.5764
-0.256227,18.3171,11.0246
-0.256227,18.8049,10.5111
-0.256227,19.2927,10.0324
-0.256227,19.7805,9.58541
-0.256227,20.2683,9.16556
-0.256227,20.7561,8.77148
-0.231841,1.2439,19.776
-0.231841,1.73171,60.7861
-0.231841,2.21951,85.6113
-0.231841,2.70732,89.8456
-0.231841,3.19512,87.0342
-0.231841,3.68293,82.5039
-0.231841,4.17073,77.7329
-0.231841,4.65854,72.6055
-0.231841,5.14634,67.446
-0.231841,5.63415,62.5314
-0.231841,6.12195,57.8344
-0.231841,6.60976,53.4299
-0.231841,7.09756,49.3775
-0.231841,7.58537,45.6408
-0.231841,8.07317,42.2258
-0.231841,8.56098,39.0033
-0.231841,9.04878,36.1554
-0.231841,9.53659,33.6713
-0.231841,10.0244,31.4296
-0.231841,10.5122,29.3249
-0.231841,11,27.4248
-0.231841,11.4878,25.6622
-0.231841,11.9756,24.0325
-0.231841,12.4634,22.5529
-0.231841,12.9512,21.2002
-0.231841,13.439,19.9638
-0.231841,13.9268,18.8327
-0.231841,14.4146,17.8074
-0.231841,14.9024,16.8718
-0.231841,15.3902,16.0089
-0.231841,15.878,15.2098
-0.231841,16.3659,14.4476
-0.231841,16.8537,13.7415
-0.231841,17.3415,13.0863
-0.231841,17.8293,12.4752
-0.231841,18.3171,11.8895
-0.231841,18.8049,11.3438
-0.231841,19.2927,10.8348
-0.231841,19.7805,10.3591
-0.231841,20.2683,9.91003
-0.231841,20.7561,9.4873
-0.207455,1.2439,20.3287
-0.207455,1.73171,64.3327
-0.207455,2.21951,87.7472
-0.207455,2.70732,91.4984
-0.207455,3.19512,89.7427
-0.207455,3.68293,85.9059
-0.207455,4.17073,81.2684
-0.207455,4.65854,76.0708
-0.207455,5.14634,70.7216
-0.207455,5.63415,65.6081
-0.207455,6.12195,60.7176
-0.207455,6.60976,56.1236
-0.207455,7.09756,51.8988
-0.207455,7.58537,48.0712
-0.207455,8.07317,44.5719
-0.207455,8.56098,41.2684
-0.207455,9.04878,38.3304
-0.207455,9.53659,35.7315
-0.207455,10.0244,33.3858
-0.207455,10.5122,31.1861
-0.207455,11,29.1986
-0.207455,11.4878,27.3541
-0.207455,11.9756,25.6477
-0.207455,12.4634,24.097
-0.207455,12.9512,22.6816
-0.207455,13.439,21.3877
-0.207455,13.9268,20.2024
-0.207455,14.4146,19.1222
-0.207455,14.9024,18.1328
-0.207455,15.3902,17.2195
-0.207455,15.878,16.3736
-0.207455,16.3659,15.574
-0.207455,16.8537,14.8323
-0.207455,17.3415,14.143
-0.207455,17.8293,13.4989
-0.207455,18.3171,12.8768
-0.207455,18.8049,12.2968
-0.207455,19.2927,11.7552
-0.207455,19.7805,11.2486
-0.207455,20.2683,10.7658
-0.207455,20.7561,10.309
-0.183069,1.2439,19.8354
-0.183069,1.73171,68.084
-0.183069,2.21951,88.7812
-0.183069,2.70732,93.5303
-0.183069,3.19512,93.0641
-0.183069,3.68293,89.7351
-0.183069,4.17073,85.0668
-0.183069,4.65854,79.7203
-0.183069,5.14634,74.153
-0.183069,5.63415,68.8333
-0.183069,6.12195,63.7456
-0.183069,6.60976,58.9601
-0.183069,7.09756,54.5614
-0.183069,7.58537,50.6506
-0.183069,8.07317,47.0726
-0.183069,8.56098,43.6917
-0.183069,9.04878,40.664
-0.183069,9.53659,37.9448
-0.183069,10.0244,35.4896
-0.183069,10.5122,33.1895
-0.183069,11,31.1095
-0.183069,11.4878,29.1786
-0.183069,11.9756,27.3911
-0.183069,12.4634,25.765
-0.183069,12.9512,24.2837
-0.183069,13.439,22.9291
-0.183069,13.9268,21.6867
-0.183069,14.4146,20.5482
-0.183069,14.9024,19.5012
-0.183069,15.3902,18.5339
-0.183069,15.878,17.6378
-0.183069,16.3659,16.7989
-0.183069,16.8537,16.0197
-0.183069,17.3415,15.2945
-0.183069,17.8293,14.6155
-0.183069,18.3171,13.9544
-0.183069,18.8049,13.3375
-0.183069,19.2927,12.7609
-0.183069,19.7805,12.2211
-0.183069,20.2683,11.7015
-0.183069,20.7561,11.2073
-0.158683,1.2439,20.1949
-0.158683,1.73171,70.2674
-0.158683,2.21951,89.6132
-0.158683,2.70732,96.3729
-0.158683,3.19512,96.9877
-0.158683,3.68293,93.8846
-0.158683,4.17073,89.0328
-0.158683,4.65854,83.4922
-0.158683,5.14634,77.7049
-0.158683,5.63415,72.1885
-0.158683,6.12195,66.91
-0.158683,6.60976,61.9376
-0.158683,7.09756,57.3678
-0.158683,7.58537,53.3849
-0.158683,8.07317,49.7359
-0.158683,8.56098,46.283
-0.158683,9.04878,43.1667
-0.158683,9.53659,40.3219
-0.158683,10.0244,37.7516
-0.158683,10.5122,35.346
-0.158683,11,33.1683
-0.158683,11.4878,31.146
-0.158683,11.9756,29.2731
-0.158683,12.4634,27.5673
-0.158683,12.9512,26.0165
-0.158683,13.439,24.5984
-0.158683,13.9268,23.2958
-0.158683,14.4146,22.0952
-0.158683,14.9024,20.9865
-0.158683,15.3902,19.9613
-0.158683,15.878,19.0115
-0.158683,16.3659,18.1313
-0.158683,16.8537,17.3126
-0.158683,17.3415,16.5497
-0.158683,17.8293,15.8337
-0.158683,18.3171,15.1309
-0.158683,18.8049,14.4743
-0.158683,19.2927,13.8601
-0.158683,19.7805,13.2846
-0.158683,20.2683,12.725
-0.158683,20.7561,12.19
-0.134297,1.2439,21.8647
-0.134297,1.73171,70.7784
-0.134297,2.21951,91.1917
-0.134297,2.70732,99.7657
-0.134297,3.19512,100.663
-0.134297,3.68293,97.4989
-0.134297,4.17073,92.4247
-0.134297,4.65854,86.7085
-0.134297,5.14634,80.7695
-0.134297,5.63415,75.1176
-0.134297,6.12195,69.6954
-0.134297,6.60976,64.5963
-0.134297,7.09756,59.9135
-0.134297,7.58537,55.8474
-0.134297,8.07317,52.1235
-0.134297,8.56098,48.608
-0.134297,9.04878,45.4301
-0.134297,9.53659,42.5249
-0.134297,10.0244,39.8944
-0.134297,10.5122,37.4219
-0.134297,11,35.1797
-0.134297,11.4878,33.0958
-0.134297,11.9756,31.1638
-0.134297,12.4634,29.4009
-0.134297,12.9512,27.7926
-0.134297,13.439,26.3183
-0.134297,13.9268,24.9621
-0.134297,14.4146,23.7049
-0.134297,14.9024,22.5391
-0.134297,15.3902,21.46
-0.134297,15.878,20.4589
-0.134297,16.3659,19.5275
-0.134297,16.8537,18.6603
-0.134297,17.3415,17.8515
-0.134297,17.8293,17.0929
-0.134297,18.3171,16.3559
-0.134297,18.8049,15.6666
-0.134297,19.2927,15.0208
-0.134297,19.7805,14.4149
-0.134297,20.2683,13.8271
-0.134297,20.7561,13.2653
-0.109911,1.2439,23.1313
-0.109911,1.73171,71.188
-0.109911,2.21951,93.9488
-0.109911,2.70732,103.52
-0.109911,3.19512,104.041
-0.109911,3.68293,100.65
-0.109911,4.17073,95.3844
-0.109911,4.65854,89.5424
-0.109911,5.14634,83.5196
-0.109911,5.63415,77.7914
-0.109911,6.12195,72.2697
-0.109911,6.60976,67.09
-0.109911,7.09756,62.335
-0.109911,7.58537,58.1799
-0.109911,8.07317,54.3795
-0.109911,8.56098,50.8093
-0.109911,9.04878,47.5882
-0.109911,9.53659,44.6654
-0.109911,10.0244,42.0104
-0.109911,10.5122,39.4967
-0.109911,11,37.2115
-0.109911,11.4878,35.0857
-0.109911,11.9756,33.1124
-0.109911,12.4634,31.3073
-0.109911,12.9512,29.6485
-0.109911,13.439,28.1224
-0.109911,13.9268,26.7158
-0.109911,14.4146,25.4047
-0.109911,14.9024,24.1839
-0.109911,15.3902,23.0524
-0.109911,15.878,22.0006
-0.109911,16.3659,21.0096
-0.109911,16.8537,20.0865
-0.109911,17.3415,19.2249
-0.109911,17.8293,18.4184
-0.109911,18.3171,17.6524
-0.109911,18.8049,16.9346
-0.109911,19.2927,16.261
-0.109911,19.7805,15.6281
-0.109911,20.2683,15.0202
-0.109911,20.7561,14.4416
-0.0855255,1.2439,23.3596
-0.0855255,1.73171,72.9007
-0.0855255,2.21951,97.5251
-0.0855255,2.70732,107.346
-0.0855255,3.19512,107.237
-0.0855255,3.68293,103.624
-0.0855255,4.17073,98.2405
-0.0855255,4.65854,92.3379
-0.0855255,5.14634,86.2833
-0.0855255,5.63415,80.5188
-0.0855255,6.12195,74.9238
-0.0855255,6.60976,69.6803
-0.0855255,7.09756,64.8644
-0.0855255,7.58537,60.6245
-0.0855255,8.07317,56.751
-0.0855255,8.56098,53.131
-0.0855255,9.04878,49.8706
-0.0855255,9.53659,46.9351
-0.0855255,10.0244,44.2596
-0.0855255,10.5122,41.7071
-0.0855255,11,39.3808
-0.0855255,11.4878,37.2148
-0.0855255,11.9756,35.2016
-0.0855255,12.4634,33.3554
-0.0855255,12.9512,31.6453
-0.0855255,13.439,30.0657
-0.0855255,13.9268,28.6073
-0.0855255,14.4146,27.2398
-0.0855255,14.9024,25.9611
-0.0855255,15.3902,24.7744
-0.0855255,15.878,23.6691
-0.0855255,16.3659,22.6141
-0.0855255,16.8537,21.6306
-0.0855255,17.3415,20.7124
-0.0855255,17.8293,19.8545
-0.0855255,18.3171,19.0589
-0.0855255,18.8049,18.3121
-0.0855255,19.2927,17.6102
-0.0855255,19.7805,16.9495
-0.0855255,20.2683,16.3221
-0.0855255,20.7561,15.7279
-0.0611395,1.2439,23.6958
-0.0611395,1.73171,75.759
-0.0611395,2.21951,101.13
-0.0611395,2.70732,110.874
-0.0611395,3.19512,110.141
-0.0611395,3.68293,106.42
-0.0611395,4.17073,101.025
-0.0611395,4.65854,95.1309
-0.0611395,5.14634,89.0929
-0.0611395,5.63415,83.3263
-0.0611395,6.12195,77.6781
-0.0611395,6.60976,72.3842
-0.0611395,7.09756,67.5159
-0.0611395,7.58537,63.1935
-0.0611395,8.07317,59.2488
-0.0611395,8.56098,55.5823
-0.0611395,9.04878,52.2858
-0.0611395,9.53659,49.3427
-0.0611395,10.0244,46.6506
-0.0611395,10.5122,44.0619
-0.0611395,11,41.6963
-0.0611395,11.4878,39.4918
-0.0611395,11.9756,37.4406
-0.0611395,12.4634,35.5548
-0.0611395,12.9512,33.7926
-0.0611395,13.439,32.1581
-0.0611395,13.9268,30.6462
-0.0611395,14.4146,29.22
-0.0611395,14.9024,27.8805
-0.0611395,15.3902,26.6357
-0.0611395,15.878,25.4741
-0.0611395,16.3659,24.3501
-0.0611395,16.8537,23.3019
-0.0611395,17.3415,22.3227
-0.0611395,17.8293,21.4098
-0.0611395,18.3171,20.5842
-0.0611395,18.8049,19.808
-0.0611395,19.2927,19.0772
-0.0611395,19.7805,18.3882
-0.0611395,20.2683,17.7423
-0.0611395,20.7561,17.134
-0.0367535,1.2439,24.2798
-0.0367535,1.73171,77.673
-0.0367535,2.21951,102.956
-0.0367535,2.70732,112.456
-0.0367535,3.19512,111.357
-0.0367535,3.68293,107.634
-0.0367535,4.17073,102.237
-0.0367535,4.65854,96.3282
-0.0367535,5.14634,90.2843
-0.0367535,5.63415,84.4755
-0.0367535,6.12195,78.8485
-0.0367535,6.60976,73.5839
-0.0367535,7.09756,68.7406
-0.0367535,7.58537,64.3719
-0.0367535,8.07317,60.3949
-0.0367535,8.56098,56.7256
-0.0367535,9.04878,53.4174
-0.0367535,9.53659,50.451
-0.0367535,10.0244,47.7359
-0.0367535,10.5122,45.1406
-0.0367535,11,42.7656
-0.0367535,11.4878,40.5522
-0.0367535,11.9756,38.4918
-0.0367535,12.4634,36.595
-0.0367535,12.9512,34.8099
-0.0367535,13.439,33.1493
-0.0367535,13.9268,31.6121
-0.0367535,14.4146,30.1589
-0.0367535,14.9024,28.7919
-0.0367535,15.3902,27.5207
-0.0367535,15.878,26.3335
-0.0367535,16.3659,25.1792
-0.0367535,16.8537,24.1024
-0.0367535,17.3415,23.0962
-0.0367535,17.8293,22.1588
-0.0367535,18.3171,21.3187
-0.0367535,18.8049,20.5283
-0.0367535,19.2927,19.7836
-0.0367535,19.7805,19.081
-0.0367535,20.2683,18.4246
-0.0367535,20.7561,17.8073
-0.0123675,1.2439,24.6836
-0.0123675,1.73171,78.2206
-0.0123675,2.21951,103.234
-0.0123675,2.70732,112.461
-0.0123675,3.19512,111.229
-0.0123675,3.68293,107.555
-0.0123675,4.17073,102.128
-0.0123675,4.65854,96.161
-0.0123675,5.14634,90.0752
-0.0123675,5.63415,84.1784
-0.0123675,6.12195,78.6283
-0.0123675,6.60976,73.4548
-0.0123675,7.09756,68.6978
-0.0123675,7.58537,64.3121
-0.0123675,8.07317,60.334
-0.0123675,8.56098,56.6953
-0.0123675,9.04878,53.3932
-0.0123675,9.53659,50.3863
-0.0123675,10.0244,47.6395
-0.0123675,10.5122,45.0604
-0.0123675,11,42.6994
-0.0123675,11.4878,40.4998
-0.0123675,11.9756,38.4528
-0.0123675,12.4634,36.5676
-0.0123675,12.9512,34.7841
-0.0123675,13.439,33.1223
-0.0123675,13.9268,31.5841
-0.0123675,14.4146,30.1318
-0.0123675,14.9024,28.7667
-0.0123675,15.3902,27.4973
-0.0123675,15.878,26.3118
-0.0123675,16.3659,25.1627
-0.0123675,16.8537,24.0905
-0.0123675,17.3415,23.0884
-0.0123675,17.8293,22.1541
-0.0123675,18.3171,21.3126
-0.0123675,18.8049,20.5209
-0.0123675,19.2927,19.775
-0.0123675,19.7805,19.0714
-0.0123675,20.2683,18.4105
-0.0123675,20.7561,17.7873
