-0.984455,1.09,0.455431 , 0.455431 , 0
-0.984455,1.27,4.11421 , 4.11421 , 0
-0.984455,1.45,1.30185 , 1.30185 , 0
-0.984455,1.63,1.59527 , 1.59527 , 0
-0.984455,1.81,2.45048 , 2.45048 , 0
-0.984455,1.99,0.458995 , 0.458995 , 0
-0.984455,2.17,1.56228 , 1.56228 , 0
-0.984455,2.35,0.301306 , 0.301306 , 0
-0.984455,2.53,0.944805 , 0.944805 , 0
-0.984455,2.71,0.638191 , 0.638191 , 0
-0.984455,2.89,0.352498 , 0.352498 , 0
-0.984455,3.07,0.409505 , 0.409505 , 0
-0.984455,3.25,0.353452 , 0.353452 , 0
-0.984455,3.43,0.283606 , 0.283606 , 0
-0.984455,3.61,0.372458 , 0.372458 , 0
-0.984455,3.79,0.536956 , 0.536956 , 0
-0.984455,3.97,0.618127 , 0.618127 , 0
-0.984455,4.15,0.556656 , 0.556656 , 0
-0.984455,4.33,0.399812 , 0.399812 , 0
-0.984455,4.51,0.229025 , 0.229025 , 0
-0.984455,4.69,0.104234 , 0.104234 , 0
-0.984455,4.87,0.0469825 , 0.0469825 , 0
-0.984455,5.05,0.0485585 , 0.0485585 , 0
-0.984455,5.23,0.0862815 , 0.0862815 , 0
-0.984455,5.41,0.136513 , 0.136513 , 0
-0.984455,5.59,0.181442 , 0.181442 , 0
-0.984455,5.77,0.211081 , 0.211081 , 0
-0.984455,5.95,0.222131 , 0.222131 , 0
-0.984455,6.13,0.215974 , 0.215974 , 0
-0.984455,6.31,0.196539 , 0.196539 , 0
-0.984455,6.49,0.16844 , 0.16844 , 0
-0.984455,6.67,0.136501 , 0.136501 , 0
-0.984455,6.85,0.10448 , 0.10448 , 0
-0.984455,7.03,0.0750968 , 0.0750968 , 0
-0.984455,7.21,0.0500475 , 0.0500475 , 0
-0.984455,7.39,0.0302116 , 0.0302116 , 0
-0.984455,7.57,0.0157873 , 0.0157873 , 0
-0.984455,7.75,0.00649967 , 0.00649967 , 0
-0.984455,7.93,0.00178157 , 0.00178157 , 0
-0.984455,8.11,0.000911172 , 0.000911172 , 0
-0.984455,8.29,0.00311742 , 0.00311742 , 0
-0.984455,8.47,0.00764791 , 0.00764791 , 0
-0.984455,8.65,0.0138104 , 0.0138104 , 0
-0.984455,8.83,0.0209979 , 0.0209979 , 0
-0.984455,9.01,0.0286858 , 0.0286858 , 0
-0.984455,9.19,0.0364522 , 0.0364522 , 0
-0.984455,9.37,0.0439834 , 0.0439834 , 0
-0.984455,9.55,0.0510398 , 0.0510398 , 0
-0.984455,9.73,0.0574532 , 0.0574532 , 0
-0.984455,9.91,0.0631155 , 0.0631155 , 0
-0.977166,1.09,0.57326 , 0.57326 , 0
-0.977166,1.27,3.40034 , 3.40034 , 0
-0.977166,1.45,0.71421 , 0.71421 , 0
-0.977166,1.63,1.07331 , 1.07331 , 0
-0.977166,1.81,2.39653 , 2.39653 , 0
-0.977166,1.99,0.681914 , 0.681914 , 0
-0.977166,2.17,1.36974 , 1.36974 , 0
-0.977166,2.35,0.312729 , 0.312729 , 0
-0.977166,2.53,1.04374 , 1.04374 , 0
-0.977166,2.71,0.566514 , 0.566514 , 0
-0.977166,2.89,0.310149 , 0.310149 , 0
-0.977166,3.07,0.439896 , 0.439896 , 0
-0.977166,3.25,0.421581 , 0.421581 , 0
-0.977166,3.43,0.363021 , 0.363021 , 0
-0.977166,3.61,0.434117 , 0.434117 , 0
-0.977166,3.79,0.55617 , 0.55617 , 0
-0.977166,3.97,0.590516 , 0.590516 , 0
-0.977166,4.15,0.497541 , 0.497541 , 0
-0.977166,4.33,0.331682 , 0.331682 , 0
-0.977166,4.51,0.170056 , 0.170056 , 0
-0.977166,4.69,0.0634861 , 0.0634861 , 0
-0.977166,4.87,0.0251509 , 0.0251509 , 0
-0.977166,5.05,0.041334 , 0.041334 , 0
-0.977166,5.23,0.0876483 , 0.0876483 , 0
-0.977166,5.41,0.140971 , 0.140971 , 0
-0.977166,5.59,0.185069 , 0.185069 , 0
-0.977166,5.77,0.211719 , 0.211719 , 0
-0.977166,5.95,0.219089 , 0.219089 , 0
-0.977166,6.13,0.20957 , 0.20957 , 0
-0.977166,6.31,0.187653 , 0.187653 , 0
-0.977166,6.49,0.15817 , 0.15817 , 0
-0.977166,6.67,0.125904 , 0.125904 , 0
-0.977166,6.85,0.0944391 , 0.0944391 , 0
-0.977166,7.03,0.0662662 , 0.0662662 , 0
-0.977166,7.21,0.0428502 , 0.0428502 , 0
-0.977166,7.39,0.0248613 , 0.0248613 , 0
-0.977166,7.57,0.0123289 , 0.0123289 , 0
-0.977166,7.75,0.00485221 , 0.00485221 , 0
-0.977166,7.93,0.00177842 , 0.00177842 , 0
-0.977166,8.11,0.00233485 , 0.00233485 , 0
-0.977166,8.29,0.00572861 , 0.00572861 , 0
-0.977166,8.47,0.0112029 , 0.0112029 , 0
-0.977166,8.65,0.0180752 , 0.0180752 , 0
-0.977166,8.83,0.0257577 , 0.0257577 , 0
-0.977166,9.01,0.0337475 , 0.0337475 , 0
-0.977166,9.19,0.0416497 , 0.0416497 , 0
-0.977166,9.37,0.0491804 , 0.0491804 , 0
-0.977166,9.55,0.0561261 , 0.0561261 , 0
-0.977166,9.73,0.0623427 , 0.0623427 , 0
-0.977166,9.91,0.0677435 , 0.0677435 , 0
-0.969878,1.09,1.43516 , 1.43516 , 0
-0.969878,1.27,2.46783 , 2.46783 , 0
-0.969878,1.45,0.333056 , 0.333056 , 0
-0.969878,1.63,0.633818 , 0.633818 , 0
-0.969878,1.81,2.21054 , 2.21054 , 0
-0.969878,1.99,0.93939 , 0.93939 , 0
-0.969878,2.17,1.15582 , 1.15582 , 0
-0.969878,2.35,0.391412 , 0.391412 , 0
-0.969878,2.53,1.08028 , 1.08028 , 0
-0.969878,2.71,0.47873 , 0.47873 , 0
-0.969878,2.89,0.310467 , 0.310467 , 0
-0.969878,3.07,0.494105 , 0.494105 , 0
-0.969878,3.25,0.472751 , 0.472751 , 0
-0.969878,3.43,0.403116 , 0.403116 , 0
-0.969878,3.61,0.455904 , 0.455904 , 0
-0.969878,3.79,0.547333 , 0.547333 , 0
-0.969878,3.97,0.549959 , 0.549959 , 0
-0.969878,4.15,0.438362 , 0.438362 , 0
-0.969878,4.33,0.271961 , 0.271961 , 0
-0.969878,4.51,0.123593 , 0.123593 , 0
-0.969878,4.69,0.0360783 , 0.0360783 , 0
-0.969878,4.87,0.0155873 , 0.0155873 , 0
-0.969878,5.05,0.0445046 , 0.0445046 , 0
-0.969878,5.23,0.0974558 , 0.0974558 , 0
-0.969878,5.41,0.152202 , 0.152202 , 0
-0.969878,5.59,0.194201 , 0.194201 , 0
-0.969878,5.77,0.216968 , 0.216968 , 0
-0.969878,5.95,0.220051 , 0.220051 , 0
-0.969878,6.13,0.206753 , 0.206753 , 0
-0.969878,6.31,0.182044 , 0.182044 , 0
-0.969878,6.49,0.150915 , 0.150915 , 0
-0.969878,6.67,0.118071 , 0.118071 , 0
-0.969878,6.85,0.0869058 , 0.0869058 , 0
-0.969878,7.03,0.0596771 , 0.0596771 , 0
-0.969878,7.21,0.0376194 , 0.0376194 , 0
-0.969878,7.39,0.0212001 , 0.0212001 , 0
-0.969878,7.57,0.0102864 , 0.0102864 , 0
-0.969878,7.75,0.00435885 , 0.00435885 , 0
-0.969878,7.93,0.00268482 , 0.00268482 , 0
-0.969878,8.11,0.00444509 , 0.00444509 , 0
-0.969878,8.29,0.00882678 , 0.00882678 , 0
-0.969878,8.47,0.0150698 , 0.0150698 , 0
-0.969878,8.65,0.0225015 , 0.0225015 , 0
-0.969878,8.83,0.0305524 , 0.0305524 , 0
-0.969878,9.01,0.0387401 , 0.0387401 , 0
-0.969878,9.19,0.0466949 , 0.0466949 , 0
-0.969878,9.37,0.0541601 , 0.0541601 , 0
-0.969878,9.55,0.0609462 , 0.0609462 , 0
-0.969878,9.73,0.0669309 , 0.0669309 , 0
-0.969878,9.91,0.0720469 , 0.0720469 , 0
-0.96259,1.09,2.77486 , 2.77486 , 0
-0.96259,1.27,1.51227 , 1.51227 , 0
-0.96259,1.45,0.221337 , 0.221337 , 0
-0.96259,1.63,0.324913 , 0.324913 , 0
-0.96259,1.81,1.9176 , 1.9176 , 0
-0.96259,1.99,1.22087 , 1.22087 , 0
-0.96259,2.17,0.922276 , 0.922276 , 0
-0.96259,2.35,0.508447 , 0.508447 , 0
-0.96259,2.53,1.08477 , 1.08477 , 0
-0.96259,2.71,0.393881 , 0.393881 , 0
-0.96259,2.89,0.335258 , 0.335258 , 0
-0.96259,3.07,0.558357 , 0.558357 , 0
-0.96259,3.25,0.516773 , 0.516773 , 0
-0.96259,3.43,0.425997 , 0.425997 , 0
-0.96259,3.61,0.4567 , 0.4567 , 0
-0.96259,3.79,0.51922 , 0.51922 , 0
-0.96259,3.97,0.495901 , 0.495901 , 0
-0.96259,4.15,0.373044 , 0.373044 , 0
-0.96259,4.33,0.212702 , 0.212702 , 0
-0.96259,4.51,0.082169 , 0.082169 , 0
-0.96259,4.69,0.0160806 , 0.0160806 , 0
-0.96259,4.87,0.0140854 , 0.0140854 , 0
-0.96259,5.05,0.0553367 , 0.0553367 , 0
-0.96259,5.23,0.114047 , 0.114047 , 0
-0.96259,5.41,0.169242 , 0.169242 , 0
-0.96259,5.59,0.20827 , 0.20827 , 0
-0.96259,5.77,0.226446 , 0.226446 , 0
-0.96259,5.95,0.224697 , 0.224697 , 0
-0.96259,6.13,0.207205 , 0.207205 , 0
-0.96259,6.31,0.179375 , 0.179375 , 0
-0.96259,6.49,0.146314 , 0.146314 , 0
-0.96259,6.67,0.11263 , 0.11263 , 0
-0.96259,6.85,0.0815125 , 0.0815125 , 0
-0.96259,7.03,0.0549798 , 0.0549798 , 0
-0.96259,7.21,0.034035 , 0.034035 , 0
-0.96259,7.39,0.0189448 , 0.0189448 , 0
-0.96259,7.57,0.00941819 , 0.00941819 , 0
-0.96259,7.75,0.00482102 , 0.00482102 , 0
-0.96259,7.93,0.00434427 , 0.00434427 , 0
-0.96259,8.11,0.00712472 , 0.00712472 , 0
-0.96259,8.29,0.0123305 , 0.0123305 , 0
-0.96259,8.47,0.019199 , 0.019199 , 0
-0.96259,8.65,0.0270671 , 0.0270671 , 0
-0.96259,8.83,0.0353827 , 0.0353827 , 0
-0.96259,9.01,0.0436829 , 0.0436829 , 0
-0.96259,9.19,0.0516217 , 0.0516217 , 0
-0.96259,9.37,0.0589676 , 0.0589676 , 0
-0.96259,9.55,0.0655533 , 0.0655533 , 0
-0.96259,9.73,0.0712767 , 0.0712767 , 0
-0.96259,9.91,0.076088 , 0.076088 , 0
-0.955302,1.09,4.19131 , 4.19131 , 0
-0.955302,1.27,0.742785 , 0.742785 , 0
-0.955302,1.45,0.39533 , 0.39533 , 0
-0.955302,1.63,0.190327 , 0.190327 , 0
-0.955302,1.81,1.55234 , 1.55234 , 0
-0.955302,1.99,1.49816 , 1.49816 , 0
-0.955302,2.17,0.689696 , 0.689696 , 0
-0.955302,2.35,0.653889 , 0.653889 , 0
-0.955302,2.53,1.05705 , 1.05705 , 0
-0.955302,2.71,0.319889 , 0.319889 , 0
-0.955302,2.89,0.383189 , 0.383189 , 0
-0.955302,3.07,0.62543 , 0.62543 , 0
-0.955302,3.25,0.547319 , 0.547319 , 0
-0.955302,3.43,0.429207 , 0.429207 , 0
-0.955302,3.61,0.438191 , 0.438191 , 0
-0.955302,3.79,0.476573 , 0.476573 , 0
-0.955302,3.97,0.434544 , 0.434544 , 0
-0.955302,4.15,0.307781 , 0.307781 , 0
-0.955302,4.33,0.159134 , 0.159134 , 0
-0.955302,4.51,0.0496341 , 0.0496341 , 0
-0.955302,4.69,0.00597268 , 0.00597268 , 0
-0.955302,4.87,0.0219883 , 0.0219883 , 0
-0.955302,5.05,0.0743429 , 0.0743429 , 0
-0.955302,5.23,0.13739 , 0.13739 , 0
-0.955302,5.41,0.191744 , 0.191744 , 0
-0.955302,5.59,0.226771 , 0.226771 , 0
-0.955302,5.77,0.239594 , 0.239594 , 0
-0.955302,5.95,0.232475 , 0.232475 , 0
-0.955302,6.13,0.210404 , 0.210404 , 0
-0.955302,6.31,0.179163 , 0.179163 , 0
-0.955302,6.49,0.143927 , 0.143927 , 0
-0.955302,6.67,0.109179 , 0.109179 , 0
-0.955302,6.85,0.077889 , 0.077889 , 0
-0.955302,7.03,0.0518283 , 0.0518283 , 0
-0.955302,7.21,0.0317702 , 0.0317702 , 0
-0.955302,7.39,0.0177838 , 0.0177838 , 0
-0.955302,7.57,0.0094251 , 0.0094251 , 0
-0.955302,7.75,0.00595017 , 0.00595017 , 0
-0.955302,7.93,0.0064778 , 0.0064778 , 0
-0.955302,8.11,0.0101038 , 0.0101038 , 0
-0.955302,8.29,0.0159788 , 0.0159788 , 0
-0.955302,8.47,0.0233382 , 0.0233382 , 0
-0.955302,8.65,0.0315288 , 0.0315288 , 0
-0.955302,8.83,0.0400148 , 0.0400148 , 0
-0.955302,9.01,0.0483517 , 0.0483517 , 0
-0.955302,9.19,0.0562156 , 0.0562156 , 0
-0.955302,9.37,0.0633983 , 0.0633983 , 0
-0.955302,9.55,0.0697529 , 0.0697529 , 0
-0.955302,9.73,0.0751954 , 0.0751954 , 0
-0.955302,9.91,0.0796917 , 0.0796917 , 0
-0.948014,1.09,5.24658 , 5.24658 , 0
-0.948014,1.27,0.323089 , 0.323089 , 0
-0.948014,1.45,0.819461 , 0.819461 , 0
-0.948014,1.63,0.246709 , 0.246709 , 0
-0.948014,1.81,1.15605 , 1.15605 , 0
-0.948014,1.99,1.74189 , 1.74189 , 0
-0.948014,2.17,0.477515 , 0.477515 , 0
-0.948014,2.35,0.815619 , 0.815619 , 0
-0.948014,2.53,0.999057 , 0.999057 , 0
-0.948014,2.71,0.263467 , 0.263467 , 0
-0.948014,2.89,0.451086 , 0.451086 , 0
-0.948014,3.07,0.688226 , 0.688226 , 0
-0.948014,3.25,0.559911 , 0.559911 , 0
-0.948014,3.43,0.412813 , 0.412813 , 0
-0.948014,3.61,0.404379 , 0.404379 , 0
-0.948014,3.79,0.42573 , 0.42573 , 0
-0.948014,3.97,0.372801 , 0.372801 , 0
-0.948014,4.15,0.248688 , 0.248688 , 0
-0.948014,4.33,0.115844 , 0.115844 , 0
-0.948014,4.51,0.0288939 , 0.0288939 , 0
-0.948014,4.69,0.00718887 , 0.00718887 , 0
-0.948014,4.87,0.0396326 , 0.0396326 , 0
-0.948014,5.05,0.101144 , 0.101144 , 0
-0.948014,5.23,0.166702 , 0.166702 , 0
-0.948014,5.41,0.218743 , 0.218743 , 0
-0.948014,5.59,0.248699 , 0.248699 , 0
-0.948014,5.77,0.255447 , 0.255447 , 0
-0.948014,5.95,0.242492 , 0.242492 , 0
-0.948014,6.13,0.215547 , 0.215547 , 0
-0.948014,6.31,0.180693 , 0.180693 , 0
-0.948014,6.49,0.143118 , 0.143118 , 0
-0.948014,6.67,0.107151 , 0.107151 , 0
-0.948014,6.85,0.0755257 , 0.0755257 , 0
-0.948014,7.03,0.0497621 , 0.0497621 , 0
-0.948014,7.21,0.0304059 , 0.0304059 , 0
-0.948014,7.39,0.0173344 , 0.0173344 , 0
-0.948014,7.57,0.00995737 , 0.00995737 , 0
-0.948014,7.75,0.00742692 , 0.00742692 , 0
-0.948014,7.93,0.00879441 , 0.00879441 , 0
-0.948014,8.11,0.0131176 , 0.0131176 , 0
-0.948014,8.29,0.0195312 , 0.0195312 , 0
-0.948014,8.47,0.0272697 , 0.0272697 , 0
-0.948014,8.65,0.0356892 , 0.0356892 , 0
-0.948014,8.83,0.0442699 , 0.0442699 , 0
-0.948014,9.01,0.0525856 , 0.0525856 , 0
-0.948014,9.19,0.060333 , 0.060333 , 0
-0.948014,9.37,0.0673246 , 0.0673246 , 0
-0.948014,9.55,0.0734319 , 0.0734319 , 0
-0.948014,9.73,0.0785871 , 0.0785871 , 0
-0.948014,9.91,0.0827706 , 0.0827706 , 0
-0.940726,1.09,5.59651 , 5.59651 , 0
-0.940726,1.27,0.337556 , 0.337556 , 0
-0.940726,1.45,1.41031 , 1.41031 , 0
-0.940726,1.63,0.481159 , 0.481159 , 0
-0.940726,1.81,0.77411 , 0.77411 , 0
-0.940726,1.99,1.92368 , 1.92368 , 0
-0.940726,2.17,0.303451 , 0.303451 , 0
-0.940726,2.35,0.979785 , 0.979785 , 0
-0.940726,2.53,0.914551 , 0.914551 , 0
-0.940726,2.71,0.229922 , 0.229922 , 0
-0.940726,2.89,0.534257 , 0.534257 , 0
-0.940726,3.07,0.740196 , 0.740196 , 0
-0.940726,3.25,0.55212 , 0.55212 , 0
-0.940726,3.43,0.379244 , 0.379244 , 0
-0.940726,3.61,0.361085 , 0.361085 , 0
-0.940726,3.79,0.373903 , 0.373903 , 0
-0.940726,3.97,0.317524 , 0.317524 , 0
-0.940726,4.15,0.201117 , 0.201117 , 0
-0.940726,4.33,0.0862658 , 0.0862658 , 0
-0.940726,4.51,0.0215797 , 0.0215797 , 0
-0.940726,4.69,0.0199568 , 0.0199568 , 0
-0.940726,4.87,0.0663092 , 0.0663092 , 0
-0.940726,5.05,0.134501 , 0.134501 , 0
-0.940726,5.23,0.200513 , 0.200513 , 0
-0.940726,5.41,0.248732 , 0.248732 , 0
-0.940726,5.59,0.272623 , 0.272623 , 0
-0.940726,5.77,0.272696 , 0.272696 , 0
-0.940726,5.95,0.253582 , 0.253582 , 0
-0.940726,6.13,0.221603 , 0.221603 , 0
-0.940726,6.31,0.183058 , 0.183058 , 0
-0.940726,6.49,0.143101 , 0.143101 , 0
-0.940726,6.67,0.105863 , 0.105863 , 0
-0.940726,6.85,0.0738262 , 0.0738262 , 0
-0.940726,7.03,0.0482605 , 0.0482605 , 0
-0.940726,7.21,0.0294871 , 0.0294871 , 0
-0.940726,7.39,0.0172008 , 0.0172008 , 0
-0.940726,7.57,0.0106728 , 0.0106728 , 0
-0.940726,7.75,0.00895828 , 0.00895828 , 0
-0.940726,7.93,0.0110463 , 0.0110463 , 0
-0.940726,8.11,0.0159589 , 0.0159589 , 0
-0.940726,8.29,0.0228169 , 0.0228169 , 0
-0.940726,8.47,0.0308545 , 0.0308545 , 0
-0.940726,8.65,0.0394372 , 0.0394372 , 0
-0.940726,8.83,0.0480605 , 0.0480605 , 0
-0.940726,9.01,0.0563186 , 0.0563186 , 0
-0.940726,9.19,0.0639282 , 0.0639282 , 0
-0.940726,9.37,0.0707184 , 0.0707184 , 0
-0.940726,9.55,0.0765774 , 0.0765774 , 0
-0.940726,9.73,0.0814525 , 0.0814525 , 0
-0.940726,9.91,0.0853364 , 0.0853364 , 0
-0.933438,1.09,5.20346 , 5.20346 , 0
-0.933438,1.27,0.770587 , 0.770587 , 0
-0.933438,1.45,2.0678 , 2.0678 , 0
-0.933438,1.63,0.857498 , 0.857498 , 0
-0.933438,1.81,0.45461 , 0.45461 , 0
-0.933438,1.99,2.02988 , 2.02988 , 0
-0.933438,2.17,0.183071 , 0.183071 , 0
-0.933438,2.35,1.13437 , 1.13437 , 0
-0.933438,2.53,0.810725 , 0.810725 , 0
-0.933438,2.71,0.222836 , 0.222836 , 0
-0.933438,2.89,0.6267 , 0.6267 , 0
-0.933438,3.07,0.775643 , 0.775643 , 0
-0.933438,3.25,0.523433 , 0.523433 , 0
-0.933438,3.43,0.332556 , 0.332556 , 0
-0.933438,3.61,0.314602 , 0.314602 , 0
-0.933438,3.79,0.327523 , 0.327523 , 0
-0.933438,3.97,0.273939 , 0.273939 , 0
-0.933438,4.15,0.168538 , 0.168538 , 0
-0.933438,4.33,0.0720771 , 0.0720771 , 0
-0.933438,4.51,0.0278375 , 0.0278375 , 0
-0.933438,4.69,0.0432578 , 0.0432578 , 0
-0.933438,4.87,0.1002 , 0.1002 , 0
-0.933438,5.05,0.172111 , 0.172111 , 0
-0.933438,5.23,0.236284 , 0.236284 , 0
-0.933438,5.41,0.279124 , 0.279124 , 0
-0.933438,5.59,0.29604 , 0.29604 , 0
-0.933438,5.77,0.289017 , 0.289017 , 0
-0.933438,5.95,0.26365 , 0.26365 , 0
-0.933438,6.13,0.226733 , 0.226733 , 0
-0.933438,6.31,0.184676 , 0.184676 , 0
-0.933438,6.49,0.142533 , 0.142533 , 0
-0.933438,6.67,0.10419 , 0.10419 , 0
-0.933438,6.85,0.0718658 , 0.0718658 , 0
-0.933438,7.03,0.046572 , 0.046572 , 0
-0.933438,7.21,0.0284104 , 0.0284104 , 0
-0.933438,7.39,0.0169014 , 0.0169014 , 0
-0.933438,7.57,0.0111878 , 0.0111878 , 0
-0.933438,7.75,0.010237 , 0.010237 , 0
-0.933438,7.93,0.0129839 , 0.0129839 , 0
-0.933438,8.11,0.0184211 , 0.0184211 , 0
-0.933438,8.29,0.0256604 , 0.0256604 , 0
-0.933438,8.47,0.0339394 , 0.0339394 , 0
-0.933438,8.65,0.0426355 , 0.0426355 , 0
-0.933438,8.83,0.0512607 , 0.0512607 , 0
-0.933438,9.01,0.0594306 , 0.0594306 , 0
-0.933438,9.19,0.0668814 , 0.0668814 , 0
-0.933438,9.37,0.0734583 , 0.0734583 , 0
-0.933438,9.55,0.0790651 , 0.0790651 , 0
-0.933438,9.73,0.0836629 , 0.0836629 , 0
-0.933438,9.91,0.0872563 , 0.0872563 , 0
-0.92615,1.09,4.19797 , 4.19797 , 0
-0.92615,1.27,1.51534 , 1.51534 , 0
-0.92615,1.45,2.68358 , 2.68358 , 0
-0.92615,1.63,1.32279 , 1.32279 , 0
-0.92615,1.81,0.231507 , 0.231507 , 0
-0.92615,1.99,2.04996 , 2.04996 , 0
-0.92615,2.17,0.125771 , 0.125771 , 0
-0.92615,2.35,1.2673 , 1.2673 , 0
-0.92615,2.53,0.694786 , 0.694786 , 0
-0.92615,2.71,0.243793 , 0.243793 , 0
-0.92615,2.89,0.721827 , 0.721827 , 0
-0.92615,3.07,0.790423 , 0.790423 , 0
-0.92615,3.25,0.475676 , 0.475676 , 0
-0.92615,3.43,0.278622 , 0.278622 , 0
-0.92615,3.61,0.272011 , 0.272011 , 0
-0.92615,3.79,0.292811 , 0.292811 , 0
-0.92615,3.97,0.246348 , 0.246348 , 0
-0.92615,4.15,0.153068 , 0.153068 , 0
-0.92615,4.33,0.0734635 , 0.0734635 , 0
-0.92615,4.51,0.046409 , 0.046409 , 0
-0.92615,4.69,0.0749144 , 0.0749144 , 0
-0.92615,4.87,0.138656 , 0.138656 , 0
-0.92615,5.05,0.211181 , 0.211181 , 0
-0.92615,5.23,0.271292 , 0.271292 , 0
-0.92615,5.41,0.307395 , 0.307395 , 0
-0.92615,5.59,0.316684 , 0.316684 , 0
-0.92615,5.77,0.302424 , 0.302424 , 0
-0.92615,5.95,0.270985 , 0.270985 , 0
-0.92615,6.13,0.229482 , 0.229482 , 0
-0.92615,6.31,0.184326 , 0.184326 , 0
-0.92615,6.49,0.140398 , 0.140398 , 0
-0.92615,6.67,0.101302 , 0.101302 , 0
-0.92615,6.85,0.0689692 , 0.0689692 , 0
-0.92615,7.03,0.0441562 , 0.0441562 , 0
-0.92615,7.21,0.02675 , 0.02675 , 0
-0.92615,7.39,0.0161076 , 0.0161076 , 0
-0.92615,7.57,0.0112548 , 0.0112548 , 0
-0.92615,7.75,0.0110828 , 0.0110828 , 0
-0.92615,7.93,0.0144826 , 0.0144826 , 0
-0.92615,8.11,0.020425 , 0.020425 , 0
-0.92615,8.29,0.0280193 , 0.0280193 , 0
-0.92615,8.47,0.0365116 , 0.0365116 , 0
-0.92615,8.65,0.0452944 , 0.0452944 , 0
-0.92615,8.83,0.0538985 , 0.0538985 , 0
-0.92615,9.01,0.0619626 , 0.0619626 , 0
-0.92615,9.19,0.0692434 , 0.0692434 , 0
-0.92615,9.37,0.0756014 , 0.0756014 , 0
-0.92615,9.55,0.080956 , 0.080956 , 0
-0.92615,9.73,0.0852817 , 0.0852817 , 0
-0.92615,9.91,0.0885942 , 0.0885942 , 0
-0.918862,1.09,2.86512 , 2.86512 , 0
-0.918862,1.27,2.40591 , 2.40591 , 0
-0.918862,1.45,3.15836 , 3.15836 , 0
-0.918862,1.63,1.81517 , 1.81517 , 0
-0.918862,1.81,0.127973 , 0.127973 , 0
-0.918862,1.99,1.98128 , 1.98128 , 0
-0.918862,2.17,0.136002 , 0.136002 , 0
-0.918862,2.35,1.36797 , 1.36797 , 0
-0.918862,2.53,0.574762 , 0.574762 , 0
-0.918862,2.71,0.292415 , 0.292415 , 0
-0.918862,2.89,0.81265 , 0.81265 , 0
-0.918862,3.07,0.782 , 0.782 , 0
-0.918862,3.25,0.412602 , 0.412602 , 0
-0.918862,3.43,0.224276 , 0.224276 , 0
-0.918862,3.61,0.240041 , 0.240041 , 0
-0.918862,3.79,0.274618 , 0.274618 , 0
-0.918862,3.97,0.23717 , 0.23717 , 0
-0.918862,4.15,0.154886 , 0.154886 , 0
-0.918862,4.33,0.0889096 , 0.0889096 , 0
-0.918862,4.51,0.0747043 , 0.0747043 , 0
-0.918862,4.69,0.111803 , 0.111803 , 0
-0.918862,4.87,0.178417 , 0.178417 , 0
-0.918862,5.05,0.248573 , 0.248573 , 0
-0.918862,5.23,0.30267 , 0.30267 , 0
-0.918862,5.41,0.331007 , 0.331007 , 0
-0.918862,5.59,0.332363 , 0.332363 , 0
-0.918862,5.77,0.311057 , 0.311057 , 0
-0.918862,5.95,0.274034 , 0.274034 , 0
-0.918862,6.13,0.228568 , 0.228568 , 0
-0.918862,6.31,0.180961 , 0.180961 , 0
-0.918862,6.49,0.135857 , 0.135857 , 0
-0.918862,6.67,0.096532 , 0.096532 , 0
-0.918862,6.85,0.0646232 , 0.0646232 , 0
-0.918862,7.03,0.0406278 , 0.0406278 , 0
-0.918862,7.21,0.0242292 , 0.0242292 , 0
-0.918862,7.39,0.0146331 , 0.0146331 , 0
-0.918862,7.57,0.0107626 , 0.0107626 , 0
-0.918862,7.75,0.011446 , 0.011446 , 0
-0.918862,7.93,0.0155423 , 0.0155423 , 0
-0.918862,8.11,0.0220105 , 0.0220105 , 0
-0.918862,8.29,0.029965 , 0.029965 , 0
-0.918862,8.47,0.0386663 , 0.0386663 , 0
-0.918862,8.65,0.0475269 , 0.0475269 , 0
-0.918862,8.83,0.0560998 , 0.0560998 , 0
-0.918862,9.01,0.064049 , 0.064049 , 0
-0.918862,9.19,0.0711531 , 0.0711531 , 0
-0.918862,9.37,0.0772884 , 0.0772884 , 0
-0.918862,9.55,0.0823905 , 0.0823905 , 0
-0.918862,9.73,0.086447 , 0.086447 , 0
-0.918862,9.91,0.0894845 , 0.0894845 , 0
-0.911574,1.09,1.56327 , 1.56327 , 0
-0.911574,1.27,3.25328 , 3.25328 , 0
-0.911574,1.45,3.41556 , 3.41556 , 0
-0.911574,1.63,2.27009 , 2.27009 , 0
-0.911574,1.81,0.155025 , 0.155025 , 0
-0.911574,1.99,1.82896 , 1.82896 , 0
-0.911574,2.17,0.21313 , 0.21313 , 0
-0.911574,2.35,1.42801 , 1.42801 , 0
-0.911574,2.53,0.459085 , 0.459085 , 0
-0.911574,2.71,0.366326 , 0.366326 , 0
-0.911574,2.89,0.892185 , 0.892185 , 0
-0.911574,3.07,0.749624 , 0.749624 , 0
-0.911574,3.25,0.339551 , 0.339551 , 0
-0.911574,3.43,0.176614 , 0.176614 , 0
-0.911574,3.61,0.22434 , 0.22434 , 0
-0.911574,3.79,0.275888 , 0.275888 , 0
-0.911574,3.97,0.246686 , 0.246686 , 0
-0.911574,4.15,0.172227 , 0.172227 , 0
-0.911574,4.33,0.115371 , 0.115371 , 0
-0.911574,4.51,0.109075 , 0.109075 , 0
-0.911574,4.69,0.150172 , 0.150172 , 0
-0.911574,4.87,0.215943 , 0.215943 , 0
-0.911574,5.05,0.281125 , 0.281125 , 0
-0.911574,5.23,0.327692 , 0.327692 , 0
-0.911574,5.41,0.347675 , 0.347675 , 0
-0.911574,5.59,0.341196 , 0.341196 , 0
-0.911574,5.77,0.313393 , 0.313393 , 0
-0.911574,5.95,0.271578 , 0.271578 , 0
-0.911574,6.13,0.223031 , 0.223031 , 0
-0.911574,6.31,0.173841 , 0.173841 , 0
-0.911574,6.49,0.128351 , 0.128351 , 0
-0.911574,6.67,0.0894787 , 0.0894787 , 0
-0.911574,6.85,0.0585527 , 0.0585527 , 0
-0.911574,7.03,0.0358186 , 0.0358186 , 0
-0.911574,7.21,0.0207679 , 0.0207679 , 0
-0.911574,7.39,0.0124706 , 0.0124706 , 0
-0.911574,7.57,0.00976306 , 0.00976306 , 0
-0.911574,7.75,0.011426 , 0.011426 , 0
-0.911574,7.93,0.0162997 , 0.0162997 , 0
-0.911574,8.11,0.0233428 , 0.0233428 , 0
-0.911574,8.29,0.0316839 , 0.0316839 , 0
-0.911574,8.47,0.0406054 , 0.0406054 , 0
-0.911574,8.65,0.0495449 , 0.0495449 , 0
-0.911574,8.83,0.0580818 , 0.0580818 , 0
-0.911574,9.01,0.065909 , 0.065909 , 0
-0.911574,9.19,0.0728284 , 0.0728284 , 0
-0.911574,9.37,0.0787338 , 0.0787338 , 0
-0.911574,9.55,0.0835775 , 0.0835775 , 0
-0.911574,9.73,0.0873611 , 0.0873611 , 0
-0.911574,9.91,0.090122 , 0.090122 , 0
-0.904286,1.09,0.635814 , 0.635814 , 0
-0.904286,1.27,3.88182 , 3.88182 , 0
-0.904286,1.45,3.41277 , 3.41277 , 0
-0.904286,1.63,2.62641 , 2.62641 , 0
-0.904286,1.81,0.310724 , 0.310724 , 0
-0.904286,1.99,1.60525 , 1.60525 , 0
-0.904286,2.17,0.35162 , 0.35162 , 0
-0.904286,2.35,1.44197 , 1.44197 , 0
-0.904286,2.53,0.35608 , 0.35608 , 0
-0.904286,2.71,0.46121 , 0.46121 , 0
-0.904286,2.89,0.953987 , 0.953987 , 0
-0.904286,3.07,0.694475 , 0.694475 , 0
-0.904286,3.25,0.26298 , 0.26298 , 0
-0.904286,3.43,0.142232 , 0.142232 , 0
-0.904286,3.61,0.2288 , 0.2288 , 0
-0.904286,3.79,0.297293 , 0.297293 , 0
-0.904286,3.97,0.272991 , 0.272991 , 0
-0.904286,4.15,0.201582 , 0.201582 , 0
-0.904286,4.33,0.148616 , 0.148616 , 0
-0.904286,4.51,0.145218 , 0.145218 , 0
-0.904286,4.69,0.18605 , 0.18605 , 0
-0.904286,4.87,0.247795 , 0.247795 , 0
-0.904286,5.05,0.305989 , 0.305989 , 0
-0.904286,5.23,0.344084 , 0.344084 , 0
-0.904286,5.41,0.355627 , 0.355627 , 0
-0.904286,5.59,0.341835 , 0.341835 , 0
-0.904286,5.77,0.308431 , 0.308431 , 0
-0.904286,5.95,0.262896 , 0.262896 , 0
-0.904286,6.13,0.212372 , 0.212372 , 0
-0.904286,6.31,0.162642 , 0.162642 , 0
-0.904286,6.49,0.117698 , 0.117698 , 0
-0.904286,6.67,0.0800677 , 0.0800677 , 0
-0.904286,6.85,0.0507726 , 0.0507726 , 0
-0.904286,7.03,0.0298143 , 0.0298143 , 0
-0.904286,7.21,0.016509 , 0.016509 , 0
-0.904286,7.39,0.00980781 , 0.00980781 , 0
-0.904286,7.57,0.00847852 , 0.00847852 , 0
-0.904286,7.75,0.0112712 , 0.0112712 , 0
-0.904286,7.93,0.0170221 , 0.0170221 , 0
-0.904286,8.11,0.0247026 , 0.0247026 , 0
-0.904286,8.29,0.0334647 , 0.0334647 , 0
-0.904286,8.47,0.0426208 , 0.0426208 , 0
-0.904286,8.65,0.0516405 , 0.0516405 , 0
-0.904286,8.83,0.0601339 , 0.0601339 , 0
-0.904286,9.01,0.0678263 , 0.0678263 , 0
-0.904286,9.19,0.0745459 , 0.0745459 , 0
-0.904286,9.37,0.0802053 , 0.0802053 , 0
-0.904286,9.55,0.084775 , 0.084775 , 0
-0.904286,9.73,0.0882711 , 0.0882711 , 0
-0.904286,9.91,0.0907426 , 0.0907426 , 0
-0.896998,1.09,0.325137 , 0.325137 , 0
-0.896998,1.27,4.15938 , 4.15938 , 0
-0.896998,1.45,3.14902 , 3.14902 , 0
-0.896998,1.63,2.83383 , 2.83383 , 0
-0.896998,1.81,0.579441 , 0.579441 , 0
-0.896998,1.99,1.32869 , 1.32869 , 0
-0.896998,2.17,0.541478 , 0.541478 , 0
-0.896998,2.35,1.40772 , 1.40772 , 0
-0.896998,2.53,0.273363 , 0.273363 , 0
-0.896998,2.71,0.571096 , 0.571096 , 0
-0.896998,2.89,0.992743 , 0.992743 , 0
-0.896998,3.07,0.619665 , 0.619665 , 0
-0.896998,3.25,0.189864 , 0.189864 , 0
-0.896998,3.43,0.126503 , 0.126503 , 0
-0.896998,3.61,0.255087 , 0.255087 , 0
-0.896998,3.79,0.337116 , 0.337116 , 0
-0.896998,3.97,0.312188 , 0.312188 , 0
-0.896998,4.15,0.23807 , 0.23807 , 0
-0.896998,4.33,0.183673 , 0.183673 , 0
-0.896998,4.51,0.178619 , 0.178619 , 0
-0.896998,4.69,0.215655 , 0.215655 , 0
-0.896998,4.87,0.270991 , 0.270991 , 0
-0.896998,5.05,0.320938 , 0.320938 , 0
-0.896998,5.23,0.350268 , 0.350268 , 0
-0.896998,5.41,0.353813 , 0.353813 , 0
-0.896998,5.59,0.333636 , 0.333636 , 0
-0.896998,5.77,0.295833 , 0.295833 , 0
-0.896998,5.95,0.247873 , 0.247873 , 0
-0.896998,6.13,0.196637 , 0.196637 , 0
-0.896998,6.31,0.147523 , 0.147523 , 0
-0.896998,6.49,0.104131 , 0.104131 , 0
-0.896998,6.67,0.0685873 , 0.0685873 , 0
-0.896998,6.85,0.0416079 , 0.0416079 , 0
-0.896998,7.03,0.0229647 , 0.0229647 , 0
-0.896998,7.21,0.0118178 , 0.0118178 , 0
-0.896998,7.39,0.00701951 , 0.00701951 , 0
-0.896998,7.57,0.00728823 , 0.00728823 , 0
-0.896998,7.75,0.0113613 , 0.0113613 , 0
-0.896998,7.93,0.0180868 , 0.0180868 , 0
-0.896998,8.11,0.0264614 , 0.0264614 , 0
-0.896998,8.29,0.0356715 , 0.0356715 , 0
-0.896998,8.47,0.0450677 , 0.0450677 , 0
-0.896998,8.65,0.054158 , 0.054158 , 0
-0.896998,8.83,0.0625887 , 0.0625887 , 0
-0.896998,9.01,0.0701213 , 0.0701213 , 0
-0.896998,9.19,0.0766129 , 0.0766129 , 0
-0.896998,9.37,0.0819971 , 0.0819971 , 0
-0.896998,9.55,0.0862635 , 0.0862635 , 0
-0.896998,9.73,0.089444 , 0.089444 , 0
-0.896998,9.91,0.0915994 , 0.0915994 , 0
-0.88971,1.09,0.703896 , 0.703896 , 0
-0.88971,1.27,4.01951 , 4.01951 , 0
-0.88971,1.45,2.66533 , 2.66533 , 0
-0.88971,1.63,2.86106 , 2.86106 , 0
-0.88971,1.81,0.931485 , 0.931485 , 0
-0.88971,1.99,1.02319 , 1.02319 , 0
-0.88971,2.17,0.768784 , 0.768784 , 0
-0.88971,2.35,1.32657 , 1.32657 , 0
-0.88971,2.53,0.217249 , 0.217249 , 0
-0.88971,2.71,0.688852 , 0.688852 , 0
-0.88971,2.89,1.00487 , 1.00487 , 0
-0.88971,3.07,0.530058 , 0.530058 , 0
-0.88971,3.25,0.127021 , 0.127021 , 0
-0.88971,3.43,0.13296 , 0.13296 , 0
-0.88971,3.61,0.302399 , 0.302399 , 0
-0.88971,3.79,0.391406 , 0.391406 , 0
-0.88971,3.97,0.35879 , 0.35879 , 0
-0.88971,4.15,0.275955 , 0.275955 , 0
-0.88971,4.33,0.215351 , 0.215351 , 0
-0.88971,4.51,0.205028 , 0.205028 , 0
-0.88971,4.69,0.235789 , 0.235789 , 0
-0.88971,4.87,0.283329 , 0.283329 , 0
-0.88971,5.05,0.324617 , 0.324617 , 0
-0.88971,5.23,0.345563 , 0.345563 , 0
-0.88971,5.41,0.342054 , 0.342054 , 0
-0.88971,5.59,0.316776 , 0.316776 , 0
-0.88971,5.77,0.276008 , 0.276008 , 0
-0.88971,5.95,0.22706 , 0.22706 , 0
-0.88971,6.13,0.176453 , 0.176453 , 0
-0.88971,6.31,0.129143 , 0.129143 , 0
-0.88971,6.49,0.0883127 , 0.0883127 , 0
-0.88971,6.67,0.0556855 , 0.0556855 , 0
-0.88971,6.85,0.031682 , 0.031682 , 0
-0.88971,7.03,0.0158637 , 0.0158637 , 0
-0.88971,7.21,0.00725775 , 0.00725775 , 0
-0.88971,7.39,0.00463843 , 0.00463843 , 0
-0.88971,7.57,0.0066955 , 0.0066955 , 0
-0.88971,7.75,0.0121719 , 0.0121719 , 0
-0.88971,7.93,0.019943 , 0.019943 , 0
-0.88971,8.11,0.0290441 , 0.0290441 , 0
-0.88971,8.29,0.0387058 , 0.0387058 , 0
-0.88971,8.47,0.0483256 , 0.0483256 , 0
-0.88971,8.65,0.0574566 , 0.0574566 , 0
-0.88971,8.83,0.0657861 , 0.0657861 , 0
-0.88971,9.01,0.0731156 , 0.0731156 , 0
-0.88971,9.19,0.0793336 , 0.0793336 , 0
-0.88971,9.37,0.0843965 , 0.0843965 , 0
-0.88971,9.55,0.0883146 , 0.0883146 , 0
-0.88971,9.73,0.0911359 , 0.0911359 , 0
-0.88971,9.91,0.0929342 , 0.0929342 , 0
-0.882422,1.09,1.65075 , 1.65075 , 0
-0.882422,1.27,3.47821 , 3.47821 , 0
-0.882422,1.45,2.03798 , 2.03798 , 0
-0.882422,1.63,2.7026 , 2.7026 , 0
-0.882422,1.81,1.32453 , 1.32453 , 0
-0.882422,1.99,0.716949 , 0.716949 , 0
-0.882422,2.17,1.0161 , 1.0161 , 0
-0.882422,2.35,1.20312 , 1.20312 , 0
-0.882422,2.53,0.192312 , 0.192312 , 0
-0.882422,2.71,0.806852 , 0.806852 , 0
-0.882422,2.89,0.988896 , 0.988896 , 0
-0.882422,3.07,0.431873 , 0.431873 , 0
-0.882422,3.25,0.0804352 , 0.0804352 , 0
-0.882422,3.43,0.162911 , 0.162911 , 0
-0.882422,3.61,0.367521 , 0.367521 , 0
-0.882422,3.79,0.454363 , 0.454363 , 0
-0.882422,3.97,0.406274 , 0.406274 , 0
-0.882422,4.15,0.30921 , 0.30921 , 0
-0.882422,4.33,0.238747 , 0.238747 , 0
-0.882422,4.51,0.220872 , 0.220872 , 0
-0.882422,4.69,0.244167 , 0.244167 , 0
-0.882422,4.87,0.28363 , 0.28363 , 0
-0.882422,5.05,0.316724 , 0.316724 , 0
-0.882422,5.23,0.330315 , 0.330315 , 0
-0.882422,5.41,0.321133 , 0.321133 , 0
-0.882422,5.59,0.292304 , 0.292304 , 0
-0.882422,5.77,0.250143 , 0.250143 , 0
-0.882422,5.95,0.201686 , 0.201686 , 0
-0.882422,6.13,0.153029 , 0.153029 , 0
-0.882422,6.31,0.108652 , 0.108652 , 0
-0.882422,6.49,0.0713102 , 0.0713102 , 0
-0.882422,6.67,0.0423373 , 0.0423373 , 0
-0.882422,6.85,0.0218781 , 0.0218781 , 0
-0.882422,7.03,0.0093078 , 0.0093078 , 0
-0.882422,7.21,0.0035445 , 0.0035445 , 0
-0.882422,7.39,0.0033077 , 0.0033077 , 0
-0.882422,7.57,0.00727913 , 0.00727913 , 0
-0.882422,7.75,0.0142254 , 0.0142254 , 0
-0.882422,7.93,0.0230642 , 0.0230642 , 0
-0.882422,8.11,0.0328805 , 0.0328805 , 0
-0.882422,8.29,0.0429596 , 0.0429596 , 0
-0.882422,8.47,0.0527537 , 0.0527537 , 0
-0.882422,8.65,0.0618664 , 0.0618664 , 0
-0.882422,8.83,0.0700304 , 0.0700304 , 0
-0.882422,9.01,0.077091 , 0.077091 , 0
-0.882422,9.19,0.08297 , 0.08297 , 0
-0.882422,9.37,0.0876476 , 0.0876476 , 0
-0.882422,9.55,0.0911559 , 0.0911559 , 0
-0.882422,9.73,0.0935599 , 0.0935599 , 0
-0.882422,9.91,0.0949463 , 0.0949463 , 0
-0.875134,1.09,2.88661 , 2.88661 , 0
-0.875134,1.27,2.64217 , 2.64217 , 0
-0.875134,1.45,1.36649 , 1.36649 , 0
-0.875134,1.63,2.3807 , 2.3807 , 0
-0.875134,1.81,1.70837 , 1.70837 , 0
-0.875134,1.99,0.440547 , 0.440547 , 0
-0.875134,2.17,1.26284 , 1.26284 , 0
-0.875134,2.35,1.04486 , 1.04486 , 0
-0.875134,2.53,0.201111 , 0.201111 , 0
-0.875134,2.71,0.917685 , 0.917685 , 0
-0.875134,2.89,0.945658 , 0.945658 , 0
-0.875134,3.07,0.332093 , 0.332093 , 0
-0.875134,3.25,0.0546737 , 0.0546737 , 0
-0.875134,3.43,0.215327 , 0.215327 , 0
-0.875134,3.61,0.445193 , 0.445193 , 0
-0.875134,3.79,0.518973 , 0.518973 , 0
-0.875134,3.97,0.447755 , 0.447755 , 0
-0.875134,4.15,0.332128 , 0.332128 , 0
-0.875134,4.33,0.249728 , 0.249728 , 0
-0.875134,4.51,0.223611 , 0.223611 , 0
-0.875134,4.69,0.239662 , 0.239662 , 0
-0.875134,4.87,0.271903 , 0.271903 , 0
-0.875134,5.05,0.298114 , 0.298114 , 0
-0.875134,5.23,0.305948 , 0.305948 , 0
-0.875134,5.41,0.292815 , 0.292815 , 0
-0.875134,5.59,0.26214 , 0.26214 , 0
-0.875134,5.77,0.220176 , 0.220176 , 0
-0.875134,5.95,0.17362 , 0.17362 , 0
-0.875134,6.13,0.128103 , 0.128103 , 0
-0.875134,6.31,0.0876286 , 0.0876286 , 0
-0.875134,6.49,0.0545314 , 0.0545314 , 0
-0.875134,6.67,0.029781 , 0.029781 , 0
-0.875134,6.85,0.0132751 , 0.0132751 , 0
-0.875134,7.03,0.00422999 , 0.00422999 , 0
-0.875134,7.21,0.00148124 , 0.00148124 , 0
-0.875134,7.39,0.0037169 , 0.0037169 , 0
-0.875134,7.57,0.00963107 , 0.00963107 , 0
-0.875134,7.75,0.0180306 , 0.0180306 , 0
-0.875134,7.93,0.0278889 , 0.0278889 , 0
-0.875134,8.11,0.0383494 , 0.0383494 , 0
-0.875134,8.29,0.0487618 , 0.0487618 , 0
-0.875134,8.47,0.0586388 , 0.0586388 , 0
-0.875134,8.65,0.0676392 , 0.0676392 , 0
-0.875134,8.83,0.0755443 , 0.0755443 , 0
-0.875134,9.01,0.0822459 , 0.0822459 , 0
-0.875134,9.19,0.0877005 , 0.0877005 , 0
-0.875134,9.37,0.091912 , 0.091912 , 0
-0.875134,9.55,0.0949345 , 0.0949345 , 0
-0.875134,9.73,0.0968504 , 0.0968504 , 0
-0.875134,9.91,0.0977592 , 0.0977592 , 0
-0.867846,1.09,4.05368 , 4.05368 , 0
-0.867846,1.27,1.69595 , 1.69595 , 0
-0.867846,1.45,0.759369 , 0.759369 , 0
-0.867846,1.63,1.94095 , 1.94095 , 0
-0.867846,1.81,2.0331 , 2.0331 , 0
-0.867846,1.99,0.223804 , 0.223804 , 0
-0.867846,2.17,1.48604 , 1.48604 , 0
-0.867846,2.35,0.861603 , 0.861603 , 0
-0.867846,2.53,0.244111 , 0.244111 , 0
-0.867846,2.71,1.01475 , 1.01475 , 0
-0.867846,2.89,0.878061 , 0.878061 , 0
-0.867846,3.07,0.237772 , 0.237772 , 0
-0.867846,3.25,0.0525062 , 0.0525062 , 0
-0.867846,3.43,0.287038 , 0.287038 , 0
-0.867846,3.61,0.52869 , 0.52869 , 0
-0.867846,3.79,0.577692 , 0.577692 , 0
-0.867846,3.97,0.476612 , 0.476612 , 0
-0.867846,4.15,0.339799 , 0.339799 , 0
-0.867846,4.33,0.245276 , 0.245276 , 0
-0.867846,4.51,0.211976 , 0.211976 , 0
-0.867846,4.69,0.222461 , 0.222461 , 0
-0.867846,4.87,0.249447 , 0.249447 , 0
-0.867846,5.05,0.270851 , 0.270851 , 0
-0.867846,5.23,0.274993 , 0.274993 , 0
-0.867846,5.41,0.259844 , 0.259844 , 0
-0.867846,5.59,0.229054 , 0.229054 , 0
-0.867846,5.77,0.188767 , 0.188767 , 0
-0.867846,5.95,0.145322 , 0.145322 , 0
-0.867846,6.13,0.103892 , 0.103892 , 0
-0.867846,6.31,0.0680238 , 0.0680238 , 0
-0.867846,6.49,0.0396599 , 0.0396599 , 0
-0.867846,6.67,0.0194485 , 0.0194485 , 0
-0.867846,6.85,0.00707469 , 0.00707469 , 0
-0.867846,7.03,0.00162746 , 0.00162746 , 0
-0.867846,7.21,0.00188611 , 0.00188611 , 0
-0.867846,7.39,0.00653071 , 0.00653071 , 0
-0.867846,7.57,0.0142865 , 0.0142865 , 0
-0.867846,7.75,0.024015 , 0.024015 , 0
-0.867846,7.93,0.0347556 , 0.0347556 , 0
-0.867846,8.11,0.0457162 , 0.0457162 , 0
-0.867846,8.29,0.0563182 , 0.0563182 , 0
-0.867846,8.47,0.0661392 , 0.0661392 , 0
-0.867846,8.65,0.0748954 , 0.0748954 , 0
-0.867846,8.83,0.0824183 , 0.0824183 , 0
-0.867846,9.01,0.0886479 , 0.0886479 , 0
-0.867846,9.19,0.093575 , 0.093575 , 0
-0.867846,9.37,0.0972259 , 0.0972259 , 0
-0.867846,9.55,0.0996767 , 0.0996767 , 0
-0.867846,9.73,0.101026 , 0.101026 , 0
-0.867846,9.91,0.101386 , 0.101386 , 0
-0.860558,1.09,4.80365 , 4.80365 , 0
-0.860558,1.27,0.857371 , 0.857371 , 0
-0.860558,1.45,0.31816 , 0.31816 , 0
-0.860558,1.63,1.44318 , 1.44318 , 0
-0.860558,1.81,2.258 , 2.258 , 0
-0.860558,1.99,0.0916377 , 0.0916377 , 0
-0.860558,2.17,1.66249 , 1.66249 , 0
-0.860558,2.35,0.664895 , 0.664895 , 0
-0.860558,2.53,0.319574 , 0.319574 , 0
-0.860558,2.71,1.09268 , 1.09268 , 0
-0.860558,2.89,0.790688 , 0.790688 , 0
-0.860558,3.07,0.155373 , 0.155373 , 0
-0.860558,3.25,0.074741 , 0.074741 , 0
-0.860558,3.43,0.373125 , 0.373125 , 0
-0.860558,3.61,0.610468 , 0.610468 , 0
-0.860558,3.79,0.623076 , 0.623076 , 0
-0.860558,3.97,0.486971 , 0.486971 , 0
-0.860558,4.15,0.328453 , 0.328453 , 0
-0.860558,4.33,0.223713 , 0.223713 , 0
-0.860558,4.51,0.18612 , 0.18612 , 0
-0.860558,4.69,0.194174 , 0.194174 , 0
-0.860558,4.87,0.218928 , 0.218928 , 0
-0.860558,5.05,0.238278 , 0.238278 , 0
-0.860558,5.23,0.241134 , 0.241134 , 0
-0.860558,5.41,0.22598 , 0.22598 , 0
-0.860558,5.59,0.196681 , 0.196681 , 0
-0.860558,5.77,0.159293 , 0.159293 , 0
-0.860558,5.95,0.119828 , 0.119828 , 0
-0.860558,6.13,0.0830535 , 0.0830535 , 0
-0.860558,6.31,0.0521107 , 0.0521107 , 0
-0.860558,6.49,0.0285992 , 0.0285992 , 0
-0.860558,6.67,0.0129016 , 0.0129016 , 0
-0.860558,6.85,0.00453249 , 0.00453249 , 0
-0.860558,7.03,0.00248829 , 0.00248829 , 0
-0.860558,7.21,0.00551665 , 0.00551665 , 0
-0.860558,7.39,0.0123123 , 0.0123123 , 0
-0.860558,7.57,0.0216476 , 0.0216476 , 0
-0.860558,7.75,0.0324492 , 0.0324492 , 0
-0.860558,7.93,0.0438294 , 0.0438294 , 0
-0.860558,8.11,0.0550611 , 0.0550611 , 0
-0.860558,8.29,0.0656431 , 0.0656431 , 0
-0.860558,8.47,0.0752186 , 0.0752186 , 0
-0.860558,8.65,0.0835612 , 0.0835612 , 0
-0.860558,8.83,0.0905512 , 0.0905512 , 0
-0.860558,9.01,0.096177 , 0.096177 , 0
-0.860558,9.19,0.100461 , 0.100461 , 0
-0.860558,9.37,0.103451 , 0.103451 , 0
-0.860558,9.55,0.105241 , 0.105241 , 0
-0.860558,9.73,0.105946 , 0.105946 , 0
-0.860558,9.91,0.105688 , 0.105688 , 0
-0.85327,1.09,4.89367 , 4.89367 , 0
-0.85327,1.27,0.313221 , 0.313221 , 0
-0.85327,1.45,0.120078 , 0.120078 , 0
-0.85327,1.63,0.950454 , 0.950454 , 0
-0.85327,1.81,2.35775 , 2.35775 , 0
-0.85327,1.99,0.0603422 , 0.0603422 , 0
-0.85327,2.17,1.77261 , 1.77261 , 0
-0.85327,2.35,0.467204 , 0.467204 , 0
-0.85327,2.53,0.423337 , 0.423337 , 0
-0.85327,2.71,1.14747 , 1.14747 , 0
-0.85327,2.89,0.689256 , 0.689256 , 0
-0.85327,3.07,0.090245 , 0.090245 , 0
-0.85327,3.25,0.120221 , 0.120221 , 0
-0.85327,3.43,0.467252 , 0.467252 , 0
-0.85327,3.61,0.682491 , 0.682491 , 0
-0.85327,3.79,0.64795 , 0.64795 , 0
-0.85327,3.97,0.473735 , 0.473735 , 0
-0.85327,4.15,0.295431 , 0.295431 , 0
-0.85327,4.33,0.184716 , 0.184716 , 0
-0.85327,4.51,0.147723 , 0.147723 , 0
-0.85327,4.69,0.15804 , 0.15804 , 0
-0.85327,4.87,0.184661 , 0.184661 , 0
-0.85327,5.05,0.205333 , 0.205333 , 0
-0.85327,5.23,0.209538 , 0.209538 , 0
-0.85327,5.41,0.19631 , 0.19631 , 0
-0.85327,5.59,0.169805 , 0.169805 , 0
-0.85327,5.77,0.136083 , 0.136083 , 0
-0.85327,5.95,0.100937 , 0.100937 , 0
-0.85327,6.13,0.0688268 , 0.0688268 , 0
-0.85327,6.31,0.0425789 , 0.0425789 , 0
-0.85327,6.49,0.0235223 , 0.0235223 , 0
-0.85327,6.67,0.0118454 , 0.0118454 , 0
-0.85327,6.85,0.00694103 , 0.00694103 , 0
-0.85327,7.03,0.00774947 , 0.00774947 , 0
-0.85327,7.21,0.0130082 , 0.0130082 , 0
-0.85327,7.39,0.0214466 , 0.0214466 , 0
-0.85327,7.57,0.0318959 , 0.0318959 , 0
-0.85327,7.75,0.0433522 , 0.0433522 , 0
-0.85327,7.93,0.0550021 , 0.0550021 , 0
-0.85327,8.11,0.0661782 , 0.0661782 , 0
-0.85327,8.29,0.0764579 , 0.0764579 , 0
-0.85327,8.47,0.0855466 , 0.0855466 , 0
-0.85327,8.65,0.0932709 , 0.0932709 , 0
-0.85327,8.83,0.0995557 , 0.0995557 , 0
-0.85327,9.01,0.104435 , 0.104435 , 0
-0.85327,9.19,0.10796 , 0.10796 , 0
-0.85327,9.37,0.11019 , 0.11019 , 0
-0.85327,9.55,0.111239 , 0.111239 , 0
-0.85327,9.73,0.111233 , 0.111233 , 0
-0.85327,9.91,0.110305 , 0.110305 , 0
-0.845982,1.09,4.29676 , 4.29676 , 0
-0.845982,1.27,0.163726 , 0.163726 , 0
-0.845982,1.45,0.205914 , 0.205914 , 0
-0.845982,1.63,0.518246 , 0.518246 , 0
-0.845982,1.81,2.32638 , 2.32638 , 0
-0.845982,1.99,0.13541 , 0.13541 , 0
-0.845982,2.17,1.80443 , 1.80443 , 0
-0.845982,2.35,0.280753 , 0.280753 , 0
-0.845982,2.53,0.549514 , 0.549514 , 0
-0.845982,2.71,1.17721 , 1.17721 , 0
-0.845982,2.89,0.580183 , 0.580183 , 0
-0.845982,3.07,0.0461644 , 0.0461644 , 0
-0.845982,3.25,0.185722 , 0.185722 , 0
-0.845982,3.43,0.561403 , 0.561403 , 0
-0.845982,3.61,0.735417 , 0.735417 , 0
-0.845982,3.79,0.644122 , 0.644122 , 0
-0.845982,3.97,0.431223 , 0.431223 , 0
-0.845982,4.15,0.238163 , 0.238163 , 0
-0.845982,4.33,0.128864 , 0.128864 , 0
-0.845982,4.51,0.100171 , 0.100171 , 0
-0.845982,4.69,0.119664 , 0.119664 , 0
-0.845982,4.87,0.15378 , 0.15378 , 0
-0.845982,5.05,0.17999 , 0.17999 , 0
-0.845982,5.23,0.188409 , 0.188409 , 0
-0.845982,5.41,0.178788 , 0.178788 , 0
-0.845982,5.59,0.155791 , 0.155791 , 0
-0.845982,5.77,0.125695 , 0.125695 , 0
-0.845982,5.95,0.0942898 , 0.0942898 , 0
-0.845982,6.13,0.0659089 , 0.0659089 , 0
-0.845982,6.31,0.0432136 , 0.0432136 , 0
-0.845982,6.49,0.0273727 , 0.0273727 , 0
-0.845982,6.67,0.0184708 , 0.0184708 , 0
-0.845982,6.85,0.0158362 , 0.0158362 , 0
-0.845982,7.03,0.0183893 , 0.0183893 , 0
-0.845982,7.21,0.0248734 , 0.0248734 , 0
-0.845982,7.39,0.0340663 , 0.0340663 , 0
-0.845982,7.57,0.0448605 , 0.0448605 , 0
-0.845982,7.75,0.0563168 , 0.0563168 , 0
-0.845982,7.93,0.0676874 , 0.0676874 , 0
-0.845982,8.11,0.0783551 , 0.0783551 , 0
-0.845982,8.29,0.087966 , 0.087966 , 0
-0.845982,8.47,0.0962758 , 0.0962758 , 0
-0.845982,8.65,0.103153 , 0.103153 , 0
-0.845982,8.83,0.108558 , 0.108558 , 0
-0.845982,9.01,0.112553 , 0.112553 , 0
-0.845982,9.19,0.115207 , 0.115207 , 0
-0.845982,9.37,0.116598 , 0.116598 , 0
-0.845982,9.55,0.116849 , 0.116849 , 0
-0.845982,9.73,0.116095 , 0.116095 , 0
-0.845982,9.91,0.114471 , 0.114471 , 0
-0.838694,1.09,3.17742 , 3.17742 , 0
-0.838694,1.27,0.382153 , 0.382153 , 0
-0.838694,1.45,0.569153 , 0.569153 , 0
-0.838694,1.63,0.180486 , 0.180486 , 0
-0.838694,1.81,2.18024 , 2.18024 , 0
-0.838694,1.99,0.304466 , 0.304466 , 0
-0.838694,2.17,1.73735 , 1.73735 , 0
-0.838694,2.35,0.112508 , 0.112508 , 0
-0.838694,2.53,0.70355 , 0.70355 , 0
-0.838694,2.71,1.1907 , 1.1907 , 0
-0.838694,2.89,0.470564 , 0.470564 , 0
-0.838694,3.07,0.0235678 , 0.0235678 , 0
-0.838694,3.25,0.264109 , 0.264109 , 0
-0.838694,3.43,0.641034 , 0.641034 , 0
-0.838694,3.61,0.748769 , 0.748769 , 0
-0.838694,3.79,0.588802 , 0.588802 , 0
-0.838694,3.97,0.339097 , 0.339097 , 0
-0.838694,4.15,0.142984 , 0.142984 , 0
-0.838694,4.33,0.0516065 , 0.0516065 , 0
-0.838694,4.51,0.0484589 , 0.0484589 , 0
-0.838694,4.69,0.0924104 , 0.0924104 , 0
-0.838694,4.87,0.145931 , 0.145931 , 0
-0.838694,5.05,0.185797 , 0.185797 , 0
-0.838694,5.23,0.202952 , 0.202952 , 0
-0.838694,5.41,0.198455 , 0.198455 , 0
-0.838694,5.59,0.17817 , 0.17817 , 0
-0.838694,5.77,0.149259 , 0.149259 , 0
-0.838694,5.95,0.118137 , 0.118137 , 0
-0.838694,6.13,0.0895069 , 0.0895069 , 0
-0.838694,6.31,0.066231 , 0.066231 , 0
-0.838694,6.49,0.0495729 , 0.0495729 , 0
-0.838694,6.67,0.0396856 , 0.0396856 , 0
-0.838694,6.85,0.03593 , 0.03593 , 0
-0.838694,7.03,0.0372513 , 0.0372513 , 0
-0.838694,7.21,0.0424013 , 0.0424013 , 0
-0.838694,7.39,0.0501979 , 0.0501979 , 0
-0.838694,7.57,0.0595666 , 0.0595666 , 0
-0.838694,7.75,0.0695938 , 0.0695938 , 0
-0.838694,7.93,0.0795552 , 0.0795552 , 0
-0.838694,8.11,0.088846 , 0.088846 , 0
-0.838694,8.29,0.0971399 , 0.0971399 , 0
-0.838694,8.47,0.104206 , 0.104206 , 0
-0.838694,8.65,0.109922 , 0.109922 , 0
-0.838694,8.83,0.114254 , 0.114254 , 0
-0.838694,9.01,0.117257 , 0.117257 , 0
-0.838694,9.19,0.119005 , 0.119005 , 0
-0.838694,9.37,0.119576 , 0.119576 , 0
-0.838694,9.55,0.119095 , 0.119095 , 0
-0.838694,9.73,0.117692 , 0.117692 , 0
-0.838694,9.91,0.115497 , 0.115497 , 0
-0.831406,1.09,1.92924 , 1.92924 , 0
-0.831406,1.27,0.975675 , 0.975675 , 0
-0.831406,1.45,1.0875 , 1.0875 , 0
-0.831406,1.63,0.0567012 , 0.0567012 , 0
-0.831406,1.81,1.94529 , 1.94529 , 0
-0.831406,1.99,0.523398 , 0.523398 , 0
-0.831406,2.17,1.59264 , 1.59264 , 0
-0.831406,2.35,0.0377392 , 0.0377392 , 0
-0.831406,2.53,0.875119 , 0.875119 , 0
-0.831406,2.71,1.16703 , 1.16703 , 0
-0.831406,2.89,0.365273 , 0.365273 , 0
-0.831406,3.07,0.0229958 , 0.0229958 , 0
-0.831406,3.25,0.337928 , 0.337928 , 0
-0.831406,3.43,0.688559 , 0.688559 , 0
-0.831406,3.61,0.727512 , 0.727512 , 0
-0.831406,3.79,0.51818 , 0.51818 , 0
-0.831406,3.97,0.258437 , 0.258437 , 0
-0.831406,4.15,0.0819053 , 0.0819053 , 0
-0.831406,4.33,0.0219292 , 0.0219292 , 0
-0.831406,4.51,0.0485674 , 0.0485674 , 0
-0.831406,4.69,0.114226 , 0.114226 , 0
-0.831406,4.87,0.180237 , 0.180237 , 0
-0.831406,5.05,0.224998 , 0.224998 , 0
-0.831406,5.23,0.241885 , 0.241885 , 0
-0.831406,5.41,0.234247 , 0.234247 , 0
-0.831406,5.59,0.209606 , 0.209606 , 0
-0.831406,5.77,0.176131 , 0.176131 , 0
-0.831406,5.95,0.140824 , 0.140824 , 0
-0.831406,6.13,0.108611 , 0.108611 , 0
-0.831406,6.31,0.0823763 , 0.0823763 , 0
-0.831406,6.49,0.0633034 , 0.0633034 , 0
-0.831406,6.67,0.0514414 , 0.0514414 , 0
-0.831406,6.85,0.0460423 , 0.0460423 , 0
-0.831406,7.03,0.0459592 , 0.0459592 , 0
-0.831406,7.21,0.049869 , 0.049869 , 0
-0.831406,7.39,0.0565461 , 0.0565461 , 0
-0.831406,7.57,0.0648882 , 0.0648882 , 0
-0.831406,7.75,0.0739633 , 0.0739633 , 0
-0.831406,7.93,0.0830381 , 0.0830381 , 0
-0.831406,8.11,0.0915024 , 0.0915024 , 0
-0.831406,8.29,0.0990324 , 0.0990324 , 0
-0.831406,8.47,0.105398 , 0.105398 , 0
-0.831406,8.65,0.110478 , 0.110478 , 0
-0.831406,8.83,0.114236 , 0.114236 , 0
-0.831406,9.01,0.116719 , 0.116719 , 0
-0.831406,9.19,0.117999 , 0.117999 , 0
-0.831406,9.37,0.118163 , 0.118163 , 0
-0.831406,9.55,0.117332 , 0.117332 , 0
-0.831406,9.73,0.115632 , 0.115632 , 0
-0.831406,9.91,0.113192 , 0.113192 , 0
-0.824117,1.09,0.854823 , 0.854823 , 0
-0.824117,1.27,1.77375 , 1.77375 , 0
-0.824117,1.45,1.70081 , 1.70081 , 0
-0.824117,1.63,0.124377 , 0.124377 , 0
-0.824117,1.81,1.62203 , 1.62203 , 0
-0.824117,1.99,0.790249 , 0.790249 , 0
-0.824117,2.17,1.42514 , 1.42514 , 0
-0.824117,2.35,0.029775 , 0.029775 , 0
-0.824117,2.53,1.01837 , 1.01837 , 0
-0.824117,2.71,1.09999 , 1.09999 , 0
-0.824117,2.89,0.266876 , 0.266876 , 0
-0.824117,3.07,0.0426177 , 0.0426177 , 0
-0.824117,3.25,0.416061 , 0.416061 , 0
-0.824117,3.43,0.733203 , 0.733203 , 0
-0.824117,3.61,0.714118 , 0.714118 , 0
-0.824117,3.79,0.472545 , 0.472545 , 0
-0.824117,3.97,0.213998 , 0.213998 , 0
-0.824117,4.15,0.0575786 , 0.0575786 , 0
-0.824117,4.33,0.020439 , 0.020439 , 0
-0.824117,4.51,0.0634013 , 0.0634013 , 0
-0.824117,4.69,0.136479 , 0.136479 , 0
-0.824117,4.87,0.202638 , 0.202638 , 0
-0.824117,5.05,0.243215 , 0.243215 , 0
-0.824117,5.23,0.25427 , 0.25427 , 0
-0.824117,5.41,0.241033 , 0.241033 , 0
-0.824117,5.59,0.212003 , 0.212003 , 0
-0.824117,5.77,0.175652 , 0.175652 , 0
-0.824117,5.95,0.138904 , 0.138904 , 0
-0.824117,6.13,0.10639 , 0.10639 , 0
-0.824117,6.31,0.0806407 , 0.0806407 , 0
-0.824117,6.49,0.0625062 , 0.0625062 , 0
-0.824117,6.67,0.0517719 , 0.0517719 , 0
-0.824117,6.85,0.0474951 , 0.0474951 , 0
-0.824117,7.03,0.0484034 , 0.0484034 , 0
-0.824117,7.21,0.053105 , 0.053105 , 0
-0.824117,7.39,0.0603466 , 0.0603466 , 0
-0.824117,7.57,0.0690273 , 0.0690273 , 0
-0.824117,7.75,0.0782359 , 0.0782359 , 0
-0.824117,7.93,0.0872687 , 0.0872687 , 0
-0.824117,8.11,0.0955485 , 0.0955485 , 0
-0.824117,8.29,0.102787 , 0.102787 , 0
-0.824117,8.47,0.108785 , 0.108785 , 0
-0.824117,8.65,0.113448 , 0.113448 , 0
-0.824117,8.83,0.116765 , 0.116765 , 0
-0.824117,9.01,0.11879 , 0.11879 , 0
-0.824117,9.19,0.11961 , 0.11961 , 0
-0.824117,9.37,0.119334 , 0.119334 , 0
-0.824117,9.55,0.118088 , 0.118088 , 0
-0.824117,9.73,0.116007 , 0.116007 , 0
-0.824117,9.91,0.113221 , 0.113221 , 0
-0.816829,1.09,0.231258 , 0.231258 , 0
-0.816829,1.27,2.60227 , 2.60227 , 0
-0.816829,1.45,2.29996 , 2.29996 , 0
-0.816829,1.63,0.350954 , 0.350954 , 0
-0.816829,1.81,1.25739 , 1.25739 , 0
-0.816829,1.99,1.07667 , 1.07667 , 0
-0.816829,2.17,1.2202 , 1.2202 , 0
-0.816829,2.35,0.0688277 , 0.0688277 , 0
-0.816829,2.53,1.1448 , 1.1448 , 0
-0.816829,2.71,1.01087 , 1.01087 , 0
-0.816829,2.89,0.180692 , 0.180692 , 0
-0.816829,3.07,0.0795171 , 0.0795171 , 0
-0.816829,3.25,0.495762 , 0.495762 , 0
-0.816829,3.43,0.768196 , 0.768196 , 0
-0.816829,3.61,0.691066 , 0.691066 , 0
-0.816829,3.79,0.423102 , 0.423102 , 0
-0.816829,3.97,0.171448 , 0.171448 , 0
-0.816829,4.15,0.0380995 , 0.0380995 , 0
-0.816829,4.33,0.0241284 , 0.0241284 , 0
-0.816829,4.51,0.0822406 , 0.0822406 , 0
-0.816829,4.69,0.161123 , 0.161123 , 0
-0.816829,4.87,0.226023 , 0.226023 , 0
-0.816829,5.05,0.261466 , 0.261466 , 0
-0.816829,5.23,0.266199 , 0.266199 , 0
-0.816829,5.41,0.247218 , 0.247218 , 0
-0.816829,5.59,0.21387 , 0.21387 , 0
-0.816829,5.77,0.174811 , 0.174811 , 0
-0.816829,5.95,0.136809 , 0.136809 , 0
-0.816829,6.13,0.104157 , 0.104157 , 0
-0.816829,6.31,0.0790078 , 0.0790078 , 0
-0.816829,6.49,0.061876 , 0.061876 , 0
-0.816829,6.67,0.0522876 , 0.0522876 , 0
-0.816829,6.85,0.0491157 , 0.0491157 , 0
-0.816829,7.03,0.0509733 , 0.0509733 , 0
-0.816829,7.21,0.0564103 , 0.0564103 , 0
-0.816829,7.39,0.0641538 , 0.0641538 , 0
-0.816829,7.57,0.073111 , 0.073111 , 0
-0.816829,7.75,0.0823951 , 0.0823951 , 0
-0.816829,7.93,0.0913353 , 0.0913353 , 0
-0.816829,8.11,0.0993886 , 0.0993886 , 0
-0.816829,8.29,0.106302 , 0.106302 , 0
-0.816829,8.47,0.111908 , 0.111908 , 0
-0.816829,8.65,0.116139 , 0.116139 , 0
-0.816829,8.83,0.119005 , 0.119005 , 0
-0.816829,9.01,0.120568 , 0.120568 , 0
-0.816829,9.19,0.120931 , 0.120931 , 0
-0.816829,9.37,0.12022 , 0.12022 , 0
-0.816829,9.55,0.118571 , 0.118571 , 0
-0.816829,9.73,0.11612 , 0.11612 , 0
-0.816829,9.91,0.113002 , 0.113002 , 0
-0.809541,1.09,0.214659 , 0.214659 , 0
-0.809541,1.27,3.29072 , 3.29072 , 0
-0.809541,1.45,2.78744 , 2.78744 , 0
-0.809541,1.63,0.706865 , 0.706865 , 0
-0.809541,1.81,0.888894 , 0.888894 , 0
-0.809541,1.99,1.35714 , 1.35714 , 0
-0.809541,2.17,0.992039 , 0.992039 , 0
-0.809541,2.35,0.152825 , 0.152825 , 0
-0.809541,2.53,1.24823 , 1.24823 , 0
-0.809541,2.71,0.904022 , 0.904022 , 0
-0.809541,2.89,0.110267 , 0.110267 , 0
-0.809541,3.07,0.132239 , 0.132239 , 0
-0.809541,3.25,0.574169 , 0.574169 , 0
-0.809541,3.43,0.792151 , 0.792151 , 0
-0.809541,3.61,0.658647 , 0.658647 , 0
-0.809541,3.79,0.37087 , 0.37087 , 0
-0.809541,3.97,0.131735 , 0.131735 , 0
-0.809541,4.15,0.0240415 , 0.0240415 , 0
-0.809541,4.33,0.0332278 , 0.0332278 , 0
-0.809541,4.51,0.105125 , 0.105125 , 0
-0.809541,4.69,0.188146 , 0.188146 , 0
-0.809541,4.87,0.250413 , 0.250413 , 0
-0.809541,5.05,0.279829 , 0.279829 , 0
-0.809541,5.23,0.277797 , 0.277797 , 0
-0.809541,5.41,0.252958 , 0.252958 , 0
-0.809541,5.59,0.215363 , 0.215363 , 0
-0.809541,5.77,0.173748 , 0.173748 , 0
-0.809541,5.95,0.134652 , 0.134652 , 0
-0.809541,6.13,0.101988 , 0.101988 , 0
-0.809541,6.31,0.0775174 , 0.0775174 , 0
-0.809541,6.49,0.0614189 , 0.0614189 , 0
-0.809541,6.67,0.052966 , 0.052966 , 0
-0.809541,6.85,0.0508586 , 0.0508586 , 0
-0.809541,7.03,0.0536057 , 0.0536057 , 0
-0.809541,7.21,0.0597096 , 0.0597096 , 0
-0.809541,7.39,0.0678849 , 0.0678849 , 0
-0.809541,7.57,0.0770525 , 0.0770525 , 0
-0.809541,7.75,0.0863535 , 0.0863535 , 0
-0.809541,7.93,0.0951517 , 0.0951517 , 0
-0.809541,8.11,0.10294 , 0.10294 , 0
-0.809541,8.29,0.1095 , 0.1095 , 0
-0.809541,8.47,0.114694 , 0.114694 , 0
-0.809541,8.65,0.118481 , 0.118481 , 0
-0.809541,8.83,0.120892 , 0.120892 , 0
-0.809541,9.01,0.121996 , 0.121996 , 0
-0.809541,9.19,0.121909 , 0.121909 , 0
-0.809541,9.37,0.120775 , 0.120775 , 0
-0.809541,9.55,0.118736 , 0.118736 , 0
-0.809541,9.73,0.115932 , 0.115932 , 0
-0.809541,9.91,0.1125 , 0.1125 , 0
-0.802253,1.09,0.793112 , 0.793112 , 0
-0.802253,1.27,3.69593 , 3.69593 , 0
-0.802253,1.45,3.08787 , 3.08787 , 0
-0.802253,1.63,1.14383 , 1.14383 , 0
-0.802253,1.81,0.553365 , 0.553365 , 0
-0.802253,1.99,1.60873 , 1.60873 , 0
-0.802253,2.17,0.759144 , 0.759144 , 0
-0.802253,2.35,0.275448 , 0.275448 , 0
-0.802253,2.53,1.32082 , 1.32082 , 0
-0.802253,2.71,0.783568 , 0.783568 , 0
-0.802253,2.89,0.0585939 , 0.0585939 , 0
-0.802253,3.07,0.199003 , 0.199003 , 0
-0.802253,3.25,0.649138 , 0.649138 , 0
-0.802253,3.43,0.80559 , 0.80559 , 0
-0.802253,3.61,0.619771 , 0.619771 , 0
-0.802253,3.79,0.319443 , 0.319443 , 0
-0.802253,3.97,0.0976517 , 0.0976517 , 0
-0.802253,4.15,0.0166691 , 0.0166691 , 0
-0.802253,4.33,0.0474002 , 0.0474002 , 0
-0.802253,4.51,0.13041 , 0.13041 , 0
-0.802253,4.69,0.215019 , 0.215019 , 0
-0.802253,4.87,0.272804 , 0.272804 , 0
-0.802253,5.05,0.295165 , 0.295165 , 0
-0.802253,5.23,0.286037 , 0.286037 , 0
-0.802253,5.41,0.255489 , 0.255489 , 0
-0.802253,5.59,0.214073 , 0.214073 , 0
-0.802253,5.77,0.170447 , 0.170447 , 0
-0.802253,5.95,0.13081 , 0.13081 , 0
-0.802253,6.13,0.0986336 , 0.0986336 , 0
-0.802253,6.31,0.0752561 , 0.0752561 , 0
-0.802253,6.49,0.0605152 , 0.0605152 , 0
-0.802253,6.67,0.0534376 , 0.0534376 , 0
-0.802253,6.85,0.0525615 , 0.0525615 , 0
-0.802253,7.03,0.056307 , 0.056307 , 0
-0.802253,7.21,0.0631426 , 0.0631426 , 0
-0.802253,7.39,0.0717827 , 0.0717827 , 0
-0.802253,7.57,0.0811713 , 0.0811713 , 0
-0.802253,7.75,0.0904854 , 0.0904854 , 0
-0.802253,7.93,0.099129 , 0.099129 , 0
-0.802253,8.11,0.106634 , 0.106634 , 0
-0.802253,8.29,0.112822 , 0.112822 , 0
-0.802253,8.47,0.117587 , 0.117587 , 0
-0.802253,8.65,0.120913 , 0.120913 , 0
-0.802253,8.83,0.122854 , 0.122854 , 0
-0.802253,9.01,0.123485 , 0.123485 , 0
-0.802253,9.19,0.122937 , 0.122937 , 0
-0.802253,9.37,0.121372 , 0.121372 , 0
-0.802253,9.55,0.118937 , 0.118937 , 0
-0.802253,9.73,0.115776 , 0.115776 , 0
-0.802253,9.91,0.112028 , 0.112028 , 0
-0.794965,1.09,1.79061 , 1.79061 , 0
-0.794965,1.27,3.73696 , 3.73696 , 0
-0.794965,1.45,3.15455 , 3.15455 , 0
-0.794965,1.63,1.60604 , 1.60604 , 0
-0.794965,1.81,0.28448 , 0.28448 , 0
-0.794965,1.99,1.8097 , 1.8097 , 0
-0.794965,2.17,0.536655 , 0.536655 , 0
-0.794965,2.35,0.429392 , 0.429392 , 0
-0.794965,2.53,1.3603 , 1.3603 , 0
-0.794965,2.71,0.655703 , 0.655703 , 0
-0.794965,2.89,0.0277053 , 0.0277053 , 0
-0.794965,3.07,0.277299 , 0.277299 , 0
-0.794965,3.25,0.717964 , 0.717964 , 0
-0.794965,3.43,0.807247 , 0.807247 , 0
-0.794965,3.61,0.573953 , 0.573953 , 0
-0.794965,3.79,0.26828 , 0.26828 , 0
-0.794965,3.97,0.0684198 , 0.0684198 , 0
-0.794965,4.15,0.0152516 , 0.0152516 , 0
-0.794965,4.33,0.0663365 , 0.0663365 , 0
-0.794965,4.51,0.158432 , 0.158432 , 0
-0.794965,4.69,0.242751 , 0.242751 , 0
-0.794965,4.87,0.294754 , 0.294754 , 0
-0.794965,5.05,0.309386 , 0.309386 , 0
-0.794965,5.23,0.29298 , 0.29298 , 0
-0.794965,5.41,0.25685 , 0.25685 , 0
-0.794965,5.59,0.211893 , 0.211893 , 0
-0.794965,5.77,0.166569 , 0.166569 , 0
-0.794965,5.95,0.126673 , 0.126673 , 0
-0.794965,6.13,0.0951999 , 0.0951999 , 0
-0.794965,6.31,0.0730602 , 0.0730602 , 0
-0.794965,6.49,0.0597556 , 0.0597556 , 0
-0.794965,6.67,0.0540778 , 0.0540778 , 0
-0.794965,6.85,0.0544189 , 0.0544189 , 0
-0.794965,7.03,0.0591229 , 0.0591229 , 0
-0.794965,7.21,0.0666367 , 0.0666367 , 0
-0.794965,7.39,0.0756833 , 0.0756833 , 0
-0.794965,7.57,0.0852356 , 0.0852356 , 0
-0.794965,7.75,0.0945104 , 0.0945104 , 0
-0.794965,7.93,0.102955 , 0.102955 , 0
-0.794965,8.11,0.110141 , 0.110141 , 0
-0.794965,8.29,0.115929 , 0.115929 , 0
-0.794965,8.47,0.120244 , 0.120244 , 0
-0.794965,8.65,0.123098 , 0.123098 , 0
-0.794965,8.83,0.124563 , 0.124563 , 0
-0.794965,9.01,0.124721 , 0.124721 , 0
-0.794965,9.19,0.123717 , 0.123717 , 0
-0.794965,9.37,0.121728 , 0.121728 , 0
-0.794965,9.55,0.118908 , 0.118908 , 0
-0.794965,9.73,0.115403 , 0.115403 , 0
-0.794965,9.91,0.111352 , 0.111352 , 0
-0.787677,1.09,2.92168 , 2.92168 , 0
-0.787677,1.27,3.40775 , 3.40775 , 0
-0.787677,1.45,2.97806 , 2.97806 , 0
-0.787677,1.63,2.03512 , 2.03512 , 0
-0.787677,1.81,0.108899 , 0.108899 , 0
-0.787677,1.99,1.94272 , 1.94272 , 0
-0.787677,2.17,0.340261 , 0.340261 , 0
-0.787677,2.35,0.605571 , 0.605571 , 0
-0.787677,2.53,1.36491 , 1.36491 , 0
-0.787677,2.71,0.52643 , 0.52643 , 0
-0.787677,2.89,0.0188628 , 0.0188628 , 0
-0.787677,3.07,0.364206 , 0.364206 , 0
-0.787677,3.25,0.778198 , 0.778198 , 0
-0.787677,3.43,0.796772 , 0.796772 , 0
-0.787677,3.61,0.522133 , 0.522133 , 0
-0.787677,3.79,0.218471 , 0.218471 , 0
-0.787677,3.97,0.0447124 , 0.0447124 , 0
-0.787677,4.15,0.0200137 , 0.0200137 , 0
-0.787677,4.33,0.0900095 , 0.0900095 , 0
-0.787677,4.51,0.189115 , 0.189115 , 0
-0.787677,4.69,0.271343 , 0.271343 , 0
-0.787677,4.87,0.316377 , 0.316377 , 0
-0.787677,5.05,0.322706 , 0.322706 , 0
-0.787677,5.23,0.298901 , 0.298901 , 0
-0.787677,5.41,0.257336 , 0.257336 , 0
-0.787677,5.59,0.209097 , 0.209097 , 0
-0.787677,5.77,0.16235 , 0.16235 , 0
-0.787677,5.95,0.122423 , 0.122423 , 0
-0.787677,6.13,0.0918141 , 0.0918141 , 0
-0.787677,6.31,0.0710029 , 0.0710029 , 0
-0.787677,6.49,0.0591653 , 0.0591653 , 0
-0.787677,6.67,0.0548725 , 0.0548725 , 0
-0.787677,6.85,0.0563848 , 0.0563848 , 0
-0.787677,7.03,0.0619841 , 0.0619841 , 0
-0.787677,7.21,0.0701063 , 0.0701063 , 0
-0.787677,7.39,0.0794903 , 0.0794903 , 0
-0.787677,7.57,0.0891432 , 0.0891432 , 0
-0.787677,7.75,0.0983247 , 0.0983247 , 0
-0.787677,7.93,0.106525 , 0.106525 , 0
-0.787677,8.11,0.11336 , 0.11336 , 0
-0.787677,8.29,0.118725 , 0.118725 , 0
-0.787677,8.47,0.122576 , 0.122576 , 0
-0.787677,8.65,0.124951 , 0.124951 , 0
-0.787677,8.83,0.125941 , 0.125941 , 0
-0.787677,9.01,0.125633 , 0.125633 , 0
-0.787677,9.19,0.124182 , 0.124182 , 0
-0.787677,9.37,0.121784 , 0.121784 , 0
-0.787677,9.55,0.118594 , 0.118594 , 0
-0.787677,9.73,0.114764 , 0.114764 , 0
-0.787677,9.91,0.11043 , 0.11043 , 0
-0.780389,1.09,3.8658 , 3.8658 , 0
-0.780389,1.27,2.77939 , 2.77939 , 0
-0.780389,1.45,2.58626 , 2.58626 , 0
-0.780389,1.63,2.37773 , 2.37773 , 0
-0.780389,1.81,0.0434866 , 0.0434866 , 0
-0.780389,1.99,1.99609 , 1.99609 , 0
-0.780389,2.17,0.184254 , 0.184254 , 0
-0.780389,2.35,0.79307 , 0.79307 , 0
-0.780389,2.53,1.33419 , 1.33419 , 0
-0.780389,2.71,0.401758 , 0.401758 , 0
-0.780389,2.89,0.0324494 , 0.0324494 , 0
-0.780389,3.07,0.456444 , 0.456444 , 0
-0.780389,3.25,0.827822 , 0.827822 , 0
-0.780389,3.43,0.774696 , 0.774696 , 0
-0.780389,3.61,0.466195 , 0.466195 , 0
-0.780389,3.79,0.171828 , 0.171828 , 0
-0.780389,3.97,0.0275416 , 0.0275416 , 0
-0.780389,4.15,0.0310723 , 0.0310723 , 0
-0.780389,4.33,0.117862 , 0.117862 , 0
-0.780389,4.51,0.221517 , 0.221517 , 0
-0.780389,4.69,0.2997 , 0.2997 , 0
-0.780389,4.87,0.336588 , 0.336588 , 0
-0.780389,5.05,0.334132 , 0.334132 , 0
-0.780389,5.23,0.302939 , 0.302939 , 0
-0.780389,5.41,0.256229 , 0.256229 , 0
-0.780389,5.59,0.205105 , 0.205105 , 0
-0.780389,5.77,0.157332 , 0.157332 , 0
-0.780389,5.95,0.117713 , 0.117713 , 0
-0.780389,6.13,0.088223 , 0.088223 , 0
-0.780389,6.31,0.0689111 , 0.0689111 , 0
-0.780389,6.49,0.0586382 , 0.0586382 , 0
-0.780389,6.67,0.0557707 , 0.0557707 , 0
-0.780389,6.85,0.0584538 , 0.0584538 , 0
-0.780389,7.03,0.0649214 , 0.0649214 , 0
-0.780389,7.21,0.0736108 , 0.0736108 , 0
-0.780389,7.39,0.0832856 , 0.0832856 , 0
-0.780389,7.57,0.0929926 , 0.0929926 , 0
-0.780389,7.75,0.102038 , 0.102038 , 0
-0.780389,7.93,0.109959 , 0.109959 , 0
-0.780389,8.11,0.116413 , 0.116413 , 0
-0.780389,8.29,0.121333 , 0.121333 , 0
-0.780389,8.47,0.124707 , 0.124707 , 0
-0.780389,8.65,0.126595 , 0.126595 , 0
-0.780389,8.83,0.127108 , 0.127108 , 0
-0.780389,9.01,0.126334 , 0.126334 , 0
-0.780389,9.19,0.124442 , 0.124442 , 0
-0.780389,9.37,0.121643 , 0.121643 , 0
-0.780389,9.55,0.118096 , 0.118096 , 0
-0.780389,9.73,0.113952 , 0.113952 , 0
-0.780389,9.91,0.109348 , 0.109348 , 0
-0.773101,1.09,4.36318 , 4.36318 , 0
-0.773101,1.27,1.98028 , 1.98028 , 0
-0.773101,1.45,2.04367 , 2.04367 , 0
-0.773101,1.63,2.58861 , 2.58861 , 0
-0.773101,1.81,0.0942112 , 0.0942112 , 0
-0.773101,1.99,1.96681 , 1.96681 , 0
-0.773101,2.17,0.0798242 , 0.0798242 , 0
-0.773101,2.35,0.978713 , 0.978713 , 0
-0.773101,2.53,1.26874 , 1.26874 , 0
-0.773101,2.71,0.287393 , 0.287393 , 0
-0.773101,2.89,0.0680657 , 0.0680657 , 0
-0.773101,3.07,0.550876 , 0.550876 , 0
-0.773101,3.25,0.865731 , 0.865731 , 0
-0.773101,3.43,0.742533 , 0.742533 , 0
-0.773101,3.61,0.408597 , 0.408597 , 0
-0.773101,3.79,0.130196 , 0.130196 , 0
-0.773101,3.97,0.0174817 , 0.0174817 , 0
-0.773101,4.15,0.0477874 , 0.0477874 , 0
-0.773101,4.33,0.148414 , 0.148414 , 0
-0.773101,4.51,0.253728 , 0.253728 , 0
-0.773101,4.69,0.325812 , 0.325812 , 0
-0.773101,4.87,0.353485 , 0.353485 , 0
-0.773101,5.05,0.341991 , 0.341991 , 0
-0.773101,5.23,0.3037 , 0.3037 , 0
-0.773101,5.41,0.252417 , 0.252417 , 0
-0.773101,5.59,0.199074 , 0.199074 , 0
-0.773101,5.77,0.150913 , 0.150913 , 0
-0.773101,5.95,0.112146 , 0.112146 , 0
-0.773101,6.13,0.0842016 , 0.0842016 , 0
-0.773101,6.31,0.0667 , 0.0667 , 0
-0.773101,6.49,0.0582021 , 0.0582021 , 0
-0.773101,6.67,0.0568882 , 0.0568882 , 0
-0.773101,6.85,0.0608084 , 0.0608084 , 0
-0.773101,7.03,0.0681666 , 0.0681666 , 0
-0.773101,7.21,0.0774169 , 0.0774169 , 0
-0.773101,7.39,0.0873586 , 0.0873586 , 0
-0.773101,7.57,0.0970864 , 0.0970864 , 0
-0.773101,7.75,0.105959 , 0.105959 , 0
-0.773101,7.93,0.113564 , 0.113564 , 0
-0.773101,8.11,0.119604 , 0.119604 , 0
-0.773101,8.29,0.124049 , 0.124049 , 0
-0.773101,8.47,0.12692 , 0.12692 , 0
-0.773101,8.65,0.1283 , 0.1283 , 0
-0.773101,8.83,0.128318 , 0.128318 , 0
-0.773101,9.01,0.127067 , 0.127067 , 0
-0.773101,9.19,0.124725 , 0.124725 , 0
-0.773101,9.37,0.121519 , 0.121519 , 0
-0.773101,9.55,0.11761 , 0.11761 , 0
-0.773101,9.73,0.113151 , 0.113151 , 0
-0.773101,9.91,0.108277 , 0.108277 , 0
-0.765813,1.09,4.27966 , 4.27966 , 0
-0.765813,1.27,1.17355 , 1.17355 , 0
-0.765813,1.45,1.43554 , 1.43554 , 0
-0.765813,1.63,2.64302 , 2.64302 , 0
-0.765813,1.81,0.254734 , 0.254734 , 0
-0.765813,1.99,1.85702 , 1.85702 , 0
-0.765813,2.17,0.0338308 , 0.0338308 , 0
-0.765813,2.35,1.15232 , 1.15232 , 0
-0.765813,2.53,1.17306 , 1.17306 , 0
-0.765813,2.71,0.188765 , 0.188765 , 0
-0.765813,2.89,0.124191 , 0.124191 , 0
-0.765813,3.07,0.643972 , 0.643972 , 0
-0.765813,3.25,0.890284 , 0.890284 , 0
-0.765813,3.43,0.700399 , 0.700399 , 0
-0.765813,3.61,0.349847 , 0.349847 , 0
-0.765813,3.79,0.0937336 , 0.0937336 , 0
-0.765813,3.97,0.0143856 , 0.0143856 , 0
-0.765813,4.15,0.070063 , 0.070063 , 0
-0.765813,4.33,0.181926 , 0.181926 , 0
-0.765813,4.51,0.286487 , 0.286487 , 0
-0.765813,4.69,0.350849 , 0.350849 , 0
-0.765813,4.87,0.36853 , 0.36853 , 0
-0.765813,5.05,0.347869 , 0.347869 , 0
-0.765813,5.23,0.302745 , 0.302745 , 0
-0.765813,5.41,0.247328 , 0.247328 , 0
-0.765813,5.59,0.192229 , 0.192229 , 0
-0.765813,5.77,0.144082 , 0.144082 , 0
-0.765813,5.95,0.10647 , 0.10647 , 0
-0.765813,6.13,0.0802721 , 0.0802721 , 0
-0.765813,6.31,0.0646906 , 0.0646906 , 0
-0.765813,6.49,0.0580061 , 0.0580061 , 0
-0.765813,6.67,0.058233 , 0.058233 , 0
-0.765813,6.85,0.0633452 , 0.0633452 , 0
-0.765813,7.03,0.0715314 , 0.0715314 , 0
-0.765813,7.21,0.0812741 , 0.0812741 , 0
-0.765813,7.39,0.0914157 , 0.0914157 , 0
-0.765813,7.57,0.101104 , 0.101104 , 0
-0.765813,7.75,0.109752 , 0.109752 , 0
-0.765813,7.93,0.117 , 0.117 , 0
-0.765813,8.11,0.122593 , 0.122593 , 0
-0.765813,8.29,0.126542 , 0.126542 , 0
-0.765813,8.47,0.128896 , 0.128896 , 0
-0.765813,8.65,0.129762 , 0.129762 , 0
-0.765813,8.83,0.129287 , 0.129287 , 0
-0.765813,9.01,0.127562 , 0.127562 , 0
-0.765813,9.19,0.124779 , 0.124779 , 0
-0.765813,9.37,0.121177 , 0.121177 , 0
-0.765813,9.55,0.116921 , 0.116921 , 0
-0.765813,9.73,0.112161 , 0.112161 , 0
-0.765813,9.91,0.107033 , 0.107033 , 0
-0.758525,1.09,3.64341 , 3.64341 , 0
-0.758525,1.27,0.52128 , 0.52128 , 0
-0.758525,1.45,0.857018 , 0.857018 , 0
-0.758525,1.63,2.53499 , 2.53499 , 0
-0.758525,1.81,0.507698 , 0.507698 , 0
-0.758525,1.99,1.676 , 1.676 , 0
-0.758525,2.17,0.0496102 , 0.0496102 , 0
-0.758525,2.35,1.30364 , 1.30364 , 0
-0.758525,2.53,1.05236 , 1.05236 , 0
-0.758525,2.71,0.110466 , 0.110466 , 0
-0.758525,2.89,0.198533 , 0.198533 , 0
-0.758525,3.07,0.732254 , 0.732254 , 0
-0.758525,3.25,0.900495 , 0.900495 , 0
-0.758525,3.43,0.649355 , 0.649355 , 0
-0.758525,3.61,0.291444 , 0.291444 , 0
-0.758525,3.79,0.0634122 , 0.0634122 , 0
-0.758525,3.97,0.0185431 , 0.0185431 , 0
-0.758525,4.15,0.0977581 , 0.0977581 , 0
-0.758525,4.33,0.218128 , 0.218128 , 0
-0.758525,4.51,0.319591 , 0.319591 , 0
-0.758525,4.69,0.374751 , 0.374751 , 0
-0.758525,4.87,0.381801 , 0.381801 , 0
-0.758525,5.05,0.351941 , 0.351941 , 0
-0.758525,5.23,0.300295 , 0.300295 , 0
-0.758525,5.41,0.241185 , 0.241185 , 0
-0.758525,5.59,0.184763 , 0.184763 , 0
-0.758525,5.77,0.136988 , 0.136988 , 0
-0.758525,5.95,0.100786 , 0.100786 , 0
-0.758525,6.13,0.076486 , 0.076486 , 0
-0.758525,6.31,0.0628914 , 0.0628914 , 0
-0.758525,6.49,0.0580233 , 0.0580233 , 0
-0.758525,6.67,0.0597511 , 0.0597511 , 0
-0.758525,6.85,0.0659904 , 0.0659904 , 0
-0.758525,7.03,0.074929 , 0.074929 , 0
-0.758525,7.21,0.0850882 , 0.0850882 , 0
-0.758525,7.39,0.09536 , 0.09536 , 0
-0.758525,7.57,0.104948 , 0.104948 , 0
-0.758525,7.75,0.113323 , 0.113323 , 0
-0.758525,7.93,0.120176 , 0.120176 , 0
-0.758525,8.11,0.125297 , 0.125297 , 0
-0.758525,8.29,0.128735 , 0.128735 , 0
-0.758525,8.47,0.130565 , 0.130565 , 0
-0.758525,8.65,0.130917 , 0.130917 , 0
-0.758525,8.83,0.129953 , 0.129953 , 0
-0.758525,9.01,0.127766 , 0.127766 , 0
-0.758525,9.19,0.124556 , 0.124556 , 0
-0.758525,9.37,0.120576 , 0.120576 , 0
-0.758525,9.55,0.11599 , 0.11599 , 0
-0.758525,9.73,0.110949 , 0.110949 , 0
-0.758525,9.91,0.105587 , 0.105587 , 0
-0.751237,1.09,2.63189 , 2.63189 , 0
-0.751237,1.27,0.151692 , 0.151692 , 0
-0.751237,1.45,0.397969 , 0.397969 , 0
-0.751237,1.63,2.27935 , 2.27935 , 0
-0.751237,1.81,0.825841 , 0.825841 , 0
-0.751237,1.99,1.43891 , 1.43891 , 0
-0.751237,2.17,0.126237 , 0.126237 , 0
-0.751237,2.35,1.42352 , 1.42352 , 0
-0.751237,2.53,0.913055 , 0.913055 , 0
-0.751237,2.71,0.0561692 , 0.0561692 , 0
-0.751237,2.89,0.287985 , 0.287985 , 0
-0.751237,3.07,0.812346 , 0.812346 , 0
-0.751237,3.25,0.895952 , 0.895952 , 0
-0.751237,3.43,0.59102 , 0.59102 , 0
-0.751237,3.61,0.235222 , 0.235222 , 0
-0.751237,3.79,0.040276 , 0.040276 , 0
-0.751237,3.97,0.0300847 , 0.0300847 , 0
-0.751237,4.15,0.130378 , 0.130378 , 0
-0.751237,4.33,0.256246 , 0.256246 , 0
-0.751237,4.51,0.352237 , 0.352237 , 0
-0.751237,4.69,0.39682 , 0.39682 , 0
-0.751237,4.87,0.392747 , 0.392747 , 0
-0.751237,5.05,0.353798 , 0.353798 , 0
-0.751237,5.23,0.296059 , 0.296059 , 0
-0.751237,5.41,0.233786 , 0.233786 , 0
-0.751237,5.59,0.17654 , 0.17654 , 0
-0.751237,5.77,0.12954 , 0.12954 , 0
-0.751237,5.95,0.0950336 , 0.0950336 , 0
-0.751237,6.13,0.0728069 , 0.0728069 , 0
-0.751237,6.31,0.0612837 , 0.0612837 , 0
-0.751237,6.49,0.0582491 , 0.0582491 , 0
-0.751237,6.67,0.0614497 , 0.0614497 , 0
-0.751237,6.85,0.0687614 , 0.0687614 , 0
-0.751237,7.03,0.0783854 , 0.0783854 , 0
-0.751237,7.21,0.0888925 , 0.0888925 , 0
-0.751237,7.39,0.0992308 , 0.0992308 , 0
-0.751237,7.57,0.108664 , 0.108664 , 0
-0.751237,7.75,0.11672 , 0.11672 , 0
-0.751237,7.93,0.123144 , 0.123144 , 0
-0.751237,8.11,0.127769 , 0.127769 , 0
-0.751237,8.29,0.130679 , 0.130679 , 0
-0.751237,8.47,0.131979 , 0.131979 , 0
-0.751237,8.65,0.131817 , 0.131817 , 0
-0.751237,8.83,0.130369 , 0.130369 , 0
-0.751237,9.01,0.127729 , 0.127729 , 0
-0.751237,9.19,0.124105 , 0.124105 , 0
-0.751237,9.37,0.119761 , 0.119761 , 0
-0.751237,9.55,0.114862 , 0.114862 , 0
-0.751237,9.73,0.109557 , 0.109557 , 0
-0.751237,9.91,0.103978 , 0.103978 , 0
-0.743949,1.09,1.5443 , 1.5443 , 0
-0.743949,1.27,0.136868 , 0.136868 , 0
-0.743949,1.45,0.129952 , 0.129952 , 0
-0.743949,1.63,1.92423 , 1.92423 , 0
-0.743949,1.81,1.1858 , 1.1858 , 0
-0.743949,1.99,1.17533 , 1.17533 , 0
-0.743949,2.17,0.258359 , 0.258359 , 0
-0.743949,2.35,1.51114 , 1.51114 , 0
-0.743949,2.53,0.766085 , 0.766085 , 0
-0.743949,2.71,0.0288043 , 0.0288043 , 0
-0.743949,2.89,0.390646 , 0.390646 , 0
-0.743949,3.07,0.884895 , 0.884895 , 0
-0.743949,3.25,0.880496 , 0.880496 , 0
-0.743949,3.43,0.529754 , 0.529754 , 0
-0.743949,3.61,0.184021 , 0.184021 , 0
-0.743949,3.79,0.0251468 , 0.0251468 , 0
-0.743949,3.97,0.0482438 , 0.0482438 , 0
-0.743949,4.15,0.16624 , 0.16624 , 0
-0.743949,4.33,0.294239 , 0.294239 , 0
-0.743949,4.51,0.382371 , 0.382371 , 0
-0.743949,4.69,0.415152 , 0.415152 , 0
-0.743949,4.87,0.399706 , 0.399706 , 0
-0.743949,5.05,0.352063 , 0.352063 , 0
-0.743949,5.23,0.288971 , 0.288971 , 0
-0.743949,5.41,0.224363 , 0.224363 , 0
-0.743949,5.59,0.167065 , 0.167065 , 0
-0.743949,5.77,0.121498 , 0.121498 , 0
-0.743949,5.95,0.0891882 , 0.0891882 , 0
-0.743949,6.13,0.0693849 , 0.0693849 , 0
-0.743949,6.31,0.0601557 , 0.0601557 , 0
-0.743949,6.49,0.0590748 , 0.0590748 , 0
-0.743949,6.67,0.0637958 , 0.0637958 , 0
-0.743949,6.85,0.0721779 , 0.0721779 , 0
-0.743949,7.03,0.082454 , 0.082454 , 0
-0.743949,7.21,0.0932525 , 0.0932525 , 0
-0.743949,7.39,0.10359 , 0.10359 , 0
-0.743949,7.57,0.112797 , 0.112797 , 0
-0.743949,7.75,0.120468 , 0.120468 , 0
-0.743949,7.93,0.126398 , 0.126398 , 0
-0.743949,8.11,0.130471 , 0.130471 , 0
-0.743949,8.29,0.132804 , 0.132804 , 0
-0.743949,8.47,0.13353 , 0.13353 , 0
-0.743949,8.65,0.132817 , 0.132817 , 0
-0.743949,8.83,0.130856 , 0.130856 , 0
-0.743949,9.01,0.127751 , 0.127751 , 0
-0.743949,9.19,0.123718 , 0.123718 , 0
-0.743949,9.37,0.119017 , 0.119017 , 0
-0.743949,9.55,0.113813 , 0.113813 , 0
-0.743949,9.73,0.108253 , 0.108253 , 0
-0.743949,9.91,0.102465 , 0.102465 , 0
-0.736661,1.09,0.639967 , 0.639967 , 0
-0.736661,1.27,0.479941 , 0.479941 , 0
-0.736661,1.45,0.0901921 , 0.0901921 , 0
-0.736661,1.63,1.49565 , 1.49565 , 0
-0.736661,1.81,1.55005 , 1.55005 , 0
-0.736661,1.99,0.897026 , 0.897026 , 0
-0.736661,2.17,0.438275 , 0.438275 , 0
-0.736661,2.35,1.55695 , 1.55695 , 0
-0.736661,2.53,0.615022 , 0.615022 , 0
-0.736661,2.71,0.0294209 , 0.0294209 , 0
-0.736661,2.89,0.502099 , 0.502099 , 0
-0.736661,3.07,0.945146 , 0.945146 , 0
-0.736661,3.25,0.851647 , 0.851647 , 0
-0.736661,3.43,0.464872 , 0.464872 , 0
-0.736661,3.61,0.137813 , 0.137813 , 0
-0.736661,3.79,0.0180625 , 0.0180625 , 0
-0.736661,3.97,0.0730832 , 0.0730832 , 0
-0.736661,4.15,0.205596 , 0.205596 , 0
-0.736661,4.33,0.332679 , 0.332679 , 0
-0.736661,4.51,0.410911 , 0.410911 , 0
-0.736661,4.69,0.430952 , 0.430952 , 0
-0.736661,4.87,0.404045 , 0.404045 , 0
-0.736661,5.05,0.348122 , 0.348122 , 0
-0.736661,5.23,0.280304 , 0.280304 , 0
-0.736661,5.41,0.213995 , 0.213995 , 0
-0.736661,5.59,0.157181 , 0.157181 , 0
-0.736661,5.77,0.113444 , 0.113444 , 0
-0.736661,5.95,0.0835852 , 0.0835852 , 0
-0.736661,6.13,0.0663391 , 0.0663391 , 0
-0.736661,6.31,0.0594452 , 0.0594452 , 0
-0.736661,6.49,0.0602949 , 0.0602949 , 0
-0.736661,6.67,0.0664737 , 0.0664737 , 0
-0.736661,6.85,0.0758438 , 0.0758438 , 0
-0.736661,7.03,0.0866834 , 0.0866834 , 0
-0.736661,7.21,0.0976867 , 0.0976867 , 0
-0.736661,7.39,0.107944 , 0.107944 , 0
-0.736661,7.57,0.116859 , 0.116859 , 0
-0.736661,7.75,0.124089 , 0.124089 , 0
-0.736661,7.93,0.129486 , 0.129486 , 0
-0.736661,8.11,0.132976 , 0.132976 , 0
-0.736661,8.29,0.134713 , 0.134713 , 0
-0.736661,8.47,0.134854 , 0.134854 , 0
-0.736661,8.65,0.133587 , 0.133587 , 0
-0.736661,8.83,0.131114 , 0.131114 , 0
-0.736661,9.01,0.127555 , 0.127555 , 0
-0.736661,9.19,0.123128 , 0.123128 , 0
-0.736661,9.37,0.118087 , 0.118087 , 0
-0.736661,9.55,0.112597 , 0.112597 , 0
-0.736661,9.73,0.1068 , 0.1068 , 0
-0.736661,9.91,0.100822 , 0.100822 , 0
-0.729373,1.09,0.171399 , 0.171399 , 0
-0.729373,1.27,1.11823 , 1.11823 , 0
-0.729373,1.45,0.289391 , 0.289391 , 0
-0.729373,1.63,1.04404 , 1.04404 , 0
-0.729373,1.81,1.8806 , 1.8806 , 0
-0.729373,1.99,0.626213 , 0.626213 , 0
-0.729373,2.17,0.654107 , 0.654107 , 0
-0.729373,2.35,1.55637 , 1.55637 , 0
-0.729373,2.53,0.467166 , 0.467166 , 0
-0.729373,2.71,0.0584511 , 0.0584511 , 0
-0.729373,2.89,0.617726 , 0.617726 , 0
-0.729373,3.07,0.990187 , 0.990187 , 0
-0.729373,3.25,0.809622 , 0.809622 , 0
-0.729373,3.43,0.397949 , 0.397949 , 0
-0.729373,3.61,0.0978758 , 0.0978758 , 0
-0.729373,3.79,0.0194303 , 0.0194303 , 0
-0.729373,3.97,0.104305 , 0.104305 , 0
-0.729373,4.15,0.247827 , 0.247827 , 0
-0.729373,4.33,0.370936 , 0.370936 , 0
-0.729373,4.51,0.437383 , 0.437383 , 0
-0.729373,4.69,0.443952 , 0.443952 , 0
-0.729373,4.87,0.405674 , 0.405674 , 0
-0.729373,5.05,0.342009 , 0.342009 , 0
-0.729373,5.23,0.270152 , 0.270152 , 0
-0.729373,5.41,0.202795 , 0.202795 , 0
-0.729373,5.59,0.146989 , 0.146989 , 0
-0.729373,5.77,0.10545 , 0.10545 , 0
-0.729373,5.95,0.078263 , 0.078263 , 0
-0.729373,6.13,0.0636758 , 0.0636758 , 0
-0.729373,6.31,0.0591313 , 0.0591313 , 0
-0.729373,6.49,0.0618677 , 0.0618677 , 0
-0.729373,6.67,0.0694273 , 0.0694273 , 0
-0.729373,6.85,0.0796935 , 0.0796935 , 0
-0.729373,7.03,0.0910033 , 0.0910033 , 0
-0.729373,7.21,0.102124 , 0.102124 , 0
-0.729373,7.39,0.112226 , 0.112226 , 0
-0.729373,7.57,0.120787 , 0.120787 , 0
-0.729373,7.75,0.127529 , 0.127529 , 0
-0.729373,7.93,0.132357 , 0.132357 , 0
-0.729373,8.11,0.135242 , 0.135242 , 0
-0.729373,8.29,0.13637 , 0.13637 , 0
-0.729373,8.47,0.135923 , 0.135923 , 0
-0.729373,8.65,0.134104 , 0.134104 , 0
-0.729373,8.83,0.131128 , 0.131128 , 0
-0.729373,9.01,0.127128 , 0.127128 , 0
-0.729373,9.19,0.122322 , 0.122322 , 0
-0.729373,9.37,0.116958 , 0.116958 , 0
-0.729373,9.55,0.111198 , 0.111198 , 0
-0.729373,9.73,0.105183 , 0.105183 , 0
-0.729373,9.91,0.0990316 , 0.0990316 , 0
-0.722085,1.09,0.282238 , 0.282238 , 0
-0.722085,1.27,1.92651 , 1.92651 , 0
-0.722085,1.45,0.702903 , 0.702903 , 0
-0.722085,1.63,0.627385 , 0.627385 , 0
-0.722085,1.81,2.14322 , 2.14322 , 0
-0.722085,1.99,0.386914 , 0.386914 , 0
-0.722085,2.17,0.892522 , 0.892522 , 0
-0.722085,2.35,1.50974 , 1.50974 , 0
-0.722085,2.53,0.330592 , 0.330592 , 0
-0.722085,2.71,0.11495 , 0.11495 , 0
-0.722085,2.89,0.732832 , 0.732832 , 0
-0.722085,3.07,1.01802 , 1.01802 , 0
-0.722085,3.25,0.755379 , 0.755379 , 0
-0.722085,3.43,0.330802 , 0.330802 , 0
-0.722085,3.61,0.0655265 , 0.0655265 , 0
-0.722085,3.79,0.0298554 , 0.0298554 , 0
-0.722085,3.97,0.14213 , 0.14213 , 0
-0.722085,4.15,0.293125 , 0.293125 , 0
-0.722085,4.33,0.409361 , 0.409361 , 0
-0.722085,4.51,0.462321 , 0.462321 , 0
-0.722085,4.69,0.454803 , 0.454803 , 0
-0.722085,4.87,0.405264 , 0.405264 , 0
-0.722085,5.05,0.334332 , 0.334332 , 0
-0.722085,5.23,0.259007 , 0.259007 , 0
-0.722085,5.41,0.191109 , 0.191109 , 0
-0.722085,5.59,0.136688 , 0.136688 , 0
-0.722085,5.77,0.0975763 , 0.0975763 , 0
-0.722085,5.95,0.0731667 , 0.0731667 , 0
-0.722085,6.13,0.0612471 , 0.0612471 , 0
-0.722085,6.31,0.0589969 , 0.0589969 , 0
-0.722085,6.49,0.0635281 , 0.0635281 , 0
-0.722085,6.67,0.0723613 , 0.0723613 , 0
-0.722085,6.85,0.0834164 , 0.0834164 , 0
-0.722085,7.03,0.0950987 , 0.0950987 , 0
-0.722085,7.21,0.106255 , 0.106255 , 0
-0.722085,7.39,0.116136 , 0.116136 , 0
-0.722085,7.57,0.124296 , 0.124296 , 0
-0.722085,7.75,0.130519 , 0.130519 , 0
-0.722085,7.93,0.134762 , 0.134762 , 0
-0.722085,8.11,0.137038 , 0.137038 , 0
-0.722085,8.29,0.137564 , 0.137564 , 0
-0.722085,8.47,0.136542 , 0.136542 , 0
-0.722085,8.65,0.134193 , 0.134193 , 0
-0.722085,8.83,0.130739 , 0.130739 , 0
-0.722085,9.01,0.126325 , 0.126325 , 0
-0.722085,9.19,0.12117 , 0.12117 , 0
-0.722085,9.37,0.115513 , 0.115513 , 0
-0.722085,9.55,0.109513 , 0.109513 , 0
-0.722085,9.73,0.103308 , 0.103308 , 0
-0.722085,9.91,0.0970108 , 0.0970108 , 0
-0.714797,1.09,0.955348 , 0.955348 , 0
-0.714797,1.27,2.7421 , 2.7421 , 0
-0.714797,1.45,1.26678 , 1.26678 , 0
-0.714797,1.63,0.301488 , 0.301488 , 0
-0.714797,1.81,2.31066 , 2.31066 , 0
-0.714797,1.99,0.200936 , 0.200936 , 0
-0.714797,2.17,1.13342 , 1.13342 , 0
-0.714797,2.35,1.41793 , 1.41793 , 0
-0.714797,2.53,0.213502 , 0.213502 , 0
-0.714797,2.71,0.197064 , 0.197064 , 0
-0.714797,2.89,0.84279 , 0.84279 , 0
-0.714797,3.07,1.02817 , 1.02817 , 0
-0.714797,3.25,0.69194 , 0.69194 , 0
-0.714797,3.43,0.266633 , 0.266633 , 0
-0.714797,3.61,0.041934 , 0.041934 , 0
-0.714797,3.79,0.0480033 , 0.0480033 , 0
-0.714797,3.97,0.183297 , 0.183297 , 0
-0.714797,4.15,0.33719 , 0.33719 , 0
-0.714797,4.33,0.443404 , 0.443404 , 0
-0.714797,4.51,0.481467 , 0.481467 , 0
-0.714797,4.69,0.459852 , 0.459852 , 0
-0.714797,4.87,0.399904 , 0.399904 , 0
-0.714797,5.05,0.322934 , 0.322934 , 0
-0.714797,5.23,0.245416 , 0.245416 , 0
-0.714797,5.41,0.178102 , 0.178102 , 0
-0.714797,5.59,0.12596 , 0.12596 , 0
-0.714797,5.77,0.0899269 , 0.0899269 , 0
-0.714797,5.95,0.0687261 , 0.0687261 , 0
-0.714797,6.13,0.0597293 , 0.0597293 , 0
-0.714797,6.31,0.0598952 , 0.0598952 , 0
-0.714797,6.49,0.0662482 , 0.0662482 , 0
-0.714797,6.67,0.0763201 , 0.0763201 , 0
-0.714797,6.85,0.0880922 , 0.0880922 , 0
-0.714797,7.03,0.100056 , 0.100056 , 0
-0.714797,7.21,0.11115 , 0.11115 , 0
-0.714797,7.39,0.120716 , 0.120716 , 0
-0.714797,7.57,0.128385 , 0.128385 , 0
-0.714797,7.75,0.134008 , 0.134008 , 0
-0.714797,7.93,0.137597 , 0.137597 , 0
-0.714797,8.11,0.139204 , 0.139204 , 0
-0.714797,8.29,0.139077 , 0.139077 , 0
-0.714797,8.47,0.13744 , 0.13744 , 0
-0.714797,8.65,0.134526 , 0.134526 , 0
-0.714797,8.83,0.130565 , 0.130565 , 0
-0.714797,9.01,0.125715 , 0.125715 , 0
-0.714797,9.19,0.120191 , 0.120191 , 0
-0.714797,9.37,0.114226 , 0.114226 , 0
-0.714797,9.55,0.107974 , 0.107974 , 0
-0.714797,9.73,0.101568 , 0.101568 , 0
-0.714797,9.91,0.0951172 , 0.0951172 , 0
-0.707509,1.09,2.01616 , 2.01616 , 0
-0.707509,1.27,3.39994 , 3.39994 , 0
-0.707509,1.45,1.89617 , 1.89617 , 0
-0.707509,1.63,0.109825 , 0.109825 , 0
-0.707509,1.81,2.36577 , 2.36577 , 0
-0.707509,1.99,0.0853443 , 0.0853443 , 0
-0.707509,2.17,1.3619 , 1.3619 , 0
-0.707509,2.35,1.28762 , 1.28762 , 0
-0.707509,2.53,0.122427 , 0.122427 , 0
-0.707509,2.71,0.301313 , 0.301313 , 0
-0.707509,2.89,0.943273 , 0.943273 , 0
-0.707509,3.07,1.01993 , 1.01993 , 0
-0.707509,3.25,0.620645 , 0.620645 , 0
-0.707509,3.43,0.20669 , 0.20669 , 0
-0.707509,3.61,0.0276704 , 0.0276704 , 0
-0.707509,3.79,0.0742114 , 0.0742114 , 0
-0.707509,3.97,0.22848 , 0.22848 , 0
-0.707509,4.15,0.381311 , 0.381311 , 0
-0.707509,4.33,0.474921 , 0.474921 , 0
-0.707509,4.51,0.497025 , 0.497025 , 0
-0.707509,4.69,0.461381 , 0.461381 , 0
-0.707509,4.87,0.391719 , 0.391719 , 0
-0.707509,5.05,0.30963 , 0.30963 , 0
-0.707509,5.23,0.230798 , 0.230798 , 0
-0.707509,5.41,0.164777 , 0.164777 , 0
-0.707509,5.59,0.115411 , 0.115411 , 0
-0.707509,5.77,0.0827572 , 0.0827572 , 0
-0.707509,5.95,0.064905 , 0.064905 , 0
-0.707509,6.13,0.0588542 , 0.0588542 , 0
-0.707509,6.31,0.0613825 , 0.0613825 , 0
-0.707509,6.49,0.0694591 , 0.0694591 , 0
-0.707509,6.67,0.0806517 , 0.0806517 , 0
-0.707509,6.85,0.0930203 , 0.0930203 , 0
-0.707509,7.03,0.105154 , 0.105154 , 0
-0.707509,7.21,0.116087 , 0.116087 , 0
-0.707509,7.39,0.125255 , 0.125255 , 0
-0.707509,7.57,0.132369 , 0.132369 , 0
-0.707509,7.75,0.137345 , 0.137345 , 0
-0.707509,7.93,0.140246 , 0.140246 , 0
-0.707509,8.11,0.141165 , 0.141165 , 0
-0.707509,8.29,0.140375 , 0.140375 , 0
-0.707509,8.47,0.13812 , 0.13812 , 0
-0.707509,8.65,0.134646 , 0.134646 , 0
-0.707509,8.83,0.130189 , 0.130189 , 0
-0.707509,9.01,0.124915 , 0.124915 , 0
-0.707509,9.19,0.119038 , 0.119038 , 0
-0.707509,9.37,0.112781 , 0.112781 , 0
-0.707509,9.55,0.106293 , 0.106293 , 0
-0.707509,9.73,0.099703 , 0.099703 , 0
-0.707509,9.91,0.0931147 , 0.0931147 , 0
-0.700221,1.09,3.17956 , 3.17956 , 0
-0.700221,1.27,3.76443 , 3.76443 , 0
-0.700221,1.45,2.49335 , 2.49335 , 0
-0.700221,1.63,0.080038 , 0.080038 , 0
-0.700221,1.81,2.30222 , 2.30222 , 0
-0.700221,1.99,0.051693 , 0.051693 , 0
-0.700221,2.17,1.56178 , 1.56178 , 0
-0.700221,2.35,1.12675 , 1.12675 , 0
-0.700221,2.53,0.0628325 , 0.0628325 , 0
-0.700221,2.71,0.42328 , 0.42328 , 0
-0.700221,2.89,1.03015 , 1.03015 , 0
-0.700221,3.07,0.993489 , 0.993489 , 0
-0.700221,3.25,0.543856 , 0.543856 , 0
-0.700221,3.43,0.152922 , 0.152922 , 0
-0.700221,3.61,0.0233607 , 0.0233607 , 0
-0.700221,3.79,0.108062 , 0.108062 , 0
-0.700221,3.97,0.276829 , 0.276829 , 0
-0.700221,4.15,0.424675 , 0.424675 , 0
-0.700221,4.33,0.503359 , 0.503359 , 0
-0.700221,4.51,0.508735 , 0.508735 , 0
-0.700221,4.69,0.459363 , 0.459363 , 0
-0.700221,4.87,0.380829 , 0.380829 , 0
-0.700221,5.05,0.294605 , 0.294605 , 0
-0.700221,5.23,0.215347 , 0.215347 , 0
-0.700221,5.41,0.151304 , 0.151304 , 0
-0.700221,5.59,0.105176 , 0.105176 , 0
-0.700221,5.77,0.0761584 , 0.0761584 , 0
-0.700221,5.95,0.061756 , 0.061756 , 0
-0.700221,6.13,0.0586425 , 0.0586425 , 0
-0.700221,6.31,0.0634557 , 0.0634557 , 0
-0.700221,6.49,0.0731409 , 0.0731409 , 0
-0.700221,6.67,0.085326 , 0.085326 , 0
-0.700221,6.85,0.0981651 , 0.0981651 , 0
-0.700221,7.03,0.110354 , 0.110354 , 0
-0.700221,7.21,0.121029 , 0.121029 , 0
-0.700221,7.39,0.12972 , 0.12972 , 0
-0.700221,7.57,0.136218 , 0.136218 , 0
-0.700221,7.75,0.140504 , 0.140504 , 0
-0.700221,7.93,0.142689 , 0.142689 , 0
-0.700221,8.11,0.142902 , 0.142902 , 0
-0.700221,8.29,0.141443 , 0.141443 , 0
-0.700221,8.47,0.138573 , 0.138573 , 0
-0.700221,8.65,0.134546 , 0.134546 , 0
-0.700221,8.83,0.129603 , 0.129603 , 0
-0.700221,9.01,0.123921 , 0.123921 , 0
-0.700221,9.19,0.117708 , 0.117708 , 0
-0.700221,9.37,0.111177 , 0.111177 , 0
-0.700221,9.55,0.104472 , 0.104472 , 0
-0.700221,9.73,0.0977152 , 0.0977152 , 0
-0.700221,9.91,0.0910061 , 0.0910061 , 0
-0.692933,1.09,4.12687 , 4.12687 , 0
-0.692933,1.27,3.75872 , 3.75872 , 0
-0.692933,1.45,2.96439 , 2.96439 , 0
-0.692933,1.63,0.219551 , 0.219551 , 0
-0.692933,1.81,2.1258 , 2.1258 , 0
-0.692933,1.99,0.10483 , 0.10483 , 0
-0.692933,2.17,1.71887 , 1.71887 , 0
-0.692933,2.35,0.94519 , 0.94519 , 0
-0.692933,2.53,0.0385341 , 0.0385341 , 0
-0.692933,2.71,0.557645 , 0.557645 , 0
-0.692933,2.89,1.09978 , 1.09978 , 0
-0.692933,3.07,0.94969 , 0.94969 , 0
-0.692933,3.25,0.46414 , 0.46414 , 0
-0.692933,3.43,0.107152 , 0.107152 , 0
-0.692933,3.61,0.029439 , 0.029439 , 0
-0.692933,3.79,0.149043 , 0.149043 , 0
-0.692933,3.97,0.327524 , 0.327524 , 0
-0.692933,4.15,0.466581 , 0.466581 , 0
-0.692933,4.33,0.528306 , 0.528306 , 0
-0.692933,4.51,0.516471 , 0.516471 , 0
-0.692933,4.69,0.453875 , 0.453875 , 0
-0.692933,4.87,0.367421 , 0.367421 , 0
-0.692933,5.05,0.278079 , 0.278079 , 0
-0.692933,5.23,0.199266 , 0.199266 , 0
-0.692933,5.41,0.137841 , 0.137841 , 0
-0.692933,5.59,0.0953554 , 0.0953554 , 0
-0.692933,5.77,0.0701813 , 0.0701813 , 0
-0.692933,5.95,0.0592866 , 0.0592866 , 0
-0.692933,6.13,0.0590681 , 0.0590681 , 0
-0.692933,6.31,0.0660648 , 0.0660648 , 0
-0.692933,6.49,0.0772287 , 0.0772287 , 0
-0.692933,6.67,0.0902701 , 0.0902701 , 0
-0.692933,6.85,0.103451 , 0.103451 , 0
-0.692933,7.03,0.115583 , 0.115583 , 0
-0.692933,7.21,0.125906 , 0.125906 , 0
-0.692933,7.39,0.134047 , 0.134047 , 0
-0.692933,7.57,0.139876 , 0.139876 , 0
-0.692933,7.75,0.143434 , 0.143434 , 0
-0.692933,7.93,0.14488 , 0.14488 , 0
-0.692933,8.11,0.144377 , 0.144377 , 0
-0.692933,8.29,0.142249 , 0.142249 , 0
-0.692933,8.47,0.13877 , 0.13877 , 0
-0.692933,8.65,0.134203 , 0.134203 , 0
-0.692933,8.83,0.128792 , 0.128792 , 0
-0.692933,9.01,0.12272 , 0.12272 , 0
-0.692933,9.19,0.116191 , 0.116191 , 0
-0.692933,9.37,0.109405 , 0.109405 , 0
-0.692933,9.55,0.102503 , 0.102503 , 0
-0.692933,9.73,0.095599 , 0.095599 , 0
-0.692933,9.91,0.0887876 , 0.0887876 , 0
-0.685645,1.09,4.59599 , 4.59599 , 0
-0.685645,1.27,3.38077 , 3.38077 , 0
-0.685645,1.45,3.23508 , 3.23508 , 0
-0.685645,1.63,0.513905 , 0.513905 , 0
-0.685645,1.81,1.85378 , 1.85378 , 0
-0.685645,1.99,0.24286 , 0.24286 , 0
-0.685645,2.17,1.82218 , 1.82218 , 0
-0.685645,2.35,0.754131 , 0.754131 , 0
-0.685645,2.53,0.0513936 , 0.0513936 , 0
-0.685645,2.71,0.698381 , 0.698381 , 0
-0.685645,2.89,1.14908 , 1.14908 , 0
-0.685645,3.07,0.889904 , 0.889904 , 0
-0.685645,3.25,0.384162 , 0.384162 , 0
-0.685645,3.43,0.0711001 , 0.0711001 , 0
-0.685645,3.61,0.0463143 , 0.0463143 , 0
-0.685645,3.79,0.196791 , 0.196791 , 0
-0.685645,3.97,0.380031 , 0.380031 , 0
-0.685645,4.15,0.506674 , 0.506674 , 0
-0.685645,4.33,0.549677 , 0.549677 , 0
-0.685645,4.51,0.520363 , 0.520363 , 0
-0.685645,4.69,0.445167 , 0.445167 , 0
-0.685645,4.87,0.351768 , 0.351768 , 0
-0.685645,5.05,0.260283 , 0.260283 , 0
-0.685645,5.23,0.182708 , 0.182708 , 0
-0.685645,5.41,0.124454 , 0.124454 , 0
-0.685645,5.59,0.0859348 , 0.0859348 , 0
-0.685645,5.77,0.064742 , 0.064742 , 0
-0.685645,5.95,0.057361 , 0.057361 , 0
-0.685645,6.13,0.0599604 , 0.0599604 , 0
-0.685645,6.31,0.0690187 , 0.0690187 , 0
-0.685645,6.49,0.0815228 , 0.0815228 , 0
-0.685645,6.67,0.0952845 , 0.0952845 , 0
-0.685645,6.85,0.108686 , 0.108686 , 0
-0.685645,7.03,0.120658 , 0.120658 , 0
-0.685645,7.21,0.13055 , 0.13055 , 0
-0.685645,7.39,0.138082 , 0.138082 , 0
-0.685645,7.57,0.143202 , 0.143202 , 0
-0.685645,7.75,0.14601 , 0.14601 , 0
-0.685645,7.93,0.146709 , 0.146709 , 0
-0.685645,8.11,0.145494 , 0.145494 , 0
-0.685645,8.29,0.142708 , 0.142708 , 0
-0.685645,8.47,0.138638 , 0.138638 , 0
-0.685645,8.65,0.133553 , 0.133553 , 0
-0.685645,8.83,0.127698 , 0.127698 , 0
-0.685645,9.01,0.121262 , 0.121262 , 0
-0.685645,9.19,0.114444 , 0.114444 , 0
-0.685645,9.37,0.10743 , 0.10743 , 0
-0.685645,9.55,0.100355 , 0.100355 , 0
-0.685645,9.73,0.093328 , 0.093328 , 0
-0.685645,9.91,0.0864364 , 0.0864364 , 0
-0.678356,1.09,4.45001 , 4.45001 , 0
-0.678356,1.27,2.70631 , 2.70631 , 0
-0.678356,1.45,3.25836 , 3.25836 , 0
-0.678356,1.63,0.929597 , 0.929597 , 0
-0.678356,1.81,1.51464 , 1.51464 , 0
-0.678356,1.99,0.453283 , 0.453283 , 0
-0.678356,2.17,1.86181 , 1.86181 , 0
-0.678356,2.35,0.566288 , 0.566288 , 0
-0.678356,2.53,0.102006 , 0.102006 , 0
-0.678356,2.71,0.839053 , 0.839053 , 0
-0.678356,2.89,1.17614 , 1.17614 , 0
-0.678356,3.07,0.816969 , 0.816969 , 0
-0.678356,3.25,0.307185 , 0.307185 , 0
-0.678356,3.43,0.0457259 , 0.0457259 , 0
-0.678356,3.61,0.0723642 , 0.0723642 , 0
-0.678356,3.79,0.248054 , 0.248054 , 0
-0.678356,3.97,0.430567 , 0.430567 , 0
-0.678356,4.15,0.541427 , 0.541427 , 0
-0.678356,4.33,0.564609 , 0.564609 , 0
-0.678356,4.51,0.518347 , 0.518347 , 0
-0.678356,4.69,0.43194 , 0.43194 , 0
-0.678356,4.87,0.333224 , 0.333224 , 0
-0.678356,5.05,0.241094 , 0.241094 , 0
-0.678356,5.23,0.165947 , 0.165947 , 0
-0.678356,5.41,0.111703 , 0.111703 , 0
-0.678356,5.59,0.0776734 , 0.0776734 , 0
-0.678356,5.77,0.0607278 , 0.0607278 , 0
-0.678356,5.95,0.0569407 , 0.0569407 , 0
-0.678356,6.13,0.0623142 , 0.0623142 , 0
-0.678356,6.31,0.0733158 , 0.0733158 , 0
-0.678356,6.49,0.0870021 , 0.0870021 , 0
-0.678356,6.67,0.101314 , 0.101314 , 0
-0.678356,6.85,0.114769 , 0.114769 , 0
-0.678356,7.03,0.12643 , 0.12643 , 0
-0.678356,7.21,0.135755 , 0.135755 , 0
-0.678356,7.39,0.142564 , 0.142564 , 0
-0.678356,7.57,0.146881 , 0.146881 , 0
-0.678356,7.75,0.148863 , 0.148863 , 0
-0.678356,7.93,0.148755 , 0.148755 , 0
-0.678356,8.11,0.146781 , 0.146781 , 0
-0.678356,8.29,0.143302 , 0.143302 , 0
-0.678356,8.47,0.138616 , 0.138616 , 0
-0.678356,8.65,0.132994 , 0.132994 , 0
-0.678356,8.83,0.126682 , 0.126682 , 0
-0.678356,9.01,0.119874 , 0.119874 , 0
-0.678356,9.19,0.112761 , 0.112761 , 0
-0.678356,9.37,0.105516 , 0.105516 , 0
-0.678356,9.55,0.0982668 , 0.0982668 , 0
-0.678356,9.73,0.0911163 , 0.0911163 , 0
-0.678356,9.91,0.0841449 , 0.0841449 , 0
-0.671068,1.09,3.72704 , 3.72704 , 0
-0.671068,1.27,1.87476 , 1.87476 , 0
-0.671068,1.45,3.03077 , 3.03077 , 0
-0.671068,1.63,1.41658 , 1.41658 , 0
-0.671068,1.81,1.14343 , 1.14343 , 0
-0.671068,1.99,0.720791 , 0.720791 , 0
-0.671068,2.17,1.83613 , 1.83613 , 0
-0.671068,2.35,0.393399 , 0.393399 , 0
-0.671068,2.53,0.187991 , 0.187991 , 0
-0.671068,2.71,0.973414 , 0.973414 , 0
-0.671068,2.89,1.17976 , 1.17976 , 0
-0.671068,3.07,0.733172 , 0.733172 , 0
-0.671068,3.25,0.235497 , 0.235497 , 0
-0.671068,3.43,0.0320795 , 0.0320795 , 0
-0.671068,3.61,0.107865 , 0.107865 , 0
-0.671068,3.79,0.303122 , 0.303122 , 0
-0.671068,3.97,0.479875 , 0.479875 , 0
-0.671068,4.15,0.572072 , 0.572072 , 0
-0.671068,4.33,0.57463 , 0.57463 , 0
-0.671068,4.51,0.51199 , 0.51199 , 0
-0.671068,4.69,0.41559 , 0.41559 , 0
-0.671068,4.87,0.312888 , 0.312888 , 0
-0.671068,5.05,0.221255 , 0.221255 , 0
-0.671068,5.23,0.149372 , 0.149372 , 0
-0.671068,5.41,0.099664 , 0.099664 , 0
-0.671068,5.59,0.0703843 , 0.0703843 , 0
-0.671068,5.77,0.0577504 , 0.0577504 , 0
-0.671068,5.95,0.0574924 , 0.0574924 , 0
-0.671068,6.13,0.0655002 , 0.0655002 , 0
-0.671068,6.31,0.078271 , 0.078271 , 0
-0.671068,6.49,0.0929585 , 0.0929585 , 0
-0.671068,6.67,0.107651 , 0.107651 , 0
-0.671068,6.85,0.121012 , 0.121012 , 0
-0.671068,7.03,0.132237 , 0.132237 , 0
-0.671068,7.21,0.1409 , 0.1409 , 0
-0.671068,7.39,0.146913 , 0.146913 , 0
-0.671068,7.57,0.150376 , 0.150376 , 0
-0.671068,7.75,0.1515 , 0.1515 , 0
-0.671068,7.93,0.150567 , 0.150567 , 0
-0.671068,8.11,0.147829 , 0.147829 , 0
-0.671068,8.29,0.143661 , 0.143661 , 0
-0.671068,8.47,0.138368 , 0.138368 , 0
-0.671068,8.65,0.132224 , 0.132224 , 0
-0.671068,8.83,0.125474 , 0.125474 , 0
-0.671068,9.01,0.118314 , 0.118314 , 0
-0.671068,9.19,0.110925 , 0.110925 , 0
-0.671068,9.37,0.103469 , 0.103469 , 0
-0.671068,9.55,0.0960649 , 0.0960649 , 0
-0.671068,9.73,0.0888091 , 0.0888091 , 0
-0.671068,9.91,0.0817749 , 0.0817749 , 0
-0.66378,1.09,2.62547 , 2.62547 , 0
-0.66378,1.27,1.05954 , 1.05954 , 0
-0.66378,1.45,2.58708 , 2.58708 , 0
-0.66378,1.63,1.91516 , 1.91516 , 0
-0.66378,1.81,0.779091 , 0.779091 , 0
-0.66378,1.99,1.02381 , 1.02381 , 0
-0.66378,2.17,1.74661 , 1.74661 , 0
-0.66378,2.35,0.246694 , 0.246694 , 0
-0.66378,2.53,0.305412 , 0.305412 , 0
-0.66378,2.71,1.09527 , 1.09527 , 0
-0.66378,2.89,1.15966 , 1.15966 , 0
-0.66378,3.07,0.641607 , 0.641607 , 0
-0.66378,3.25,0.171653 , 0.171653 , 0
-0.66378,3.43,0.0308314 , 0.0308314 , 0
-0.66378,3.61,0.152089 , 0.152089 , 0
-0.66378,3.79,0.360787 , 0.360787 , 0
-0.66378,3.97,0.526913 , 0.526913 , 0
-0.66378,4.15,0.597985 , 0.597985 , 0
-0.66378,4.33,0.579527 , 0.579527 , 0
-0.66378,4.51,0.501377 , 0.501377 , 0
-0.66378,4.69,0.396363 , 0.396363 , 0
-0.66378,4.87,0.291057 , 0.291057 , 0
-0.66378,5.05,0.201047 , 0.201047 , 0
-0.66378,5.23,0.133212 , 0.133212 , 0
-0.66378,5.41,0.0884984 , 0.0884984 , 0
-0.66378,5.59,0.0641689 , 0.0641689 , 0
-0.66378,5.77,0.0558601 , 0.0558601 , 0
-0.66378,5.95,0.0590271 , 0.0590271 , 0
-0.66378,6.13,0.0695021 , 0.0695021 , 0
-0.66378,6.31,0.0838508 , 0.0838508 , 0
-0.66378,6.49,0.0993491 , 0.0993491 , 0
-0.66378,6.67,0.114249 , 0.114249 , 0
-0.66378,6.85,0.127368 , 0.127368 , 0
-0.66378,7.03,0.13804 , 0.13804 , 0
-0.66378,7.21,0.145947 , 0.145947 , 0
-0.66378,7.39,0.151097 , 0.151097 , 0
-0.66378,7.57,0.153661 , 0.153661 , 0
-0.66378,7.75,0.1539 , 0.1539 , 0
-0.66378,7.93,0.152131 , 0.152131 , 0
-0.66378,8.11,0.148627 , 0.148627 , 0
-0.66378,8.29,0.143777 , 0.143777 , 0
-0.66378,8.47,0.137891 , 0.137891 , 0
-0.66378,8.65,0.131243 , 0.131243 , 0
-0.66378,8.83,0.124074 , 0.124074 , 0
-0.66378,9.01,0.116582 , 0.116582 , 0
-0.66378,9.19,0.10894 , 0.10894 , 0
-0.66378,9.37,0.101293 , 0.101293 , 0
-0.66378,9.55,0.0937542 , 0.0937542 , 0
-0.66378,9.73,0.0864117 , 0.0864117 , 0
-0.66378,9.91,0.079332 , 0.079332 , 0
-0.656492,1.09,1.45287 , 1.45287 , 0
-0.656492,1.27,0.433636 , 0.433636 , 0
-0.656492,1.45,1.99711 , 1.99711 , 0
-0.656492,1.63,2.36323 , 2.36323 , 0
-0.656492,1.81,0.460487 , 0.460487 , 0
-0.656492,1.99,1.33749 , 1.33749 , 0
-0.656492,2.17,1.59932 , 1.59932 , 0
-0.656492,2.35,0.135874 , 0.135874 , 0
-0.656492,2.53,0.448585 , 0.448585 , 0
-0.656492,2.71,1.19892 , 1.19892 , 0
-0.656492,2.89,1.11653 , 1.11653 , 0
-0.656492,3.07,0.545691 , 0.545691 , 0
-0.656492,3.25,0.118009 , 0.118009 , 0
-0.656492,3.43,0.0423389 , 0.0423389 , 0
-0.656492,3.61,0.204123 , 0.204123 , 0
-0.656492,3.79,0.419824 , 0.419824 , 0
-0.656492,3.97,0.570722 , 0.570722 , 0
-0.656492,4.15,0.618662 , 0.618662 , 0
-0.656492,4.33,0.579198 , 0.579198 , 0
-0.656492,4.51,0.486665 , 0.486665 , 0
-0.656492,4.69,0.374538 , 0.374538 , 0
-0.656492,4.87,0.26803 , 0.26803 , 0
-0.656492,5.05,0.180729 , 0.180729 , 0
-0.656492,5.23,0.117657 , 0.117657 , 0
-0.656492,5.41,0.0783272 , 0.0783272 , 0
-0.656492,5.59,0.059084 , 0.059084 , 0
-0.656492,5.77,0.0550633 , 0.0550633 , 0
-0.656492,5.95,0.0615153 , 0.0615153 , 0
-0.656492,6.13,0.0742671 , 0.0742671 , 0
-0.656492,6.31,0.0899896 , 0.0899896 , 0
-0.656492,6.49,0.106103 , 0.106103 , 0
-0.656492,6.67,0.121038 , 0.121038 , 0
-0.656492,6.85,0.133773 , 0.133773 , 0
-0.656492,7.03,0.143777 , 0.143777 , 0
-0.656492,7.21,0.150845 , 0.150845 , 0
-0.656492,7.39,0.155073 , 0.155073 , 0
-0.656492,7.57,0.1567 , 0.1567 , 0
-0.656492,7.75,0.156034 , 0.156034 , 0
-0.656492,7.93,0.153422 , 0.153422 , 0
-0.656492,8.11,0.149157 , 0.149157 , 0
-0.656492,8.29,0.143637 , 0.143637 , 0
-0.656492,8.47,0.137175 , 0.137175 , 0
-0.656492,8.65,0.130045 , 0.130045 , 0
-0.656492,8.83,0.12248 , 0.12248 , 0
-0.656492,9.01,0.114679 , 0.114679 , 0
-0.656492,9.19,0.106806 , 0.106806 , 0
-0.656492,9.37,0.0989904 , 0.0989904 , 0
-0.656492,9.55,0.0913378 , 0.0913378 , 0
-0.656492,9.73,0.083928 , 0.083928 , 0
-0.656492,9.91,0.0768207 , 0.0768207 , 0
-0.649204,1.09,0.54057 , 0.54057 , 0
-0.649204,1.27,0.13473 , 0.13473 , 0
-0.649204,1.45,1.35503 , 1.35503 , 0
-0.649204,1.63,2.70553 , 2.70553 , 0
-0.649204,1.81,0.222746 , 0.222746 , 0
-0.649204,1.99,1.63718 , 1.63718 , 0
-0.649204,2.17,1.40477 , 1.40477 , 0
-0.649204,2.35,0.0681987 , 0.0681987 , 0
-0.649204,2.53,0.610494 , 0.610494 , 0
-0.649204,2.71,1.27968 , 1.27968 , 0
-0.649204,2.89,1.05206 , 1.05206 , 0
-0.649204,3.07,0.449055 , 0.449055 , 0
-0.649204,3.25,0.0768136 , 0.0768136 , 0
-0.649204,3.43,0.0670423 , 0.0670423 , 0
-0.649204,3.61,0.263464 , 0.263464 , 0
-0.649204,3.79,0.479624 , 0.479624 , 0
-0.649204,3.97,0.610993 , 0.610993 , 0
-0.649204,4.15,0.63414 , 0.63414 , 0
-0.649204,4.33,0.573902 , 0.573902 , 0
-0.649204,4.51,0.46818 , 0.46818 , 0
-0.649204,4.69,0.350396 , 0.350396 , 0
-0.649204,4.87,0.243972 , 0.243972 , 0
-0.649204,5.05,0.160327 , 0.160327 , 0
-0.649204,5.23,0.102607 , 0.102607 , 0
-0.649204,5.41,0.0689448 , 0.0689448 , 0
-0.649204,5.59,0.0548501 , 0.0548501 , 0
-0.649204,5.77,0.0550363 , 0.0550363 , 0
-0.649204,5.95,0.064614 , 0.064614 , 0
-0.649204,6.13,0.0794518 , 0.0794518 , 0
-0.649204,6.31,0.096357 , 0.096357 , 0
-0.649204,6.49,0.112914 , 0.112914 , 0
-0.649204,6.67,0.127739 , 0.127739 , 0
-0.649204,6.85,0.139975 , 0.139975 , 0
-0.649204,7.03,0.149229 , 0.149229 , 0
-0.649204,7.21,0.155402 , 0.155402 , 0
-0.649204,7.39,0.158678 , 0.158678 , 0
-0.649204,7.57,0.159356 , 0.159356 , 0
-0.649204,7.75,0.157787 , 0.157787 , 0
-0.649204,7.93,0.154346 , 0.154346 , 0
-0.649204,8.11,0.149343 , 0.149343 , 0
-0.649204,8.29,0.143181 , 0.143181 , 0
-0.649204,8.47,0.136174 , 0.136174 , 0
-0.649204,8.65,0.128592 , 0.128592 , 0
-0.649204,8.83,0.120663 , 0.120663 , 0
-0.649204,9.01,0.112584 , 0.112584 , 0
-0.649204,9.19,0.104506 , 0.104506 , 0
-0.649204,9.37,0.096547 , 0.096547 , 0
-0.649204,9.55,0.0888038 , 0.0888038 , 0
-0.649204,9.73,0.0813483 , 0.0813483 , 0
-0.649204,9.91,0.0742328 , 0.0742328 , 0
-0.641916,1.09,0.157412 , 0.157412 , 0
-0.641916,1.27,0.23383 , 0.23383 , 0
-0.641916,1.45,0.770183 , 0.770183 , 0
-0.641916,1.63,2.90806 , 2.90806 , 0
-0.641916,1.81,0.0921148 , 0.0921148 , 0
-0.641916,1.99,1.89961 , 1.89961 , 0
-0.641916,2.17,1.18036 , 1.18036 , 0
-0.641916,2.35,0.0502186 , 0.0502186 , 0
-0.641916,2.53,0.783936 , 0.783936 , 0
-0.641916,2.71,1.33514 , 1.33514 , 0
-0.641916,2.89,0.970313 , 0.970313 , 0
-0.641916,3.07,0.356089 , 0.356089 , 0
-0.641916,3.25,0.049145 , 0.049145 , 0
-0.641916,3.43,0.102862 , 0.102862 , 0
-0.641916,3.61,0.326489 , 0.326489 , 0
-0.641916,3.79,0.536516 , 0.536516 , 0
-0.641916,3.97,0.644848 , 0.644848 , 0
-0.641916,4.15,0.642632 , 0.642632 , 0
-0.641916,4.33,0.56288 , 0.56288 , 0
-0.641916,4.51,0.446003 , 0.446003 , 0
-0.641916,4.69,0.324632 , 0.324632 , 0
-0.641916,4.87,0.219978 , 0.219978 , 0
-0.641916,5.05,0.141167 , 0.141167 , 0
-0.641916,5.23,0.0894942 , 0.0894942 , 0
-0.641916,5.41,0.0618142 , 0.0618142 , 0
-0.641916,5.59,0.0529106 , 0.0529106 , 0
-0.641916,5.77,0.0571753 , 0.0571753 , 0
-0.641916,5.95,0.0696553 , 0.0696553 , 0
-0.641916,6.13,0.0863149 , 0.0863149 , 0
-0.641916,6.31,0.104134 , 0.104134 , 0
-0.641916,6.49,0.120881 , 0.120881 , 0
-0.641916,6.67,0.135373 , 0.135373 , 0
-0.641916,6.85,0.146919 , 0.146919 , 0
-0.641916,7.03,0.155264 , 0.155264 , 0
-0.641916,7.21,0.160423 , 0.160423 , 0
-0.641916,7.39,0.162655 , 0.162655 , 0
-0.641916,7.57,0.162316 , 0.162316 , 0
-0.641916,7.75,0.159795 , 0.159795 , 0
-0.641916,7.93,0.155489 , 0.155489 , 0
-0.641916,8.11,0.149726 , 0.149726 , 0
-0.641916,8.29,0.142908 , 0.142908 , 0
-0.641916,8.47,0.135349 , 0.135349 , 0
-0.641916,8.65,0.12731 , 0.12731 , 0
-0.641916,8.83,0.119015 , 0.119015 , 0
-0.641916,9.01,0.110642 , 0.110642 , 0
-0.641916,9.19,0.102339 , 0.102339 , 0
-0.641916,9.37,0.0942189 , 0.0942189 , 0
-0.641916,9.55,0.0863704 , 0.0863704 , 0
-0.641916,9.73,0.0788571 , 0.0788571 , 0
-0.641916,9.91,0.0717238 , 0.0717238 , 0
-0.634628,1.09,0.427528 , 0.427528 , 0
-0.634628,1.27,0.724201 , 0.724201 , 0
-0.634628,1.45,0.330903 , 0.330903 , 0
-0.634628,1.63,2.93497 , 2.93497 , 0
-0.634628,1.81,0.0841324 , 0.0841324 , 0
-0.634628,1.99,2.10021 , 2.10021 , 0
-0.634628,2.17,0.938041 , 0.938041 , 0
-0.634628,2.35,0.0830759 , 0.0830759 , 0
-0.634628,2.53,0.95947 , 0.95947 , 0
-0.634628,2.71,1.36115 , 1.36115 , 0
-0.634628,2.89,0.873046 , 0.873046 , 0
-0.634628,3.07,0.269483 , 0.269483 , 0
-0.634628,3.25,0.0363173 , 0.0363173 , 0
-0.634628,3.43,0.149884 , 0.149884 , 0
-0.634628,3.61,0.392966 , 0.392966 , 0
-0.634628,3.79,0.590549 , 0.590549 , 0
-0.634628,3.97,0.672752 , 0.672752 , 0
-0.634628,4.15,0.644849 , 0.644849 , 0
-0.634628,4.33,0.54687 , 0.54687 , 0
-0.634628,4.51,0.420699 , 0.420699 , 0
-0.634628,4.69,0.29752 , 0.29752 , 0
-0.634628,4.87,0.196015 , 0.196015 , 0
-0.634628,5.05,0.122942 , 0.122942 , 0
-0.634628,5.23,0.0777926 , 0.0777926 , 0
-0.634628,5.41,0.0562471 , 0.0562471 , 0
-0.634628,5.59,0.0524689 , 0.0524689 , 0
-0.634628,5.77,0.060618 , 0.060618 , 0
-0.634628,5.95,0.075746 , 0.075746 , 0
-0.634628,6.13,0.0939596 , 0.0939596 , 0
-0.634628,6.31,0.11244 , 0.11244 , 0
-0.634628,6.49,0.129156 , 0.129156 , 0
-0.634628,6.67,0.143131 , 0.143131 , 0
-0.634628,6.85,0.153843 , 0.153843 , 0
-0.634628,7.03,0.161172 , 0.161172 , 0
-0.634628,7.21,0.16524 , 0.16524 , 0
-0.634628,7.39,0.166381 , 0.166381 , 0
-0.634628,7.57,0.164999 , 0.164999 , 0
-0.634628,7.75,0.161515 , 0.161515 , 0
-0.634628,7.93,0.156347 , 0.156347 , 0
-0.634628,8.11,0.149836 , 0.149836 , 0
-0.634628,8.29,0.142381 , 0.142381 , 0
-0.634628,8.47,0.13429 , 0.13429 , 0
-0.634628,8.65,0.125819 , 0.125819 , 0
-0.634628,8.83,0.117182 , 0.117182 , 0
-0.634628,9.01,0.108541 , 0.108541 , 0
-0.634628,9.19,0.100036 , 0.100036 , 0
-0.634628,9.37,0.0917782 , 0.0917782 , 0
-0.634628,9.55,0.0838461 , 0.0838461 , 0
-0.634628,9.73,0.076295 , 0.076295 , 0
-0.634628,9.91,0.0691618 , 0.0691618 , 0
-0.62734,1.09,1.30625 , 1.30625 , 0
-0.62734,1.27,1.51996 , 1.51996 , 0
-0.62734,1.45,0.115248 , 0.115248 , 0
-0.62734,1.63,2.7809 , 2.7809 , 0
-0.62734,1.81,0.203602 , 0.203602 , 0
-0.62734,1.99,2.2214 , 2.2214 , 0
-0.62734,2.17,0.695755 , 0.695755 , 0
-0.62734,2.35,0.16599 , 0.16599 , 0
-0.62734,2.53,1.12798 , 1.12798 , 0
-0.62734,2.71,1.35629 , 1.35629 , 0
-0.62734,2.89,0.764263 , 0.764263 , 0
-0.62734,3.07,0.192684 , 0.192684 , 0
-0.62734,3.25,0.0390913 , 0.0390913 , 0
-0.62734,3.43,0.206972 , 0.206972 , 0
-0.62734,3.61,0.461236 , 0.461236 , 0
-0.62734,3.79,0.640427 , 0.640427 , 0
-0.62734,3.97,0.694047 , 0.694047 , 0
-0.62734,4.15,0.640695 , 0.640695 , 0
-0.62734,4.33,0.526128 , 0.526128 , 0
-0.62734,4.51,0.392683 , 0.392683 , 0
-0.62734,4.69,0.269493 , 0.269493 , 0
-0.62734,4.87,0.172455 , 0.172455 , 0
-0.62734,5.05,0.105929 , 0.105929 , 0
-0.62734,5.23,0.0676839 , 0.0676839 , 0
-0.62734,5.41,0.0523428 , 0.0523428 , 0
-0.62734,5.59,0.0535603 , 0.0535603 , 0
-0.62734,5.77,0.0653543 , 0.0653543 , 0
-0.62734,5.95,0.082847 , 0.082847 , 0
-0.62734,6.13,0.102331 , 0.102331 , 0
-0.62734,6.31,0.121214 , 0.121214 , 0
-0.62734,6.49,0.137677 , 0.137677 , 0
-0.62734,6.67,0.150956 , 0.150956 , 0
-0.62734,6.85,0.160696 , 0.160696 , 0
-0.62734,7.03,0.16691 , 0.16691 , 0
-0.62734,7.21,0.169821 , 0.169821 , 0
-0.62734,7.39,0.169829 , 0.169829 , 0
-0.62734,7.57,0.167383 , 0.167383 , 0
-0.62734,7.75,0.162933 , 0.162933 , 0
-0.62734,7.93,0.156911 , 0.156911 , 0
-0.62734,8.11,0.149667 , 0.149667 , 0
-0.62734,8.29,0.141596 , 0.141596 , 0
-0.62734,8.47,0.132998 , 0.132998 , 0
-0.62734,8.65,0.124121 , 0.124121 , 0
-0.62734,8.83,0.115169 , 0.115169 , 0
-0.62734,9.01,0.106286 , 0.106286 , 0
-0.62734,9.19,0.0976044 , 0.0976044 , 0
-0.62734,9.37,0.0892324 , 0.0892324 , 0
-0.62734,9.55,0.0812386 , 0.0812386 , 0
-0.62734,9.73,0.0736695 , 0.0736695 , 0
-0.62734,9.91,0.0665544 , 0.0665544 , 0
