-0.984455,1.09,2.62742 , 2.62742 , 0
-0.984455,1.27,1.92699 , 1.92699 , 0
-0.984455,1.45,1.51882 , 1.51882 , 0
-0.984455,1.63,1.21412 , 1.21412 , 0
-0.984455,1.81,0.978121 , 0.978121 , 0
-0.984455,1.99,0.866919 , 0.866919 , 0
-0.984455,2.17,0.67525 , 0.67525 , 0
-0.984455,2.35,0.644074 , 0.644074 , 0
-0.984455,2.53,0.584817 , 0.584817 , 0
-0.984455,2.71,0.507971 , 0.507971 , 0
-0.984455,2.89,0.454029 , 0.454029 , 0
-0.984455,3.07,0.416034 , 0.416034 , 0
-0.984455,3.25,0.383808 , 0.383808 , 0
-0.984455,3.43,0.343589 , 0.343589 , 0
-0.984455,3.61,0.291026 , 0.291026 , 0
-0.984455,3.79,0.235329 , 0.235329 , 0
-0.984455,3.97,0.190173 , 0.190173 , 0
-0.984455,4.15,0.162847 , 0.162847 , 0
-0.984455,4.33,0.152727 , 0.152727 , 0
-0.984455,4.51,0.154009 , 0.154009 , 0
-0.984455,4.69,0.159817 , 0.159817 , 0
-0.984455,4.87,0.164935 , 0.164935 , 0
-0.984455,5.05,0.166331 , 0.166331 , 0
-0.984455,5.23,0.163039 , 0.163039 , 0
-0.984455,5.41,0.155489 , 0.155489 , 0
-0.984455,5.59,0.144766 , 0.144766 , 0
-0.984455,5.77,0.132047 , 0.132047 , 0
-0.984455,5.95,0.118604 , 0.118604 , 0
-0.984455,6.13,0.105374 , 0.105374 , 0
-0.984455,6.31,0.0929832 , 0.0929832 , 0
-0.984455,6.49,0.0817388 , 0.0817388 , 0
-0.984455,6.67,0.0718914 , 0.0718914 , 0
-0.984455,6.85,0.063453 , 0.063453 , 0
-0.984455,7.03,0.056342 , 0.056342 , 0
-0.984455,7.21,0.050418 , 0.050418 , 0
-0.984455,7.39,0.0455261 , 0.0455261 , 0
-0.984455,7.57,0.0415085 , 0.0415085 , 0
-0.984455,7.75,0.0382139 , 0.0382139 , 0
-0.984455,7.93,0.0355066 , 0.0355066 , 0
-0.984455,8.11,0.0332149 , 0.0332149 , 0
-0.984455,8.29,0.0312957 , 0.0312957 , 0
-0.984455,8.47,0.0296722 , 0.0296722 , 0
-0.984455,8.65,0.0282784 , 0.0282784 , 0
-0.984455,8.83,0.0270617 , 0.0270617 , 0
-0.984455,9.01,0.0259889 , 0.0259889 , 0
-0.984455,9.19,0.0250246 , 0.0250246 , 0
-0.984455,9.37,0.0241372 , 0.0241372 , 0
-0.984455,9.55,0.0233085 , 0.0233085 , 0
-0.984455,9.73,0.0225252 , 0.0225252 , 0
-0.984455,9.91,0.0217779 , 0.0217779 , 0
-0.977166,1.09,2.61584 , 2.61584 , 0
-0.977166,1.27,1.91202 , 1.91202 , 0
-0.977166,1.45,1.5307 , 1.5307 , 0
-0.977166,1.63,1.22058 , 1.22058 , 0
-0.977166,1.81,0.973555 , 0.973555 , 0
-0.977166,1.99,0.854695 , 0.854695 , 0
-0.977166,2.17,0.674218 , 0.674218 , 0
-0.977166,2.35,0.6263 , 0.6263 , 0
-0.977166,2.53,0.559069 , 0.559069 , 0
-0.977166,2.71,0.494554 , 0.494554 , 0
-0.977166,2.89,0.448251 , 0.448251 , 0
-0.977166,3.07,0.417181 , 0.417181 , 0
-0.977166,3.25,0.39141 , 0.39141 , 0
-0.977166,3.43,0.355201 , 0.355201 , 0
-0.977166,3.61,0.30405 , 0.30405 , 0
-0.977166,3.79,0.247192 , 0.247192 , 0
-0.977166,3.97,0.198211 , 0.198211 , 0
-0.977166,4.15,0.165047 , 0.165047 , 0
-0.977166,4.33,0.148513 , 0.148513 , 0
-0.977166,4.51,0.144335 , 0.144335 , 0
-0.977166,4.69,0.146666 , 0.146666 , 0
-0.977166,4.87,0.150616 , 0.150616 , 0
-0.977166,5.05,0.152885 , 0.152885 , 0
-0.977166,5.23,0.151908 , 0.151908 , 0
-0.977166,5.41,0.14747 , 0.14747 , 0
-0.977166,5.59,0.14006 , 0.14006 , 0
-0.977166,5.77,0.130422 , 0.130422 , 0
-0.977166,5.95,0.119556 , 0.119556 , 0
-0.977166,6.13,0.108284 , 0.108284 , 0
-0.977166,6.31,0.0972234 , 0.0972234 , 0
-0.977166,6.49,0.0867309 , 0.0867309 , 0
-0.977166,6.67,0.07716 , 0.07716 , 0
-0.977166,6.85,0.0686307 , 0.0686307 , 0
-0.977166,7.03,0.0611655 , 0.0611655 , 0
-0.977166,7.21,0.0547172 , 0.0547172 , 0
-0.977166,7.39,0.0492043 , 0.0492043 , 0
-0.977166,7.57,0.0445271 , 0.0445271 , 0
-0.977166,7.75,0.0405775 , 0.0405775 , 0
-0.977166,7.93,0.0372498 , 0.0372498 , 0
-0.977166,8.11,0.034394 , 0.034394 , 0
-0.977166,8.29,0.0319731 , 0.0319731 , 0
-0.977166,8.47,0.029915 , 0.029915 , 0
-0.977166,8.65,0.028154 , 0.028154 , 0
-0.977166,8.83,0.026635 , 0.026635 , 0
-0.977166,9.01,0.0253207 , 0.0253207 , 0
-0.977166,9.19,0.0241704 , 0.0241704 , 0
-0.977166,9.37,0.0231452 , 0.0231452 , 0
-0.977166,9.55,0.0222206 , 0.0222206 , 0
-0.977166,9.73,0.0213769 , 0.0213769 , 0
-0.977166,9.91,0.0205986 , 0.0205986 , 0
-0.969878,1.09,2.55988 , 2.55988 , 0
-0.969878,1.27,1.92588 , 1.92588 , 0
-0.969878,1.45,1.53378 , 1.53378 , 0
-0.969878,1.63,1.22442 , 1.22442 , 0
-0.969878,1.81,0.975871 , 0.975871 , 0
-0.969878,1.99,0.833638 , 0.833638 , 0
-0.969878,2.17,0.674643 , 0.674643 , 0
-0.969878,2.35,0.617404 , 0.617404 , 0
-0.969878,2.53,0.548643 , 0.548643 , 0
-0.969878,2.71,0.491741 , 0.491741 , 0
-0.969878,2.89,0.450495 , 0.450495 , 0
-0.969878,3.07,0.423506 , 0.423506 , 0
-0.969878,3.25,0.399444 , 0.399444 , 0
-0.969878,3.43,0.363262 , 0.363262 , 0
-0.969878,3.61,0.312187 , 0.312187 , 0
-0.969878,3.79,0.255344 , 0.255344 , 0
-0.969878,3.97,0.205105 , 0.205105 , 0
-0.969878,4.15,0.16887 , 0.16887 , 0
-0.969878,4.33,0.148054 , 0.148054 , 0
-0.969878,4.51,0.139528 , 0.139528 , 0
-0.969878,4.69,0.138474 , 0.138474 , 0
-0.969878,4.87,0.140555 , 0.140555 , 0
-0.969878,5.05,0.142518 , 0.142518 , 0
-0.969878,5.23,0.142507 , 0.142507 , 0
-0.969878,5.41,0.139887 , 0.139887 , 0
-0.969878,5.59,0.134709 , 0.134709 , 0
-0.969878,5.77,0.127355 , 0.127355 , 0
-0.969878,5.95,0.118568 , 0.118568 , 0
-0.969878,6.13,0.109023 , 0.109023 , 0
-0.969878,6.31,0.0992794 , 0.0992794 , 0
-0.969878,6.49,0.0896914 , 0.0896914 , 0
-0.969878,6.67,0.0806568 , 0.0806568 , 0
-0.969878,6.85,0.0723572 , 0.0723572 , 0
-0.969878,7.03,0.0648817 , 0.0648817 , 0
-0.969878,7.21,0.0582486 , 0.0582486 , 0
-0.969878,7.39,0.0524319 , 0.0524319 , 0
-0.969878,7.57,0.0473778 , 0.0473778 , 0
-0.969878,7.75,0.0430157 , 0.0430157 , 0
-0.969878,7.93,0.0392676 , 0.0392676 , 0
-0.969878,8.11,0.0360076 , 0.0360076 , 0
-0.969878,8.29,0.0332068 , 0.0332068 , 0
-0.969878,8.47,0.0308015 , 0.0308015 , 0
-0.969878,8.65,0.028731 , 0.028731 , 0
-0.969878,8.83,0.0269418 , 0.0269418 , 0
-0.969878,9.01,0.0253963 , 0.0253963 , 0
-0.969878,9.19,0.0240524 , 0.0240524 , 0
-0.969878,9.37,0.0228689 , 0.0228689 , 0
-0.969878,9.55,0.0218176 , 0.0218176 , 0
-0.969878,9.73,0.0208754 , 0.0208754 , 0
-0.969878,9.91,0.0200231 , 0.0200231 , 0
-0.96259,1.09,2.4804 , 2.4804 , 0
-0.96259,1.27,1.94596 , 1.94596 , 0
-0.96259,1.45,1.52765 , 1.52765 , 0
-0.96259,1.63,1.22215 , 1.22215 , 0
-0.96259,1.81,0.981233 , 0.981233 , 0
-0.96259,1.99,0.813136 , 0.813136 , 0
-0.96259,2.17,0.675317 , 0.675317 , 0
-0.96259,2.35,0.608189 , 0.608189 , 0
-0.96259,2.53,0.540801 , 0.540801 , 0
-0.96259,2.71,0.49115 , 0.49115 , 0
-0.96259,2.89,0.455001 , 0.455001 , 0
-0.96259,3.07,0.430064 , 0.430064 , 0
-0.96259,3.25,0.404803 , 0.404803 , 0
-0.96259,3.43,0.36742 , 0.36742 , 0
-0.96259,3.61,0.317263 , 0.317263 , 0
-0.96259,3.79,0.262272 , 0.262272 , 0
-0.96259,3.97,0.212542 , 0.212542 , 0
-0.96259,4.15,0.174375 , 0.174375 , 0
-0.96259,4.33,0.149685 , 0.149685 , 0
-0.96259,4.51,0.136624 , 0.136624 , 0
-0.96259,4.69,0.131609 , 0.131609 , 0
-0.96259,4.87,0.131065 , 0.131065 , 0
-0.96259,5.05,0.131958 , 0.131958 , 0
-0.96259,5.23,0.132249 , 0.132249 , 0
-0.96259,5.41,0.130949 , 0.130949 , 0
-0.96259,5.59,0.127688 , 0.127688 , 0
-0.96259,5.77,0.122484 , 0.122484 , 0
-0.96259,5.95,0.115793 , 0.115793 , 0
-0.96259,6.13,0.108108 , 0.108108 , 0
-0.96259,6.31,0.0998936 , 0.0998936 , 0
-0.96259,6.49,0.0914698 , 0.0914698 , 0
-0.96259,6.67,0.0832487 , 0.0832487 , 0
-0.96259,6.85,0.0754522 , 0.0754522 , 0
-0.96259,7.03,0.0682219 , 0.0682219 , 0
-0.96259,7.21,0.0616321 , 0.0616321 , 0
-0.96259,7.39,0.0557074 , 0.0557074 , 0
-0.96259,7.57,0.0504387 , 0.0504387 , 0
-0.96259,7.75,0.045793 , 0.045793 , 0
-0.96259,7.93,0.0417227 , 0.0417227 , 0
-0.96259,8.11,0.0381298 , 0.0381298 , 0
-0.96259,8.29,0.0349964 , 0.0349964 , 0
-0.96259,8.47,0.0322707 , 0.0322707 , 0
-0.96259,8.65,0.0299004 , 0.0299004 , 0
-0.96259,8.83,0.027837 , 0.027837 , 0
-0.96259,9.01,0.0260448 , 0.0260448 , 0
-0.96259,9.19,0.0244835 , 0.0244835 , 0
-0.96259,9.37,0.0231117 , 0.0231117 , 0
-0.96259,9.55,0.0218999 , 0.0218999 , 0
-0.96259,9.73,0.0208229 , 0.0208229 , 0
-0.96259,9.91,0.0198592 , 0.0198592 , 0
-0.955302,1.09,2.41257 , 2.41257 , 0
-0.955302,1.27,1.95977 , 1.95977 , 0
-0.955302,1.45,1.5171 , 1.5171 , 0
-0.955302,1.63,1.21581 , 1.21581 , 0
-0.955302,1.81,0.986333 , 0.986333 , 0
-0.955302,1.99,0.796342 , 0.796342 , 0
-0.955302,2.17,0.675856 , 0.675856 , 0
-0.955302,2.35,0.599968 , 0.599968 , 0
-0.955302,2.53,0.535375 , 0.535375 , 0
-0.955302,2.71,0.493284 , 0.493284 , 0
-0.955302,2.89,0.461661 , 0.461661 , 0
-0.955302,3.07,0.435701 , 0.435701 , 0
-0.955302,3.25,0.406486 , 0.406486 , 0
-0.955302,3.43,0.367387 , 0.367387 , 0
-0.955302,3.61,0.319343 , 0.319343 , 0
-0.955302,3.79,0.267951 , 0.267951 , 0
-0.955302,3.97,0.220294 , 0.220294 , 0
-0.955302,4.15,0.181301 , 0.181301 , 0
-0.955302,4.33,0.153323 , 0.153323 , 0
-0.955302,4.51,0.135834 , 0.135834 , 0
-0.955302,4.69,0.126584 , 0.126584 , 0
-0.955302,4.87,0.122882 , 0.122882 , 0
-0.955302,5.05,0.122042 , 0.122042 , 0
-0.955302,5.23,0.121964 , 0.121964 , 0
-0.955302,5.41,0.121389 , 0.121389 , 0
-0.955302,5.59,0.119585 , 0.119585 , 0
-0.955302,5.77,0.116229 , 0.116229 , 0
-0.955302,5.95,0.111483 , 0.111483 , 0
-0.955302,6.13,0.105641 , 0.105641 , 0
-0.955302,6.31,0.0990424 , 0.0990424 , 0
-0.955302,6.49,0.0919468 , 0.0919468 , 0
-0.955302,6.67,0.084749 , 0.084749 , 0
-0.955302,6.85,0.0776874 , 0.0776874 , 0
-0.955302,7.03,0.070937 , 0.070937 , 0
-0.955302,7.21,0.0646147 , 0.0646147 , 0
-0.955302,7.39,0.0587865 , 0.0587865 , 0
-0.955302,7.57,0.053483 , 0.053483 , 0
-0.955302,7.75,0.0487062 , 0.0487062 , 0
-0.955302,7.93,0.0444386 , 0.0444386 , 0
-0.955302,8.11,0.0406117 , 0.0406117 , 0
-0.955302,8.29,0.0372208 , 0.0372208 , 0
-0.955302,8.47,0.0342284 , 0.0342284 , 0
-0.955302,8.65,0.031593 , 0.031593 , 0
-0.955302,8.83,0.0292741 , 0.0292741 , 0
-0.955302,9.01,0.0272402 , 0.0272402 , 0
-0.955302,9.19,0.0254552 , 0.0254552 , 0
-0.955302,9.37,0.0238807 , 0.0238807 , 0
-0.955302,9.55,0.0224876 , 0.0224876 , 0
-0.955302,9.73,0.0212503 , 0.0212503 , 0
-0.955302,9.91,0.0201466 , 0.0201466 , 0
-0.948014,1.09,2.36999 , 2.36999 , 0
-0.948014,1.27,1.95651 , 1.95651 , 0
-0.948014,1.45,1.50559 , 1.50559 , 0
-0.948014,1.63,1.20939 , 1.20939 , 0
-0.948014,1.81,0.987397 , 0.987397 , 0
-0.948014,1.99,0.784747 , 0.784747 , 0
-0.948014,2.17,0.67624 , 0.67624 , 0
-0.948014,2.35,0.59327 , 0.59327 , 0
-0.948014,2.53,0.53236 , 0.53236 , 0
-0.948014,2.71,0.498663 , 0.498663 , 0
-0.948014,2.89,0.469808 , 0.469808 , 0
-0.948014,3.07,0.439196 , 0.439196 , 0
-0.948014,3.25,0.404074 , 0.404074 , 0
-0.948014,3.43,0.363591 , 0.363591 , 0
-0.948014,3.61,0.319019 , 0.319019 , 0
-0.948014,3.79,0.27267 , 0.27267 , 0
-0.948014,3.97,0.228354 , 0.228354 , 0
-0.948014,4.15,0.189572 , 0.189572 , 0
-0.948014,4.33,0.159065 , 0.159065 , 0
-0.948014,4.51,0.13755 , 0.13755 , 0
-0.948014,4.69,0.124081 , 0.124081 , 0
-0.948014,4.87,0.116896 , 0.116896 , 0
-0.948014,5.05,0.113764 , 0.113764 , 0
-0.948014,5.23,0.112643 , 0.112643 , 0
-0.948014,5.41,0.112118 , 0.112118 , 0
-0.948014,5.59,0.111177 , 0.111177 , 0
-0.948014,5.77,0.109208 , 0.109208 , 0
-0.948014,5.95,0.106097 , 0.106097 , 0
-0.948014,6.13,0.101929 , 0.101929 , 0
-0.948014,6.31,0.0969035 , 0.0969035 , 0
-0.948014,6.49,0.091193 , 0.091193 , 0
-0.948014,6.67,0.0851456 , 0.0851456 , 0
-0.948014,6.85,0.0789907 , 0.0789907 , 0
-0.948014,7.03,0.072915 , 0.072915 , 0
-0.948014,7.21,0.0670594 , 0.0670594 , 0
-0.948014,7.39,0.0615206 , 0.0615206 , 0
-0.948014,7.57,0.0563606 , 0.0563606 , 0
-0.948014,7.75,0.0516118 , 0.0516118 , 0
-0.948014,7.93,0.0472835 , 0.0472835 , 0
-0.948014,8.11,0.0433374 , 0.0433374 , 0
-0.948014,8.29,0.0397818 , 0.0397818 , 0
-0.948014,8.47,0.036595 , 0.036595 , 0
-0.948014,8.65,0.0337482 , 0.0337482 , 0
-0.948014,8.83,0.0312112 , 0.0312112 , 0
-0.948014,9.01,0.0289582 , 0.0289582 , 0
-0.948014,9.19,0.0269596 , 0.0269596 , 0
-0.948014,9.37,0.0251823 , 0.0251823 , 0
-0.948014,9.55,0.0235998 , 0.0235998 , 0
-0.948014,9.73,0.022188 , 0.022188 , 0
-0.948014,9.91,0.0209253 , 0.0209253 , 0
-0.940726,1.09,2.33251 , 2.33251 , 0
-0.940726,1.27,1.9294 , 1.9294 , 0
-0.940726,1.45,1.49071 , 1.49071 , 0
-0.940726,1.63,1.20611 , 1.20611 , 0
-0.940726,1.81,0.981985 , 0.981985 , 0
-0.940726,1.99,0.778103 , 0.778103 , 0
-0.940726,2.17,0.676609 , 0.676609 , 0
-0.940726,2.35,0.588069 , 0.588069 , 0
-0.940726,2.53,0.5321 , 0.5321 , 0
-0.940726,2.71,0.507415 , 0.507415 , 0
-0.940726,2.89,0.478238 , 0.478238 , 0
-0.940726,3.07,0.439614 , 0.439614 , 0
-0.940726,3.25,0.397908 , 0.397908 , 0
-0.940726,3.43,0.35708 , 0.35708 , 0
-0.940726,3.61,0.317178 , 0.317178 , 0
-0.940726,3.79,0.276814 , 0.276814 , 0
-0.940726,3.97,0.236745 , 0.236745 , 0
-0.940726,4.15,0.19916 , 0.19916 , 0
-0.940726,4.33,0.167071 , 0.167071 , 0
-0.940726,4.51,0.142229 , 0.142229 , 0
-0.940726,4.69,0.124837 , 0.124837 , 0
-0.940726,4.87,0.114054 , 0.114054 , 0
-0.940726,5.05,0.10818 , 0.10818 , 0
-0.940726,5.23,0.105362 , 0.105362 , 0
-0.940726,5.41,0.104155 , 0.104155 , 0
-0.940726,5.59,0.103376 , 0.103376 , 0
-0.940726,5.77,0.102197 , 0.102197 , 0
-0.940726,5.95,0.100264 , 0.100264 , 0
-0.940726,6.13,0.0974585 , 0.0974585 , 0
-0.940726,6.31,0.0938279 , 0.0938279 , 0
-0.940726,6.49,0.0894426 , 0.0894426 , 0
-0.940726,6.67,0.0845757 , 0.0845757 , 0
-0.940726,6.85,0.0794219 , 0.0794219 , 0
-0.940726,7.03,0.0741573 , 0.0741573 , 0
-0.940726,7.21,0.0689227 , 0.0689227 , 0
-0.940726,7.39,0.0638347 , 0.0638347 , 0
-0.940726,7.57,0.0589775 , 0.0589775 , 0
-0.940726,7.75,0.054406 , 0.054406 , 0
-0.940726,7.93,0.0501522 , 0.0501522 , 0
-0.940726,8.11,0.0462048 , 0.0462048 , 0
-0.940726,8.29,0.0425852 , 0.0425852 , 0
-0.940726,8.47,0.0392873 , 0.0392873 , 0
-0.940726,8.65,0.036296 , 0.036296 , 0
-0.940726,8.83,0.0335922 , 0.0335922 , 0
-0.940726,9.01,0.0311575 , 0.0311575 , 0
-0.940726,9.19,0.0289701 , 0.0289701 , 0
-0.940726,9.37,0.0270042 , 0.0270042 , 0
-0.940726,9.55,0.0252376 , 0.0252376 , 0
-0.940726,9.73,0.023649 , 0.023649 , 0
-0.940726,9.91,0.022219 , 0.022219 , 0
-0.933438,1.09,2.30143 , 2.30143 , 0
-0.933438,1.27,1.90182 , 1.90182 , 0
-0.933438,1.45,1.47857 , 1.47857 , 0
-0.933438,1.63,1.21351 , 1.21351 , 0
-0.933438,1.81,0.974925 , 0.974925 , 0
-0.933438,1.99,0.776768 , 0.776768 , 0
-0.933438,2.17,0.67785 , 0.67785 , 0
-0.933438,2.35,0.584396 , 0.584396 , 0
-0.933438,2.53,0.535253 , 0.535253 , 0
-0.933438,2.71,0.518743 , 0.518743 , 0
-0.933438,2.89,0.484877 , 0.484877 , 0
-0.933438,3.07,0.435847 , 0.435847 , 0
-0.933438,3.25,0.388231 , 0.388231 , 0
-0.933438,3.43,0.348444 , 0.348444 , 0
-0.933438,3.61,0.313926 , 0.313926 , 0
-0.933438,3.79,0.279828 , 0.279828 , 0
-0.933438,3.97,0.244473 , 0.244473 , 0
-0.933438,4.15,0.208953 , 0.208953 , 0
-0.933438,4.33,0.176355 , 0.176355 , 0
-0.933438,4.51,0.149136 , 0.149136 , 0
-0.933438,4.69,0.128415 , 0.128415 , 0
-0.933438,4.87,0.114185 , 0.114185 , 0
-0.933438,5.05,0.105329 , 0.105329 , 0
-0.933438,5.23,0.100304 , 0.100304 , 0
-0.933438,5.41,0.0977599 , 0.0977599 , 0
-0.933438,5.59,0.0964578 , 0.0964578 , 0
-0.933438,5.77,0.0954423 , 0.0954423 , 0
-0.933438,5.95,0.0941625 , 0.0941625 , 0
-0.933438,6.13,0.0923225 , 0.0923225 , 0
-0.933438,6.31,0.0898171 , 0.0898171 , 0
-0.933438,6.49,0.0866021 , 0.0866021 , 0
-0.933438,6.67,0.0828578 , 0.0828578 , 0
-0.933438,6.85,0.0787228 , 0.0787228 , 0
-0.933438,7.03,0.0743415 , 0.0743415 , 0
-0.933438,7.21,0.0698363 , 0.0698363 , 0
-0.933438,7.39,0.0653286 , 0.0653286 , 0
-0.933438,7.57,0.0609133 , 0.0609133 , 0
-0.933438,7.75,0.0566588 , 0.0566588 , 0
-0.933438,7.93,0.0526133 , 0.0526133 , 0
-0.933438,8.11,0.0487872 , 0.0487872 , 0
-0.933438,8.29,0.0452144 , 0.0452144 , 0
-0.933438,8.47,0.0419029 , 0.0419029 , 0
-0.933438,8.65,0.0388512 , 0.0388512 , 0
-0.933438,8.83,0.0360517 , 0.0360517 , 0
-0.933438,9.01,0.0334942 , 0.0334942 , 0
-0.933438,9.19,0.0311655 , 0.0311655 , 0
-0.933438,9.37,0.029048 , 0.029048 , 0
-0.933438,9.55,0.027125 , 0.027125 , 0
-0.933438,9.73,0.0253795 , 0.0253795 , 0
-0.933438,9.91,0.0237952 , 0.0237952 , 0
-0.92615,1.09,2.26406 , 2.26406 , 0
-0.92615,1.27,1.88188 , 1.88188 , 0
-0.92615,1.45,1.46362 , 1.46362 , 0
-0.92615,1.63,1.22744 , 1.22744 , 0
-0.92615,1.81,0.970236 , 0.970236 , 0
-0.92615,1.99,0.77871 , 0.77871 , 0
-0.92615,2.17,0.680172 , 0.680172 , 0
-0.92615,2.35,0.582287 , 0.582287 , 0
-0.92615,2.53,0.542241 , 0.542241 , 0
-0.92615,2.71,0.53118 , 0.53118 , 0
-0.92615,2.89,0.488072 , 0.488072 , 0
-0.92615,3.07,0.427932 , 0.427932 , 0
-0.92615,3.25,0.376226 , 0.376226 , 0
-0.92615,3.43,0.338791 , 0.338791 , 0
-0.92615,3.61,0.309747 , 0.309747 , 0
-0.92615,3.79,0.281638 , 0.281638 , 0
-0.92615,3.97,0.251177 , 0.251177 , 0
-0.92615,4.15,0.218535 , 0.218535 , 0
-0.92615,4.33,0.186584 , 0.186584 , 0
-0.92615,4.51,0.158092 , 0.158092 , 0
-0.92615,4.69,0.134807 , 0.134807 , 0
-0.92615,4.87,0.117451 , 0.117451 , 0
-0.92615,5.05,0.10552 , 0.10552 , 0
-0.92615,5.23,0.0978873 , 0.0978873 , 0
-0.92615,5.41,0.0934225 , 0.0934225 , 0
-0.92615,5.59,0.0909427 , 0.0909427 , 0
-0.92615,5.77,0.089451 , 0.089451 , 0
-0.92615,5.95,0.0882599 , 0.0882599 , 0
-0.92615,6.13,0.0869235 , 0.0869235 , 0
-0.92615,6.31,0.0851946 , 0.0851946 , 0
-0.92615,6.49,0.0829093 , 0.0829093 , 0
-0.92615,6.67,0.080144 , 0.080144 , 0
-0.92615,6.85,0.0769647 , 0.0769647 , 0
-0.92615,7.03,0.0734666 , 0.0734666 , 0
-0.92615,7.21,0.0697368 , 0.0697368 , 0
-0.92615,7.39,0.0658874 , 0.0658874 , 0
-0.92615,7.57,0.0620123 , 0.0620123 , 0
-0.92615,7.75,0.0581841 , 0.0581841 , 0
-0.92615,7.93,0.0544599 , 0.0544599 , 0
-0.92615,8.11,0.0508647 , 0.0508647 , 0
-0.92615,8.29,0.0474429 , 0.0474429 , 0
-0.92615,8.47,0.0442149 , 0.0442149 , 0
-0.92615,8.65,0.0411907 , 0.0411907 , 0
-0.92615,8.83,0.0383738 , 0.0383738 , 0
-0.92615,9.01,0.0357627 , 0.0357627 , 0
-0.92615,9.19,0.0333526 , 0.0333526 , 0
-0.92615,9.37,0.0311343 , 0.0311343 , 0
-0.92615,9.55,0.029097 , 0.029097 , 0
-0.92615,9.73,0.0272289 , 0.0272289 , 0
-0.92615,9.91,0.0255178 , 0.0255178 , 0
-0.918862,1.09,2.23539 , 2.23539 , 0
-0.918862,1.27,1.8727 , 1.8727 , 0
-0.918862,1.45,1.44296 , 1.44296 , 0
-0.918862,1.63,1.23882 , 1.23882 , 0
-0.918862,1.81,0.971779 , 0.971779 , 0
-0.918862,1.99,0.781591 , 0.781591 , 0
-0.918862,2.17,0.683502 , 0.683502 , 0
-0.918862,2.35,0.582021 , 0.582021 , 0
-0.918862,2.53,0.552932 , 0.552932 , 0
-0.918862,2.71,0.542734 , 0.542734 , 0
-0.918862,2.89,0.486745 , 0.486745 , 0
-0.918862,3.07,0.41668 , 0.41668 , 0
-0.918862,3.25,0.363296 , 0.363296 , 0
-0.918862,3.43,0.329031 , 0.329031 , 0
-0.918862,3.61,0.304888 , 0.304888 , 0
-0.918862,3.79,0.282087 , 0.282087 , 0
-0.918862,3.97,0.256532 , 0.256532 , 0
-0.918862,4.15,0.227536 , 0.227536 , 0
-0.918862,4.33,0.1974 , 0.1974 , 0
-0.918862,4.51,0.16879 , 0.16879 , 0
-0.918862,4.69,0.143802 , 0.143802 , 0
-0.918862,4.87,0.12377 , 0.12377 , 0
-0.918862,5.05,0.108815 , 0.108815 , 0
-0.918862,5.23,0.0983122 , 0.0983122 , 0
-0.918862,5.41,0.0914566 , 0.0914566 , 0
-0.918862,5.59,0.0872242 , 0.0872242 , 0
-0.918862,5.77,0.0846578 , 0.0846578 , 0
-0.918862,5.95,0.0829937 , 0.0829937 , 0
-0.918862,6.13,0.0816722 , 0.0816722 , 0
-0.918862,6.31,0.0803204 , 0.0803204 , 0
-0.918862,6.49,0.0786576 , 0.0786576 , 0
-0.918862,6.67,0.0766537 , 0.0766537 , 0
-0.918862,6.85,0.0742913 , 0.0742913 , 0
-0.918862,7.03,0.0716039 , 0.0716039 , 0
-0.918862,7.21,0.0686292 , 0.0686292 , 0
-0.918862,7.39,0.0654584 , 0.0654584 , 0
-0.918862,7.57,0.0621736 , 0.0621736 , 0
-0.918862,7.75,0.0588419 , 0.0588419 , 0
-0.918862,7.93,0.0555218 , 0.0555218 , 0
-0.918862,8.11,0.0522453 , 0.0522453 , 0
-0.918862,8.29,0.0490646 , 0.0490646 , 0
-0.918862,8.47,0.0460086 , 0.0460086 , 0
-0.918862,8.65,0.0430971 , 0.0430971 , 0
-0.918862,8.83,0.0403426 , 0.0403426 , 0
-0.918862,9.01,0.0377521 , 0.0377521 , 0
-0.918862,9.19,0.0353284 , 0.0353284 , 0
-0.918862,9.37,0.0330698 , 0.0330698 , 0
-0.918862,9.55,0.0309718 , 0.0309718 , 0
-0.918862,9.73,0.0290277 , 0.0290277 , 0
-0.918862,9.91,0.02723 , 0.02723 , 0
-0.911574,1.09,2.24271 , 2.24271 , 0
-0.911574,1.27,1.86855 , 1.86855 , 0
-0.911574,1.45,1.41923 , 1.41923 , 0
-0.911574,1.63,1.23861 , 1.23861 , 0
-0.911574,1.81,0.980636 , 0.980636 , 0
-0.911574,1.99,0.783729 , 0.783729 , 0
-0.911574,2.17,0.687452 , 0.687452 , 0
-0.911574,2.35,0.58399 , 0.58399 , 0
-0.911574,2.53,0.566425 , 0.566425 , 0
-0.911574,2.71,0.551355 , 0.551355 , 0
-0.911574,2.89,0.480703 , 0.480703 , 0
-0.911574,3.07,0.40347 , 0.40347 , 0
-0.911574,3.25,0.350732 , 0.350732 , 0
-0.911574,3.43,0.319718 , 0.319718 , 0
-0.911574,3.61,0.299387 , 0.299387 , 0
-0.911574,3.79,0.281016 , 0.281016 , 0
-0.911574,3.97,0.260306 , 0.260306 , 0
-0.911574,4.15,0.235645 , 0.235645 , 0
-0.911574,4.33,0.208402 , 0.208402 , 0
-0.911574,4.51,0.180776 , 0.180776 , 0
-0.911574,4.69,0.154961 , 0.154961 , 0
-0.911574,4.87,0.132794 , 0.132794 , 0
-0.911574,5.05,0.115011 , 0.115011 , 0
-0.911574,5.23,0.101541 , 0.101541 , 0
-0.911574,5.41,0.0919837 , 0.0919837 , 0
-0.911574,5.59,0.0855538 , 0.0855538 , 0
-0.911574,5.77,0.0814042 , 0.0814042 , 0
-0.911574,5.95,0.0787541 , 0.0787541 , 0
-0.911574,6.13,0.0769691 , 0.0769691 , 0
-0.911574,6.31,0.0755752 , 0.0755752 , 0
-0.911574,6.49,0.0741841 , 0.0741841 , 0
-0.911574,6.67,0.0726655 , 0.0726655 , 0
-0.911574,6.85,0.0709155 , 0.0709155 , 0
-0.911574,7.03,0.0688984 , 0.0688984 , 0
-0.911574,7.21,0.0665934 , 0.0665934 , 0
-0.911574,7.39,0.0640615 , 0.0640615 , 0
-0.911574,7.57,0.0613639 , 0.0613639 , 0
-0.911574,7.75,0.058554 , 0.058554 , 0
-0.911574,7.93,0.0556839 , 0.0556839 , 0
-0.911574,8.11,0.0527853 , 0.0527853 , 0
-0.911574,8.29,0.0499138 , 0.0499138 , 0
-0.911574,8.47,0.0471034 , 0.0471034 , 0
-0.911574,8.65,0.04438 , 0.04438 , 0
-0.911574,8.83,0.041763 , 0.041763 , 0
-0.911574,9.01,0.0392663 , 0.0392663 , 0
-0.911574,9.19,0.0368991 , 0.0368991 , 0
-0.911574,9.37,0.0346657 , 0.0346657 , 0
-0.911574,9.55,0.0325673 , 0.0325673 , 0
-0.911574,9.73,0.0306024 , 0.0306024 , 0
-0.911574,9.91,0.0287678 , 0.0287678 , 0
-0.904286,1.09,2.2929 , 2.2929 , 0
-0.904286,1.27,1.85696 , 1.85696 , 0
-0.904286,1.45,1.39886 , 1.39886 , 0
-0.904286,1.63,1.22328 , 1.22328 , 0
-0.904286,1.81,0.993616 , 0.993616 , 0
-0.904286,1.99,0.784873 , 0.784873 , 0
-0.904286,2.17,0.69125 , 0.69125 , 0
-0.904286,2.35,0.588448 , 0.588448 , 0
-0.904286,2.53,0.581093 , 0.581093 , 0
-0.904286,2.71,0.555421 , 0.555421 , 0
-0.904286,2.89,0.470635 , 0.470635 , 0
-0.904286,3.07,0.389859 , 0.389859 , 0
-0.904286,3.25,0.339436 , 0.339436 , 0
-0.904286,3.43,0.311024 , 0.311024 , 0
-0.904286,3.61,0.293173 , 0.293173 , 0
-0.904286,3.79,0.278363 , 0.278363 , 0
-0.904286,3.97,0.262404 , 0.262404 , 0
-0.904286,4.15,0.24261 , 0.24261 , 0
-0.904286,4.33,0.219129 , 0.219129 , 0
-0.904286,4.51,0.193428 , 0.193428 , 0
-0.904286,4.69,0.167613 , 0.167613 , 0
-0.904286,4.87,0.143916 , 0.143916 , 0
-0.904286,5.05,0.12365 , 0.12365 , 0
-0.904286,5.23,0.107308 , 0.107308 , 0
-0.904286,5.41,0.0949335 , 0.0949335 , 0
-0.904286,5.59,0.0860343 , 0.0860343 , 0
-0.904286,5.77,0.0799269 , 0.0799269 , 0
-0.904286,5.95,0.075867 , 0.075867 , 0
-0.904286,6.13,0.0731872 , 0.0731872 , 0
-0.904286,6.31,0.0713424 , 0.0713424 , 0
-0.904286,6.49,0.0698542 , 0.0698542 , 0
-0.904286,6.67,0.0685062 , 0.0685062 , 0
-0.904286,6.85,0.0671121 , 0.0671121 , 0
-0.904286,7.03,0.0655669 , 0.0655669 , 0
-0.904286,7.21,0.0637863 , 0.0637863 , 0
-0.904286,7.39,0.0617956 , 0.0617956 , 0
-0.904286,7.57,0.0596285 , 0.0596285 , 0
-0.904286,7.75,0.0573179 , 0.0573179 , 0
-0.904286,7.93,0.0549027 , 0.0549027 , 0
-0.904286,8.11,0.052407 , 0.052407 , 0
-0.904286,8.29,0.0498855 , 0.0498855 , 0
-0.904286,8.47,0.0473726 , 0.0473726 , 0
-0.904286,8.65,0.0448967 , 0.0448967 , 0
-0.904286,8.83,0.0424808 , 0.0424808 , 0
-0.904286,9.01,0.040144 , 0.040144 , 0
-0.904286,9.19,0.0378996 , 0.0378996 , 0
-0.904286,9.37,0.0357561 , 0.0357561 , 0
-0.904286,9.55,0.0337194 , 0.0337194 , 0
-0.904286,9.73,0.0317925 , 0.0317925 , 0
-0.904286,9.91,0.0299759 , 0.0299759 , 0
-0.896998,1.09,2.35826 , 2.35826 , 0
-0.896998,1.27,1.82856 , 1.82856 , 0
-0.896998,1.45,1.38781 , 1.38781 , 0
-0.896998,1.63,1.19687 , 1.19687 , 0
-0.896998,1.81,1.00425 , 1.00425 , 0
-0.896998,1.99,0.786236 , 0.786236 , 0
-0.896998,2.17,0.693723 , 0.693723 , 0
-0.896998,2.35,0.595329 , 0.595329 , 0
-0.896998,2.53,0.594861 , 0.594861 , 0
-0.896998,2.71,0.554066 , 0.554066 , 0
-0.896998,2.89,0.457856 , 0.457856 , 0
-0.896998,3.07,0.377188 , 0.377188 , 0
-0.896998,3.25,0.329801 , 0.329801 , 0
-0.896998,3.43,0.302868 , 0.302868 , 0
-0.896998,3.61,0.286229 , 0.286229 , 0
-0.896998,3.79,0.274245 , 0.274245 , 0
-0.896998,3.97,0.262867 , 0.262867 , 0
-0.896998,4.15,0.24819 , 0.24819 , 0
-0.896998,4.33,0.229013 , 0.229013 , 0
-0.896998,4.51,0.20594 , 0.20594 , 0
-0.896998,4.69,0.18086 , 0.18086 , 0
-0.896998,4.87,0.156294 , 0.156294 , 0
-0.896998,5.05,0.134049 , 0.134049 , 0
-0.896998,5.23,0.115145 , 0.115145 , 0
-0.896998,5.41,0.100065 , 0.100065 , 0
-0.896998,5.59,0.0886319 , 0.0886319 , 0
-0.896998,5.77,0.080361 , 0.080361 , 0
-0.896998,5.95,0.0745914 , 0.0745914 , 0
-0.896998,6.13,0.0706648 , 0.0706648 , 0
-0.896998,6.31,0.0679998 , 0.0679998 , 0
-0.896998,6.49,0.0660527 , 0.0660527 , 0
-0.896998,6.67,0.064543 , 0.064543 , 0
-0.896998,6.85,0.0632139 , 0.0632139 , 0
-0.896998,7.03,0.0618965 , 0.0618965 , 0
-0.896998,7.21,0.060444 , 0.060444 , 0
-0.896998,7.39,0.0588442 , 0.0588442 , 0
-0.896998,7.57,0.0571001 , 0.0571001 , 0
-0.896998,7.75,0.0552182 , 0.0552182 , 0
-0.896998,7.93,0.0532196 , 0.0532196 , 0
-0.896998,8.11,0.0511142 , 0.0511142 , 0
-0.896998,8.29,0.0489511 , 0.0489511 , 0
-0.896998,8.47,0.0467606 , 0.0467606 , 0
-0.896998,8.65,0.0445694 , 0.0445694 , 0
-0.896998,8.83,0.0424008 , 0.0424008 , 0
-0.896998,9.01,0.040276 , 0.040276 , 0
-0.896998,9.19,0.0382105 , 0.0382105 , 0
-0.896998,9.37,0.0362148 , 0.0362148 , 0
-0.896998,9.55,0.0342978 , 0.0342978 , 0
-0.896998,9.73,0.0324656 , 0.0324656 , 0
-0.896998,9.91,0.0307218 , 0.0307218 , 0
-0.88971,1.09,2.3955 , 2.3955 , 0
-0.88971,1.27,1.78754 , 1.78754 , 0
-0.88971,1.45,1.3883 , 1.3883 , 0
-0.88971,1.63,1.1683 , 1.1683 , 0
-0.88971,1.81,1.00614 , 1.00614 , 0
-0.88971,1.99,0.789443 , 0.789443 , 0
-0.88971,2.17,0.6935 , 0.6935 , 0
-0.88971,2.35,0.604205 , 0.604205 , 0
-0.88971,2.53,0.605561 , 0.605561 , 0
-0.88971,2.71,0.547225 , 0.547225 , 0
-0.88971,2.89,0.443883 , 0.443883 , 0
-0.88971,3.07,0.366313 , 0.366313 , 0
-0.88971,3.25,0.3218 , 0.3218 , 0
-0.88971,3.43,0.295126 , 0.295126 , 0
-0.88971,3.61,0.278727 , 0.278727 , 0
-0.88971,3.79,0.268968 , 0.268968 , 0
-0.88971,3.97,0.261795 , 0.261795 , 0
-0.88971,4.15,0.252084 , 0.252084 , 0
-0.88971,4.33,0.237341 , 0.237341 , 0
-0.88971,4.51,0.21732 , 0.21732 , 0
-0.88971,4.69,0.193613 , 0.193613 , 0
-0.88971,4.87,0.1689 , 0.1689 , 0
-0.88971,5.05,0.145355 , 0.145355 , 0
-0.88971,5.23,0.124432 , 0.124432 , 0
-0.88971,5.41,0.107003 , 0.107003 , 0
-0.88971,5.59,0.0932004 , 0.0932004 , 0
-0.88971,5.77,0.0827531 , 0.0827531 , 0
-0.88971,5.95,0.0751227 , 0.0751227 , 0
-0.88971,6.13,0.0697019 , 0.0697019 , 0
-0.88971,6.31,0.0659123 , 0.0659123 , 0
-0.88971,6.49,0.063176 , 0.063176 , 0
-0.88971,6.67,0.0611764 , 0.0611764 , 0
-0.88971,6.85,0.059605 , 0.059605 , 0
-0.88971,7.03,0.0582408 , 0.0582408 , 0
-0.88971,7.21,0.0568806 , 0.0568806 , 0
-0.88971,7.39,0.0554775 , 0.0554775 , 0
-0.88971,7.57,0.0540024 , 0.0540024 , 0
-0.88971,7.75,0.0524336 , 0.0524336 , 0
-0.88971,7.93,0.0507697 , 0.0507697 , 0
-0.88971,8.11,0.0490028 , 0.0490028 , 0
-0.88971,8.29,0.047171 , 0.047171 , 0
-0.88971,8.47,0.0452962 , 0.0452962 , 0
-0.88971,8.65,0.0433995 , 0.0433995 , 0
-0.88971,8.83,0.0415008 , 0.0415008 , 0
-0.88971,9.01,0.0396206 , 0.0396206 , 0
-0.88971,9.19,0.0377734 , 0.0377734 , 0
-0.88971,9.37,0.0359698 , 0.0359698 , 0
-0.88971,9.55,0.0342199 , 0.0342199 , 0
-0.88971,9.73,0.0325313 , 0.0325313 , 0
-0.88971,9.91,0.0309096 , 0.0309096 , 0
-0.882422,1.09,2.37559 , 2.37559 , 0
-0.882422,1.27,1.75039 , 1.75039 , 0
-0.882422,1.45,1.39851 , 1.39851 , 0
-0.882422,1.63,1.14632 , 1.14632 , 0
-0.882422,1.81,0.996668 , 0.996668 , 0
-0.882422,1.99,0.794788 , 0.794788 , 0
-0.882422,2.17,0.689675 , 0.689675 , 0
-0.882422,2.35,0.614376 , 0.614376 , 0
-0.882422,2.53,0.611226 , 0.611226 , 0
-0.882422,2.71,0.535475 , 0.535475 , 0
-0.882422,2.89,0.430067 , 0.430067 , 0
-0.882422,3.07,0.357567 , 0.357567 , 0
-0.882422,3.25,0.315219 , 0.315219 , 0
-0.882422,3.43,0.287843 , 0.287843 , 0
-0.882422,3.61,0.271072 , 0.271072 , 0
-0.882422,3.79,0.262931 , 0.262931 , 0
-0.882422,3.97,0.259235 , 0.259235 , 0
-0.882422,4.15,0.253837 , 0.253837 , 0
-0.882422,4.33,0.243229 , 0.243229 , 0
-0.882422,4.51,0.22642 , 0.22642 , 0
-0.882422,4.69,0.204649 , 0.204649 , 0
-0.882422,4.87,0.180595 , 0.180595 , 0
-0.882422,5.05,0.156616 , 0.156616 , 0
-0.882422,5.23,0.134453 , 0.134453 , 0
-0.882422,5.41,0.115285 , 0.115285 , 0
-0.882422,5.59,0.0995127 , 0.0995127 , 0
-0.882422,5.77,0.0870801 , 0.0870801 , 0
-0.882422,5.95,0.0776025 , 0.0776025 , 0
-0.882422,6.13,0.0705642 , 0.0705642 , 0
-0.882422,6.31,0.0654314 , 0.0654314 , 0
-0.882422,6.49,0.0616287 , 0.0616287 , 0
-0.882422,6.67,0.0588361 , 0.0588361 , 0
-0.882422,6.85,0.0567177 , 0.0567177 , 0
-0.882422,7.03,0.0550181 , 0.0550181 , 0
-0.882422,7.21,0.0534886 , 0.0534886 , 0
-0.882422,7.39,0.0520536 , 0.0520536 , 0
-0.882422,7.57,0.0506548 , 0.0506548 , 0
-0.882422,7.75,0.049242 , 0.049242 , 0
-0.882422,7.93,0.0477896 , 0.0477896 , 0
-0.882422,8.11,0.0462694 , 0.0462694 , 0
-0.882422,8.29,0.0447041 , 0.0447041 , 0
-0.882422,8.47,0.0431034 , 0.0431034 , 0
-0.882422,8.65,0.0414791 , 0.0414791 , 0
-0.882422,8.83,0.0398444 , 0.0398444 , 0
-0.882422,9.01,0.0382153 , 0.0382153 , 0
-0.882422,9.19,0.0366032 , 0.0366032 , 0
-0.882422,9.37,0.0350165 , 0.0350165 , 0
-0.882422,9.55,0.0334642 , 0.0334642 , 0
-0.882422,9.73,0.0319541 , 0.0319541 , 0
-0.882422,9.91,0.0304918 , 0.0304918 , 0
-0.875134,1.09,2.29694 , 2.29694 , 0
-0.875134,1.27,1.7305 , 1.7305 , 0
-0.875134,1.45,1.41317 , 1.41317 , 0
-0.875134,1.63,1.13589 , 1.13589 , 0
-0.875134,1.81,0.977985 , 0.977985 , 0
-0.875134,1.99,0.800142 , 0.800142 , 0
-0.875134,2.17,0.682809 , 0.682809 , 0
-0.875134,2.35,0.62484 , 0.62484 , 0
-0.875134,2.53,0.61023 , 0.61023 , 0
-0.875134,2.71,0.519792 , 0.519792 , 0
-0.875134,2.89,0.417402 , 0.417402 , 0
-0.875134,3.07,0.35093 , 0.35093 , 0
-0.875134,3.25,0.309902 , 0.309902 , 0
-0.875134,3.43,0.281299 , 0.281299 , 0
-0.875134,3.61,0.263776 , 0.263776 , 0
-0.875134,3.79,0.256448 , 0.256448 , 0
-0.875134,3.97,0.255025 , 0.255025 , 0
-0.875134,4.15,0.252789 , 0.252789 , 0
-0.875134,4.33,0.245637 , 0.245637 , 0
-0.875134,4.51,0.232009 , 0.232009 , 0
-0.875134,4.69,0.212715 , 0.212715 , 0
-0.875134,4.87,0.190229 , 0.190229 , 0
-0.875134,5.05,0.166868 , 0.166868 , 0
-0.875134,5.23,0.144473 , 0.144473 , 0
-0.875134,5.41,0.124412 , 0.124412 , 0
-0.875134,5.59,0.107295 , 0.107295 , 0
-0.875134,5.77,0.0932706 , 0.0932706 , 0
-0.875134,5.95,0.0821293 , 0.0821293 , 0
-0.875134,6.13,0.0734855 , 0.0734855 , 0
-0.875134,6.31,0.0668928 , 0.0668928 , 0
-0.875134,6.49,0.0618191 , 0.0618191 , 0
-0.875134,6.67,0.0579752 , 0.0579752 , 0
-0.875134,6.85,0.055027 , 0.055027 , 0
-0.875134,7.03,0.0527063 , 0.0527063 , 0
-0.875134,7.21,0.0507345 , 0.0507345 , 0
-0.875134,7.39,0.0490167 , 0.0490167 , 0
-0.875134,7.57,0.0474714 , 0.0474714 , 0
-0.875134,7.75,0.0460224 , 0.0460224 , 0
-0.875134,7.93,0.0446201 , 0.0446201 , 0
-0.875134,8.11,0.043216 , 0.043216 , 0
-0.875134,8.29,0.0418138 , 0.0418138 , 0
-0.875134,8.47,0.0404081 , 0.0404081 , 0
-0.875134,8.65,0.0389986 , 0.0389986 , 0
-0.875134,8.83,0.0375885 , 0.0375885 , 0
-0.875134,9.01,0.0361863 , 0.0361863 , 0
-0.875134,9.19,0.0347979 , 0.0347979 , 0
-0.875134,9.37,0.0334272 , 0.0334272 , 0
-0.875134,9.55,0.0320805 , 0.0320805 , 0
-0.875134,9.73,0.0307633 , 0.0307633 , 0
-0.875134,9.91,0.0294804 , 0.0294804 , 0
-0.867846,1.09,2.18437 , 2.18437 , 0
-0.867846,1.27,1.72569 , 1.72569 , 0
-0.867846,1.45,1.42267 , 1.42267 , 0
-0.867846,1.63,1.13783 , 1.13783 , 0
-0.867846,1.81,0.954485 , 0.954485 , 0
-0.867846,1.99,0.802018 , 0.802018 , 0
-0.867846,2.17,0.675534 , 0.675534 , 0
-0.867846,2.35,0.633913 , 0.633913 , 0
-0.867846,2.53,0.601381 , 0.601381 , 0
-0.867846,2.71,0.501453 , 0.501453 , 0
-0.867846,2.89,0.4066 , 0.4066 , 0
-0.867846,3.07,0.346268 , 0.346268 , 0
-0.867846,3.25,0.305863 , 0.305863 , 0
-0.867846,3.43,0.275892 , 0.275892 , 0
-0.867846,3.61,0.257239 , 0.257239 , 0
-0.867846,3.79,0.249553 , 0.249553 , 0
-0.867846,3.97,0.248723 , 0.248723 , 0
-0.867846,4.15,0.248093 , 0.248093 , 0
-0.867846,4.33,0.24347 , 0.24347 , 0
-0.867846,4.51,0.232891 , 0.232891 , 0
-0.867846,4.69,0.216637 , 0.216637 , 0
-0.867846,4.87,0.196736 , 0.196736 , 0
-0.867846,5.05,0.175207 , 0.175207 , 0
-0.867846,5.23,0.153781 , 0.153781 , 0
-0.867846,5.41,0.133878 , 0.133878 , 0
-0.867846,5.59,0.116247 , 0.116247 , 0
-0.867846,5.77,0.101214 , 0.101214 , 0
-0.867846,5.95,0.0887617 , 0.0887617 , 0
-0.867846,6.13,0.0786689 , 0.0786689 , 0
-0.867846,6.31,0.0706167 , 0.0706167 , 0
-0.867846,6.49,0.0641585 , 0.0641585 , 0
-0.867846,6.67,0.0590706 , 0.0590706 , 0
-0.867846,6.85,0.0550517 , 0.0550517 , 0
-0.867846,7.03,0.0518456 , 0.0518456 , 0
-0.867846,7.21,0.049163 , 0.049163 , 0
-0.867846,7.39,0.0469024 , 0.0469024 , 0
-0.867846,7.57,0.0449677 , 0.0449677 , 0
-0.867846,7.75,0.043262 , 0.043262 , 0
-0.867846,7.93,0.0417147 , 0.0417147 , 0
-0.867846,8.11,0.0402591 , 0.0402591 , 0
-0.867846,8.29,0.0388777 , 0.0388777 , 0
-0.867846,8.47,0.0375489 , 0.0375489 , 0
-0.867846,8.65,0.0362578 , 0.0362578 , 0
-0.867846,8.83,0.0349958 , 0.0349958 , 0
-0.867846,9.01,0.0337606 , 0.0337606 , 0
-0.867846,9.19,0.0325505 , 0.0325505 , 0
-0.867846,9.37,0.0313639 , 0.0313639 , 0
-0.867846,9.55,0.0302019 , 0.0302019 , 0
-0.867846,9.73,0.0290663 , 0.0290663 , 0
-0.867846,9.91,0.0279588 , 0.0279588 , 0
-0.860558,1.09,2.08346 , 2.08346 , 0
-0.860558,1.27,1.72503 , 1.72503 , 0
-0.860558,1.45,1.41426 , 1.41426 , 0
-0.860558,1.63,1.14961 , 1.14961 , 0
-0.860558,1.81,0.929396 , 0.929396 , 0
-0.860558,1.99,0.798735 , 0.798735 , 0
-0.860558,2.17,0.671354 , 0.671354 , 0
-0.860558,2.35,0.63848 , 0.63848 , 0
-0.860558,2.53,0.584206 , 0.584206 , 0
-0.860558,2.71,0.482193 , 0.482193 , 0
-0.860558,2.89,0.398284 , 0.398284 , 0
-0.860558,3.07,0.343474 , 0.343474 , 0
-0.860558,3.25,0.303194 , 0.303194 , 0
-0.860558,3.43,0.271886 , 0.271886 , 0
-0.860558,3.61,0.251532 , 0.251532 , 0
-0.860558,3.79,0.241938 , 0.241938 , 0
-0.860558,3.97,0.239676 , 0.239676 , 0
-0.860558,4.15,0.238877 , 0.238877 , 0
-0.860558,4.33,0.235748 , 0.235748 , 0
-0.860558,4.51,0.228055 , 0.228055 , 0
-0.860558,4.69,0.215425 , 0.215425 , 0
-0.860558,4.87,0.199189 , 0.199189 , 0
-0.860558,5.05,0.18081 , 0.18081 , 0
-0.860558,5.23,0.16169 , 0.16169 , 0
-0.860558,5.41,0.143157 , 0.143157 , 0
-0.860558,5.59,0.126017 , 0.126017 , 0
-0.860558,5.77,0.110739 , 0.110739 , 0
-0.860558,5.95,0.0975035 , 0.0975035 , 0
-0.860558,6.13,0.0862765 , 0.0862765 , 0
-0.860558,6.31,0.0769031 , 0.0769031 , 0
-0.860558,6.49,0.069063 , 0.069063 , 0
-0.860558,6.67,0.062629 , 0.062629 , 0
-0.860558,6.85,0.0573644 , 0.0573644 , 0
-0.860558,7.03,0.0530516 , 0.0530516 , 0
-0.860558,7.21,0.0494128 , 0.0494128 , 0
-0.860558,7.39,0.0463551 , 0.0463551 , 0
-0.860558,7.57,0.0437793 , 0.0437793 , 0
-0.860558,7.75,0.0415766 , 0.0415766 , 0
-0.860558,7.93,0.0396606 , 0.0396606 , 0
-0.860558,8.11,0.0379508 , 0.0379508 , 0
-0.860558,8.29,0.0364093 , 0.0364093 , 0
-0.860558,8.47,0.0349977 , 0.0349977 , 0
-0.860558,8.65,0.0336866 , 0.0336866 , 0
-0.860558,8.83,0.0324542 , 0.0324542 , 0
-0.860558,9.01,0.0312853 , 0.0312853 , 0
-0.860558,9.19,0.0301689 , 0.0301689 , 0
-0.860558,9.37,0.0290969 , 0.0290969 , 0
-0.860558,9.55,0.0280636 , 0.0280636 , 0
-0.860558,9.73,0.0270652 , 0.0270652 , 0
-0.860558,9.91,0.0260994 , 0.0260994 , 0
-0.85327,1.09,2.02158 , 2.02158 , 0
-0.85327,1.27,1.72003 , 1.72003 , 0
-0.85327,1.45,1.38423 , 1.38423 , 0
-0.85327,1.63,1.16291 , 1.16291 , 0
-0.85327,1.81,0.90525 , 0.90525 , 0
-0.85327,1.99,0.792594 , 0.792594 , 0
-0.85327,2.17,0.670907 , 0.670907 , 0
-0.85327,2.35,0.633718 , 0.633718 , 0
-0.85327,2.53,0.559855 , 0.559855 , 0
-0.85327,2.71,0.464603 , 0.464603 , 0
-0.85327,2.89,0.393135 , 0.393135 , 0
-0.85327,3.07,0.342397 , 0.342397 , 0
-0.85327,3.25,0.301846 , 0.301846 , 0
-0.85327,3.43,0.26928 , 0.26928 , 0
-0.85327,3.61,0.246474 , 0.246474 , 0
-0.85327,3.79,0.233216 , 0.233216 , 0
-0.85327,3.97,0.227373 , 0.227373 , 0
-0.85327,4.15,0.224556 , 0.224556 , 0
-0.85327,4.33,0.221808 , 0.221808 , 0
-0.85327,4.51,0.216746 , 0.216746 , 0
-0.85327,4.69,0.208234 , 0.208234 , 0
-0.85327,4.87,0.196688 , 0.196688 , 0
-0.85327,5.05,0.182776 , 0.182776 , 0
-0.85327,5.23,0.167368 , 0.167368 , 0
-0.85327,5.41,0.151546 , 0.151546 , 0
-0.85327,5.59,0.136078 , 0.136078 , 0
-0.85327,5.77,0.121523 , 0.121523 , 0
-0.85327,5.95,0.108241 , 0.108241 , 0
-0.85327,6.13,0.0963994 , 0.0963994 , 0
-0.85327,6.31,0.0860296 , 0.0860296 , 0
-0.85327,6.49,0.0769738 , 0.0769738 , 0
-0.85327,6.67,0.069226 , 0.069226 , 0
-0.85327,6.85,0.0626447 , 0.0626447 , 0
-0.85327,7.03,0.0570787 , 0.0570787 , 0
-0.85327,7.21,0.0522866 , 0.0522866 , 0
-0.85327,7.39,0.0482023 , 0.0482023 , 0
-0.85327,7.57,0.0447387 , 0.0447387 , 0
-0.85327,7.75,0.0417868 , 0.0417868 , 0
-0.85327,7.93,0.0392537 , 0.0392537 , 0
-0.85327,8.11,0.037052 , 0.037052 , 0
-0.85327,8.29,0.0351271 , 0.0351271 , 0
-0.85327,8.47,0.0334268 , 0.0334268 , 0
-0.85327,8.65,0.0319082 , 0.0319082 , 0
-0.85327,8.83,0.0305367 , 0.0305367 , 0
-0.85327,9.01,0.0292834 , 0.0292834 , 0
-0.85327,9.19,0.0281276 , 0.0281276 , 0
-0.85327,9.37,0.0270536 , 0.0270536 , 0
-0.85327,9.55,0.026048 , 0.026048 , 0
-0.85327,9.73,0.0251003 , 0.0251003 , 0
-0.85327,9.91,0.0242023 , 0.0242023 , 0
-0.845982,1.09,1.96621 , 1.96621 , 0
-0.845982,1.27,1.70048 , 1.70048 , 0
-0.845982,1.45,1.35405 , 1.35405 , 0
-0.845982,1.63,1.16043 , 1.16043 , 0
-0.845982,1.81,0.890607 , 0.890607 , 0
-0.845982,1.99,0.787777 , 0.787777 , 0
-0.845982,2.17,0.66873 , 0.66873 , 0
-0.845982,2.35,0.615531 , 0.615531 , 0
-0.845982,2.53,0.532804 , 0.532804 , 0
-0.845982,2.71,0.452241 , 0.452241 , 0
-0.845982,2.89,0.391533 , 0.391533 , 0
-0.845982,3.07,0.342531 , 0.342531 , 0
-0.845982,3.25,0.301628 , 0.301628 , 0
-0.845982,3.43,0.26824 , 0.26824 , 0
-0.845982,3.61,0.242431 , 0.242431 , 0
-0.845982,3.79,0.223829 , 0.223829 , 0
-0.845982,3.97,0.212163 , 0.212163 , 0
-0.845982,4.15,0.205204 , 0.205204 , 0
-0.845982,4.33,0.201281 , 0.201281 , 0
-0.845982,4.51,0.198085 , 0.198085 , 0
-0.845982,4.69,0.193741 , 0.193741 , 0
-0.845982,4.87,0.187606 , 0.187606 , 0
-0.845982,5.05,0.179363 , 0.179363 , 0
-0.845982,5.23,0.169138 , 0.169138 , 0
-0.845982,5.41,0.157582 , 0.157582 , 0
-0.845982,5.59,0.145281 , 0.145281 , 0
-0.845982,5.77,0.132778 , 0.132778 , 0
-0.845982,5.95,0.120567 , 0.120567 , 0
-0.845982,6.13,0.108995 , 0.108995 , 0
-0.845982,6.31,0.0982841 , 0.0982841 , 0
-0.845982,6.49,0.0884678 , 0.0884678 , 0
-0.845982,6.67,0.0796768 , 0.0796768 , 0
-0.845982,6.85,0.0718946 , 0.0718946 , 0
-0.845982,7.03,0.065066 , 0.065066 , 0
-0.845982,7.21,0.0590228 , 0.0590228 , 0
-0.845982,7.39,0.0537437 , 0.0537437 , 0
-0.845982,7.57,0.049172 , 0.049172 , 0
-0.845982,7.75,0.045217 , 0.045217 , 0
-0.845982,7.93,0.0417939 , 0.0417939 , 0
-0.845982,8.11,0.0388154 , 0.0388154 , 0
-0.845982,8.29,0.0362244 , 0.0362244 , 0
-0.845982,8.47,0.0339613 , 0.0339613 , 0
-0.845982,8.65,0.0319744 , 0.0319744 , 0
-0.845982,8.83,0.0302193 , 0.0302193 , 0
-0.845982,9.01,0.028656 , 0.028656 , 0
-0.845982,9.19,0.0272539 , 0.0272539 , 0
-0.845982,9.37,0.0259896 , 0.0259896 , 0
-0.845982,9.55,0.0248414 , 0.0248414 , 0
-0.845982,9.73,0.0237916 , 0.0237916 , 0
-0.845982,9.91,0.0228253 , 0.0228253 , 0
-0.838694,1.09,1.94975 , 1.94975 , 0
-0.838694,1.27,1.65789 , 1.65789 , 0
-0.838694,1.45,1.33934 , 1.33934 , 0
-0.838694,1.63,1.12238 , 1.12238 , 0
-0.838694,1.81,0.900934 , 0.900934 , 0
-0.838694,1.99,0.784323 , 0.784323 , 0
-0.838694,2.17,0.659229 , 0.659229 , 0
-0.838694,2.35,0.584778 , 0.584778 , 0
-0.838694,2.53,0.508888 , 0.508888 , 0
-0.838694,2.71,0.445595 , 0.445595 , 0
-0.838694,2.89,0.390538 , 0.390538 , 0
-0.838694,3.07,0.342201 , 0.342201 , 0
-0.838694,3.25,0.30418 , 0.30418 , 0
-0.838694,3.43,0.273625 , 0.273625 , 0
-0.838694,3.61,0.246172 , 0.246172 , 0
-0.838694,3.79,0.220532 , 0.220532 , 0
-0.838694,3.97,0.198901 , 0.198901 , 0
-0.838694,4.15,0.182521 , 0.182521 , 0
-0.838694,4.33,0.1723 , 0.1723 , 0
-0.838694,4.51,0.167012 , 0.167012 , 0
-0.838694,4.69,0.164573 , 0.164573 , 0
-0.838694,4.87,0.16335 , 0.16335 , 0
-0.838694,5.05,0.161801 , 0.161801 , 0
-0.838694,5.23,0.158918 , 0.158918 , 0
-0.838694,5.41,0.154466 , 0.154466 , 0
-0.838694,5.59,0.14846 , 0.14846 , 0
-0.838694,5.77,0.141112 , 0.141112 , 0
-0.838694,5.95,0.132824 , 0.132824 , 0
-0.838694,6.13,0.123995 , 0.123995 , 0
-0.838694,6.31,0.114977 , 0.114977 , 0
-0.838694,6.49,0.105989 , 0.105989 , 0
-0.838694,6.67,0.0973192 , 0.0973192 , 0
-0.838694,6.85,0.0891185 , 0.0891185 , 0
-0.838694,7.03,0.0814806 , 0.0814806 , 0
-0.838694,7.21,0.0743762 , 0.0743762 , 0
-0.838694,7.39,0.0678749 , 0.0678749 , 0
-0.838694,7.57,0.0619957 , 0.0619957 , 0
-0.838694,7.75,0.0567096 , 0.0567096 , 0
-0.838694,7.93,0.0519774 , 0.0519774 , 0
-0.838694,8.11,0.0477376 , 0.0477376 , 0
-0.838694,8.29,0.0439605 , 0.0439605 , 0
-0.838694,8.47,0.0405999 , 0.0405999 , 0
-0.838694,8.65,0.0376103 , 0.0376103 , 0
-0.838694,8.83,0.0349492 , 0.0349492 , 0
-0.838694,9.01,0.0325761 , 0.0325761 , 0
-0.838694,9.19,0.0304552 , 0.0304552 , 0
-0.838694,9.37,0.0285566 , 0.0285566 , 0
-0.838694,9.55,0.0268525 , 0.0268525 , 0
-0.838694,9.73,0.0253185 , 0.0253185 , 0
-0.838694,9.91,0.0239334 , 0.0239334 , 0
-0.831406,1.09,1.9913 , 1.9913 , 0
-0.831406,1.27,1.64429 , 1.64429 , 0
-0.831406,1.45,1.33169 , 1.33169 , 0
-0.831406,1.63,1.1105 , 1.1105 , 0
-0.831406,1.81,0.907137 , 0.907137 , 0
-0.831406,1.99,0.78481 , 0.78481 , 0
-0.831406,2.17,0.663835 , 0.663835 , 0
-0.831406,2.35,0.579832 , 0.579832 , 0
-0.831406,2.53,0.504133 , 0.504133 , 0
-0.831406,2.71,0.443069 , 0.443069 , 0
-0.831406,2.89,0.388936 , 0.388936 , 0
-0.831406,3.07,0.342801 , 0.342801 , 0
-0.831406,3.25,0.308722 , 0.308722 , 0
-0.831406,3.43,0.281932 , 0.281932 , 0
-0.831406,3.61,0.255984 , 0.255984 , 0
-0.831406,3.79,0.228726 , 0.228726 , 0
-0.831406,3.97,0.202873 , 0.202873 , 0
-0.831406,4.15,0.181017 , 0.181017 , 0
-0.831406,4.33,0.165482 , 0.165482 , 0
-0.831406,4.51,0.156101 , 0.156101 , 0
-0.831406,4.69,0.151315 , 0.151315 , 0
-0.831406,4.87,0.149549 , 0.149549 , 0
-0.831406,5.05,0.148985 , 0.148985 , 0
-0.831406,5.23,0.148197 , 0.148197 , 0
-0.831406,5.41,0.146497 , 0.146497 , 0
-0.831406,5.59,0.143504 , 0.143504 , 0
-0.831406,5.77,0.139123 , 0.139123 , 0
-0.831406,5.95,0.133544 , 0.133544 , 0
-0.831406,6.13,0.127047 , 0.127047 , 0
-0.831406,6.31,0.119929 , 0.119929 , 0
-0.831406,6.49,0.112409 , 0.112409 , 0
-0.831406,6.67,0.104799 , 0.104799 , 0
-0.831406,6.85,0.0972953 , 0.0972953 , 0
-0.831406,7.03,0.0900432 , 0.0900432 , 0
-0.831406,7.21,0.0830776 , 0.0830776 , 0
-0.831406,7.39,0.0765132 , 0.0765132 , 0
-0.831406,7.57,0.0704125 , 0.0704125 , 0
-0.831406,7.75,0.064788 , 0.064788 , 0
-0.831406,7.93,0.0596354 , 0.0596354 , 0
-0.831406,8.11,0.0549171 , 0.0549171 , 0
-0.831406,8.29,0.0506314 , 0.0506314 , 0
-0.831406,8.47,0.0467511 , 0.0467511 , 0
-0.831406,8.65,0.0432445 , 0.0432445 , 0
-0.831406,8.83,0.0400794 , 0.0400794 , 0
-0.831406,9.01,0.0372234 , 0.0372234 , 0
-0.831406,9.19,0.0346455 , 0.0346455 , 0
-0.831406,9.37,0.032318 , 0.032318 , 0
-0.831406,9.55,0.030215 , 0.030215 , 0
-0.831406,9.73,0.0283126 , 0.0283126 , 0
-0.831406,9.91,0.0265893 , 0.0265893 , 0
-0.824117,1.09,2.00993 , 2.00993 , 0
-0.824117,1.27,1.62387 , 1.62387 , 0
-0.824117,1.45,1.31983 , 1.31983 , 0
-0.824117,1.63,1.10853 , 1.10853 , 0
-0.824117,1.81,0.907816 , 0.907816 , 0
-0.824117,1.99,0.783491 , 0.783491 , 0
-0.824117,2.17,0.664429 , 0.664429 , 0
-0.824117,2.35,0.580784 , 0.580784 , 0
-0.824117,2.53,0.505155 , 0.505155 , 0
-0.824117,2.71,0.443893 , 0.443893 , 0
-0.824117,2.89,0.389813 , 0.389813 , 0
-0.824117,3.07,0.344087 , 0.344087 , 0
-0.824117,3.25,0.310118 , 0.310118 , 0
-0.824117,3.43,0.283022 , 0.283022 , 0
-0.824117,3.61,0.256727 , 0.256727 , 0
-0.824117,3.79,0.229355 , 0.229355 , 0
-0.824117,3.97,0.203614 , 0.203614 , 0
-0.824117,4.15,0.181939 , 0.181939 , 0
-0.824117,4.33,0.166516 , 0.166516 , 0
-0.824117,4.51,0.157117 , 0.157117 , 0
-0.824117,4.69,0.152196 , 0.152196 , 0
-0.824117,4.87,0.150243 , 0.150243 , 0
-0.824117,5.05,0.149497 , 0.149497 , 0
-0.824117,5.23,0.148569 , 0.148569 , 0
-0.824117,5.41,0.146791 , 0.146791 , 0
-0.824117,5.59,0.143786 , 0.143786 , 0
-0.824117,5.77,0.139436 , 0.139436 , 0
-0.824117,5.95,0.133929 , 0.133929 , 0
-0.824117,6.13,0.127527 , 0.127527 , 0
-0.824117,6.31,0.120515 , 0.120515 , 0
-0.824117,6.49,0.113096 , 0.113096 , 0
-0.824117,6.67,0.105578 , 0.105578 , 0
-0.824117,6.85,0.098151 , 0.098151 , 0
-0.824117,7.03,0.0909587 , 0.0909587 , 0
-0.824117,7.21,0.0840397 , 0.0840397 , 0
-0.824117,7.39,0.0775057 , 0.0775057 , 0
-0.824117,7.57,0.0714188 , 0.0714188 , 0
-0.824117,7.75,0.0657936 , 0.0657936 , 0
-0.824117,7.93,0.0606279 , 0.0606279 , 0
-0.824117,8.11,0.0558835 , 0.0558835 , 0
-0.824117,8.29,0.0515639 , 0.0515639 , 0
-0.824117,8.47,0.0476439 , 0.0476439 , 0
-0.824117,8.65,0.0440939 , 0.0440939 , 0
-0.824117,8.83,0.040883 , 0.040883 , 0
-0.824117,9.01,0.0379786 , 0.0379786 , 0
-0.824117,9.19,0.0353515 , 0.0353515 , 0
-0.824117,9.37,0.032976 , 0.032976 , 0
-0.824117,9.55,0.0308266 , 0.0308266 , 0
-0.824117,9.73,0.0288798 , 0.0288798 , 0
-0.824117,9.91,0.0271143 , 0.0271143 , 0
-0.816829,1.09,2.02419 , 2.02419 , 0
-0.816829,1.27,1.60229 , 1.60229 , 0
-0.816829,1.45,1.30791 , 1.30791 , 0
-0.816829,1.63,1.10617 , 1.10617 , 0
-0.816829,1.81,0.909007 , 0.909007 , 0
-0.816829,1.99,0.782338 , 0.782338 , 0
-0.816829,2.17,0.665109 , 0.665109 , 0
-0.816829,2.35,0.58202 , 0.58202 , 0
-0.816829,2.53,0.506208 , 0.506208 , 0
-0.816829,2.71,0.444679 , 0.444679 , 0
-0.816829,2.89,0.390816 , 0.390816 , 0
-0.816829,3.07,0.345547 , 0.345547 , 0
-0.816829,3.25,0.311637 , 0.311637 , 0
-0.816829,3.43,0.284223 , 0.284223 , 0
-0.816829,3.61,0.257625 , 0.257625 , 0
-0.816829,3.79,0.230173 , 0.230173 , 0
-0.816829,3.97,0.204527 , 0.204527 , 0
-0.816829,4.15,0.182964 , 0.182964 , 0
-0.816829,4.33,0.167561 , 0.167561 , 0
-0.816829,4.51,0.158052 , 0.158052 , 0
-0.816829,4.69,0.152929 , 0.152929 , 0
-0.816829,4.87,0.150754 , 0.150754 , 0
-0.816829,5.05,0.149818 , 0.149818 , 0
-0.816829,5.23,0.148763 , 0.148763 , 0
-0.816829,5.41,0.146935 , 0.146935 , 0
-0.816829,5.59,0.143953 , 0.143953 , 0
-0.816829,5.77,0.139674 , 0.139674 , 0
-0.816829,5.95,0.134274 , 0.134274 , 0
-0.816829,6.13,0.128 , 0.128 , 0
-0.816829,6.31,0.12112 , 0.12112 , 0
-0.816829,6.49,0.113824 , 0.113824 , 0
-0.816829,6.67,0.106416 , 0.106416 , 0
-0.816829,6.85,0.0990784 , 0.0990784 , 0
-0.816829,7.03,0.0919546 , 0.0919546 , 0
-0.816829,7.21,0.0850876 , 0.0850876 , 0
-0.816829,7.39,0.0785869 , 0.0785869 , 0
-0.816829,7.57,0.0725145 , 0.0725145 , 0
-0.816829,7.75,0.0668877 , 0.0668877 , 0
-0.816829,7.93,0.0617071 , 0.0617071 , 0
-0.816829,8.11,0.0569337 , 0.0569337 , 0
-0.816829,8.29,0.0525766 , 0.0525766 , 0
-0.816829,8.47,0.0486132 , 0.0486132 , 0
-0.816829,8.65,0.0450157 , 0.0450157 , 0
-0.816829,8.83,0.0417548 , 0.0417548 , 0
-0.816829,9.01,0.0387976 , 0.0387976 , 0
-0.816829,9.19,0.036117 , 0.036117 , 0
-0.816829,9.37,0.0336892 , 0.0336892 , 0
-0.816829,9.55,0.0314895 , 0.0314895 , 0
-0.816829,9.73,0.0294945 , 0.0294945 , 0
-0.816829,9.91,0.0276833 , 0.0276833 , 0
-0.809541,1.09,2.03116 , 2.03116 , 0
-0.809541,1.27,1.58184 , 1.58184 , 0
-0.809541,1.45,1.29612 , 1.29612 , 0
-0.809541,1.63,1.10362 , 1.10362 , 0
-0.809541,1.81,0.910616 , 0.910616 , 0
-0.809541,1.99,0.781428 , 0.781428 , 0
-0.809541,2.17,0.666218 , 0.666218 , 0
-0.809541,2.35,0.583553 , 0.583553 , 0
-0.809541,2.53,0.507083 , 0.507083 , 0
-0.809541,2.71,0.445342 , 0.445342 , 0
-0.809541,2.89,0.391952 , 0.391952 , 0
-0.809541,3.07,0.347214 , 0.347214 , 0
-0.809541,3.25,0.313349 , 0.313349 , 0
-0.809541,3.43,0.285656 , 0.285656 , 0
-0.809541,3.61,0.258824 , 0.258824 , 0
-0.809541,3.79,0.231314 , 0.231314 , 0
-0.809541,3.97,0.2057 , 0.2057 , 0
-0.809541,4.15,0.184124 , 0.184124 , 0
-0.809541,4.33,0.168591 , 0.168591 , 0
-0.809541,4.51,0.158842 , 0.158842 , 0
-0.809541,4.69,0.153422 , 0.153422 , 0
-0.809541,4.87,0.150975 , 0.150975 , 0
-0.809541,5.05,0.149841 , 0.149841 , 0
-0.809541,5.23,0.148681 , 0.148681 , 0
-0.809541,5.41,0.146847 , 0.146847 , 0
-0.809541,5.59,0.143941 , 0.143941 , 0
-0.809541,5.77,0.139786 , 0.139786 , 0
-0.809541,5.95,0.134547 , 0.134547 , 0
-0.809541,6.13,0.128449 , 0.128449 , 0
-0.809541,6.31,0.121742 , 0.121742 , 0
-0.809541,6.49,0.114603 , 0.114603 , 0
-0.809541,6.67,0.10733 , 0.10733 , 0
-0.809541,6.85,0.100102 , 0.100102 , 0
-0.809541,7.03,0.0930604 , 0.0930604 , 0
-0.809541,7.21,0.0862549 , 0.0862549 , 0
-0.809541,7.39,0.0797929 , 0.0797929 , 0
-0.809541,7.57,0.0737376 , 0.0737376 , 0
-0.809541,7.75,0.0681092 , 0.0681092 , 0
-0.809541,7.93,0.0629117 , 0.0629117 , 0
-0.809541,8.11,0.0581057 , 0.0581057 , 0
-0.809541,8.29,0.0537068 , 0.0537068 , 0
-0.809541,8.47,0.0496949 , 0.0496949 , 0
-0.809541,8.65,0.0460442 , 0.0460442 , 0
-0.809541,8.83,0.0427275 , 0.0427275 , 0
-0.809541,9.01,0.0397116 , 0.0397116 , 0
-0.809541,9.19,0.0369712 , 0.0369712 , 0
-0.809541,9.37,0.0344852 , 0.0344852 , 0
-0.809541,9.55,0.0322293 , 0.0322293 , 0
-0.809541,9.73,0.0301806 , 0.0301806 , 0
-0.809541,9.91,0.0283184 , 0.0283184 , 0
-0.802253,1.09,2.02731 , 2.02731 , 0
-0.802253,1.27,1.5595 , 1.5595 , 0
-0.802253,1.45,1.28389 , 1.28389 , 0
-0.802253,1.63,1.09962 , 1.09962 , 0
-0.802253,1.81,0.912827 , 0.912827 , 0
-0.802253,1.99,0.779936 , 0.779936 , 0
-0.802253,2.17,0.667394 , 0.667394 , 0
-0.802253,2.35,0.585147 , 0.585147 , 0
-0.802253,2.53,0.507869 , 0.507869 , 0
-0.802253,2.71,0.446225 , 0.446225 , 0
-0.802253,2.89,0.393392 , 0.393392 , 0
-0.802253,3.07,0.348927 , 0.348927 , 0
-0.802253,3.25,0.314787 , 0.314787 , 0
-0.802253,3.43,0.28661 , 0.28661 , 0
-0.802253,3.61,0.259491 , 0.259491 , 0
-0.802253,3.79,0.232009 , 0.232009 , 0
-0.802253,3.97,0.206617 , 0.206617 , 0
-0.802253,4.15,0.18527 , 0.18527 , 0
-0.802253,4.33,0.169854 , 0.169854 , 0
-0.802253,4.51,0.160076 , 0.160076 , 0
-0.802253,4.69,0.154509 , 0.154509 , 0
-0.802253,4.87,0.151866 , 0.151866 , 0
-0.802253,5.05,0.150536 , 0.150536 , 0
-0.802253,5.23,0.149217 , 0.149217 , 0
-0.802253,5.41,0.147279 , 0.147279 , 0
-0.802253,5.59,0.144328 , 0.144328 , 0
-0.802253,5.77,0.140168 , 0.140168 , 0
-0.802253,5.95,0.13496 , 0.13496 , 0
-0.802253,6.13,0.128919 , 0.128919 , 0
-0.802253,6.31,0.122282 , 0.122282 , 0
-0.802253,6.49,0.115214 , 0.115214 , 0
-0.802253,6.67,0.108007 , 0.108007 , 0
-0.802253,6.85,0.100837 , 0.100837 , 0
-0.802253,7.03,0.0938413 , 0.0938413 , 0
-0.802253,7.21,0.0870739 , 0.0870739 , 0
-0.802253,7.39,0.0806386 , 0.0806386 , 0
-0.802253,7.57,0.0745973 , 0.0745973 , 0
-0.802253,7.75,0.0689717 , 0.0689717 , 0
-0.802253,7.93,0.0637672 , 0.0637672 , 0
-0.802253,8.11,0.0589432 , 0.0589432 , 0
-0.802253,8.29,0.0545195 , 0.0545195 , 0
-0.802253,8.47,0.0504781 , 0.0504781 , 0
-0.802253,8.65,0.0467946 , 0.0467946 , 0
-0.802253,8.83,0.0434426 , 0.0434426 , 0
-0.802253,9.01,0.0403883 , 0.0403883 , 0
-0.802253,9.19,0.037608 , 0.037608 , 0
-0.802253,9.37,0.0350829 , 0.0350829 , 0
-0.802253,9.55,0.032789 , 0.032789 , 0
-0.802253,9.73,0.0307039 , 0.0307039 , 0
-0.802253,9.91,0.0288068 , 0.0288068 , 0
-0.794965,1.09,2.01154 , 2.01154 , 0
-0.794965,1.27,1.53913 , 1.53913 , 0
-0.794965,1.45,1.27247 , 1.27247 , 0
-0.794965,1.63,1.09447 , 1.09447 , 0
-0.794965,1.81,0.915929 , 0.915929 , 0
-0.794965,1.99,0.778047 , 0.778047 , 0
-0.794965,2.17,0.669035 , 0.669035 , 0
-0.794965,2.35,0.586806 , 0.586806 , 0
-0.794965,2.53,0.508549 , 0.508549 , 0
-0.794965,2.71,0.447285 , 0.447285 , 0
-0.794965,2.89,0.395053 , 0.395053 , 0
-0.794965,3.07,0.350695 , 0.350695 , 0
-0.794965,3.25,0.316188 , 0.316188 , 0
-0.794965,3.43,0.287583 , 0.287583 , 0
-0.794965,3.61,0.260282 , 0.260282 , 0
-0.794965,3.79,0.232884 , 0.232884 , 0
-0.794965,3.97,0.207698 , 0.207698 , 0
-0.794965,4.15,0.186515 , 0.186515 , 0
-0.794965,4.33,0.171139 , 0.171139 , 0
-0.794965,4.51,0.161265 , 0.161265 , 0
-0.794965,4.69,0.155507 , 0.155507 , 0
-0.794965,4.87,0.152648 , 0.152648 , 0
-0.794965,5.05,0.151123 , 0.151123 , 0
-0.794965,5.23,0.149657 , 0.149657 , 0
-0.794965,5.41,0.147637 , 0.147637 , 0
-0.794965,5.59,0.144662 , 0.144662 , 0
-0.794965,5.77,0.140517 , 0.140517 , 0
-0.794965,5.95,0.135358 , 0.135358 , 0
-0.794965,6.13,0.129389 , 0.129389 , 0
-0.794965,6.31,0.122833 , 0.122833 , 0
-0.794965,6.49,0.115843 , 0.115843 , 0
-0.794965,6.67,0.108709 , 0.108709 , 0
-0.794965,6.85,0.1016 , 0.1016 , 0
-0.794965,7.03,0.0946523 , 0.0946523 , 0
-0.794965,7.21,0.0879242 , 0.0879242 , 0
-0.794965,7.39,0.0815159 , 0.0815159 , 0
-0.794965,7.57,0.0754884 , 0.0754884 , 0
-0.794965,7.75,0.0698651 , 0.0698651 , 0
-0.794965,7.93,0.064653 , 0.064653 , 0
-0.794965,8.11,0.0598099 , 0.0598099 , 0
-0.794965,8.29,0.0553606 , 0.0553606 , 0
-0.794965,8.47,0.0512887 , 0.0512887 , 0
-0.794965,8.65,0.0475712 , 0.0475712 , 0
-0.794965,8.83,0.0441831 , 0.0441831 , 0
-0.794965,9.01,0.0410892 , 0.0410892 , 0
-0.794965,9.19,0.0382678 , 0.0382678 , 0
-0.794965,9.37,0.0357025 , 0.0357025 , 0
-0.794965,9.55,0.0333696 , 0.0333696 , 0
-0.794965,9.73,0.031247 , 0.031247 , 0
-0.794965,9.91,0.0293141 , 0.0293141 , 0
-0.787677,1.09,1.98389 , 1.98389 , 0
-0.787677,1.27,1.52383 , 1.52383 , 0
-0.787677,1.45,1.26239 , 1.26239 , 0
-0.787677,1.63,1.08841 , 1.08841 , 0
-0.787677,1.81,0.919815 , 0.919815 , 0
-0.787677,1.99,0.775814 , 0.775814 , 0
-0.787677,2.17,0.671372 , 0.671372 , 0
-0.787677,2.35,0.588439 , 0.588439 , 0
-0.787677,2.53,0.509108 , 0.509108 , 0
-0.787677,2.71,0.44854 , 0.44854 , 0
-0.787677,2.89,0.396905 , 0.396905 , 0
-0.787677,3.07,0.352499 , 0.352499 , 0
-0.787677,3.25,0.317617 , 0.317617 , 0
-0.787677,3.43,0.288717 , 0.288717 , 0
-0.787677,3.61,0.261364 , 0.261364 , 0
-0.787677,3.79,0.234083 , 0.234083 , 0
-0.787677,3.97,0.209027 , 0.209027 , 0
-0.787677,4.15,0.187874 , 0.187874 , 0
-0.787677,4.33,0.172395 , 0.172395 , 0
-0.787677,4.51,0.162309 , 0.162309 , 0
-0.787677,4.69,0.156286 , 0.156286 , 0
-0.787677,4.87,0.153178 , 0.153178 , 0
-0.787677,5.05,0.151461 , 0.151461 , 0
-0.787677,5.23,0.149874 , 0.149874 , 0
-0.787677,5.41,0.147809 , 0.147809 , 0
-0.787677,5.59,0.144855 , 0.144855 , 0
-0.787677,5.77,0.14077 , 0.14077 , 0
-0.787677,5.95,0.135701 , 0.135701 , 0
-0.787677,6.13,0.12984 , 0.12984 , 0
-0.787677,6.31,0.123394 , 0.123394 , 0
-0.787677,6.49,0.116508 , 0.116508 , 0
-0.787677,6.67,0.109464 , 0.109464 , 0
-0.787677,6.85,0.10243 , 0.10243 , 0
-0.787677,7.03,0.095541 , 0.095541 , 0
-0.787677,7.21,0.0888587 , 0.0888587 , 0
-0.787677,7.39,0.0824813 , 0.0824813 , 0
-0.787677,7.57,0.0764695 , 0.0764695 , 0
-0.787677,7.75,0.0708486 , 0.0708486 , 0
-0.787677,7.93,0.0656276 , 0.0656276 , 0
-0.787677,8.11,0.0607633 , 0.0607633 , 0
-0.787677,8.29,0.0562856 , 0.0562856 , 0
-0.787677,8.47,0.0521801 , 0.0521801 , 0
-0.787677,8.65,0.0484251 , 0.0484251 , 0
-0.787677,8.83,0.044997 , 0.044997 , 0
-0.787677,9.01,0.0418596 , 0.0418596 , 0
-0.787677,9.19,0.038993 , 0.038993 , 0
-0.787677,9.37,0.0363835 , 0.0363835 , 0
-0.787677,9.55,0.0340078 , 0.0340078 , 0
-0.787677,9.73,0.0318439 , 0.0318439 , 0
-0.787677,9.91,0.0298716 , 0.0298716 , 0
-0.780389,1.09,1.94451 , 1.94451 , 0
-0.780389,1.27,1.51486 , 1.51486 , 0
-0.780389,1.45,1.25494 , 1.25494 , 0
-0.780389,1.63,1.08078 , 1.08078 , 0
-0.780389,1.81,0.924134 , 0.924134 , 0
-0.780389,1.99,0.773487 , 0.773487 , 0
-0.780389,2.17,0.67445 , 0.67445 , 0
-0.780389,2.35,0.589701 , 0.589701 , 0
-0.780389,2.53,0.509483 , 0.509483 , 0
-0.780389,2.71,0.450028 , 0.450028 , 0
-0.780389,2.89,0.398922 , 0.398922 , 0
-0.780389,3.07,0.354295 , 0.354295 , 0
-0.780389,3.25,0.319031 , 0.319031 , 0
-0.780389,3.43,0.289934 , 0.289934 , 0
-0.780389,3.61,0.262606 , 0.262606 , 0
-0.780389,3.79,0.235444 , 0.235444 , 0
-0.780389,3.97,0.210472 , 0.210472 , 0
-0.780389,4.15,0.189287 , 0.189287 , 0
-0.780389,4.33,0.173656 , 0.173656 , 0
-0.780389,4.51,0.163333 , 0.163333 , 0
-0.780389,4.69,0.157038 , 0.157038 , 0
-0.780389,4.87,0.153688 , 0.153688 , 0
-0.780389,5.05,0.151788 , 0.151788 , 0
-0.780389,5.23,0.15009 , 0.15009 , 0
-0.780389,5.41,0.147987 , 0.147987 , 0
-0.780389,5.59,0.145056 , 0.145056 , 0
-0.780389,5.77,0.141028 , 0.141028 , 0
-0.780389,5.95,0.136045 , 0.136045 , 0
-0.780389,6.13,0.130283 , 0.130283 , 0
-0.780389,6.31,0.123941 , 0.123941 , 0
-0.780389,6.49,0.117151 , 0.117151 , 0
-0.780389,6.67,0.110192 , 0.110192 , 0
-0.780389,6.85,0.103229 , 0.103229 , 0
-0.780389,7.03,0.0963937 , 0.0963937 , 0
-0.780389,7.21,0.0897552 , 0.0897552 , 0
-0.780389,7.39,0.0834079 , 0.0834079 , 0
-0.780389,7.57,0.0774121 , 0.0774121 , 0
-0.780389,7.75,0.0717947 , 0.0717947 , 0
-0.780389,7.93,0.0665669 , 0.0665669 , 0
-0.780389,8.11,0.0616839 , 0.0616839 , 0
-0.780389,8.29,0.0571806 , 0.0571806 , 0
-0.780389,8.47,0.0530445 , 0.0530445 , 0
-0.780389,8.65,0.0492552 , 0.0492552 , 0
-0.780389,8.83,0.0457902 , 0.0457902 , 0
-0.780389,9.01,0.0426122 , 0.0426122 , 0
-0.780389,9.19,0.0397032 , 0.0397032 , 0
-0.780389,9.37,0.0370521 , 0.0370521 , 0
-0.780389,9.55,0.0346359 , 0.0346359 , 0
-0.780389,9.73,0.032433 , 0.032433 , 0
-0.780389,9.91,0.0304234 , 0.0304234 , 0
-0.773101,1.09,1.89882 , 1.89882 , 0
-0.773101,1.27,1.51229 , 1.51229 , 0
-0.773101,1.45,1.2512 , 1.2512 , 0
-0.773101,1.63,1.07121 , 1.07121 , 0
-0.773101,1.81,0.928526 , 0.928526 , 0
-0.773101,1.99,0.770796 , 0.770796 , 0
-0.773101,2.17,0.677794 , 0.677794 , 0
-0.773101,2.35,0.590412 , 0.590412 , 0
-0.773101,2.53,0.509976 , 0.509976 , 0
-0.773101,2.71,0.451947 , 0.451947 , 0
-0.773101,2.89,0.40104 , 0.40104 , 0
-0.773101,3.07,0.355876 , 0.355876 , 0
-0.773101,3.25,0.320131 , 0.320131 , 0
-0.773101,3.43,0.290841 , 0.290841 , 0
-0.773101,3.61,0.263557 , 0.263557 , 0
-0.773101,3.79,0.236556 , 0.236556 , 0
-0.773101,3.97,0.211751 , 0.211751 , 0
-0.773101,4.15,0.190662 , 0.190662 , 0
-0.773101,4.33,0.175032 , 0.175032 , 0
-0.773101,4.51,0.164616 , 0.164616 , 0
-0.773101,4.69,0.158164 , 0.158164 , 0
-0.773101,4.87,0.154641 , 0.154641 , 0
-0.773101,5.05,0.152579 , 0.152579 , 0
-0.773101,5.23,0.150748 , 0.150748 , 0
-0.773101,5.41,0.148552 , 0.148552 , 0
-0.773101,5.59,0.145569 , 0.145569 , 0
-0.773101,5.77,0.141511 , 0.141511 , 0
-0.773101,5.95,0.136525 , 0.136525 , 0
-0.773101,6.13,0.130781 , 0.130781 , 0
-0.773101,6.31,0.124468 , 0.124468 , 0
-0.773101,6.49,0.11771 , 0.11771 , 0
-0.773101,6.67,0.110784 , 0.110784 , 0
-0.773101,6.85,0.10385 , 0.10385 , 0
-0.773101,7.03,0.097039 , 0.097039 , 0
-0.773101,7.21,0.0904235 , 0.0904235 , 0
-0.773101,7.39,0.0840937 , 0.0840937 , 0
-0.773101,7.57,0.0781079 , 0.0781079 , 0
-0.773101,7.75,0.0724938 , 0.0724938 , 0
-0.773101,7.93,0.067263 , 0.067263 , 0
-0.773101,8.11,0.0623686 , 0.0623686 , 0
-0.773101,8.29,0.0578494 , 0.0578494 , 0
-0.773101,8.47,0.053694 , 0.053694 , 0
-0.773101,8.65,0.0498829 , 0.0498829 , 0
-0.773101,8.83,0.0463942 , 0.0463942 , 0
-0.773101,9.01,0.043189 , 0.043189 , 0
-0.773101,9.19,0.0402508 , 0.0402508 , 0
-0.773101,9.37,0.0375709 , 0.0375709 , 0
-0.773101,9.55,0.0351267 , 0.0351267 , 0
-0.773101,9.73,0.0328967 , 0.0328967 , 0
-0.773101,9.91,0.030861 , 0.030861 , 0
-0.765813,1.09,1.85595 , 1.85595 , 0
-0.765813,1.27,1.51836 , 1.51836 , 0
-0.765813,1.45,1.25223 , 1.25223 , 0
-0.765813,1.63,1.06145 , 1.06145 , 0
-0.765813,1.81,0.932371 , 0.932371 , 0
-0.765813,1.99,0.768378 , 0.768378 , 0
-0.765813,2.17,0.681535 , 0.681535 , 0
-0.765813,2.35,0.590699 , 0.590699 , 0
-0.765813,2.53,0.51069 , 0.51069 , 0
-0.765813,2.71,0.454207 , 0.454207 , 0
-0.765813,2.89,0.403157 , 0.403157 , 0
-0.765813,3.07,0.357298 , 0.357298 , 0
-0.765813,3.25,0.321181 , 0.321181 , 0
-0.765813,3.43,0.291872 , 0.291872 , 0
-0.765813,3.61,0.264725 , 0.264725 , 0
-0.765813,3.79,0.237872 , 0.237872 , 0
-0.765813,3.97,0.213159 , 0.213159 , 0
-0.765813,4.15,0.192078 , 0.192078 , 0
-0.765813,4.33,0.176375 , 0.176375 , 0
-0.765813,4.51,0.165822 , 0.165822 , 0
-0.765813,4.69,0.159195 , 0.159195 , 0
-0.765813,4.87,0.155498 , 0.155498 , 0
-0.765813,5.05,0.153287 , 0.153287 , 0
-0.765813,5.23,0.151338 , 0.151338 , 0
-0.765813,5.41,0.149066 , 0.149066 , 0
-0.765813,5.59,0.146046 , 0.146046 , 0
-0.765813,5.77,0.141971 , 0.141971 , 0
-0.765813,5.95,0.136991 , 0.136991 , 0
-0.765813,6.13,0.131271 , 0.131271 , 0
-0.765813,6.31,0.124992 , 0.124992 , 0
-0.765813,6.49,0.118269 , 0.118269 , 0
-0.765813,6.67,0.111377 , 0.111377 , 0
-0.765813,6.85,0.104474 , 0.104474 , 0
-0.765813,7.03,0.0976887 , 0.0976887 , 0
-0.765813,7.21,0.0910968 , 0.0910968 , 0
-0.765813,7.39,0.0847851 , 0.0847851 , 0
-0.765813,7.57,0.0788101 , 0.0788101 , 0
-0.765813,7.75,0.0731997 , 0.0731997 , 0
-0.765813,7.93,0.0679666 , 0.0679666 , 0
-0.765813,8.11,0.0630614 , 0.0630614 , 0
-0.765813,8.29,0.058527 , 0.058527 , 0
-0.765813,8.47,0.054353 , 0.054353 , 0
-0.765813,8.65,0.0505207 , 0.0505207 , 0
-0.765813,8.83,0.0470088 , 0.0470088 , 0
-0.765813,9.01,0.0437767 , 0.0437767 , 0
-0.765813,9.19,0.0408095 , 0.0408095 , 0
-0.765813,9.37,0.0381011 , 0.0381011 , 0
-0.765813,9.55,0.035629 , 0.035629 , 0
-0.765813,9.73,0.033372 , 0.033372 , 0
-0.765813,9.91,0.0313102 , 0.0313102 , 0
-0.758525,1.09,1.82331 , 1.82331 , 0
-0.758525,1.27,1.53243 , 1.53243 , 0
-0.758525,1.45,1.25815 , 1.25815 , 0
-0.758525,1.63,1.05281 , 1.05281 , 0
-0.758525,1.81,0.934918 , 0.934918 , 0
-0.758525,1.99,0.766738 , 0.766738 , 0
-0.758525,2.17,0.685543 , 0.685543 , 0
-0.758525,2.35,0.590565 , 0.590565 , 0
-0.758525,2.53,0.511715 , 0.511715 , 0
-0.758525,2.71,0.456742 , 0.456742 , 0
-0.758525,2.89,0.405183 , 0.405183 , 0
-0.758525,3.07,0.358575 , 0.358575 , 0
-0.758525,3.25,0.322296 , 0.322296 , 0
-0.758525,3.43,0.293179 , 0.293179 , 0
-0.758525,3.61,0.266243 , 0.266243 , 0
-0.758525,3.79,0.239482 , 0.239482 , 0
-0.758525,3.97,0.214734 , 0.214734 , 0
-0.758525,4.15,0.193524 , 0.193524 , 0
-0.758525,4.33,0.177637 , 0.177637 , 0
-0.758525,4.51,0.166874 , 0.166874 , 0
-0.758525,4.69,0.160035 , 0.160035 , 0
-0.758525,4.87,0.156157 , 0.156157 , 0
-0.758525,5.05,0.153808 , 0.153808 , 0
-0.758525,5.23,0.151766 , 0.151766 , 0
-0.758525,5.41,0.149447 , 0.149447 , 0
-0.758525,5.59,0.146418 , 0.146418 , 0
-0.758525,5.77,0.142354 , 0.142354 , 0
-0.758525,5.95,0.137405 , 0.137405 , 0
-0.758525,6.13,0.131729 , 0.131729 , 0
-0.758525,6.31,0.125501 , 0.125501 , 0
-0.758525,6.49,0.118829 , 0.118829 , 0
-0.758525,6.67,0.111984 , 0.111984 , 0
-0.758525,6.85,0.105121 , 0.105121 , 0
-0.758525,7.03,0.0983679 , 0.0983679 , 0
-0.758525,7.21,0.0918054 , 0.0918054 , 0
-0.758525,7.39,0.085516 , 0.085516 , 0
-0.758525,7.57,0.0795547 , 0.0795547 , 0
-0.758525,7.75,0.0739503 , 0.0739503 , 0
-0.758525,7.93,0.0687162 , 0.0687162 , 0
-0.758525,8.11,0.0638009 , 0.0638009 , 0
-0.758525,8.29,0.0592514 , 0.0592514 , 0
-0.758525,8.47,0.0550585 , 0.0550585 , 0
-0.758525,8.65,0.0512043 , 0.0512043 , 0
-0.758525,8.83,0.0476684 , 0.0476684 , 0
-0.758525,9.01,0.0444081 , 0.0444081 , 0
-0.758525,9.19,0.0414104 , 0.0414104 , 0
-0.758525,9.37,0.0386718 , 0.0386718 , 0
-0.758525,9.55,0.0361702 , 0.0361702 , 0
-0.758525,9.73,0.0338845 , 0.0338845 , 0
-0.758525,9.91,0.031795 , 0.031795 , 0
-0.751237,1.09,1.80629 , 1.80629 , 0
-0.751237,1.27,1.5511 , 1.5511 , 0
-0.751237,1.45,1.26858 , 1.26858 , 0
-0.751237,1.63,1.04593 , 1.04593 , 0
-0.751237,1.81,0.935629 , 0.935629 , 0
-0.751237,1.99,0.766509 , 0.766509 , 0
-0.751237,2.17,0.689429 , 0.689429 , 0
-0.751237,2.35,0.589886 , 0.589886 , 0
-0.751237,2.53,0.513072 , 0.513072 , 0
-0.751237,2.71,0.459463 , 0.459463 , 0
-0.751237,2.89,0.407058 , 0.407058 , 0
-0.751237,3.07,0.359754 , 0.359754 , 0
-0.751237,3.25,0.323558 , 0.323558 , 0
-0.751237,3.43,0.294792 , 0.294792 , 0
-0.751237,3.61,0.268071 , 0.268071 , 0
-0.751237,3.79,0.2413 , 0.2413 , 0
-0.751237,3.97,0.216389 , 0.216389 , 0
-0.751237,4.15,0.194945 , 0.194945 , 0
-0.751237,4.33,0.178809 , 0.178809 , 0
-0.751237,4.51,0.167807 , 0.167807 , 0
-0.751237,4.69,0.160751 , 0.160751 , 0
-0.751237,4.87,0.156703 , 0.156703 , 0
-0.751237,5.05,0.154232 , 0.154232 , 0
-0.751237,5.23,0.152114 , 0.152114 , 0
-0.751237,5.41,0.149762 , 0.149762 , 0
-0.751237,5.59,0.146737 , 0.146737 , 0
-0.751237,5.77,0.142693 , 0.142693 , 0
-0.751237,5.95,0.137782 , 0.137782 , 0
-0.751237,6.13,0.132156 , 0.132156 , 0
-0.751237,6.31,0.125983 , 0.125983 , 0
-0.751237,6.49,0.119365 , 0.119365 , 0
-0.751237,6.67,0.112568 , 0.112568 , 0
-0.751237,6.85,0.105748 , 0.105748 , 0
-0.751237,7.03,0.0990308 , 0.0990308 , 0
-0.751237,7.21,0.0925006 , 0.0925006 , 0
-0.751237,7.39,0.0862365 , 0.0862365 , 0
-0.751237,7.57,0.0802919 , 0.0802919 , 0
-0.751237,7.75,0.0746963 , 0.0746963 , 0
-0.751237,7.93,0.0694639 , 0.0694639 , 0
-0.751237,8.11,0.0645411 , 0.0645411 , 0
-0.751237,8.29,0.059979 , 0.059979 , 0
-0.751237,8.47,0.0557694 , 0.0557694 , 0
-0.751237,8.65,0.0518954 , 0.0518954 , 0
-0.751237,8.83,0.0483372 , 0.0483372 , 0
-0.751237,9.01,0.0450502 , 0.0450502 , 0
-0.751237,9.19,0.0420231 , 0.0420231 , 0
-0.751237,9.37,0.0392553 , 0.0392553 , 0
-0.751237,9.55,0.036725 , 0.036725 , 0
-0.751237,9.73,0.0344111 , 0.0344111 , 0
-0.751237,9.91,0.0322943 , 0.0322943 , 0
-0.743949,1.09,1.83542 , 1.83542 , 0
-0.743949,1.27,1.59055 , 1.59055 , 0
-0.743949,1.45,1.29654 , 1.29654 , 0
-0.743949,1.63,1.05233 , 1.05233 , 0
-0.743949,1.81,0.943163 , 0.943163 , 0
-0.743949,1.99,0.773852 , 0.773852 , 0
-0.743949,2.17,0.697728 , 0.697728 , 0
-0.743949,2.35,0.592923 , 0.592923 , 0
-0.743949,2.53,0.518315 , 0.518315 , 0
-0.743949,2.71,0.465239 , 0.465239 , 0
-0.743949,2.89,0.411092 , 0.411092 , 0
-0.743949,3.07,0.362549 , 0.362549 , 0
-0.743949,3.25,0.326105 , 0.326105 , 0
-0.743949,3.43,0.297384 , 0.297384 , 0
-0.743949,3.61,0.270595 , 0.270595 , 0
-0.743949,3.79,0.243633 , 0.243633 , 0
-0.743949,3.97,0.218507 , 0.218507 , 0
-0.743949,4.15,0.196877 , 0.196877 , 0
-0.743949,4.33,0.180592 , 0.180592 , 0
-0.743949,4.51,0.169455 , 0.169455 , 0
-0.743949,4.69,0.162262 , 0.162262 , 0
-0.743949,4.87,0.158067 , 0.158067 , 0
-0.743949,5.05,0.155443 , 0.155443 , 0
-0.743949,5.23,0.153179 , 0.153179 , 0
-0.743949,5.41,0.150692 , 0.150692 , 0
-0.743949,5.59,0.14755 , 0.14755 , 0
-0.743949,5.77,0.14341 , 0.14341 , 0
-0.743949,5.95,0.138427 , 0.138427 , 0
-0.743949,6.13,0.132751 , 0.132751 , 0
-0.743949,6.31,0.126544 , 0.126544 , 0
-0.743949,6.49,0.119898 , 0.119898 , 0
-0.743949,6.67,0.113086 , 0.113086 , 0
-0.743949,6.85,0.106257 , 0.106257 , 0
-0.743949,7.03,0.0995355 , 0.0995355 , 0
-0.743949,7.21,0.0930051 , 0.0930051 , 0
-0.743949,7.39,0.086742 , 0.086742 , 0
-0.743949,7.57,0.0807977 , 0.0807977 , 0
-0.743949,7.75,0.0752011 , 0.0752011 , 0
-0.743949,7.93,0.0699661 , 0.0699661 , 0
-0.743949,8.11,0.0650407 , 0.0650407 , 0
-0.743949,8.29,0.0604738 , 0.0604738 , 0
-0.743949,8.47,0.0562574 , 0.0562574 , 0
-0.743949,8.65,0.0523747 , 0.0523747 , 0
-0.743949,8.83,0.0488062 , 0.0488062 , 0
-0.743949,9.01,0.0455083 , 0.0455083 , 0
-0.743949,9.19,0.04247 , 0.04247 , 0
-0.743949,9.37,0.0396901 , 0.0396901 , 0
-0.743949,9.55,0.0371469 , 0.0371469 , 0
-0.743949,9.73,0.0348197 , 0.0348197 , 0
-0.743949,9.91,0.0326893 , 0.0326893 , 0
-0.736661,1.09,1.88968 , 1.88968 , 0
-0.736661,1.27,1.63091 , 1.63091 , 0
-0.736661,1.45,1.32848 , 1.32848 , 0
-0.736661,1.63,1.0649 , 1.0649 , 0
-0.736661,1.81,0.950211 , 0.950211 , 0
-0.736661,1.99,0.784205 , 0.784205 , 0
-0.736661,2.17,0.706414 , 0.706414 , 0
-0.736661,2.35,0.59678 , 0.59678 , 0
-0.736661,2.53,0.524889 , 0.524889 , 0
-0.736661,2.71,0.47167 , 0.47167 , 0
-0.736661,2.89,0.41534 , 0.41534 , 0
-0.736661,3.07,0.365616 , 0.365616 , 0
-0.736661,3.25,0.329105 , 0.329105 , 0
-0.736661,3.43,0.300484 , 0.300484 , 0
-0.736661,3.61,0.273551 , 0.273551 , 0
-0.736661,3.79,0.24627 , 0.24627 , 0
-0.736661,3.97,0.220811 , 0.220811 , 0
-0.736661,4.15,0.198912 , 0.198912 , 0
-0.736661,4.33,0.182428 , 0.182428 , 0
-0.736661,4.51,0.171134 , 0.171134 , 0
-0.736661,4.69,0.163795 , 0.163795 , 0
-0.736661,4.87,0.15945 , 0.15945 , 0
-0.736661,5.05,0.156671 , 0.156671 , 0
-0.736661,5.23,0.154259 , 0.154259 , 0
-0.736661,5.41,0.151633 , 0.151633 , 0
-0.736661,5.59,0.148369 , 0.148369 , 0
-0.736661,5.77,0.14413 , 0.14413 , 0
-0.736661,5.95,0.139072 , 0.139072 , 0
-0.736661,6.13,0.133341 , 0.133341 , 0
-0.736661,6.31,0.127098 , 0.127098 , 0
-0.736661,6.49,0.120422 , 0.120422 , 0
-0.736661,6.67,0.113592 , 0.113592 , 0
-0.736661,6.85,0.106754 , 0.106754 , 0
-0.736661,7.03,0.100028 , 0.100028 , 0
-0.736661,7.21,0.0934972 , 0.0934972 , 0
-0.736661,7.39,0.0872348 , 0.0872348 , 0
-0.736661,7.57,0.0812912 , 0.0812912 , 0
-0.736661,7.75,0.0756942 , 0.0756942 , 0
-0.736661,7.93,0.0704574 , 0.0704574 , 0
-0.736661,8.11,0.0655315 , 0.0655315 , 0
-0.736661,8.29,0.0609621 , 0.0609621 , 0
-0.736661,8.47,0.0567409 , 0.0567409 , 0
-0.736661,8.65,0.0528513 , 0.0528513 , 0
-0.736661,8.83,0.0492741 , 0.0492741 , 0
-0.736661,9.01,0.0459677 , 0.0459677 , 0
-0.736661,9.19,0.0429206 , 0.0429206 , 0
-0.736661,9.37,0.0401308 , 0.0401308 , 0
-0.736661,9.55,0.0375766 , 0.0375766 , 0
-0.736661,9.73,0.0352377 , 0.0352377 , 0
-0.736661,9.91,0.033095 , 0.033095 , 0
-0.729373,1.09,1.95649 , 1.95649 , 0
-0.729373,1.27,1.6631 , 1.6631 , 0
-0.729373,1.45,1.35873 , 1.35873 , 0
-0.729373,1.63,1.08188 , 1.08188 , 0
-0.729373,1.81,0.954958 , 0.954958 , 0
-0.729373,1.99,0.796338 , 0.796338 , 0
-0.729373,2.17,0.714201 , 0.714201 , 0
-0.729373,2.35,0.600856 , 0.600856 , 0
-0.729373,2.53,0.532101 , 0.532101 , 0
-0.729373,2.71,0.478008 , 0.478008 , 0
-0.729373,2.89,0.419267 , 0.419267 , 0
-0.729373,3.07,0.368651 , 0.368651 , 0
-0.729373,3.25,0.332356 , 0.332356 , 0
-0.729373,3.43,0.303913 , 0.303913 , 0
-0.729373,3.61,0.276762 , 0.276762 , 0
-0.729373,3.79,0.249039 , 0.249039 , 0
-0.729373,3.97,0.223142 , 0.223142 , 0
-0.729373,4.15,0.200906 , 0.200906 , 0
-0.729373,4.33,0.184188 , 0.184188 , 0
-0.729373,4.51,0.172725 , 0.172725 , 0
-0.729373,4.69,0.16524 , 0.16524 , 0
-0.729373,4.87,0.16075 , 0.16075 , 0
-0.729373,5.05,0.157824 , 0.157824 , 0
-0.729373,5.23,0.15527 , 0.15527 , 0
-0.729373,5.41,0.152512 , 0.152512 , 0
-0.729373,5.59,0.14913 , 0.14913 , 0
-0.729373,5.77,0.144799 , 0.144799 , 0
-0.729373,5.95,0.13967 , 0.13967 , 0
-0.729373,6.13,0.13389 , 0.13389 , 0
-0.729373,6.31,0.127615 , 0.127615 , 0
-0.729373,6.49,0.120915 , 0.120915 , 0
-0.729373,6.67,0.114071 , 0.114071 , 0
-0.729373,6.85,0.107228 , 0.107228 , 0
-0.729373,7.03,0.100503 , 0.100503 , 0
-0.729373,7.21,0.093976 , 0.093976 , 0
-0.729373,7.39,0.0877184 , 0.0877184 , 0
-0.729373,7.57,0.0817792 , 0.0817792 , 0
-0.729373,7.75,0.0761854 , 0.0761854 , 0
-0.729373,7.93,0.0709498 , 0.0709498 , 0
-0.729373,8.11,0.0660262 , 0.0660262 , 0
-0.729373,8.29,0.0614568 , 0.0614568 , 0
-0.729373,8.47,0.0572329 , 0.0572329 , 0
-0.729373,8.65,0.0533383 , 0.0533383 , 0
-0.729373,8.83,0.049754 , 0.049754 , 0
-0.729373,9.01,0.0464402 , 0.0464402 , 0
-0.729373,9.19,0.0433854 , 0.0433854 , 0
-0.729373,9.37,0.0405864 , 0.0405864 , 0
-0.729373,9.55,0.0380218 , 0.0380218 , 0
-0.729373,9.73,0.0356715 , 0.0356715 , 0
-0.729373,9.91,0.0335167 , 0.0335167 , 0
-0.722085,1.09,2.02515 , 2.02515 , 0
-0.722085,1.27,1.68281 , 1.68281 , 0
-0.722085,1.45,1.38499 , 1.38499 , 0
-0.722085,1.63,1.10307 , 1.10307 , 0
-0.722085,1.81,0.958007 , 0.958007 , 0
-0.722085,1.99,0.810525 , 0.810525 , 0
-0.722085,2.17,0.720996 , 0.720996 , 0
-0.722085,2.35,0.605377 , 0.605377 , 0
-0.722085,2.53,0.539822 , 0.539822 , 0
-0.722085,2.71,0.484042 , 0.484042 , 0
-0.722085,2.89,0.422891 , 0.422891 , 0
-0.722085,3.07,0.371891 , 0.371891 , 0
-0.722085,3.25,0.336204 , 0.336204 , 0
-0.722085,3.43,0.308029 , 0.308029 , 0
-0.722085,3.61,0.280536 , 0.280536 , 0
-0.722085,3.79,0.25216 , 0.25216 , 0
-0.722085,3.97,0.225605 , 0.225605 , 0
-0.722085,4.15,0.202842 , 0.202842 , 0
-0.722085,4.33,0.185746 , 0.185746 , 0
-0.722085,4.51,0.174013 , 0.174013 , 0
-0.722085,4.69,0.166321 , 0.166321 , 0
-0.722085,4.87,0.16166 , 0.16166 , 0
-0.722085,5.05,0.158588 , 0.158588 , 0
-0.722085,5.23,0.155916 , 0.155916 , 0
-0.722085,5.41,0.153062 , 0.153062 , 0
-0.722085,5.59,0.149609 , 0.149609 , 0
-0.722085,5.77,0.145233 , 0.145233 , 0
-0.722085,5.95,0.140085 , 0.140085 , 0
-0.722085,6.13,0.134303 , 0.134303 , 0
-0.722085,6.31,0.128041 , 0.128041 , 0
-0.722085,6.49,0.121355 , 0.121355 , 0
-0.722085,6.67,0.114533 , 0.114533 , 0
-0.722085,6.85,0.107715 , 0.107715 , 0
-0.722085,7.03,0.101015 , 0.101015 , 0
-0.722085,7.21,0.0945125 , 0.0945125 , 0
-0.722085,7.39,0.0882759 , 0.0882759 , 0
-0.722085,7.57,0.0823536 , 0.0823536 , 0
-0.722085,7.75,0.0767723 , 0.0767723 , 0
-0.722085,7.93,0.0715446 , 0.0715446 , 0
-0.722085,8.11,0.0666278 , 0.0666278 , 0
-0.722085,8.29,0.0620608 , 0.0620608 , 0
-0.722085,8.47,0.0578352 , 0.0578352 , 0
-0.722085,8.65,0.0539352 , 0.0539352 , 0
-0.722085,8.83,0.0503423 , 0.0503423 , 0
-0.722085,9.01,0.0470188 , 0.0470188 , 0
-0.722085,9.19,0.0439532 , 0.0439532 , 0
-0.722085,9.37,0.0411414 , 0.0411414 , 0
-0.722085,9.55,0.0385625 , 0.0385625 , 0
-0.722085,9.73,0.0361968 , 0.0361968 , 0
-0.722085,9.91,0.0340257 , 0.0340257 , 0
-0.714797,1.09,2.08365 , 2.08365 , 0
-0.714797,1.27,1.69049 , 1.69049 , 0
-0.714797,1.45,1.40433 , 1.40433 , 0
-0.714797,1.63,1.12661 , 1.12661 , 0
-0.714797,1.81,0.960208 , 0.960208 , 0
-0.714797,1.99,0.825087 , 0.825087 , 0
-0.714797,2.17,0.726175 , 0.726175 , 0
-0.714797,2.35,0.610376 , 0.610376 , 0
-0.714797,2.53,0.547997 , 0.547997 , 0
-0.714797,2.71,0.489842 , 0.489842 , 0
-0.714797,2.89,0.426275 , 0.426275 , 0
-0.714797,3.07,0.375033 , 0.375033 , 0
-0.714797,3.25,0.339818 , 0.339818 , 0
-0.714797,3.43,0.311623 , 0.311623 , 0
-0.714797,3.61,0.283603 , 0.283603 , 0
-0.714797,3.79,0.254611 , 0.254611 , 0
-0.714797,3.97,0.227628 , 0.227628 , 0
-0.714797,4.15,0.204666 , 0.204666 , 0
-0.714797,4.33,0.187522 , 0.187522 , 0
-0.714797,4.51,0.175789 , 0.175789 , 0
-0.714797,4.69,0.168075 , 0.168075 , 0
-0.714797,4.87,0.163334 , 0.163334 , 0
-0.714797,5.05,0.160126 , 0.160126 , 0
-0.714797,5.23,0.157285 , 0.157285 , 0
-0.714797,5.41,0.154243 , 0.154243 , 0
-0.714797,5.59,0.150603 , 0.150603 , 0
-0.714797,5.77,0.146059 , 0.146059 , 0
-0.714797,5.95,0.140767 , 0.140767 , 0
-0.714797,6.13,0.134869 , 0.134869 , 0
-0.714797,6.31,0.128517 , 0.128517 , 0
-0.714797,6.49,0.121758 , 0.121758 , 0
-0.714797,6.67,0.114884 , 0.114884 , 0
-0.714797,6.85,0.108033 , 0.108033 , 0
-0.714797,7.03,0.101313 , 0.101313 , 0
-0.714797,7.21,0.0948004 , 0.0948004 , 0
-0.714797,7.39,0.0885612 , 0.0885612 , 0
-0.714797,7.57,0.0826408 , 0.0826408 , 0
-0.714797,7.75,0.0770639 , 0.0770639 , 0
-0.714797,7.93,0.071842 , 0.071842 , 0
-0.714797,8.11,0.0669343 , 0.0669343 , 0
-0.714797,8.29,0.0623755 , 0.0623755 , 0
-0.714797,8.47,0.0581568 , 0.0581568 , 0
-0.714797,8.65,0.054262 , 0.054262 , 0
-0.714797,8.83,0.0506725 , 0.0506725 , 0
-0.714797,9.01,0.0473524 , 0.0473524 , 0
-0.714797,9.19,0.0442898 , 0.0442898 , 0
-0.714797,9.37,0.0414792 , 0.0414792 , 0
-0.714797,9.55,0.0388998 , 0.0388998 , 0
-0.714797,9.73,0.0365322 , 0.0365322 , 0
-0.714797,9.91,0.0343579 , 0.0343579 , 0
-0.707509,1.09,2.12222 , 2.12222 , 0
-0.707509,1.27,1.68784 , 1.68784 , 0
-0.707509,1.45,1.41613 , 1.41613 , 0
-0.707509,1.63,1.15196 , 1.15196 , 0
-0.707509,1.81,0.962461 , 0.962461 , 0
-0.707509,1.99,0.840159 , 0.840159 , 0
-0.707509,2.17,0.730323 , 0.730323 , 0
-0.707509,2.35,0.616284 , 0.616284 , 0
-0.707509,2.53,0.556475 , 0.556475 , 0
-0.707509,2.71,0.495197 , 0.495197 , 0
-0.707509,2.89,0.429426 , 0.429426 , 0
-0.707509,3.07,0.378339 , 0.378339 , 0
-0.707509,3.25,0.343716 , 0.343716 , 0
-0.707509,3.43,0.315406 , 0.315406 , 0
-0.707509,3.61,0.286726 , 0.286726 , 0
-0.707509,3.79,0.257035 , 0.257035 , 0
-0.707509,3.97,0.2296 , 0.2296 , 0
-0.707509,4.15,0.206451 , 0.206451 , 0
-0.707509,4.33,0.18928 , 0.18928 , 0
-0.707509,4.51,0.177566 , 0.177566 , 0
-0.707509,4.69,0.169837 , 0.169837 , 0
-0.707509,4.87,0.165015 , 0.165015 , 0
-0.707509,5.05,0.161666 , 0.161666 , 0
-0.707509,5.23,0.158646 , 0.158646 , 0
-0.707509,5.41,0.155406 , 0.155406 , 0
-0.707509,5.59,0.15157 , 0.15157 , 0
-0.707509,5.77,0.14685 , 0.14685 , 0
-0.707509,5.95,0.141409 , 0.141409 , 0
-0.707509,6.13,0.135391 , 0.135391 , 0
-0.707509,6.31,0.128949 , 0.128949 , 0
-0.707509,6.49,0.122117 , 0.122117 , 0
-0.707509,6.67,0.115193 , 0.115193 , 0
-0.707509,6.85,0.10831 , 0.10831 , 0
-0.707509,7.03,0.101573 , 0.101573 , 0
-0.707509,7.21,0.0950541 , 0.0950541 , 0
-0.707509,7.39,0.0888157 , 0.0888157 , 0
-0.707509,7.57,0.0829007 , 0.0829007 , 0
-0.707509,7.75,0.0773318 , 0.0773318 , 0
-0.707509,7.93,0.0721188 , 0.0721188 , 0
-0.707509,8.11,0.0672234 , 0.0672234 , 0
-0.707509,8.29,0.0626759 , 0.0626759 , 0
-0.707509,8.47,0.0584667 , 0.0584667 , 0
-0.707509,8.65,0.0545794 , 0.0545794 , 0
-0.707509,8.83,0.0509956 , 0.0509956 , 0
-0.707509,9.01,0.0476809 , 0.0476809 , 0
-0.707509,9.19,0.0446231 , 0.0446231 , 0
-0.707509,9.37,0.0418151 , 0.0418151 , 0
-0.707509,9.55,0.0392366 , 0.0392366 , 0
-0.707509,9.73,0.0368682 , 0.0368682 , 0
-0.707509,9.91,0.0346918 , 0.0346918 , 0
-0.700221,1.09,2.13582 , 2.13582 , 0
-0.700221,1.27,1.6791 , 1.6791 , 0
-0.700221,1.45,1.42084 , 1.42084 , 0
-0.700221,1.63,1.17735 , 1.17735 , 0
-0.700221,1.81,0.965756 , 0.965756 , 0
-0.700221,1.99,0.855126 , 0.855126 , 0
-0.700221,2.17,0.733721 , 0.733721 , 0
-0.700221,2.35,0.623242 , 0.623242 , 0
-0.700221,2.53,0.565025 , 0.565025 , 0
-0.700221,2.71,0.500011 , 0.500011 , 0
-0.700221,2.89,0.432423 , 0.432423 , 0
-0.700221,3.07,0.381907 , 0.381907 , 0
-0.700221,3.25,0.347936 , 0.347936 , 0
-0.700221,3.43,0.319368 , 0.319368 , 0
-0.700221,3.61,0.289881 , 0.289881 , 0
-0.700221,3.79,0.259415 , 0.259415 , 0
-0.700221,3.97,0.231517 , 0.231517 , 0
-0.700221,4.15,0.208198 , 0.208198 , 0
-0.700221,4.33,0.191023 , 0.191023 , 0
-0.700221,4.51,0.17934 , 0.17934 , 0
-0.700221,4.69,0.171598 , 0.171598 , 0
-0.700221,4.87,0.166689 , 0.166689 , 0
-0.700221,5.05,0.163186 , 0.163186 , 0
-0.700221,5.23,0.159975 , 0.159975 , 0
-0.700221,5.41,0.156527 , 0.156527 , 0
-0.700221,5.59,0.152487 , 0.152487 , 0
-0.700221,5.77,0.147586 , 0.147586 , 0
-0.700221,5.95,0.141993 , 0.141993 , 0
-0.700221,6.13,0.135856 , 0.135856 , 0
-0.700221,6.31,0.129324 , 0.129324 , 0
-0.700221,6.49,0.122422 , 0.122422 , 0
-0.700221,6.67,0.115453 , 0.115453 , 0
-0.700221,6.85,0.108543 , 0.108543 , 0
-0.700221,7.03,0.101794 , 0.101794 , 0
-0.700221,7.21,0.095274 , 0.095274 , 0
-0.700221,7.39,0.0890412 , 0.0890412 , 0
-0.700221,7.57,0.0831362 , 0.0831362 , 0
-0.700221,7.75,0.0775795 , 0.0775795 , 0
-0.700221,7.93,0.0723795 , 0.0723795 , 0
-0.700221,8.11,0.0675 , 0.0675 , 0
-0.700221,8.29,0.062967 , 0.062967 , 0
-0.700221,8.47,0.0587702 , 0.0587702 , 0
-0.700221,8.65,0.0548931 , 0.0548931 , 0
-0.700221,8.83,0.051317 , 0.051317 , 0
-0.700221,9.01,0.0480096 , 0.0480096 , 0
-0.700221,9.19,0.0449581 , 0.0449581 , 0
-0.700221,9.37,0.0421542 , 0.0421542 , 0
-0.700221,9.55,0.0395777 , 0.0395777 , 0
-0.700221,9.73,0.0372095 , 0.0372095 , 0
-0.700221,9.91,0.0350316 , 0.0350316 , 0
-0.692933,1.09,2.12753 , 2.12753 , 0
-0.692933,1.27,1.66983 , 1.66983 , 0
-0.692933,1.45,1.42048 , 1.42048 , 0
-0.692933,1.63,1.20076 , 1.20076 , 0
-0.692933,1.81,0.971114 , 0.971114 , 0
-0.692933,1.99,0.869372 , 0.869372 , 0
-0.692933,2.17,0.73675 , 0.73675 , 0
-0.692933,2.35,0.631287 , 0.631287 , 0
-0.692933,2.53,0.573373 , 0.573373 , 0
-0.692933,2.71,0.504222 , 0.504222 , 0
-0.692933,2.89,0.435388 , 0.435388 , 0
-0.692933,3.07,0.385861 , 0.385861 , 0
-0.692933,3.25,0.352539 , 0.352539 , 0
-0.692933,3.43,0.323529 , 0.323529 , 0
-0.692933,3.61,0.293075 , 0.293075 , 0
-0.692933,3.79,0.26176 , 0.26176 , 0
-0.692933,3.97,0.233384 , 0.233384 , 0
-0.692933,4.15,0.209904 , 0.209904 , 0
-0.692933,4.33,0.192733 , 0.192733 , 0
-0.692933,4.51,0.181079 , 0.181079 , 0
-0.692933,4.69,0.173313 , 0.173313 , 0
-0.692933,4.87,0.1683 , 0.1683 , 0
-0.692933,5.05,0.164629 , 0.164629 , 0
-0.692933,5.23,0.161215 , 0.161215 , 0
-0.692933,5.41,0.15755 , 0.15755 , 0
-0.692933,5.59,0.153302 , 0.153302 , 0
-0.692933,5.77,0.148222 , 0.148222 , 0
-0.692933,5.95,0.142483 , 0.142483 , 0
-0.692933,6.13,0.136234 , 0.136234 , 0
-0.692933,6.31,0.129622 , 0.129622 , 0
-0.692933,6.49,0.122661 , 0.122661 , 0
-0.692933,6.67,0.115656 , 0.115656 , 0
-0.692933,6.85,0.108729 , 0.108729 , 0
-0.692933,7.03,0.101978 , 0.101978 , 0
-0.692933,7.21,0.0954649 , 0.0954649 , 0
-0.692933,7.39,0.0892456 , 0.0892456 , 0
-0.692933,7.57,0.0833575 , 0.0833575 , 0
-0.692933,7.75,0.0778191 , 0.0778191 , 0
-0.692933,7.93,0.0726373 , 0.0726373 , 0
-0.692933,8.11,0.0677781 , 0.0677781 , 0
-0.692933,8.29,0.0632634 , 0.0632634 , 0
-0.692933,8.47,0.0590822 , 0.0590822 , 0
-0.692933,8.65,0.0552178 , 0.0552178 , 0
-0.692933,8.83,0.0516515 , 0.0516515 , 0
-0.692933,9.01,0.048353 , 0.048353 , 0
-0.692933,9.19,0.0453091 , 0.0453091 , 0
-0.692933,9.37,0.0425101 , 0.0425101 , 0
-0.692933,9.55,0.0399362 , 0.0399362 , 0
-0.692933,9.73,0.0375685 , 0.0375685 , 0
-0.692933,9.91,0.0353894 , 0.0353894 , 0
-0.685645,1.09,2.1082 , 2.1082 , 0
-0.685645,1.27,1.66662 , 1.66662 , 0
-0.685645,1.45,1.41802 , 1.41802 , 0
-0.685645,1.63,1.22014 , 1.22014 , 0
-0.685645,1.81,0.979736 , 0.979736 , 0
-0.685645,1.99,0.882301 , 0.882301 , 0
-0.685645,2.17,0.7398 , 0.7398 , 0
-0.685645,2.35,0.640326 , 0.640326 , 0
-0.685645,2.53,0.581184 , 0.581184 , 0
-0.685645,2.71,0.507802 , 0.507802 , 0
-0.685645,2.89,0.438527 , 0.438527 , 0
-0.685645,3.07,0.39043 , 0.39043 , 0
-0.685645,3.25,0.357702 , 0.357702 , 0
-0.685645,3.43,0.328019 , 0.328019 , 0
-0.685645,3.61,0.296407 , 0.296407 , 0
-0.685645,3.79,0.264137 , 0.264137 , 0
-0.685645,3.97,0.235226 , 0.235226 , 0
-0.685645,4.15,0.211545 , 0.211545 , 0
-0.685645,4.33,0.194335 , 0.194335 , 0
-0.685645,4.51,0.182666 , 0.182666 , 0
-0.685645,4.69,0.174833 , 0.174833 , 0
-0.685645,4.87,0.169682 , 0.169682 , 0
-0.685645,5.05,0.16582 , 0.16582 , 0
-0.685645,5.23,0.162194 , 0.162194 , 0
-0.685645,5.41,0.158317 , 0.158317 , 0
-0.685645,5.59,0.153877 , 0.153877 , 0
-0.685645,5.77,0.148639 , 0.148639 , 0
-0.685645,5.95,0.142781 , 0.142781 , 0
-0.685645,6.13,0.136448 , 0.136448 , 0
-0.685645,6.31,0.129787 , 0.129787 , 0
-0.685645,6.49,0.122794 , 0.122794 , 0
-0.685645,6.67,0.11578 , 0.11578 , 0
-0.685645,6.85,0.108861 , 0.108861 , 0
-0.685645,7.03,0.102129 , 0.102129 , 0
-0.685645,7.21,0.0956414 , 0.0956414 , 0
-0.685645,7.39,0.0894514 , 0.0894514 , 0
-0.685645,7.57,0.0835935 , 0.0835935 , 0
-0.685645,7.75,0.0780845 , 0.0780845 , 0
-0.685645,7.93,0.0729297 , 0.0729297 , 0
-0.685645,8.11,0.0680979 , 0.0680979 , 0
-0.685645,8.29,0.063607 , 0.063607 , 0
-0.685645,8.47,0.0594454 , 0.0594454 , 0
-0.685645,8.65,0.0555965 , 0.0555965 , 0
-0.685645,8.83,0.052042 , 0.052042 , 0
-0.685645,9.01,0.0487532 , 0.0487532 , 0
-0.685645,9.19,0.045717 , 0.045717 , 0
-0.685645,9.37,0.0429226 , 0.0429226 , 0
-0.685645,9.55,0.0403504 , 0.0403504 , 0
-0.685645,9.73,0.0379821 , 0.0379821 , 0
-0.685645,9.91,0.0358003 , 0.0358003 , 0
-0.678356,1.09,2.08844 , 2.08844 , 0
-0.678356,1.27,1.6732 , 1.6732 , 0
-0.678356,1.45,1.41572 , 1.41572 , 0
-0.678356,1.63,1.23571 , 1.23571 , 0
-0.678356,1.81,0.990825 , 0.990825 , 0
-0.678356,1.99,0.892963 , 0.892963 , 0
-0.678356,2.17,0.743135 , 0.743135 , 0
-0.678356,2.35,0.650028 , 0.650028 , 0
-0.678356,2.53,0.588595 , 0.588595 , 0
-0.678356,2.71,0.511181 , 0.511181 , 0
-0.678356,2.89,0.44185 , 0.44185 , 0
-0.678356,3.07,0.395022 , 0.395022 , 0
-0.678356,3.25,0.362453 , 0.362453 , 0
-0.678356,3.43,0.331797 , 0.331797 , 0
-0.678356,3.61,0.299004 , 0.299004 , 0
-0.678356,3.79,0.265976 , 0.265976 , 0
-0.678356,3.97,0.236833 , 0.236833 , 0
-0.678356,4.15,0.213257 , 0.213257 , 0
-0.678356,4.33,0.19626 , 0.19626 , 0
-0.678356,4.51,0.184751 , 0.184751 , 0
-0.678356,4.69,0.17695 , 0.17695 , 0
-0.678356,4.87,0.171695 , 0.171695 , 0
-0.678356,5.05,0.167626 , 0.167626 , 0
-0.678356,5.23,0.163737 , 0.163737 , 0
-0.678356,5.41,0.159575 , 0.159575 , 0
-0.678356,5.59,0.154859 , 0.154859 , 0
-0.678356,5.77,0.149377 , 0.149377 , 0
-0.678356,5.95,0.143314 , 0.143314 , 0
-0.678356,6.13,0.13682 , 0.13682 , 0
-0.678356,6.31,0.130038 , 0.130038 , 0
-0.678356,6.49,0.122952 , 0.122952 , 0
-0.678356,6.67,0.115877 , 0.115877 , 0
-0.678356,6.85,0.108922 , 0.108922 , 0
-0.678356,7.03,0.102174 , 0.102174 , 0
-0.678356,7.21,0.0956846 , 0.0956846 , 0
-0.678356,7.39,0.0895029 , 0.0895029 , 0
-0.678356,7.57,0.0836601 , 0.0836601 , 0
-0.678356,7.75,0.07817 , 0.07817 , 0
-0.678356,7.93,0.073036 , 0.073036 , 0
-0.678356,8.11,0.0682287 , 0.0682287 , 0
-0.678356,8.29,0.0637612 , 0.0637612 , 0
-0.678356,8.47,0.0596212 , 0.0596212 , 0
-0.678356,8.65,0.0557916 , 0.0557916 , 0
-0.678356,8.83,0.0522538 , 0.0522538 , 0
-0.678356,9.01,0.048981 , 0.048981 , 0
-0.678356,9.19,0.0459597 , 0.0459597 , 0
-0.678356,9.37,0.0431774 , 0.0431774 , 0
-0.678356,9.55,0.0406148 , 0.0406148 , 0
-0.678356,9.73,0.0382538 , 0.0382538 , 0
-0.678356,9.91,0.0360771 , 0.0360771 , 0
-0.671068,1.09,2.08031 , 2.08031 , 0
-0.671068,1.27,1.69243 , 1.69243 , 0
-0.671068,1.45,1.41702 , 1.41702 , 0
-0.671068,1.63,1.24667 , 1.24667 , 0
-0.671068,1.81,1.00485 , 1.00485 , 0
-0.671068,1.99,0.901552 , 0.901552 , 0
-0.671068,2.17,0.747389 , 0.747389 , 0
-0.671068,2.35,0.660349 , 0.660349 , 0
-0.671068,2.53,0.595293 , 0.595293 , 0
-0.671068,2.71,0.514222 , 0.514222 , 0
-0.671068,2.89,0.445476 , 0.445476 , 0
-0.671068,3.07,0.399987 , 0.399987 , 0
-0.671068,3.25,0.36733 , 0.36733 , 0
-0.671068,3.43,0.335493 , 0.335493 , 0
-0.671068,3.61,0.301465 , 0.301465 , 0
-0.671068,3.79,0.267728 , 0.267728 , 0
-0.671068,3.97,0.238428 , 0.238428 , 0
-0.671068,4.15,0.215013 , 0.215013 , 0
-0.671068,4.33,0.198252 , 0.198252 , 0
-0.671068,4.51,0.186897 , 0.186897 , 0
-0.671068,4.69,0.179104 , 0.179104 , 0
-0.671068,4.87,0.173716 , 0.173716 , 0
-0.671068,5.05,0.169411 , 0.169411 , 0
-0.671068,5.23,0.165236 , 0.165236 , 0
-0.671068,5.41,0.160774 , 0.160774 , 0
-0.671068,5.59,0.155772 , 0.155772 , 0
-0.671068,5.77,0.150041 , 0.150041 , 0
-0.671068,5.95,0.143775 , 0.143775 , 0
-0.671068,6.13,0.137123 , 0.137123 , 0
-0.671068,6.31,0.130224 , 0.130224 , 0
-0.671068,6.49,0.123052 , 0.123052 , 0
-0.671068,6.67,0.115922 , 0.115922 , 0
-0.671068,6.85,0.108938 , 0.108938 , 0
-0.671068,7.03,0.10218 , 0.10218 , 0
-0.671068,7.21,0.0956947 , 0.0956947 , 0
-0.671068,7.39,0.0895268 , 0.0895268 , 0
-0.671068,7.57,0.0837037 , 0.0837037 , 0
-0.671068,7.75,0.0782368 , 0.0782368 , 0
-0.671068,7.93,0.0731273 , 0.0731273 , 0
-0.671068,8.11,0.0683477 , 0.0683477 , 0
-0.671068,8.29,0.0639065 , 0.0639065 , 0
-0.671068,8.47,0.0597905 , 0.0597905 , 0
-0.671068,8.65,0.0559821 , 0.0559821 , 0
-0.671068,8.83,0.0524626 , 0.0524626 , 0
-0.671068,9.01,0.0492074 , 0.0492074 , 0
-0.671068,9.19,0.0462022 , 0.0462022 , 0
-0.671068,9.37,0.043433 , 0.043433 , 0
-0.671068,9.55,0.0408809 , 0.0408809 , 0
-0.671068,9.73,0.0385278 , 0.0385278 , 0
-0.671068,9.91,0.0363569 , 0.0363569 , 0
-0.66378,1.09,2.09226 , 2.09226 , 0
-0.66378,1.27,1.72341 , 1.72341 , 0
-0.66378,1.45,1.42447 , 1.42447 , 0
-0.66378,1.63,1.25327 , 1.25327 , 0
-0.66378,1.81,1.02137 , 1.02137 , 0
-0.66378,1.99,0.908113 , 0.908113 , 0
-0.66378,2.17,0.752927 , 0.752927 , 0
-0.66378,2.35,0.670967 , 0.670967 , 0
-0.66378,2.53,0.601149 , 0.601149 , 0
-0.66378,2.71,0.517055 , 0.517055 , 0
-0.66378,2.89,0.449513 , 0.449513 , 0
-0.66378,3.07,0.405326 , 0.405326 , 0
-0.66378,3.25,0.372285 , 0.372285 , 0
-0.66378,3.43,0.339072 , 0.339072 , 0
-0.66378,3.61,0.303783 , 0.303783 , 0
-0.66378,3.79,0.269407 , 0.269407 , 0
-0.66378,3.97,0.240031 , 0.240031 , 0
-0.66378,4.15,0.216826 , 0.216826 , 0
-0.66378,4.33,0.200313 , 0.200313 , 0
-0.66378,4.51,0.189094 , 0.189094 , 0
-0.66378,4.69,0.181277 , 0.181277 , 0
-0.66378,4.87,0.17572 , 0.17572 , 0
-0.66378,5.05,0.171149 , 0.171149 , 0
-0.66378,5.23,0.166666 , 0.166666 , 0
-0.66378,5.41,0.161888 , 0.161888 , 0
-0.66378,5.59,0.156595 , 0.156595 , 0
-0.66378,5.77,0.150615 , 0.150615 , 0
-0.66378,5.95,0.144148 , 0.144148 , 0
-0.66378,6.13,0.137344 , 0.137344 , 0
-0.66378,6.31,0.130337 , 0.130337 , 0
-0.66378,6.49,0.123087 , 0.123087 , 0
-0.66378,6.67,0.115912 , 0.115912 , 0
-0.66378,6.85,0.108907 , 0.108907 , 0
-0.66378,7.03,0.102147 , 0.102147 , 0
-0.66378,7.21,0.0956729 , 0.0956729 , 0
-0.66378,7.39,0.089525 , 0.089525 , 0
-0.66378,7.57,0.0837273 , 0.0837273 , 0
-0.66378,7.75,0.0782882 , 0.0782882 , 0
-0.66378,7.93,0.0732072 , 0.0732072 , 0
-0.66378,8.11,0.0684588 , 0.0684588 , 0
-0.66378,8.29,0.0640468 , 0.0640468 , 0
-0.66378,8.47,0.0599572 , 0.0599572 , 0
-0.66378,8.65,0.0561721 , 0.0561721 , 0
-0.66378,8.83,0.0526727 , 0.0526727 , 0
-0.66378,9.01,0.0494362 , 0.0494362 , 0
-0.66378,9.19,0.0464482 , 0.0464482 , 0
-0.66378,9.37,0.0436931 , 0.0436931 , 0
-0.66378,9.55,0.0411521 , 0.0411521 , 0
-0.66378,9.73,0.0388075 , 0.0388075 , 0
-0.66378,9.91,0.0366428 , 0.0366428 , 0
-0.656492,1.09,2.12661 , 2.12661 , 0
-0.656492,1.27,1.76248 , 1.76248 , 0
-0.656492,1.45,1.43939 , 1.43939 , 0
-0.656492,1.63,1.25644 , 1.25644 , 0
-0.656492,1.81,1.03964 , 1.03964 , 0
-0.656492,1.99,0.912919 , 0.912919 , 0
-0.656492,2.17,0.759987 , 0.759987 , 0
-0.656492,2.35,0.681495 , 0.681495 , 0
-0.656492,2.53,0.606077 , 0.606077 , 0
-0.656492,2.71,0.519845 , 0.519845 , 0
-0.656492,2.89,0.454071 , 0.454071 , 0
-0.656492,3.07,0.411041 , 0.411041 , 0
-0.656492,3.25,0.377284 , 0.377284 , 0
-0.656492,3.43,0.342519 , 0.342519 , 0
-0.656492,3.61,0.305974 , 0.305974 , 0
-0.656492,3.79,0.27104 , 0.27104 , 0
-0.656492,3.97,0.241665 , 0.241665 , 0
-0.656492,4.15,0.218704 , 0.218704 , 0
-0.656492,4.33,0.202429 , 0.202429 , 0
-0.656492,4.51,0.191312 , 0.191312 , 0
-0.656492,4.69,0.183427 , 0.183427 , 0
-0.656492,4.87,0.177658 , 0.177658 , 0
-0.656492,5.05,0.172788 , 0.172788 , 0
-0.656492,5.23,0.167975 , 0.167975 , 0
-0.656492,5.41,0.162872 , 0.162872 , 0
-0.656492,5.59,0.157285 , 0.157285 , 0
-0.656492,5.77,0.151062 , 0.151062 , 0
-0.656492,5.95,0.144405 , 0.144405 , 0
-0.656492,6.13,0.137461 , 0.137461 , 0
-0.656492,6.31,0.13036 , 0.13036 , 0
-0.656492,6.49,0.123046 , 0.123046 , 0
-0.656492,6.67,0.115838 , 0.115838 , 0
-0.656492,6.85,0.108825 , 0.108825 , 0
-0.656492,7.03,0.102074 , 0.102074 , 0
-0.656492,7.21,0.0956207 , 0.0956207 , 0
-0.656492,7.39,0.0895011 , 0.0895011 , 0
-0.656492,7.57,0.0837357 , 0.0837357 , 0
-0.656492,7.75,0.0783306 , 0.0783306 , 0
-0.656492,7.93,0.0732831 , 0.0732831 , 0
-0.656492,8.11,0.0685699 , 0.0685699 , 0
-0.656492,8.29,0.0641905 , 0.0641905 , 0
-0.656492,8.47,0.0601299 , 0.0601299 , 0
-0.656492,8.65,0.0563702 , 0.0563702 , 0
-0.656492,8.83,0.0528925 , 0.0528925 , 0
-0.656492,9.01,0.0496762 , 0.0496762 , 0
-0.656492,9.19,0.0467062 , 0.0467062 , 0
-0.656492,9.37,0.0439658 , 0.0439658 , 0
-0.656492,9.55,0.0414363 , 0.0414363 , 0
-0.656492,9.73,0.0391005 , 0.0391005 , 0
-0.656492,9.91,0.036942 , 0.036942 , 0
-0.649204,1.09,2.18027 , 2.18027 , 0
-0.649204,1.27,1.80587 , 1.80587 , 0
-0.649204,1.45,1.4628 , 1.4628 , 0
-0.649204,1.63,1.25821 , 1.25821 , 0
-0.649204,1.81,1.05955 , 1.05955 , 0
-0.649204,1.99,0.916743 , 0.916743 , 0
-0.649204,2.17,0.769085 , 0.769085 , 0
-0.649204,2.35,0.691669 , 0.691669 , 0
-0.649204,2.53,0.610043 , 0.610043 , 0
-0.649204,2.71,0.522875 , 0.522875 , 0
-0.649204,2.89,0.459493 , 0.459493 , 0
-0.649204,3.07,0.417433 , 0.417433 , 0
-0.649204,3.25,0.382594 , 0.382594 , 0
-0.649204,3.43,0.346085 , 0.346085 , 0
-0.649204,3.61,0.308254 , 0.308254 , 0
-0.649204,3.79,0.272783 , 0.272783 , 0
-0.649204,3.97,0.243396 , 0.243396 , 0
-0.649204,4.15,0.220619 , 0.220619 , 0
-0.649204,4.33,0.204486 , 0.204486 , 0
-0.649204,4.51,0.193363 , 0.193363 , 0
-0.649204,4.69,0.185314 , 0.185314 , 0
-0.649204,4.87,0.179263 , 0.179263 , 0
-0.649204,5.05,0.174051 , 0.174051 , 0
-0.649204,5.23,0.168895 , 0.168895 , 0
-0.649204,5.41,0.163475 , 0.163475 , 0
-0.649204,5.59,0.157621 , 0.157621 , 0
-0.649204,5.77,0.15119 , 0.15119 , 0
-0.649204,5.95,0.144386 , 0.144386 , 0
-0.649204,6.13,0.137348 , 0.137348 , 0
-0.649204,6.31,0.130197 , 0.130197 , 0
-0.649204,6.49,0.122861 , 0.122861 , 0
-0.649204,6.67,0.11566 , 0.11566 , 0
-0.649204,6.85,0.108673 , 0.108673 , 0
-0.649204,7.03,0.101961 , 0.101961 , 0
-0.649204,7.21,0.0955547 , 0.0955547 , 0
-0.649204,7.39,0.0894851 , 0.0894851 , 0
-0.649204,7.57,0.0837702 , 0.0837702 , 0
-0.649204,7.75,0.0784137 , 0.0784137 , 0
-0.649204,7.93,0.0734114 , 0.0734114 , 0
-0.649204,8.11,0.0687425 , 0.0687425 , 0
-0.649204,8.29,0.0644024 , 0.0644024 , 0
-0.649204,8.47,0.0603758 , 0.0603758 , 0
-0.649204,8.65,0.0566448 , 0.0566448 , 0
-0.649204,8.83,0.0531908 , 0.0531908 , 0
-0.649204,9.01,0.049995 , 0.049995 , 0
-0.649204,9.19,0.0470424 , 0.0470424 , 0
-0.649204,9.37,0.0443152 , 0.0443152 , 0
-0.649204,9.55,0.0417954 , 0.0417954 , 0
-0.649204,9.73,0.0394661 , 0.0394661 , 0
-0.649204,9.91,0.0373114 , 0.0373114 , 0
-0.641916,1.09,2.25417 , 2.25417 , 0
-0.641916,1.27,1.85707 , 1.85707 , 0
-0.641916,1.45,1.49758 , 1.49758 , 0
-0.641916,1.63,1.26733 , 1.26733 , 0
-0.641916,1.81,1.08266 , 1.08266 , 0
-0.641916,1.99,0.923998 , 0.923998 , 0
-0.641916,2.17,0.781953 , 0.781953 , 0
-0.641916,2.35,0.703271 , 0.703271 , 0
-0.641916,2.53,0.615361 , 0.615361 , 0
-0.641916,2.71,0.527492 , 0.527492 , 0
-0.641916,2.89,0.465915 , 0.465915 , 0
-0.641916,3.07,0.424058 , 0.424058 , 0
-0.641916,3.25,0.38766 , 0.38766 , 0
-0.641916,3.43,0.349323 , 0.349323 , 0
-0.641916,3.61,0.310377 , 0.310377 , 0
-0.641916,3.79,0.274616 , 0.274616 , 0
-0.641916,3.97,0.24545 , 0.24545 , 0
-0.641916,4.15,0.223051 , 0.223051 , 0
-0.641916,4.33,0.207196 , 0.207196 , 0
-0.641916,4.51,0.19615 , 0.19615 , 0
-0.641916,4.69,0.187972 , 0.187972 , 0
-0.641916,4.87,0.181642 , 0.181642 , 0
-0.641916,5.05,0.176065 , 0.176065 , 0
-0.641916,5.23,0.170514 , 0.170514 , 0
-0.641916,5.41,0.164716 , 0.164716 , 0
-0.641916,5.59,0.158526 , 0.158526 , 0
-0.641916,5.77,0.151823 , 0.151823 , 0
-0.641916,5.95,0.144804 , 0.144804 , 0
-0.641916,6.13,0.137603 , 0.137603 , 0
-0.641916,6.31,0.130337 , 0.130337 , 0
-0.641916,6.49,0.122923 , 0.122923 , 0
-0.641916,6.67,0.115676 , 0.115676 , 0
-0.641916,6.85,0.108668 , 0.108668 , 0
-0.641916,7.03,0.101956 , 0.101956 , 0
-0.641916,7.21,0.0955604 , 0.0955604 , 0
-0.641916,7.39,0.0895108 , 0.0895108 , 0
-0.641916,7.57,0.0838217 , 0.0838217 , 0
-0.641916,7.75,0.0784939 , 0.0784939 , 0
-0.641916,7.93,0.0735214 , 0.0735214 , 0
-0.641916,8.11,0.068882 , 0.068882 , 0
-0.641916,8.29,0.0645697 , 0.0645697 , 0
-0.641916,8.47,0.0605686 , 0.0605686 , 0
-0.641916,8.65,0.0568603 , 0.0568603 , 0
-0.641916,8.83,0.0534261 , 0.0534261 , 0
-0.641916,9.01,0.0502457 , 0.0502457 , 0
-0.641916,9.19,0.0473045 , 0.0473045 , 0
-0.641916,9.37,0.0445863 , 0.0445863 , 0
-0.641916,9.55,0.0420733 , 0.0420733 , 0
-0.641916,9.73,0.0397487 , 0.0397487 , 0
-0.641916,9.91,0.0375969 , 0.0375969 , 0
-0.634628,1.09,2.32404 , 2.32404 , 0
-0.634628,1.27,1.90124 , 1.90124 , 0
-0.634628,1.45,1.53517 , 1.53517 , 0
-0.634628,1.63,1.27841 , 1.27841 , 0
-0.634628,1.81,1.10441 , 1.10441 , 0
-0.634628,1.99,0.931441 , 0.931441 , 0
-0.634628,2.17,0.796061 , 0.796061 , 0
-0.634628,2.35,0.714035 , 0.714035 , 0
-0.634628,2.53,0.620247 , 0.620247 , 0
-0.634628,2.71,0.532592 , 0.532592 , 0
-0.634628,2.89,0.472812 , 0.472812 , 0
-0.634628,3.07,0.430725 , 0.430725 , 0
-0.634628,3.25,0.392498 , 0.392498 , 0
-0.634628,3.43,0.352339 , 0.352339 , 0
-0.634628,3.61,0.312419 , 0.312419 , 0
-0.634628,3.79,0.276507 , 0.276507 , 0
-0.634628,3.97,0.247638 , 0.247638 , 0
-0.634628,4.15,0.225628 , 0.225628 , 0
-0.634628,4.33,0.210016 , 0.210016 , 0
-0.634628,4.51,0.198991 , 0.198991 , 0
-0.634628,4.69,0.190632 , 0.190632 , 0
-0.634628,4.87,0.183978 , 0.183978 , 0
-0.634628,5.05,0.178004 , 0.178004 , 0
-0.634628,5.23,0.172041 , 0.172041 , 0
-0.634628,5.41,0.165859 , 0.165859 , 0
-0.634628,5.59,0.159334 , 0.159334 , 0
-0.634628,5.77,0.152365 , 0.152365 , 0
-0.634628,5.95,0.145139 , 0.145139 , 0
-0.634628,6.13,0.137787 , 0.137787 , 0
-0.634628,6.31,0.130417 , 0.130417 , 0
-0.634628,6.49,0.122935 , 0.122935 , 0
-0.634628,6.67,0.115651 , 0.115651 , 0
-0.634628,6.85,0.108633 , 0.108633 , 0
-0.634628,7.03,0.101926 , 0.101926 , 0
-0.634628,7.21,0.0955482 , 0.0955482 , 0
-0.634628,7.39,0.0895236 , 0.0895236 , 0
-0.634628,7.57,0.0838644 , 0.0838644 , 0
-0.634628,7.75,0.0785687 , 0.0785687 , 0
-0.634628,7.93,0.0736285 , 0.0736285 , 0
-0.634628,8.11,0.0690206 , 0.0690206 , 0
-0.634628,8.29,0.0647377 , 0.0647377 , 0
-0.634628,8.47,0.0607632 , 0.0607632 , 0
-0.634628,8.65,0.0570785 , 0.0570785 , 0
-0.634628,8.83,0.0536648 , 0.0536648 , 0
-0.634628,9.01,0.0505003 , 0.0505003 , 0
-0.634628,9.19,0.0475708 , 0.0475708 , 0
-0.634628,9.37,0.0448618 , 0.0448618 , 0
-0.634628,9.55,0.0423557 , 0.0423557 , 0
-0.634628,9.73,0.0400358 , 0.0400358 , 0
-0.634628,9.91,0.0378868 , 0.0378868 , 0
-0.62734,1.09,2.38109 , 2.38109 , 0
-0.62734,1.27,1.93568 , 1.93568 , 0
-0.62734,1.45,1.57267 , 1.57267 , 0
-0.62734,1.63,1.29271 , 1.29271 , 0
-0.62734,1.81,1.12403 , 1.12403 , 0
-0.62734,1.99,0.939775 , 0.939775 , 0
-0.62734,2.17,0.811048 , 0.811048 , 0
-0.62734,2.35,0.723773 , 0.723773 , 0
-0.62734,2.53,0.624897 , 0.624897 , 0
-0.62734,2.71,0.53829 , 0.53829 , 0
-0.62734,2.89,0.480134 , 0.480134 , 0
-0.62734,3.07,0.437346 , 0.437346 , 0
-0.62734,3.25,0.397071 , 0.397071 , 0
-0.62734,3.43,0.355148 , 0.355148 , 0
-0.62734,3.61,0.31442 , 0.31442 , 0
-0.62734,3.79,0.278492 , 0.278492 , 0
-0.62734,3.97,0.24998 , 0.24998 , 0
-0.62734,4.15,0.228349 , 0.228349 , 0
-0.62734,4.33,0.212931 , 0.212931 , 0
-0.62734,4.51,0.201865 , 0.201865 , 0
-0.62734,4.69,0.193266 , 0.193266 , 0
-0.62734,4.87,0.186245 , 0.186245 , 0
-0.62734,5.05,0.179846 , 0.179846 , 0
-0.62734,5.23,0.173456 , 0.173456 , 0
-0.62734,5.41,0.166886 , 0.166886 , 0
-0.62734,5.59,0.160032 , 0.160032 , 0
-0.62734,5.77,0.152806 , 0.152806 , 0
-0.62734,5.95,0.145386 , 0.145386 , 0
-0.62734,6.13,0.137896 , 0.137896 , 0
-0.62734,6.31,0.130435 , 0.130435 , 0
-0.62734,6.49,0.122897 , 0.122897 , 0
-0.62734,6.67,0.115588 , 0.115588 , 0
-0.62734,6.85,0.108567 , 0.108567 , 0
-0.62734,7.03,0.101874 , 0.101874 , 0
-0.62734,7.21,0.0955202 , 0.0955202 , 0
-0.62734,7.39,0.089526 , 0.089526 , 0
-0.62734,7.57,0.0839009 , 0.0839009 , 0
-0.62734,7.75,0.0786406 , 0.0786406 , 0
-0.62734,7.93,0.0737352 , 0.0737352 , 0
-0.62734,8.11,0.0691608 , 0.0691608 , 0
-0.62734,8.29,0.0649088 , 0.0649088 , 0
-0.62734,8.47,0.060962 , 0.060962 , 0
-0.62734,8.65,0.0573017 , 0.0573017 , 0
-0.62734,8.83,0.0539091 , 0.0539091 , 0
-0.62734,9.01,0.0507607 , 0.0507607 , 0
-0.62734,9.19,0.0478432 , 0.0478432 , 0
-0.62734,9.37,0.0451435 , 0.0451435 , 0
-0.62734,9.55,0.0426441 , 0.0426441 , 0
-0.62734,9.73,0.0403289 , 0.0403289 , 0
-0.62734,9.91,0.0381827 , 0.0381827 , 0
