-0.984455,1.09,0
-0.984455,1.27,0
-0.984455,1.45,0
-0.984455,1.63,0
-0.984455,1.81,0
-0.984455,1.99,0
-0.984455,2.17,0
-0.984455,2.35,0
-0.984455,2.53,0
-0.984455,2.71,0
-0.984455,2.89,0
-0.984455,3.07,0
-0.984455,3.25,0
-0.984455,3.43,0
-0.984455,3.61,0
-0.984455,3.79,0
-0.984455,3.97,0
-0.984455,4.15,0
-0.984455,4.33,0
-0.984455,4.51,0
-0.984455,4.69,0
-0.984455,4.87,0
-0.984455,5.05,0
-0.984455,5.23,0
-0.984455,5.41,0
-0.984455,5.59,0
-0.984455,5.77,0
-0.984455,5.95,0
-0.984455,6.13,0
-0.984455,6.31,0
-0.984455,6.49,0
-0.984455,6.67,0
-0.984455,6.85,0
-0.984455,7.03,0
-0.984455,7.21,0
-0.984455,7.39,0
-0.984455,7.57,0
-0.984455,7.75,0
-0.984455,7.93,0
-0.984455,8.11,0
-0.984455,8.29,0
-0.984455,8.47,0
-0.984455,8.65,0
-0.984455,8.83,0
-0.984455,9.01,0
-0.984455,9.19,0
-0.984455,9.37,0
-0.984455,9.55,0
-0.984455,9.73,0
-0.984455,9.91,0
-0.977166,1.09,0
-0.977166,1.27,0
-0.977166,1.45,0
-0.977166,1.63,0
-0.977166,1.81,0
-0.977166,1.99,0
-0.977166,2.17,0
-0.977166,2.35,0
-0.977166,2.53,0
-0.977166,2.71,0
-0.977166,2.89,0
-0.977166,3.07,0
-0.977166,3.25,0
-0.977166,3.43,0
-0.977166,3.61,0
-0.977166,3.79,0
-0.977166,3.97,0
-0.977166,4.15,0
-0.977166,4.33,0
-0.977166,4.51,0
-0.977166,4.69,0
-0.977166,4.87,0
-0.977166,5.05,0
-0.977166,5.23,0
-0.977166,5.41,0
-0.977166,5.59,0
-0.977166,5.77,0
-0.977166,5.95,0
-0.977166,6.13,0
-0.977166,6.31,0
-0.977166,6.49,0
-0.977166,6.67,0
-0.977166,6.85,0
-0.977166,7.03,0
-0.977166,7.21,0
-0.977166,7.39,0
-0.977166,7.57,0
-0.977166,7.75,0
-0.977166,7.93,0
-0.977166,8.11,0
-0.977166,8.29,0
-0.977166,8.47,0
-0.977166,8.65,0
-0.977166,8.83,0
-0.977166,9.01,0
-0.977166,9.19,0
-0.977166,9.37,0
-0.977166,9.55,0
-0.977166,9.73,0
-0.977166,9.91,0
-0.969878,1.09,0
-0.969878,1.27,0
-0.969878,1.45,0
-0.969878,1.63,0
-0.969878,1.81,0
-0.969878,1.99,0
-0.969878,2.17,0
-0.969878,2.35,0
-0.969878,2.53,0
-0.969878,2.71,0
-0.969878,2.89,0
-0.969878,3.07,0
-0.969878,3.25,0
-0.969878,3.43,0
-0.969878,3.61,0
-0.969878,3.79,0
-0.969878,3.97,0
-0.969878,4.15,0
-0.969878,4.33,0
-0.969878,4.51,0
-0.969878,4.69,0
-0.969878,4.87,0
-0.969878,5.05,0
-0.969878,5.23,0
-0.969878,5.41,0
-0.969878,5.59,0
-0.969878,5.77,0
-0.969878,5.95,0
-0.969878,6.13,0
-0.969878,6.31,0
-0.969878,6.49,0
-0.969878,6.67,0
-0.969878,6.85,0
-0.969878,7.03,0
-0.969878,7.21,0
-0.969878,7.39,0
-0.969878,7.57,0
-0.969878,7.75,0
-0.969878,7.93,0
-0.969878,8.11,0
-0.969878,8.29,0
-0.969878,8.47,0
-0.969878,8.65,0
-0.969878,8.83,0
-0.969878,9.01,0
-0.969878,9.19,0
-0.969878,9.37,0
-0.969878,9.55,0
-0.969878,9.73,0
-0.969878,9.91,0
-0.96259,1.09,0
-0.96259,1.27,0
-0.96259,1.45,0
-0.96259,1.63,0
-0.96259,1.81,0
-0.96259,1.99,0
-0.96259,2.17,0
-0.96259,2.35,0
-0.96259,2.53,0
-0.96259,2.71,0
-0.96259,2.89,0
-0.96259,3.07,0
-0.96259,3.25,0
-0.96259,3.43,0
-0.96259,3.61,0
-0.96259,3.79,0
-0.96259,3.97,0
-0.96259,4.15,0
-0.96259,4.33,0
-0.96259,4.51,0
-0.96259,4.69,0
-0.96259,4.87,0
-0.96259,5.05,0
-0.96259,5.23,0
-0.96259,5.41,0
-0.96259,5.59,0
-0.96259,5.77,0
-0.96259,5.95,0
-0.96259,6.13,0
-0.96259,6.31,0
-0.96259,6.49,0
-0.96259,6.67,0
-0.96259,6.85,0
-0.96259,7.03,0
-0.96259,7.21,0
-0.96259,7.39,0
-0.96259,7.57,0
-0.96259,7.75,0
-0.96259,7.93,0
-0.96259,8.11,0
-0.96259,8.29,0
-0.96259,8.47,0
-0.96259,8.65,0
-0.96259,8.83,0
-0.96259,9.01,0
-0.96259,9.19,0
-0.96259,9.37,0
-0.96259,9.55,0
-0.96259,9.73,0
-0.96259,9.91,0
-0.955302,1.09,-0.0113789
-0.955302,1.27,0.0198
-0.955302,1.45,0.0570696
-0.955302,1.63,0.00762329
-0.955302,1.81,-0.035409
-0.955302,1.99,-0.0065594
-0.955302,2.17,0.0286617
-0.955302,2.35,-0.0374241
-0.955302,2.53,-0.0416353
-0.955302,2.71,-0.0266304
-0.955302,2.89,-0.0382401
-0.955302,3.07,-0.0519353
-0.955302,3.25,-0.0566718
-0.955302,3.43,-0.0691824
-0.955302,3.61,-0.100749
-0.955302,3.79,-0.143601
-0.955302,3.97,-0.174845
-0.955302,4.15,-0.167813
-0.955302,4.33,-0.107501
-0.955302,4.51,-0.00510542
-0.955302,4.69,0.105121
-0.955302,4.87,0.189561
-0.955302,5.05,0.23407
-0.955302,5.23,0.242277
-0.955302,5.41,0.223944
-0.955302,5.59,0.189272
-0.955302,5.77,0.14589
-0.955302,5.95,0.0989788
-0.955302,6.13,0.0517762
-0.955302,6.31,0.00628629
-0.955302,6.49,-0.0361949
-0.955302,6.67,-0.0748438
-0.955302,6.85,-0.109137
-0.955302,7.03,-0.138722
-0.955302,7.21,-0.163451
-0.955302,7.39,-0.183169
-0.955302,7.57,-0.197812
-0.955302,7.75,-0.207442
-0.955302,7.93,-0.212228
-0.955302,8.11,-0.213104
-0.955302,8.29,-0.209828
-0.955302,8.47,-0.202771
-0.955302,8.65,-0.192434
-0.955302,8.83,-0.179366
-0.955302,9.01,-0.163946
-0.955302,9.19,-0.146845
-0.955302,9.37,-0.128815
-0.955302,9.55,-0.110372
-0.955302,9.73,-0.0919661
-0.955302,9.91,-0.0739759
-0.948014,1.09,-0.0402336
-0.948014,1.27,0.0542229
-0.948014,1.45,0.0214455
-0.948014,1.63,-0.0488849
-0.948014,1.81,-0.0553939
-0.948014,1.99,-0.0267571
-0.948014,2.17,0.0848813
-0.948014,2.35,-0.0341172
-0.948014,2.53,-0.071743
-0.948014,2.71,-0.102997
-0.948014,2.89,-0.147194
-0.948014,3.07,-0.156181
-0.948014,3.25,-0.14222
-0.948014,3.43,-0.151526
-0.948014,3.61,-0.206942
-0.948014,3.79,-0.292478
-0.948014,3.97,-0.365971
-0.948014,4.15,-0.379623
-0.948014,4.33,-0.299393
-0.948014,4.51,-0.126083
-0.948014,4.69,0.0956186
-0.948014,4.87,0.299981
-0.948014,5.05,0.439505
-0.948014,5.23,0.502784
-0.948014,5.41,0.501067
-0.948014,5.59,0.454352
-0.948014,5.77,0.380502
-0.948014,5.95,0.292841
-0.948014,6.13,0.200041
-0.948014,6.31,0.107518
-0.948014,6.49,0.0186121
-0.948014,6.67,-0.064501
-0.948014,6.85,-0.140555
-0.948014,7.03,-0.208744
-0.948014,7.21,-0.268692
-0.948014,7.39,-0.320042
-0.948014,7.57,-0.362569
-0.948014,7.75,-0.396231
-0.948014,7.93,-0.421123
-0.948014,8.11,-0.43873
-0.948014,8.29,-0.448357
-0.948014,8.47,-0.450362
-0.948014,8.65,-0.44533
-0.948014,8.83,-0.433957
-0.948014,9.01,-0.416563
-0.948014,9.19,-0.394138
-0.948014,9.37,-0.367998
-0.948014,9.55,-0.339039
-0.948014,9.73,-0.308121
-0.948014,9.91,-0.276037
-0.940726,1.09,-0.0637975
-0.940726,1.27,0.00896274
-0.940726,1.45,-0.0492094
-0.940726,1.63,-0.0997621
-0.940726,1.81,-0.0524752
-0.940726,1.99,-0.0345542
-0.940726,2.17,0.0927025
-0.940726,2.35,-0.0457979
-0.940726,2.53,-0.0747506
-0.940726,2.71,-0.140957
-0.940726,2.89,-0.190723
-0.940726,3.07,-0.178128
-0.940726,3.25,-0.146934
-0.940726,3.43,-0.150038
-0.940726,3.61,-0.206409
-0.940726,3.79,-0.298929
-0.940726,3.97,-0.389578
-0.940726,4.15,-0.43605
-0.940726,4.33,-0.402246
-0.940726,4.51,-0.271998
-0.940726,4.69,-0.0640332
-0.940726,4.87,0.169303
-0.940726,5.05,0.368392
-0.940726,5.23,0.498049
-0.940726,5.41,0.552175
-0.940726,5.59,0.544443
-0.940726,5.77,0.493549
-0.940726,5.95,0.416489
-0.940726,6.13,0.325529
-0.940726,6.31,0.228863
-0.940726,6.49,0.131714
-0.940726,6.67,0.0376211
-0.940726,6.85,-0.0513005
-0.940726,7.03,-0.133696
-0.940726,7.21,-0.20882
-0.940726,7.39,-0.276087
-0.940726,7.57,-0.335076
-0.940726,7.75,-0.385569
-0.940726,7.93,-0.427481
-0.940726,8.11,-0.462002
-0.940726,8.29,-0.488376
-0.940726,8.47,-0.506741
-0.940726,8.65,-0.517435
-0.940726,8.83,-0.520903
-0.940726,9.01,-0.517208
-0.940726,9.19,-0.507065
-0.940726,9.37,-0.491595
-0.940726,9.55,-0.47155
-0.940726,9.73,-0.447697
-0.940726,9.91,-0.420797
-0.933438,1.09,-0.057895
-0.933438,1.27,-0.0512824
-0.933438,1.45,-0.0997929
-0.933438,1.63,-0.150709
-0.933438,1.81,-0.0607549
-0.933438,1.99,-0.0335932
-0.933438,2.17,0.0775554
-0.933438,2.35,-0.0659368
-0.933438,2.53,-0.0812607
-0.933438,2.71,-0.160056
-0.933438,2.89,-0.193324
-0.933438,3.07,-0.160973
-0.933438,3.25,-0.124703
-0.933438,3.43,-0.126459
-0.933438,3.61,-0.175709
-0.933438,3.79,-0.260206
-0.933438,3.97,-0.354428
-0.933438,4.15,-0.427231
-0.933438,4.33,-0.446112
-0.933438,4.51,-0.385312
-0.933438,4.69,-0.239037
-0.933438,4.87,-0.0318334
-0.933438,5.05,0.186841
-0.933438,5.23,0.368758
-0.933438,5.41,0.486337
-0.933438,5.59,0.536777
-0.933438,5.77,0.531566
-0.933438,5.95,0.487093
-0.933438,6.13,0.417675
-0.933438,6.31,0.334067
-0.933438,6.49,0.243691
-0.933438,6.67,0.15179
-0.933438,6.85,0.0616941
-0.933438,7.03,-0.0244113
-0.933438,7.21,-0.105182
-0.933438,7.39,-0.179701
-0.933438,7.57,-0.247313
-0.933438,7.75,-0.307618
-0.933438,7.93,-0.360385
-0.933438,8.11,-0.406411
-0.933438,8.29,-0.445059
-0.933438,8.47,-0.476343
-0.933438,8.65,-0.500436
-0.933438,8.83,-0.517595
-0.933438,9.01,-0.527755
-0.933438,9.19,-0.53137
-0.933438,9.37,-0.529256
-0.933438,9.55,-0.521948
-0.933438,9.73,-0.510013
-0.933438,9.91,-0.494038
-0.92615,1.09,-0.0142206
-0.92615,1.27,-0.116878
-0.92615,1.45,-0.128768
-0.92615,1.63,-0.186578
-0.92615,1.81,-0.0785219
-0.92615,1.99,-0.0212341
-0.92615,2.17,0.0545659
-0.92615,2.35,-0.0770032
-0.92615,2.53,-0.0935139
-0.92615,2.71,-0.174424
-0.92615,2.89,-0.184494
-0.92615,3.07,-0.14088
-0.92615,3.25,-0.109185
-0.92615,3.43,-0.110264
-0.92615,3.61,-0.14569
-0.92615,3.79,-0.214871
-0.92615,3.97,-0.307221
-0.92615,4.15,-0.400652
-0.92615,4.33,-0.465191
-0.92615,4.51,-0.470246
-0.92615,4.69,-0.394747
-0.92615,4.87,-0.238941
-0.92615,5.05,-0.0318888
-0.92615,5.23,0.180313
-0.92615,5.41,0.355347
-0.92615,5.59,0.470446
-0.92615,5.77,0.523079
-0.92615,5.95,0.523923
-0.92615,6.13,0.487026
-0.92615,6.31,0.42518
-0.92615,6.49,0.34834
-0.92615,6.67,0.263913
-0.92615,6.85,0.176942
-0.92615,7.03,0.0908405
-0.92615,7.21,0.00786055
-0.92615,7.39,-0.0705856
-0.92615,7.57,-0.143506
-0.92615,7.75,-0.210265
-0.92615,7.93,-0.270477
-0.92615,8.11,-0.324573
-0.92615,8.29,-0.372073
-0.92615,8.47,-0.412936
-0.92615,8.65,-0.447252
-0.92615,8.83,-0.475184
-0.92615,9.01,-0.496653
-0.92615,9.19,-0.511954
-0.92615,9.37,-0.521671
-0.92615,9.55,-0.526181
-0.92615,9.73,-0.525894
-0.92615,9.91,-0.521241
-0.918862,1.09,0.030595
-0.918862,1.27,-0.164745
-0.918862,1.45,-0.132481
-0.918862,1.63,-0.192578
-0.918862,1.81,-0.100625
-0.918862,1.99,-0.00257512
-0.918862,2.17,0.0292646
-0.918862,2.35,-0.0821852
-0.918862,2.53,-0.110154
-0.918862,2.71,-0.178506
-0.918862,2.89,-0.165653
-0.918862,3.07,-0.122376
-0.918862,3.25,-0.102242
-0.918862,3.43,-0.0991021
-0.918862,3.61,-0.113002
-0.918862,3.79,-0.161526
-0.918862,3.97,-0.248993
-0.918862,4.15,-0.358684
-0.918862,4.33,-0.460738
-0.918862,4.51,-0.522059
-0.918862,4.69,-0.514329
-0.918862,4.87,-0.422399
-0.918862,5.05,-0.254836
-0.918862,5.23,-0.043795
-0.918862,5.41,0.167234
-0.918862,5.59,0.34059
-0.918862,5.77,0.456344
-0.918862,5.95,0.513339
-0.918862,6.13,0.520865
-0.918862,6.31,0.491533
-0.918862,6.49,0.43722
-0.918862,6.67,0.367526
-0.918862,6.85,0.289554
-0.918862,7.03,0.208319
-0.918862,7.21,0.127324
-0.918862,7.39,0.0486877
-0.918862,7.57,-0.0261068
-0.918862,7.75,-0.0960768
-0.918862,7.93,-0.160617
-0.918862,8.11,-0.219769
-0.918862,8.29,-0.27318
-0.918862,8.47,-0.32076
-0.918862,8.65,-0.362541
-0.918862,8.83,-0.398624
-0.918862,9.01,-0.428958
-0.918862,9.19,-0.453743
-0.918862,9.37,-0.473387
-0.918862,9.55,-0.488163
-0.918862,9.73,-0.498368
-0.918862,9.91,-0.504313
-0.911574,1.09,0.0502204
-0.911574,1.27,-0.174719
-0.911574,1.45,-0.118622
-0.911574,1.63,-0.167276
-0.911574,1.81,-0.113698
-0.911574,1.99,0.014384
-0.911574,2.17,0.0079287
-0.911574,2.35,-0.0860898
-0.911574,2.53,-0.127083
-0.911574,2.71,-0.170049
-0.911574,2.89,-0.141075
-0.911574,3.07,-0.109612
-0.911574,3.25,-0.102493
-0.911574,3.43,-0.0879261
-0.911574,3.61,-0.0739459
-0.911574,3.79,-0.0996167
-0.911574,3.97,-0.181403
-0.911574,4.15,-0.303763
-0.911574,4.33,-0.434629
-0.911574,4.51,-0.539572
-0.911574,4.69,-0.588632
-0.911574,4.87,-0.560218
-0.911574,5.05,-0.448874
-0.911574,5.23,-0.269617
-0.911574,5.41,-0.0549094
-0.911574,5.59,0.154795
-0.911574,5.77,0.326305
-0.911574,5.95,0.443325
-0.911574,6.13,0.505017
-0.911574,6.31,0.519645
-0.911574,6.49,0.498791
-0.911574,6.67,0.453314
-0.911574,6.85,0.392246
-0.911574,7.03,0.322387
-0.911574,7.21,0.248796
-0.911574,7.39,0.174534
-0.911574,7.57,0.101775
-0.911574,7.75,0.0320174
-0.911574,7.93,-0.0337859
-0.911574,8.11,-0.0952135
-0.911574,8.29,-0.151954
-0.911574,8.47,-0.203823
-0.911574,8.65,-0.250764
-0.911574,8.83,-0.292806
-0.911574,9.01,-0.329918
-0.911574,9.19,-0.362219
-0.911574,9.37,-0.389974
-0.911574,9.55,-0.413379
-0.911574,9.73,-0.432644
-0.911574,9.91,-0.447993
-0.904286,1.09,0.0545463
-0.904286,1.27,-0.143035
-0.904286,1.45,-0.0993986
-0.904286,1.63,-0.122126
-0.904286,1.81,-0.102311
-0.904286,1.99,0.0213959
-0.904286,2.17,-0.00367679
-0.904286,2.35,-0.0929308
-0.904286,2.53,-0.139717
-0.904286,2.71,-0.150489
-0.904286,2.89,-0.116366
-0.904286,3.07,-0.104241
-0.904286,3.25,-0.104577
-0.904286,3.43,-0.0703084
-0.904286,3.61,-0.0260035
-0.904286,3.79,-0.0302437
-0.904286,3.97,-0.106921
-0.904286,4.15,-0.238198
-0.904286,4.33,-0.388746
-0.904286,4.51,-0.523973
-0.904286,4.69,-0.615738
-0.904286,4.87,-0.64222
-0.904286,5.05,-0.591397
-0.904286,5.23,-0.464811
-0.904286,5.41,-0.279142
-0.904286,5.59,-0.0658287
-0.904286,5.77,0.139316
-0.904286,5.95,0.308079
-0.904286,6.13,0.426676
-0.904286,6.31,0.494252
-0.904286,6.49,0.51817
-0.904286,6.67,0.508164
-0.904286,6.85,0.474086
-0.904286,7.03,0.424187
-0.904286,7.21,0.365165
-0.904286,7.39,0.301195
-0.904286,7.57,0.235357
-0.904286,7.75,0.169873
-0.904286,7.93,0.10623
-0.904286,8.11,0.0454341
-0.904286,8.29,-0.012101
-0.904286,8.47,-0.0659999
-0.904286,8.65,-0.11605
-0.904286,8.83,-0.162158
-0.904286,9.01,-0.204256
-0.904286,9.19,-0.242371
-0.904286,9.37,-0.276631
-0.904286,9.55,-0.30715
-0.904286,9.73,-0.334064
-0.904286,9.91,-0.35752
-0.896998,1.09,0.0724976
-0.896998,1.27,-0.0885632
-0.896998,1.45,-0.0853165
-0.896998,1.63,-0.0746622
-0.896998,1.81,-0.0582469
-0.896998,1.99,0.0139029
-0.896998,2.17,-0.00181184
-0.896998,2.35,-0.105513
-0.896998,2.53,-0.144931
-0.896998,2.71,-0.123845
-0.896998,2.89,-0.0962884
-0.896998,3.07,-0.103659
-0.896998,3.25,-0.100208
-0.896998,3.43,-0.0408547
-0.896998,3.61,0.0305634
-0.896998,3.79,0.0432674
-0.896998,3.97,-0.0287684
-0.896998,4.15,-0.163885
-0.896998,4.33,-0.324469
-0.896998,4.51,-0.477424
-0.896998,4.69,-0.598295
-0.896998,4.87,-0.668114
-0.896998,5.05,-0.673465
-0.896998,5.23,-0.608139
-0.896998,5.41,-0.475214
-0.896998,5.59,-0.291722
-0.896998,5.77,-0.0853322
-0.896998,5.95,0.112891
-0.896998,6.13,0.279169
-0.896998,6.31,0.401288
-0.896998,6.49,0.478175
-0.896998,6.67,0.51476
-0.896998,6.85,0.519219
-0.896998,7.03,0.49995
-0.896998,7.21,0.464791
-0.896998,7.39,0.418953
-0.896998,7.57,0.366518
-0.896998,7.75,0.310631
-0.896998,7.93,0.253515
-0.896998,8.11,0.196925
-0.896998,8.29,0.141574
-0.896998,8.47,0.0881663
-0.896998,8.65,0.0371825
-0.896998,8.83,-0.0110734
-0.896998,9.01,-0.056408
-0.896998,9.19,-0.0987111
-0.896998,9.37,-0.137957
-0.896998,9.55,-0.174159
-0.896998,9.73,-0.20736
-0.896998,9.91,-0.237623
-0.88971,1.09,0.118165
-0.88971,1.27,-0.0443193
-0.88971,1.45,-0.0822722
-0.88971,1.63,-0.0391786
-0.88971,1.81,0.0133995
-0.88971,1.99,-0.0046904
-0.88971,2.17,0.0133477
-0.88971,2.35,-0.124839
-0.88971,2.53,-0.141563
-0.88971,2.71,-0.0948421
-0.88971,2.89,-0.0825928
-0.88971,3.07,-0.100954
-0.88971,3.25,-0.081197
-0.88971,3.43,0.00214121
-0.88971,3.61,0.0916381
-0.88971,3.79,0.115409
-0.88971,3.97,0.0495898
-0.88971,4.15,-0.0818638
-0.88971,4.33,-0.24225
-0.88971,4.51,-0.401894
-0.88971,4.69,-0.540598
-0.88971,4.87,-0.642911
-0.88971,5.05,-0.696359
-0.88971,5.23,-0.691444
-0.88971,5.41,-0.622607
-0.88971,5.59,-0.493754
-0.88971,5.77,-0.319233
-0.88971,5.95,-0.123549
-0.88971,6.13,0.0674978
-0.88971,6.31,0.233362
-0.88971,6.49,0.362931
-0.88971,6.67,0.452983
-0.88971,6.85,0.506501
-0.88971,7.03,0.529463
-0.88971,7.21,0.529344
-0.88971,7.39,0.511697
-0.88971,7.57,0.481349
-0.88971,7.75,0.442368
-0.88971,7.93,0.397854
-0.88971,8.11,0.350444
-0.88971,8.29,0.301385
-0.88971,8.47,0.251883
-0.88971,8.65,0.202832
-0.88971,8.83,0.15487
-0.88971,9.01,0.108443
-0.88971,9.19,0.0638705
-0.88971,9.37,0.0213694
-0.88971,9.55,-0.0189227
-0.88971,9.73,-0.0569229
-0.88971,9.91,-0.0925886
-0.882422,1.09,0.186072
-0.882422,1.27,-0.0326485
-0.882422,1.45,-0.0896889
-0.882422,1.63,-0.020126
-0.882422,1.81,0.0949901
-0.882422,1.99,-0.0217663
-0.882422,2.17,0.035665
-0.882422,2.35,-0.149728
-0.882422,2.53,-0.129703
-0.882422,2.71,-0.0671489
-0.882422,2.89,-0.0729055
-0.882422,3.07,-0.0872704
-0.882422,3.25,-0.043116
-0.882422,3.43,0.0550387
-0.882422,3.61,0.149378
-0.882422,3.79,0.179463
-0.882422,3.97,0.12534
-0.882422,4.15,0.00806846
-0.882422,4.33,-0.141409
-0.882422,4.51,-0.298444
-0.882422,4.69,-0.446527
-0.882422,4.87,-0.572829
-0.882422,5.05,-0.666059
-0.882422,5.23,-0.715731
-0.882422,5.41,-0.712046
-0.882422,5.59,-0.650202
-0.882422,5.77,-0.532281
-0.882422,5.95,-0.371661
-0.882422,6.13,-0.188119
-0.882422,6.31,-0.00326324
-0.882422,6.49,0.16497
-0.882422,6.67,0.305002
-0.882422,6.85,0.411925
-0.882422,7.03,0.486154
-0.882422,7.21,0.532144
-0.882422,7.39,0.554167
-0.882422,7.57,0.556801
-0.882422,7.75,0.544533
-0.882422,7.93,0.521168
-0.882422,8.11,0.49019
-0.882422,8.29,0.453559
-0.882422,8.47,0.41314
-0.882422,8.65,0.370393
-0.882422,8.83,0.326435
-0.882422,9.01,0.282125
-0.882422,9.19,0.238094
-0.882422,9.37,0.194808
-0.882422,9.55,0.152629
-0.882422,9.73,0.111824
-0.882422,9.91,0.0725877
-0.875134,1.09,0.25997
-0.875134,1.27,-0.0402243
-0.875134,1.45,-0.0967767
-0.875134,1.63,-0.0139312
-0.875134,1.81,0.164373
-0.875134,1.99,-0.0212285
-0.875134,2.17,0.0521994
-0.875134,2.35,-0.175998
-0.875134,2.53,-0.109927
-0.875134,2.71,-0.0426917
-0.875134,2.89,-0.0616418
-0.875134,3.07,-0.0557001
-0.875134,3.25,0.0123506
-0.875134,3.43,0.109279
-0.875134,3.61,0.194146
-0.875134,3.79,0.229425
-0.875134,3.97,0.197224
-0.875134,4.15,0.10743
-0.875134,4.33,-0.0202192
-0.875134,4.51,-0.166941
-0.875134,4.69,-0.318459
-0.875134,4.87,-0.462808
-0.875134,5.05,-0.588907
-0.875134,5.23,-0.685833
-0.875134,5.41,-0.742176
-0.875134,5.59,-0.74874
-0.875134,5.77,-0.699583
-0.875134,5.95,-0.597985
-0.875134,6.13,-0.454188
-0.875134,6.31,-0.284056
-0.875134,6.49,-0.105818
-0.875134,6.67,0.0649997
-0.875134,6.85,0.216435
-0.875134,7.03,0.341752
-0.875134,7.21,0.439638
-0.875134,7.39,0.510793
-0.875134,7.57,0.557627
-0.875134,7.75,0.583665
-0.875134,7.93,0.592583
-0.875134,8.11,0.588182
-0.875134,8.29,0.573052
-0.875134,8.47,0.5497
-0.875134,8.65,0.520217
-0.875134,8.83,0.486303
-0.875134,9.01,0.449396
-0.875134,9.19,0.410545
-0.875134,9.37,0.37054
-0.875134,9.55,0.33006
-0.875134,9.73,0.28964
-0.875134,9.91,0.249697
-0.867846,1.09,0.303119
-0.867846,1.27,-0.0318971
-0.867846,1.45,-0.0819803
-0.867846,1.63,-0.0166476
-0.867846,1.81,0.207611
-0.867846,1.99,0.00464879
-0.867846,2.17,0.0466837
-0.867846,2.35,-0.195628
-0.867846,2.53,-0.0838005
-0.867846,2.71,-0.0226075
-0.867846,2.89,-0.0426511
-0.867846,3.07,-0.00428569
-0.867846,3.25,0.0779886
-0.867846,3.43,0.154473
-0.867846,3.61,0.217989
-0.867846,3.79,0.261793
-0.867846,3.97,0.265311
-0.867846,4.15,0.217982
-0.867846,4.33,0.123186
-0.867846,4.51,-0.00648545
-0.867846,4.69,-0.157109
-0.867846,4.87,-0.315447
-0.867846,5.05,-0.469044
-0.867846,5.23,-0.606043
-0.867846,5.41,-0.714473
-0.867846,5.59,-0.783618
-0.867846,5.77,-0.80388
-0.867846,5.95,-0.77234
-0.867846,6.13,-0.691171
-0.867846,6.31,-0.568123
-0.867846,6.49,-0.416421
-0.867846,6.67,-0.249029
-0.867846,6.85,-0.0799915
-0.867846,7.03,0.0791259
-0.867846,7.21,0.220793
-0.867846,7.39,0.340811
-0.867846,7.57,0.437413
-0.867846,7.75,0.511071
-0.867846,7.93,0.563607
-0.867846,8.11,0.597785
-0.867846,8.29,0.616089
-0.867846,8.47,0.621168
-0.867846,8.65,0.615478
-0.867846,8.83,0.601193
-0.867846,9.01,0.580359
-0.867846,9.19,0.554488
-0.867846,9.37,0.524729
-0.867846,9.55,0.492163
-0.867846,9.73,0.45768
-0.867846,9.91,0.422001
-0.860558,1.09,0.26398
-0.860558,1.27,0.00049762
-0.860558,1.45,-0.0285548
-0.860558,1.63,-0.0253988
-0.860558,1.81,0.225741
-0.860558,1.99,0.0454729
-0.860558,2.17,0.0119036
-0.860558,2.35,-0.197397
-0.860558,2.53,-0.0567282
-0.860558,2.71,-0.00954704
-0.860558,2.89,-0.0118943
-0.860558,3.07,0.0638101
-0.860558,3.25,0.144506
-0.860558,3.43,0.182912
-0.860558,3.61,0.217349
-0.860558,3.79,0.274712
-0.860558,3.97,0.327745
-0.860558,4.15,0.338295
-0.860558,4.33,0.288356
-0.860558,4.51,0.183291
-0.860558,4.69,0.0381984
-0.860558,4.87,-0.13026
-0.860558,5.05,-0.306424
-0.860558,5.23,-0.476501
-0.860558,5.41,-0.628033
-0.860558,5.59,-0.750245
-0.860558,5.77,-0.832927
-0.860558,5.95,-0.870828
-0.860558,6.13,-0.861761
-0.860558,6.31,-0.807258
-0.860558,6.49,-0.714479
-0.860558,6.67,-0.589927
-0.860558,6.85,-0.444102
-0.860558,7.03,-0.288007
-0.860558,7.21,-0.132039
-0.860558,7.39,0.0165535
-0.860558,7.57,0.151967
-0.860558,7.75,0.270425
-0.860558,7.93,0.370146
-0.860558,8.11,0.450965
-0.860558,8.29,0.513681
-0.860558,8.47,0.5598
-0.860558,8.65,0.59118
-0.860558,8.83,0.609798
-0.860558,9.01,0.617891
-0.860558,9.19,0.617193
-0.860558,9.37,0.609062
-0.860558,9.55,0.594925
-0.860558,9.73,0.576017
-0.860558,9.91,0.553398
-0.85327,1.09,0.17753
-0.85327,1.27,0.027684
-0.85327,1.45,0.0436487
-0.85327,1.63,-0.0310163
-0.85327,1.81,0.222347
-0.85327,1.99,0.077272
-0.85327,2.17,-0.0321547
-0.85327,2.35,-0.171566
-0.85327,2.53,-0.0436794
-0.85327,2.71,-0.00944851
-0.85327,2.89,0.03171
-0.85327,3.07,0.142268
-0.85327,3.25,0.203824
-0.85327,3.43,0.191075
-0.85327,3.61,0.190042
-0.85327,3.79,0.260186
-0.85327,3.97,0.370601
-0.85327,4.15,0.454291
-0.85327,4.33,0.465831
-0.85327,4.51,0.398889
-0.85327,4.69,0.269228
-0.85327,4.87,0.098445
-0.85327,5.05,-0.0927723
-0.85327,5.23,-0.287467
-0.85327,5.41,-0.472218
-0.85327,5.59,-0.636587
-0.85327,5.77,-0.771269
-0.85327,5.95,-0.871024
-0.85327,6.13,-0.932482
-0.85327,6.31,-0.954236
-0.85327,6.49,-0.939431
-0.85327,6.67,-0.888695
-0.85327,6.85,-0.806864
-0.85327,7.03,-0.700299
-0.85327,7.21,-0.577591
-0.85327,7.39,-0.444582
-0.85327,7.57,-0.307562
-0.85327,7.75,-0.172561
-0.85327,7.93,-0.0444145
-0.85327,8.11,0.0733113
-0.85327,8.29,0.178379
-0.85327,8.47,0.26963
-0.85327,8.65,0.346791
-0.85327,8.83,0.41025
-0.85327,9.01,0.461158
-0.85327,9.19,0.500631
-0.85327,9.37,0.529625
-0.85327,9.55,0.549385
-0.85327,9.73,0.561133
-0.85327,9.91,0.566023
-0.845982,1.09,0.1959
-0.845982,1.27,0.00891437
-0.845982,1.45,0.078746
-0.845982,1.63,-0.0226861
-0.845982,1.81,0.182754
-0.845982,1.99,0.0847168
-0.845982,2.17,-0.0372654
-0.845982,2.35,-0.120148
-0.845982,2.53,-0.0735112
-0.845982,2.71,-0.0274155
-0.845982,2.89,0.0871453
-0.845982,3.07,0.220201
-0.845982,3.25,0.244423
-0.845982,3.43,0.17006
-0.845982,3.61,0.11908
-0.845982,3.79,0.18058
-0.845982,3.97,0.338498
-0.845982,4.15,0.509897
-0.845982,4.33,0.615404
-0.845982,4.51,0.622712
-0.845982,4.69,0.539784
-0.845982,4.87,0.391138
-0.845982,5.05,0.20371
-0.845982,5.23,-0.000612162
-0.845982,5.41,-0.205942
-0.845982,5.59,-0.401218
-0.845982,5.77,-0.577952
-0.845982,5.95,-0.731181
-0.845982,6.13,-0.857608
-0.845982,6.31,-0.95503
-0.845982,6.49,-1.02453
-0.845982,6.67,-1.06392
-0.845982,6.85,-1.07393
-0.845982,7.03,-1.05622
-0.845982,7.21,-1.01553
-0.845982,7.39,-0.953604
-0.845982,7.57,-0.873387
-0.845982,7.75,-0.779029
-0.845982,7.93,-0.6748
-0.845982,8.11,-0.564807
-0.845982,8.29,-0.45286
-0.845982,8.47,-0.342251
-0.845982,8.65,-0.23567
-0.845982,8.83,-0.135176
-0.845982,9.01,-0.0422485
-0.845982,9.19,0.0423812
-0.845982,9.37,0.118296
-0.845982,9.55,0.185368
-0.845982,9.73,0.243756
-0.845982,9.91,0.293826
-0.838694,1.09,0.226158
-0.838694,1.27,-0.0894816
-0.838694,1.45,-0.0218993
-0.838694,1.63,0.056766
-0.838694,1.81,0.0534293
-0.838694,1.99,-0.0086218
-0.838694,2.17,0.0296428
-0.838694,2.35,0.0156123
-0.838694,2.53,-0.105718
-0.838694,2.71,-0.0351996
-0.838694,2.89,0.129018
-0.838694,3.07,0.230798
-0.838694,3.25,0.182197
-0.838694,3.43,0.015765
-0.838694,3.61,-0.143764
-0.838694,3.79,-0.174762
-0.838694,3.97,-0.0206407
-0.838694,4.15,0.283692
-0.838694,4.33,0.631919
-0.838694,4.51,0.907072
-0.838694,4.69,1.04473
-0.838694,4.87,1.03929
-0.838694,5.05,0.921462
-0.838694,5.23,0.729611
-0.838694,5.41,0.49577
-0.838694,5.59,0.2432
-0.838694,5.77,-0.0124557
-0.838694,5.95,-0.260537
-0.838694,6.13,-0.494606
-0.838694,6.31,-0.710491
-0.838694,6.49,-0.906942
-0.838694,6.67,-1.08104
-0.838694,6.85,-1.23143
-0.838694,7.03,-1.35728
-0.838694,7.21,-1.46058
-0.838694,7.39,-1.54019
-0.838694,7.57,-1.59559
-0.838694,7.75,-1.6275
-0.838694,7.93,-1.63707
-0.838694,8.11,-1.62588
-0.838694,8.29,-1.59564
-0.838694,8.47,-1.54845
-0.838694,8.65,-1.48661
-0.838694,8.83,-1.41251
-0.838694,9.01,-1.32928
-0.838694,9.19,-1.23904
-0.838694,9.37,-1.14335
-0.838694,9.55,-1.04426
-0.838694,9.73,-0.943597
-0.838694,9.91,-0.842981
-0.831406,1.09,0.171333
-0.831406,1.27,-0.185778
-0.831406,1.45,-0.194656
-0.831406,1.63,0.0324294
-0.831406,1.81,0.0282124
-0.831406,1.99,-0.133859
-0.831406,2.17,0.0101081
-0.831406,2.35,-0.00204822
-0.831406,2.53,-0.124239
-0.831406,2.71,0.00273333
-0.831406,2.89,0.135135
-0.831406,3.07,0.163925
-0.831406,3.25,0.0737425
-0.831406,3.43,-0.123502
-0.831406,3.61,-0.351635
-0.831406,3.79,-0.497635
-0.831406,3.97,-0.461101
-0.831406,4.15,-0.204774
-0.831406,4.33,0.221021
-0.831406,4.51,0.68656
-0.831406,4.69,1.06004
-0.831406,4.87,1.26819
-0.831406,5.05,1.30774
-0.831406,5.23,1.21375
-0.831406,5.41,1.02889
-0.831406,5.59,0.789852
-0.831406,5.77,0.522908
-0.831406,5.95,0.247353
-0.831406,6.13,-0.024894
-0.831406,6.31,-0.286297
-0.831406,6.49,-0.532831
-0.831406,6.67,-0.76118
-0.831406,6.85,-0.969271
-0.831406,7.03,-1.15579
-0.831406,7.21,-1.32187
-0.831406,7.39,-1.4664
-0.831406,7.57,-1.58864
-0.831406,7.75,-1.68875
-0.831406,7.93,-1.76718
-0.831406,8.11,-1.82488
-0.831406,8.29,-1.86251
-0.831406,8.47,-1.88119
-0.831406,8.65,-1.88223
-0.831406,8.83,-1.86711
-0.831406,9.01,-1.83813
-0.831406,9.19,-1.79681
-0.831406,9.37,-1.74421
-0.831406,9.55,-1.68199
-0.831406,9.73,-1.61181
-0.831406,9.91,-1.53525
-0.824117,1.09,0.152333
-0.824117,1.27,-0.287037
-0.824117,1.45,-0.242378
-0.824117,1.63,-0.0432409
-0.824117,1.81,0.0574795
-0.824117,1.99,-0.163539
-0.824117,2.17,0.0284242
-0.824117,2.35,-0.0457251
-0.824117,2.53,-0.129629
-0.824117,2.71,0.0308671
-0.824117,2.89,0.141287
-0.824117,3.07,0.139521
-0.824117,3.25,0.0418485
-0.824117,3.43,-0.142746
-0.824117,3.61,-0.353396
-0.824117,3.79,-0.488031
-0.824117,3.97,-0.451644
-0.824117,4.15,-0.208109
-0.824117,4.33,0.195791
-0.824117,4.51,0.63905
-0.824117,4.69,0.998597
-0.824117,4.87,1.20425
-0.824117,5.05,1.25089
-0.824117,5.23,1.16996
-0.824117,5.41,1.001
-0.824117,5.59,0.778701
-0.824117,5.77,0.528307
-0.824117,5.95,0.268407
-0.824117,6.13,0.0106693
-0.824117,6.31,-0.237475
-0.824117,6.49,-0.471909
-0.824117,6.67,-0.689446
-0.824117,6.85,-0.888078
-0.824117,7.03,-1.06656
-0.824117,7.21,-1.22586
-0.824117,7.39,-1.36503
-0.824117,7.57,-1.48343
-0.824117,7.75,-1.58126
-0.824117,7.93,-1.65895
-0.824117,8.11,-1.71759
-0.824117,8.29,-1.75763
-0.824117,8.47,-1.78008
-0.824117,8.65,-1.78612
-0.824117,8.83,-1.77707
-0.824117,9.01,-1.75489
-0.824117,9.19,-1.72096
-0.824117,9.37,-1.67632
-0.824117,9.55,-1.62248
-0.824117,9.73,-1.56092
-0.824117,9.91,-1.49306
-0.816829,1.09,0.072326
-0.816829,1.27,-0.342355
-0.816829,1.45,-0.257165
-0.816829,1.63,-0.116108
-0.816829,1.81,0.0746732
-0.816829,1.99,-0.180441
-0.816829,2.17,0.0367679
-0.816829,2.35,-0.088289
-0.816829,2.53,-0.122946
-0.816829,2.71,0.0571643
-0.816829,2.89,0.139408
-0.816829,3.07,0.113467
-0.816829,3.25,0.0146149
-0.816829,3.43,-0.157367
-0.816829,3.61,-0.35459
-0.816829,3.79,-0.482431
-0.816829,3.97,-0.449505
-0.816829,4.15,-0.220167
-0.816829,4.33,0.16253
-0.816829,4.51,0.585757
-0.816829,4.69,0.93403
-0.816829,4.87,1.13936
-0.816829,5.05,1.19451
-0.816829,5.23,1.12745
-0.816829,5.41,0.974873
-0.816829,5.59,0.769671
-0.816829,5.77,0.536174
-0.816829,5.95,0.292327
-0.816829,6.13,0.0495532
-0.816829,6.31,-0.184836
-0.816829,6.49,-0.406662
-0.816829,6.67,-0.612882
-0.816829,6.85,-0.801568
-0.816829,7.03,-0.971554
-0.816829,7.21,-1.12366
-0.816829,7.39,-1.2571
-0.816829,7.57,-1.37135
-0.816829,7.75,-1.46661
-0.816829,7.93,-1.54333
-0.816829,8.11,-1.60268
-0.816829,8.29,-1.64494
-0.816829,8.47,-1.67101
-0.816829,8.65,-1.68194
-0.816829,8.83,-1.6789
-0.816829,9.01,-1.66351
-0.816829,9.19,-1.637
-0.816829,9.37,-1.60041
-0.816829,9.55,-1.55507
-0.816829,9.73,-1.50229
-0.816829,9.91,-1.44335
-0.809541,1.09,-0.0458742
-0.809541,1.27,-0.337691
-0.809541,1.45,-0.240956
-0.809541,1.63,-0.172483
-0.809541,1.81,0.0759203
-0.809541,1.99,-0.184189
-0.809541,2.17,0.0345089
-0.809541,2.35,-0.123984
-0.809541,2.53,-0.106162
-0.809541,2.71,0.0779191
-0.809541,2.89,0.129369
-0.809541,3.07,0.0872658
-0.809541,3.25,-0.00715199
-0.809541,3.43,-0.167017
-0.809541,3.61,-0.354455
-0.809541,3.79,-0.479655
-0.809541,3.97,-0.453898
-0.809541,4.15,-0.24153
-0.809541,4.33,0.118796
-0.809541,4.51,0.522597
-0.809541,4.69,0.861325
-0.809541,4.87,1.06844
-0.809541,5.05,1.13408
-0.809541,5.23,1.0827
-0.809541,5.41,0.948153
-0.809541,5.59,0.761631
-0.809541,5.77,0.546591
-0.809541,5.95,0.320337
-0.809541,6.13,0.0940289
-0.809541,6.31,-0.125165
-0.809541,6.49,-0.333039
-0.809541,6.67,-0.526707
-0.809541,6.85,-0.704337
-0.809541,7.03,-0.864849
-0.809541,7.21,-1.00893
-0.809541,7.39,-1.13592
-0.809541,7.57,-1.24543
-0.809541,7.75,-1.33767
-0.809541,7.93,-1.41307
-0.809541,8.11,-1.47286
-0.809541,8.29,-1.51717
-0.809541,8.47,-1.54677
-0.809541,8.65,-1.5626
-0.809541,8.83,-1.56566
-0.809541,9.01,-1.55724
-0.809541,9.19,-1.53844
-0.809541,9.37,-1.51026
-0.809541,9.55,-1.47384
-0.809541,9.73,-1.43035
-0.809541,9.91,-1.38088
-0.802253,1.09,-0.167283
-0.802253,1.27,-0.290899
-0.802253,1.45,-0.195084
-0.802253,1.63,-0.210361
-0.802253,1.81,0.0653612
-0.802253,1.99,-0.174113
-0.802253,2.17,0.021672
-0.802253,2.35,-0.151214
-0.802253,2.53,-0.0828891
-0.802253,2.71,0.0946758
-0.802253,2.89,0.118986
-0.802253,3.07,0.0668864
-0.802253,3.25,-0.0241922
-0.802253,3.43,-0.17617
-0.802253,3.61,-0.35431
-0.802253,3.79,-0.471108
-0.802253,3.97,-0.442145
-0.802253,4.15,-0.235915
-0.802253,4.33,0.108447
-0.802253,4.51,0.492007
-0.802253,4.69,0.81399
-0.802253,4.87,1.01238
-0.802253,5.05,1.07776
-0.802253,5.23,1.0327
-0.802253,5.41,0.908755
-0.802253,5.59,0.735265
-0.802253,5.77,0.534497
-0.802253,5.95,0.322773
-0.802253,6.13,0.110714
-0.802253,6.31,-0.0948451
-0.802253,6.49,-0.289846
-0.802253,6.67,-0.471594
-0.802253,6.85,-0.638398
-0.802253,7.03,-0.789291
-0.802253,7.21,-0.924881
-0.802253,7.39,-1.04465
-0.802253,7.57,-1.14827
-0.802253,7.75,-1.23602
-0.802253,7.93,-1.30829
-0.802253,8.11,-1.3664
-0.802253,8.29,-1.41036
-0.802253,8.47,-1.44086
-0.802253,8.65,-1.45874
-0.802253,8.83,-1.4649
-0.802253,9.01,-1.46038
-0.802253,9.19,-1.44617
-0.802253,9.37,-1.42327
-0.802253,9.55,-1.39269
-0.802253,9.73,-1.35547
-0.802253,9.91,-1.3126
-0.794965,1.09,-0.259009
-0.794965,1.27,-0.214069
-0.794965,1.45,-0.133556
-0.794965,1.63,-0.224464
-0.794965,1.81,0.0444169
-0.794965,1.99,-0.155714
-0.794965,2.17,-0.000625269
-0.794965,2.35,-0.167721
-0.794965,2.53,-0.0561545
-0.794965,2.71,0.104873
-0.794965,2.89,0.106023
-0.794965,3.07,0.0498913
-0.794965,3.25,-0.0371491
-0.794965,3.43,-0.183567
-0.794965,3.61,-0.354438
-0.794965,3.79,-0.463707
-0.794965,3.97,-0.431812
-0.794965,4.15,-0.23184
-0.794965,4.33,0.0966707
-0.794965,4.51,0.460376
-0.794965,4.69,0.765989
-0.794965,4.87,0.955814
-0.794965,5.05,1.0209
-0.794965,5.23,0.982076
-0.794965,5.41,0.868714
-0.794965,5.59,0.708362
-0.794965,5.77,0.522089
-0.794965,5.95,0.325207
-0.794965,6.13,0.127762
-0.794965,6.31,-0.0637825
-0.794965,6.49,-0.24555
-0.794965,6.67,-0.415048
-0.794965,6.85,-0.570736
-0.794965,7.03,-0.711755
-0.794965,7.21,-0.838647
-0.794965,7.39,-0.951001
-0.794965,7.57,-1.0486
-0.794965,7.75,-1.13169
-0.794965,7.93,-1.20071
-0.794965,8.11,-1.25698
-0.794965,8.29,-1.30041
-0.794965,8.47,-1.33161
-0.794965,8.65,-1.35134
-0.794965,8.83,-1.36041
-0.794965,9.01,-1.35959
-0.794965,9.19,-1.3498
-0.794965,9.37,-1.33199
-0.794965,9.55,-1.30709
-0.794965,9.73,-1.27598
-0.794965,9.91,-1.23956
-0.787677,1.09,-0.2998
-0.787677,1.27,-0.127141
-0.787677,1.45,-0.0723727
-0.787677,1.63,-0.213569
-0.787677,1.81,0.0174973
-0.787677,1.99,-0.133566
-0.787677,2.17,-0.0287048
-0.787677,2.35,-0.171982
-0.787677,2.53,-0.0292042
-0.787677,2.71,0.107718
-0.787677,2.89,0.0914293
-0.787677,3.07,0.0361866
-0.787677,3.25,-0.0470911
-0.787677,3.43,-0.190098
-0.787677,3.61,-0.355235
-0.787677,3.79,-0.457954
-0.787677,3.97,-0.42431
-0.787677,4.15,-0.231972
-0.787677,4.33,0.079896
-0.787677,4.51,0.423992
-0.787677,4.69,0.714216
-0.787677,4.87,0.896715
-0.787677,5.05,0.96268
-0.787677,5.23,0.931133
-0.787677,5.41,0.829305
-0.787677,5.59,0.682982
-0.787677,5.77,0.512042
-0.787677,5.95,0.330793
-0.787677,6.13,0.148687
-0.787677,6.31,-0.0281957
-0.787677,6.49,-0.19618
-0.787677,6.67,-0.352976
-0.787677,6.85,-0.497188
-0.787677,7.03,-0.628064
-0.787677,7.21,-0.74607
-0.787677,7.39,-0.850899
-0.787677,7.57,-0.942404
-0.787677,7.75,-1.02085
-0.787677,7.93,-1.08663
-0.787677,8.11,-1.14108
-0.787677,8.29,-1.18403
-0.787677,8.47,-1.216
-0.787677,8.65,-1.23765
-0.787677,8.83,-1.24969
-0.787677,9.01,-1.25267
-0.787677,9.19,-1.24741
-0.787677,9.37,-1.23484
-0.787677,9.55,-1.21573
-0.787677,9.73,-1.19089
-0.787677,9.91,-1.16106
-0.780389,1.09,-0.292777
-0.780389,1.27,-0.0509573
-0.780389,1.45,-0.0223263
-0.780389,1.63,-0.183168
-0.780389,1.81,-0.0094049
-0.780389,1.99,-0.110548
-0.780389,2.17,-0.0571448
-0.780389,2.35,-0.165777
-0.780389,2.53,-0.00566055
-0.780389,2.71,0.104704
-0.780389,2.89,0.0781042
-0.780389,3.07,0.026582
-0.780389,3.25,-0.0544313
-0.780389,3.43,-0.195067
-0.780389,3.61,-0.353485
-0.780389,3.79,-0.447876
-0.780389,3.97,-0.411404
-0.780389,4.15,-0.226908
-0.780389,4.33,0.0669706
-0.780389,4.51,0.389362
-0.780389,4.69,0.66176
-0.780389,4.87,0.834659
-0.780389,5.05,0.899772
-0.780389,5.23,0.874462
-0.780389,5.41,0.783768
-0.780389,5.59,0.651563
-0.780389,5.77,0.496368
-0.780389,5.95,0.331356
-0.780389,6.13,0.165283
-0.780389,6.31,0.00378032
-0.780389,6.49,-0.149729
-0.780389,6.67,-0.293165
-0.780389,6.85,-0.425283
-0.780389,7.03,-0.545431
-0.780389,7.21,-0.654002
-0.780389,7.39,-0.750776
-0.780389,7.57,-0.835664
-0.780389,7.75,-0.908926
-0.780389,7.93,-0.970919
-0.780389,8.11,-1.02297
-0.780389,8.29,-1.06482
-0.780389,8.47,-1.09692
-0.780389,8.65,-1.11983
-0.780389,8.83,-1.13418
-0.780389,9.01,-1.14032
-0.780389,9.19,-1.13897
-0.780389,9.37,-1.131
-0.780389,9.55,-1.11711
-0.780389,9.73,-1.09796
-0.780389,9.91,-1.0742
-0.773101,1.09,-0.243971
-0.773101,1.27,-0.00116384
-0.773101,1.45,0.0118745
-0.773101,1.63,-0.146278
-0.773101,1.81,-0.0285481
-0.773101,1.99,-0.0909129
-0.773101,2.17,-0.0848987
-0.773101,2.35,-0.153968
-0.773101,2.53,0.0138826
-0.773101,2.71,0.100612
-0.773101,2.89,0.0694333
-0.773101,3.07,0.0206809
-0.773101,3.25,-0.0616282
-0.773101,3.43,-0.200801
-0.773101,3.61,-0.349792
-0.773101,3.79,-0.430993
-0.773101,3.97,-0.386378
-0.773101,4.15,-0.205462
-0.773101,4.33,0.0722363
-0.773101,4.51,0.371571
-0.773101,4.69,0.622113
-0.773101,4.87,0.78001
-0.773101,5.05,0.83882
-0.773101,5.23,0.814991
-0.773101,5.41,0.731584
-0.773101,5.59,0.610478
-0.773101,5.77,0.468661
-0.773101,5.95,0.318014
-0.773101,6.13,0.166475
-0.773101,6.31,0.019141
-0.773101,6.49,-0.120884
-0.773101,6.67,-0.251742
-0.773101,6.85,-0.372349
-0.773101,7.03,-0.482153
-0.773101,7.21,-0.581503
-0.773101,7.39,-0.670243
-0.773101,7.57,-0.748331
-0.773101,7.75,-0.816019
-0.773101,7.93,-0.873636
-0.773101,8.11,-0.922491
-0.773101,8.29,-0.962258
-0.773101,8.47,-0.993331
-0.773101,8.65,-1.01621
-0.773101,8.83,-1.03142
-0.773101,9.01,-1.03919
-0.773101,9.19,-1.04014
-0.773101,9.37,-1.03513
-0.773101,9.55,-1.02474
-0.773101,9.73,-1.00957
-0.773101,9.91,-0.990194
-0.765813,1.09,-0.170254
-0.765813,1.27,0.0206139
-0.765813,1.45,0.025403
-0.765813,1.63,-0.105747
-0.765813,1.81,-0.0387009
-0.765813,1.99,-0.0773298
-0.765813,2.17,-0.107365
-0.765813,2.35,-0.136093
-0.765813,2.53,0.0282426
-0.765813,2.71,0.0939753
-0.765813,2.89,0.0626883
-0.765813,3.07,0.0161249
-0.765813,3.25,-0.0688121
-0.765813,3.43,-0.205755
-0.765813,3.61,-0.343527
-0.765813,3.79,-0.410664
-0.765813,3.97,-0.358683
-0.765813,4.15,-0.183186
-0.765813,4.33,0.0764912
-0.765813,4.51,0.351573
-0.765813,4.69,0.579712
-0.765813,4.87,0.722516
-0.765813,5.05,0.775204
-0.765813,5.23,0.753188
-0.765813,5.41,0.677489
-0.765813,5.59,0.567935
-0.765813,5.77,0.439927
-0.765813,5.95,0.30404
-0.765813,6.13,0.167378
-0.765813,6.31,0.0344963
-0.765813,6.49,-0.0918252
-0.765813,6.67,-0.209943
-0.765813,6.85,-0.318921
-0.765813,7.03,-0.418298
-0.765813,7.21,-0.50837
-0.765813,7.39,-0.589033
-0.765813,7.57,-0.660279
-0.765813,7.75,-0.722341
-0.765813,7.93,-0.775518
-0.765813,8.11,-0.821067
-0.765813,8.29,-0.858617
-0.765813,8.47,-0.888503
-0.765813,8.65,-0.911154
-0.765813,8.83,-0.927023
-0.765813,9.01,-0.936202
-0.765813,9.19,-0.939234
-0.765813,9.37,-0.936941
-0.765813,9.55,-0.92983
-0.765813,9.73,-0.918402
-0.765813,9.91,-0.903152
-0.758525,1.09,-0.0965182
-0.758525,1.27,0.0209832
-0.758525,1.45,0.0206328
-0.758525,1.63,-0.0675422
-0.758525,1.81,-0.0389652
-0.758525,1.99,-0.0708307
-0.758525,2.17,-0.121044
-0.758525,2.35,-0.114106
-0.758525,2.53,0.0367688
-0.758525,2.71,0.0854397
-0.758525,2.89,0.0571011
-0.758525,3.07,0.0114878
-0.758525,3.25,-0.0764877
-0.758525,3.43,-0.209256
-0.758525,3.61,-0.333698
-0.758525,3.79,-0.38655
-0.758525,3.97,-0.329102
-0.758525,4.15,-0.161922
-0.758525,4.33,0.0772575
-0.758525,4.51,0.326782
-0.758525,4.69,0.532295
-0.758525,4.87,0.66052
-0.758525,5.05,0.707949
-0.758525,5.23,0.688727
-0.758525,5.41,0.621708
-0.758525,5.59,0.524599
-0.758525,5.77,0.41118
-0.758525,5.95,0.290721
-0.758525,6.13,0.169494
-0.758525,6.31,0.0515188
-0.758525,6.49,-0.0607447
-0.758525,6.67,-0.165852
-0.758525,6.85,-0.262998
-0.758525,7.03,-0.351796
-0.758525,7.21,-0.432484
-0.758525,7.39,-0.504993
-0.758525,7.57,-0.569337
-0.758525,7.75,-0.62572
-0.758525,7.93,-0.674405
-0.758525,8.11,-0.716564
-0.758525,8.29,-0.751804
-0.758525,8.47,-0.780395
-0.758525,8.65,-0.802698
-0.758525,8.83,-0.819092
-0.758525,9.01,-0.829559
-0.758525,9.19,-0.834562
-0.758525,9.37,-0.834869
-0.758525,9.55,-0.830905
-0.758525,9.73,-0.823094
-0.758525,9.91,-0.811851
-0.751237,1.09,-0.0423606
-0.751237,1.27,0.01023
-0.751237,1.45,0.00685495
-0.751237,1.63,-0.0372986
-0.751237,1.81,-0.0305527
-0.751237,1.99,-0.0692269
-0.751237,2.17,-0.124145
-0.751237,2.35,-0.0913768
-0.751237,2.53,0.0396091
-0.751237,2.71,0.0762468
-0.751237,2.89,0.0522258
-0.751237,3.07,0.00610914
-0.751237,3.25,-0.0838277
-0.751237,3.43,-0.208941
-0.751237,3.61,-0.317299
-0.751237,3.79,-0.355688
-0.751237,3.97,-0.294951
-0.751237,4.15,-0.139364
-0.751237,4.33,0.07621
-0.751237,4.51,0.297914
-0.751237,4.69,0.479446
-0.751237,4.87,0.592542
-0.751237,5.05,0.634752
-0.751237,5.23,0.61874
-0.751237,5.41,0.561025
-0.751237,5.59,0.477069
-0.751237,5.77,0.378935
-0.751237,5.95,0.274561
-0.751237,6.13,0.169368
-0.751237,6.31,0.0668346
-0.751237,6.49,-0.0309038
-0.751237,6.67,-0.122588
-0.751237,6.85,-0.207534
-0.751237,7.03,-0.285413
-0.751237,7.21,-0.356401
-0.751237,7.39,-0.420454
-0.751237,7.57,-0.477591
-0.751237,7.75,-0.527985
-0.751237,7.93,-0.571852
-0.751237,8.11,-0.610258
-0.751237,8.29,-0.642802
-0.751237,8.47,-0.669697
-0.751237,8.65,-0.691235
-0.751237,8.83,-0.707725
-0.751237,9.01,-0.719062
-0.751237,9.19,-0.725634
-0.751237,9.37,-0.728139
-0.751237,9.55,-0.726928
-0.751237,9.73,-0.722349
-0.751237,9.91,-0.714743
-0.743949,1.09,-0.00870183
-0.743949,1.27,0.00275495
-0.743949,1.45,-0.0112824
-0.743949,1.63,-0.0170858
-0.743949,1.81,-0.0160115
-0.743949,1.99,-0.0712029
-0.743949,2.17,-0.120433
-0.743949,2.35,-0.0715377
-0.743949,2.53,0.0400538
-0.743949,2.71,0.0692792
-0.743949,2.89,0.0479905
-0.743949,3.07,-0.000608939
-0.743949,3.25,-0.090373
-0.743949,3.43,-0.20346
-0.743949,3.61,-0.292199
-0.743949,3.79,-0.314347
-0.743949,3.97,-0.249805
-0.743949,4.15,-0.106137
-0.743949,4.33,0.0846437
-0.743949,4.51,0.27633
-0.743949,4.69,0.430689
-0.743949,4.87,0.525148
-0.743949,5.05,0.558862
-0.743949,5.23,0.54325
-0.743949,5.41,0.492544
-0.743949,5.59,0.419879
-0.743949,5.77,0.335473
-0.743949,5.95,0.24591
-0.743949,6.13,0.155713
-0.743949,6.31,0.0677896
-0.743949,6.49,-0.0160812
-0.743949,6.67,-0.0948501
-0.743949,6.85,-0.167949
-0.743949,7.03,-0.235106
-0.743949,7.21,-0.296484
-0.743949,7.39,-0.352044
-0.743949,7.57,-0.401795
-0.743949,7.75,-0.445878
-0.743949,7.93,-0.48447
-0.743949,8.11,-0.518479
-0.743949,8.29,-0.547549
-0.743949,8.47,-0.571849
-0.743949,8.65,-0.591618
-0.743949,8.83,-0.607107
-0.743949,9.01,-0.618162
-0.743949,9.19,-0.625108
-0.743949,9.37,-0.628573
-0.743949,9.55,-0.628847
-0.743949,9.73,-0.626216
-0.743949,9.91,-0.620964
-0.736661,1.09,0.00378262
-0.736661,1.27,0.00512093
-0.736661,1.45,-0.0287597
-0.736661,1.63,-0.00375021
-0.736661,1.81,-0.00142502
-0.736661,1.99,-0.0730218
-0.736661,2.17,-0.106835
-0.736661,2.35,-0.0526136
-0.736661,2.53,0.037321
-0.736661,2.71,0.0610194
-0.736661,2.89,0.0413818
-0.736661,3.07,-0.00899667
-0.736661,3.25,-0.0943863
-0.736661,3.43,-0.191161
-0.736661,3.61,-0.258951
-0.736661,3.79,-0.266771
-0.736661,3.97,-0.202257
-0.736661,4.15,-0.0746515
-0.736661,4.33,0.0881223
-0.736661,4.51,0.248014
-0.736661,4.69,0.374664
-0.736661,4.87,0.450795
-0.736661,5.05,0.476721
-0.736661,5.23,0.462321
-0.736661,5.41,0.419403
-0.736661,5.59,0.35872
-0.736661,5.77,0.288616
-0.736661,5.95,0.214355
-0.736661,6.13,0.139583
-0.736661,6.31,0.0666498
-0.736661,6.49,-0.00300987
-0.736661,6.67,-0.0685464
-0.736661,6.85,-0.129497
-0.736661,7.03,-0.185638
-0.736661,7.21,-0.237114
-0.736661,7.39,-0.283885
-0.736661,7.57,-0.325947
-0.736661,7.75,-0.363407
-0.736661,7.93,-0.396401
-0.736661,8.11,-0.425665
-0.736661,8.29,-0.4509
-0.736661,8.47,-0.472233
-0.736661,8.65,-0.489853
-0.736661,8.83,-0.503953
-0.736661,9.01,-0.514356
-0.736661,9.19,-0.52132
-0.736661,9.37,-0.525394
-0.736661,9.55,-0.526807
-0.736661,9.73,-0.525789
-0.736661,9.91,-0.522568
-0.729373,1.09,-0.00102629
-0.729373,1.27,0.0174329
-0.729373,1.45,-0.039585
-0.729373,1.63,0.00451137
-0.729373,1.81,0.00734902
-0.729373,1.99,-0.0702349
-0.729373,2.17,-0.0837108
-0.729373,2.35,-0.0350128
-0.729373,2.53,0.0316348
-0.729373,2.71,0.0502069
-0.729373,2.89,0.0314666
-0.729373,3.07,-0.0179443
-0.729373,3.25,-0.0932809
-0.729373,3.43,-0.169577
-0.729373,3.61,-0.216189
-0.729373,3.79,-0.212825
-0.729373,3.97,-0.153177
-0.729373,4.15,-0.0465091
-0.729373,4.33,0.0845295
-0.729373,4.51,0.210525
-0.729373,4.69,0.308802
-0.729373,4.87,0.366928
-0.729373,5.05,0.38588
-0.729373,5.23,0.373674
-0.729373,5.41,0.33953
-0.729373,5.59,0.291748
-0.729373,5.77,0.236774
-0.729373,5.95,0.178575
-0.729373,6.13,0.119933
-0.729373,6.31,0.0626489
-0.729373,6.49,0.00782617
-0.729373,6.67,-0.0438777
-0.729373,6.85,-0.0920995
-0.729373,7.03,-0.136658
-0.729373,7.21,-0.177668
-0.729373,7.39,-0.215091
-0.729373,7.57,-0.248908
-0.729373,7.75,-0.279194
-0.729373,7.93,-0.306043
-0.729373,8.11,-0.33002
-0.729373,8.29,-0.350881
-0.729373,8.47,-0.36872
-0.729373,8.65,-0.383671
-0.729373,8.83,-0.395878
-0.729373,9.01,-0.405156
-0.729373,9.19,-0.411703
-0.729373,9.37,-0.41597
-0.729373,9.55,-0.418129
-0.729373,9.73,-0.418354
-0.729373,9.91,-0.416818
-0.722085,1.09,-0.0114167
-0.722085,1.27,0.0277965
-0.722085,1.45,-0.0351482
-0.722085,1.63,0.0071048
-0.722085,1.81,0.00600382
-0.722085,1.99,-0.0576243
-0.722085,2.17,-0.0519763
-0.722085,2.35,-0.0194518
-0.722085,2.53,0.0221659
-0.722085,2.71,0.0351688
-0.722085,2.89,0.0182671
-0.722085,3.07,-0.0244236
-0.722085,3.25,-0.0822263
-0.722085,3.43,-0.134081
-0.722085,3.61,-0.160772
-0.722085,3.79,-0.151455
-0.722085,3.97,-0.103871
-0.722085,4.15,-0.0253849
-0.722085,4.33,0.0681614
-0.722085,4.51,0.156767
-0.722085,4.69,0.225342
-0.722085,4.87,0.265786
-0.722085,5.05,0.279074
-0.722085,5.23,0.270849
-0.722085,5.41,0.247457
-0.722085,5.59,0.214587
-0.722085,5.77,0.176685
-0.722085,5.95,0.136422
-0.722085,6.13,0.0957053
-0.722085,6.31,0.0557828
-0.722085,6.49,0.0174248
-0.722085,6.67,-0.0189017
-0.722085,6.85,-0.0529317
-0.722085,7.03,-0.0845259
-0.722085,7.21,-0.113753
-0.722085,7.39,-0.140577
-0.722085,7.57,-0.164974
-0.722085,7.75,-0.18698
-0.722085,7.93,-0.20665
-0.722085,8.11,-0.224363
-0.722085,8.29,-0.239944
-0.722085,8.47,-0.253448
-0.722085,8.65,-0.264959
-0.722085,8.83,-0.27457
-0.722085,9.01,-0.282119
-0.722085,9.19,-0.287737
-0.722085,9.37,-0.29175
-0.722085,9.55,-0.294273
-0.722085,9.73,-0.29542
-0.722085,9.91,-0.295308
-0.714797,1.09,-0.0113395
-0.714797,1.27,0.0181975
-0.714797,1.45,-0.0169683
-0.714797,1.63,0.00401768
-0.714797,1.81,-0.0019873
-0.714797,1.99,-0.0308023
-0.714797,2.17,-0.0192455
-0.714797,2.35,-0.006989
-0.714797,2.53,0.0101254
-0.714797,2.71,0.0160592
-0.714797,2.89,0.00505232
-0.714797,3.07,-0.0202355
-0.714797,3.25,-0.0505411
-0.714797,3.43,-0.0741752
-0.714797,3.61,-0.0831233
-0.714797,3.79,-0.0737749
-0.714797,3.97,-0.0462001
-0.714797,4.15,-0.00471825
-0.714797,4.33,0.0425931
-0.714797,4.51,0.0861055
-0.714797,4.69,0.11895
-0.714797,4.87,0.137683
-0.714797,5.05,0.14315
-0.714797,5.23,0.138267
-0.714797,5.41,0.12614
-0.714797,5.59,0.109512
-0.714797,5.77,0.0905201
-0.714797,5.95,0.0704099
-0.714797,6.13,0.0500836
-0.714797,6.31,0.0301386
-0.714797,6.49,0.0109442
-0.714797,6.67,-0.00727243
-0.714797,6.85,-0.0243798
-0.714797,7.03,-0.0403067
-0.714797,7.21,-0.055088
-0.714797,7.39,-0.0687023
-0.714797,7.57,-0.0811312
-0.714797,7.75,-0.092389
-0.714797,7.93,-0.102499
-0.714797,8.11,-0.111645
-0.714797,8.29,-0.119738
-0.714797,8.47,-0.126801
-0.714797,8.65,-0.132873
-0.714797,8.83,-0.137997
-0.714797,9.01,-0.142077
-0.714797,9.19,-0.145175
-0.714797,9.37,-0.147466
-0.714797,9.55,-0.149004
-0.714797,9.73,-0.149847
-0.714797,9.91,-0.150049
-0.707509,1.09,0
-0.707509,1.27,0
-0.707509,1.45,0
-0.707509,1.63,0
-0.707509,1.81,0
-0.707509,1.99,0
-0.707509,2.17,0
-0.707509,2.35,0
-0.707509,2.53,0
-0.707509,2.71,0
-0.707509,2.89,0
-0.707509,3.07,0
-0.707509,3.25,0
-0.707509,3.43,0
-0.707509,3.61,0
-0.707509,3.79,0
-0.707509,3.97,0
-0.707509,4.15,0
-0.707509,4.33,0
-0.707509,4.51,0
-0.707509,4.69,0
-0.707509,4.87,0
-0.707509,5.05,0
-0.707509,5.23,0
-0.707509,5.41,0
-0.707509,5.59,0
-0.707509,5.77,0
-0.707509,5.95,0
-0.707509,6.13,0
-0.707509,6.31,0
-0.707509,6.49,0
-0.707509,6.67,0
-0.707509,6.85,0
-0.707509,7.03,0
-0.707509,7.21,0
-0.707509,7.39,0
-0.707509,7.57,0
-0.707509,7.75,0
-0.707509,7.93,0
-0.707509,8.11,0
-0.707509,8.29,0
-0.707509,8.47,0
-0.707509,8.65,0
-0.707509,8.83,0
-0.707509,9.01,0
-0.707509,9.19,0
-0.707509,9.37,0
-0.707509,9.55,0
-0.707509,9.73,0
-0.707509,9.91,0
-0.700221,1.09,0
-0.700221,1.27,0
-0.700221,1.45,0
-0.700221,1.63,0
-0.700221,1.81,0
-0.700221,1.99,0
-0.700221,2.17,0
-0.700221,2.35,0
-0.700221,2.53,0
-0.700221,2.71,0
-0.700221,2.89,0
-0.700221,3.07,0
-0.700221,3.25,0
-0.700221,3.43,0
-0.700221,3.61,0
-0.700221,3.79,0
-0.700221,3.97,0
-0.700221,4.15,0
-0.700221,4.33,0
-0.700221,4.51,0
-0.700221,4.69,0
-0.700221,4.87,0
-0.700221,5.05,0
-0.700221,5.23,0
-0.700221,5.41,0
-0.700221,5.59,0
-0.700221,5.77,0
-0.700221,5.95,0
-0.700221,6.13,0
-0.700221,6.31,0
-0.700221,6.49,0
-0.700221,6.67,0
-0.700221,6.85,0
-0.700221,7.03,0
-0.700221,7.21,0
-0.700221,7.39,0
-0.700221,7.57,0
-0.700221,7.75,0
-0.700221,7.93,0
-0.700221,8.11,0
-0.700221,8.29,0
-0.700221,8.47,0
-0.700221,8.65,0
-0.700221,8.83,0
-0.700221,9.01,0
-0.700221,9.19,0
-0.700221,9.37,0
-0.700221,9.55,0
-0.700221,9.73,0
-0.700221,9.91,0
-0.692933,1.09,0
-0.692933,1.27,0
-0.692933,1.45,0
-0.692933,1.63,0
-0.692933,1.81,0
-0.692933,1.99,0
-0.692933,2.17,0
-0.692933,2.35,0
-0.692933,2.53,0
-0.692933,2.71,0
-0.692933,2.89,0
-0.692933,3.07,0
-0.692933,3.25,0
-0.692933,3.43,0
-0.692933,3.61,0
-0.692933,3.79,0
-0.692933,3.97,0
-0.692933,4.15,0
-0.692933,4.33,0
-0.692933,4.51,0
-0.692933,4.69,0
-0.692933,4.87,0
-0.692933,5.05,0
-0.692933,5.23,0
-0.692933,5.41,0
-0.692933,5.59,0
-0.692933,5.77,0
-0.692933,5.95,0
-0.692933,6.13,0
-0.692933,6.31,0
-0.692933,6.49,0
-0.692933,6.67,0
-0.692933,6.85,0
-0.692933,7.03,0
-0.692933,7.21,0
-0.692933,7.39,0
-0.692933,7.57,0
-0.692933,7.75,0
-0.692933,7.93,0
-0.692933,8.11,0
-0.692933,8.29,0
-0.692933,8.47,0
-0.692933,8.65,0
-0.692933,8.83,0
-0.692933,9.01,0
-0.692933,9.19,0
-0.692933,9.37,0
-0.692933,9.55,0
-0.692933,9.73,0
-0.692933,9.91,0
-0.685645,1.09,0
-0.685645,1.27,0
-0.685645,1.45,0
-0.685645,1.63,0
-0.685645,1.81,0
-0.685645,1.99,0
-0.685645,2.17,0
-0.685645,2.35,0
-0.685645,2.53,0
-0.685645,2.71,0
-0.685645,2.89,0
-0.685645,3.07,0
-0.685645,3.25,0
-0.685645,3.43,0
-0.685645,3.61,0
-0.685645,3.79,0
-0.685645,3.97,0
-0.685645,4.15,0
-0.685645,4.33,0
-0.685645,4.51,0
-0.685645,4.69,0
-0.685645,4.87,0
-0.685645,5.05,0
-0.685645,5.23,0
-0.685645,5.41,0
-0.685645,5.59,0
-0.685645,5.77,0
-0.685645,5.95,0
-0.685645,6.13,0
-0.685645,6.31,0
-0.685645,6.49,0
-0.685645,6.67,0
-0.685645,6.85,0
-0.685645,7.03,0
-0.685645,7.21,0
-0.685645,7.39,0
-0.685645,7.57,0
-0.685645,7.75,0
-0.685645,7.93,0
-0.685645,8.11,0
-0.685645,8.29,0
-0.685645,8.47,0
-0.685645,8.65,0
-0.685645,8.83,0
-0.685645,9.01,0
-0.685645,9.19,0
-0.685645,9.37,0
-0.685645,9.55,0
-0.685645,9.73,0
-0.685645,9.91,0
-0.678356,1.09,0
-0.678356,1.27,0
-0.678356,1.45,0
-0.678356,1.63,0
-0.678356,1.81,0
-0.678356,1.99,0
-0.678356,2.17,0
-0.678356,2.35,0
-0.678356,2.53,0
-0.678356,2.71,0
-0.678356,2.89,0
-0.678356,3.07,0
-0.678356,3.25,0
-0.678356,3.43,0
-0.678356,3.61,0
-0.678356,3.79,0
-0.678356,3.97,0
-0.678356,4.15,0
-0.678356,4.33,0
-0.678356,4.51,0
-0.678356,4.69,0
-0.678356,4.87,0
-0.678356,5.05,0
-0.678356,5.23,0
-0.678356,5.41,0
-0.678356,5.59,0
-0.678356,5.77,0
-0.678356,5.95,0
-0.678356,6.13,0
-0.678356,6.31,0
-0.678356,6.49,0
-0.678356,6.67,0
-0.678356,6.85,0
-0.678356,7.03,0
-0.678356,7.21,0
-0.678356,7.39,0
-0.678356,7.57,0
-0.678356,7.75,0
-0.678356,7.93,0
-0.678356,8.11,0
-0.678356,8.29,0
-0.678356,8.47,0
-0.678356,8.65,0
-0.678356,8.83,0
-0.678356,9.01,0
-0.678356,9.19,0
-0.678356,9.37,0
-0.678356,9.55,0
-0.678356,9.73,0
-0.678356,9.91,0
-0.671068,1.09,0
-0.671068,1.27,0
-0.671068,1.45,0
-0.671068,1.63,0
-0.671068,1.81,0
-0.671068,1.99,0
-0.671068,2.17,0
-0.671068,2.35,0
-0.671068,2.53,0
-0.671068,2.71,0
-0.671068,2.89,0
-0.671068,3.07,0
-0.671068,3.25,0
-0.671068,3.43,0
-0.671068,3.61,0
-0.671068,3.79,0
-0.671068,3.97,0
-0.671068,4.15,0
-0.671068,4.33,0
-0.671068,4.51,0
-0.671068,4.69,0
-0.671068,4.87,0
-0.671068,5.05,0
-0.671068,5.23,0
-0.671068,5.41,0
-0.671068,5.59,0
-0.671068,5.77,0
-0.671068,5.95,0
-0.671068,6.13,0
-0.671068,6.31,0
-0.671068,6.49,0
-0.671068,6.67,0
-0.671068,6.85,0
-0.671068,7.03,0
-0.671068,7.21,0
-0.671068,7.39,0
-0.671068,7.57,0
-0.671068,7.75,0
-0.671068,7.93,0
-0.671068,8.11,0
-0.671068,8.29,0
-0.671068,8.47,0
-0.671068,8.65,0
-0.671068,8.83,0
-0.671068,9.01,0
-0.671068,9.19,0
-0.671068,9.37,0
-0.671068,9.55,0
-0.671068,9.73,0
-0.671068,9.91,0
-0.66378,1.09,0
-0.66378,1.27,0
-0.66378,1.45,0
-0.66378,1.63,0
-0.66378,1.81,0
-0.66378,1.99,0
-0.66378,2.17,0
-0.66378,2.35,0
-0.66378,2.53,0
-0.66378,2.71,0
-0.66378,2.89,0
-0.66378,3.07,0
-0.66378,3.25,0
-0.66378,3.43,0
-0.66378,3.61,0
-0.66378,3.79,0
-0.66378,3.97,0
-0.66378,4.15,0
-0.66378,4.33,0
-0.66378,4.51,0
-0.66378,4.69,0
-0.66378,4.87,0
-0.66378,5.05,0
-0.66378,5.23,0
-0.66378,5.41,0
-0.66378,5.59,0
-0.66378,5.77,0
-0.66378,5.95,0
-0.66378,6.13,0
-0.66378,6.31,0
-0.66378,6.49,0
-0.66378,6.67,0
-0.66378,6.85,0
-0.66378,7.03,0
-0.66378,7.21,0
-0.66378,7.39,0
-0.66378,7.57,0
-0.66378,7.75,0
-0.66378,7.93,0
-0.66378,8.11,0
-0.66378,8.29,0
-0.66378,8.47,0
-0.66378,8.65,0
-0.66378,8.83,0
-0.66378,9.01,0
-0.66378,9.19,0
-0.66378,9.37,0
-0.66378,9.55,0
-0.66378,9.73,0
-0.66378,9.91,0
-0.656492,1.09,0
-0.656492,1.27,0
-0.656492,1.45,0
-0.656492,1.63,0
-0.656492,1.81,0
-0.656492,1.99,0
-0.656492,2.17,0
-0.656492,2.35,0
-0.656492,2.53,0
-0.656492,2.71,0
-0.656492,2.89,0
-0.656492,3.07,0
-0.656492,3.25,0
-0.656492,3.43,0
-0.656492,3.61,0
-0.656492,3.79,0
-0.656492,3.97,0
-0.656492,4.15,0
-0.656492,4.33,0
-0.656492,4.51,0
-0.656492,4.69,0
-0.656492,4.87,0
-0.656492,5.05,0
-0.656492,5.23,0
-0.656492,5.41,0
-0.656492,5.59,0
-0.656492,5.77,0
-0.656492,5.95,0
-0.656492,6.13,0
-0.656492,6.31,0
-0.656492,6.49,0
-0.656492,6.67,0
-0.656492,6.85,0
-0.656492,7.03,0
-0.656492,7.21,0
-0.656492,7.39,0
-0.656492,7.57,0
-0.656492,7.75,0
-0.656492,7.93,0
-0.656492,8.11,0
-0.656492,8.29,0
-0.656492,8.47,0
-0.656492,8.65,0
-0.656492,8.83,0
-0.656492,9.01,0
-0.656492,9.19,0
-0.656492,9.37,0
-0.656492,9.55,0
-0.656492,9.73,0
-0.656492,9.91,0
-0.649204,1.09,0
-0.649204,1.27,0
-0.649204,1.45,0
-0.649204,1.63,0
-0.649204,1.81,0
-0.649204,1.99,0
-0.649204,2.17,0
-0.649204,2.35,0
-0.649204,2.53,0
-0.649204,2.71,0
-0.649204,2.89,0
-0.649204,3.07,0
-0.649204,3.25,0
-0.649204,3.43,0
-0.649204,3.61,0
-0.649204,3.79,0
-0.649204,3.97,0
-0.649204,4.15,0
-0.649204,4.33,0
-0.649204,4.51,0
-0.649204,4.69,0
-0.649204,4.87,0
-0.649204,5.05,0
-0.649204,5.23,0
-0.649204,5.41,0
-0.649204,5.59,0
-0.649204,5.77,0
-0.649204,5.95,0
-0.649204,6.13,0
-0.649204,6.31,0
-0.649204,6.49,0
-0.649204,6.67,0
-0.649204,6.85,0
-0.649204,7.03,0
-0.649204,7.21,0
-0.649204,7.39,0
-0.649204,7.57,0
-0.649204,7.75,0
-0.649204,7.93,0
-0.649204,8.11,0
-0.649204,8.29,0
-0.649204,8.47,0
-0.649204,8.65,0
-0.649204,8.83,0
-0.649204,9.01,0
-0.649204,9.19,0
-0.649204,9.37,0
-0.649204,9.55,0
-0.649204,9.73,0
-0.649204,9.91,0
-0.641916,1.09,0
-0.641916,1.27,0
-0.641916,1.45,0
-0.641916,1.63,0
-0.641916,1.81,0
-0.641916,1.99,0
-0.641916,2.17,0
-0.641916,2.35,0
-0.641916,2.53,0
-0.641916,2.71,0
-0.641916,2.89,0
-0.641916,3.07,0
-0.641916,3.25,0
-0.641916,3.43,0
-0.641916,3.61,0
-0.641916,3.79,0
-0.641916,3.97,0
-0.641916,4.15,0
-0.641916,4.33,0
-0.641916,4.51,0
-0.641916,4.69,0
-0.641916,4.87,0
-0.641916,5.05,0
-0.641916,5.23,0
-0.641916,5.41,0
-0.641916,5.59,0
-0.641916,5.77,0
-0.641916,5.95,0
-0.641916,6.13,0
-0.641916,6.31,0
-0.641916,6.49,0
-0.641916,6.67,0
-0.641916,6.85,0
-0.641916,7.03,0
-0.641916,7.21,0
-0.641916,7.39,0
-0.641916,7.57,0
-0.641916,7.75,0
-0.641916,7.93,0
-0.641916,8.11,0
-0.641916,8.29,0
-0.641916,8.47,0
-0.641916,8.65,0
-0.641916,8.83,0
-0.641916,9.01,0
-0.641916,9.19,0
-0.641916,9.37,0
-0.641916,9.55,0
-0.641916,9.73,0
-0.641916,9.91,0
-0.634628,1.09,0
-0.634628,1.27,0
-0.634628,1.45,0
-0.634628,1.63,0
-0.634628,1.81,0
-0.634628,1.99,0
-0.634628,2.17,0
-0.634628,2.35,0
-0.634628,2.53,0
-0.634628,2.71,0
-0.634628,2.89,0
-0.634628,3.07,0
-0.634628,3.25,0
-0.634628,3.43,0
-0.634628,3.61,0
-0.634628,3.79,0
-0.634628,3.97,0
-0.634628,4.15,0
-0.634628,4.33,0
-0.634628,4.51,0
-0.634628,4.69,0
-0.634628,4.87,0
-0.634628,5.05,0
-0.634628,5.23,0
-0.634628,5.41,0
-0.634628,5.59,0
-0.634628,5.77,0
-0.634628,5.95,0
-0.634628,6.13,0
-0.634628,6.31,0
-0.634628,6.49,0
-0.634628,6.67,0
-0.634628,6.85,0
-0.634628,7.03,0
-0.634628,7.21,0
-0.634628,7.39,0
-0.634628,7.57,0
-0.634628,7.75,0
-0.634628,7.93,0
-0.634628,8.11,0
-0.634628,8.29,0
-0.634628,8.47,0
-0.634628,8.65,0
-0.634628,8.83,0
-0.634628,9.01,0
-0.634628,9.19,0
-0.634628,9.37,0
-0.634628,9.55,0
-0.634628,9.73,0
-0.634628,9.91,0
-0.62734,1.09,0
-0.62734,1.27,0
-0.62734,1.45,0
-0.62734,1.63,0
-0.62734,1.81,0
-0.62734,1.99,0
-0.62734,2.17,0
-0.62734,2.35,0
-0.62734,2.53,0
-0.62734,2.71,0
-0.62734,2.89,0
-0.62734,3.07,0
-0.62734,3.25,0
-0.62734,3.43,0
-0.62734,3.61,0
-0.62734,3.79,0
-0.62734,3.97,0
-0.62734,4.15,0
-0.62734,4.33,0
-0.62734,4.51,0
-0.62734,4.69,0
-0.62734,4.87,0
-0.62734,5.05,0
-0.62734,5.23,0
-0.62734,5.41,0
-0.62734,5.59,0
-0.62734,5.77,0
-0.62734,5.95,0
-0.62734,6.13,0
-0.62734,6.31,0
-0.62734,6.49,0
-0.62734,6.67,0
-0.62734,6.85,0
-0.62734,7.03,0
-0.62734,7.21,0
-0.62734,7.39,0
-0.62734,7.57,0
-0.62734,7.75,0
-0.62734,7.93,0
-0.62734,8.11,0
-0.62734,8.29,0
-0.62734,8.47,0
-0.62734,8.65,0
-0.62734,8.83,0
-0.62734,9.01,0
-0.62734,9.19,0
-0.62734,9.37,0
-0.62734,9.55,0
-0.62734,9.73,0
-0.62734,9.91,0
