-0.984455,1.09,0
-0.984455,1.27,0
-0.984455,1.45,0
-0.984455,1.63,0
-0.984455,1.81,0
-0.984455,1.99,0
-0.984455,2.17,0
-0.984455,2.35,0
-0.984455,2.53,0
-0.984455,2.71,0
-0.984455,2.89,0
-0.984455,3.07,0
-0.984455,3.25,0
-0.984455,3.43,0
-0.984455,3.61,0
-0.984455,3.79,0
-0.984455,3.97,0
-0.984455,4.15,0
-0.984455,4.33,0
-0.984455,4.51,0
-0.984455,4.69,0
-0.984455,4.87,0
-0.984455,5.05,0
-0.984455,5.23,0
-0.984455,5.41,0
-0.984455,5.59,0
-0.984455,5.77,0
-0.984455,5.95,0
-0.984455,6.13,0
-0.984455,6.31,0
-0.984455,6.49,0
-0.984455,6.67,0
-0.984455,6.85,0
-0.984455,7.03,0
-0.984455,7.21,0
-0.984455,7.39,0
-0.984455,7.57,0
-0.984455,7.75,0
-0.984455,7.93,0
-0.984455,8.11,0
-0.984455,8.29,0
-0.984455,8.47,0
-0.984455,8.65,0
-0.984455,8.83,0
-0.984455,9.01,0
-0.984455,9.19,0
-0.984455,9.37,0
-0.984455,9.55,0
-0.984455,9.73,0
-0.984455,9.91,0
-0.977166,1.09,0
-0.977166,1.27,0
-0.977166,1.45,0
-0.977166,1.63,0
-0.977166,1.81,0
-0.977166,1.99,0
-0.977166,2.17,0
-0.977166,2.35,0
-0.977166,2.53,0
-0.977166,2.71,0
-0.977166,2.89,0
-0.977166,3.07,0
-0.977166,3.25,0
-0.977166,3.43,0
-0.977166,3.61,0
-0.977166,3.79,0
-0.977166,3.97,0
-0.977166,4.15,0
-0.977166,4.33,0
-0.977166,4.51,0
-0.977166,4.69,0
-0.977166,4.87,0
-0.977166,5.05,0
-0.977166,5.23,0
-0.977166,5.41,0
-0.977166,5.59,0
-0.977166,5.77,0
-0.977166,5.95,0
-0.977166,6.13,0
-0.977166,6.31,0
-0.977166,6.49,0
-0.977166,6.67,0
-0.977166,6.85,0
-0.977166,7.03,0
-0.977166,7.21,0
-0.977166,7.39,0
-0.977166,7.57,0
-0.977166,7.75,0
-0.977166,7.93,0
-0.977166,8.11,0
-0.977166,8.29,0
-0.977166,8.47,0
-0.977166,8.65,0
-0.977166,8.83,0
-0.977166,9.01,0
-0.977166,9.19,0
-0.977166,9.37,0
-0.977166,9.55,0
-0.977166,9.73,0
-0.977166,9.91,0
-0.969878,1.09,0
-0.969878,1.27,0
-0.969878,1.45,0
-0.969878,1.63,0
-0.969878,1.81,0
-0.969878,1.99,0
-0.969878,2.17,0
-0.969878,2.35,0
-0.969878,2.53,0
-0.969878,2.71,0
-0.969878,2.89,0
-0.969878,3.07,0
-0.969878,3.25,0
-0.969878,3.43,0
-0.969878,3.61,0
-0.969878,3.79,0
-0.969878,3.97,0
-0.969878,4.15,0
-0.969878,4.33,0
-0.969878,4.51,0
-0.969878,4.69,0
-0.969878,4.87,0
-0.969878,5.05,0
-0.969878,5.23,0
-0.969878,5.41,0
-0.969878,5.59,0
-0.969878,5.77,0
-0.969878,5.95,0
-0.969878,6.13,0
-0.969878,6.31,0
-0.969878,6.49,0
-0.969878,6.67,0
-0.969878,6.85,0
-0.969878,7.03,0
-0.969878,7.21,0
-0.969878,7.39,0
-0.969878,7.57,0
-0.969878,7.75,0
-0.969878,7.93,0
-0.969878,8.11,0
-0.969878,8.29,0
-0.969878,8.47,0
-0.969878,8.65,0
-0.969878,8.83,0
-0.969878,9.01,0
-0.969878,9.19,0
-0.969878,9.37,0
-0.969878,9.55,0
-0.969878,9.73,0
-0.969878,9.91,0
-0.96259,1.09,0
-0.96259,1.27,0
-0.96259,1.45,0
-0.96259,1.63,0
-0.96259,1.81,0
-0.96259,1.99,0
-0.96259,2.17,0
-0.96259,2.35,0
-0.96259,2.53,0
-0.96259,2.71,0
-0.96259,2.89,0
-0.96259,3.07,0
-0.96259,3.25,0
-0.96259,3.43,0
-0.96259,3.61,0
-0.96259,3.79,0
-0.96259,3.97,0
-0.96259,4.15,0
-0.96259,4.33,0
-0.96259,4.51,0
-0.96259,4.69,0
-0.96259,4.87,0
-0.96259,5.05,0
-0.96259,5.23,0
-0.96259,5.41,0
-0.96259,5.59,0
-0.96259,5.77,0
-0.96259,5.95,0
-0.96259,6.13,0
-0.96259,6.31,0
-0.96259,6.49,0
-0.96259,6.67,0
-0.96259,6.85,0
-0.96259,7.03,0
-0.96259,7.21,0
-0.96259,7.39,0
-0.96259,7.57,0
-0.96259,7.75,0
-0.96259,7.93,0
-0.96259,8.11,0
-0.96259,8.29,0
-0.96259,8.47,0
-0.96259,8.65,0
-0.96259,8.83,0
-0.96259,9.01,0
-0.96259,9.19,0
-0.96259,9.37,0
-0.96259,9.55,0
-0.96259,9.73,0
-0.96259,9.91,0
-0.955302,1.09,0.00480364
-0.955302,1.27,-0.0032364
-0.955302,1.45,0.0182976
-0.955302,1.63,0.00932507
-0.955302,1.81,-0.0103845
-0.955302,1.99,-0.000705001
-0.955302,2.17,0.00499166
-0.955302,2.35,-0.0156004
-0.955302,2.53,-0.0113221
-0.955302,2.71,-0.0035413
-0.955302,2.89,-0.00635147
-0.955302,3.07,-0.0102776
-0.955302,3.25,-0.0119163
-0.955302,3.43,-0.0164558
-0.955302,3.61,-0.0270355
-0.955302,3.79,-0.041028
-0.955302,3.97,-0.0514244
-0.955302,4.15,-0.0501737
-0.955302,4.33,-0.0327342
-0.955302,4.51,-0.00241424
-0.955302,4.69,0.0305267
-0.955302,4.87,0.0559476
-0.955302,5.05,0.0695106
-0.955302,5.23,0.0722195
-0.955302,5.41,0.0669495
-0.955302,5.59,0.0567336
-0.955302,5.77,0.0438517
-0.955302,5.95,0.0298577
-0.955302,6.13,0.0157261
-0.955302,6.31,0.00206377
-0.955302,6.49,-0.0107343
-0.955302,6.67,-0.0224144
-0.955302,6.85,-0.0328128
-0.955302,7.03,-0.0418171
-0.955302,7.21,-0.0493756
-0.955302,7.39,-0.0554352
-0.955302,7.57,-0.0599701
-0.955302,7.75,-0.0629928
-0.955302,7.93,-0.0645477
-0.955302,8.11,-0.0649145
-0.955302,8.29,-0.0640128
-0.955302,8.47,-0.0619509
-0.955302,8.65,-0.0588766
-0.955302,8.83,-0.0549546
-0.955302,9.01,-0.0502969
-0.955302,9.19,-0.0451068
-0.955302,9.37,-0.0396139
-0.955302,9.55,-0.0339761
-0.955302,9.73,-0.0283318
-0.955302,9.91,-0.0227981
-0.948014,1.09,-0.0575689
-0.948014,1.27,0.029989
-0.948014,1.45,0.0457241
-0.948014,1.63,-0.0187427
-0.948014,1.81,-0.0533537
-0.948014,1.99,-0.0215733
-0.948014,2.17,0.0468289
-0.948014,2.35,-0.0527599
-0.948014,2.53,-0.0518649
-0.948014,2.71,-0.0488299
-0.948014,2.89,-0.0715044
-0.948014,3.07,-0.0767325
-0.948014,3.25,-0.0691358
-0.948014,3.43,-0.0792595
-0.948014,3.61,-0.1211
-0.948014,3.79,-0.182735
-0.948014,3.97,-0.235742
-0.948014,4.15,-0.248503
-0.948014,4.33,-0.19857
-0.948014,4.51,-0.0863227
-0.948014,4.69,0.0589657
-0.948014,4.87,0.193921
-0.948014,5.05,0.286904
-0.948014,5.23,0.329973
-0.948014,5.41,0.330199
-0.948014,5.59,0.300568
-0.948014,5.77,0.252773
-0.948014,5.95,0.195584
-0.948014,6.13,0.134729
-0.948014,6.31,0.0738107
-0.948014,6.49,0.0150633
-0.948014,6.67,-0.0400421
-0.948014,6.85,-0.0906362
-0.948014,7.03,-0.136155
-0.948014,7.21,-0.176319
-0.948014,7.39,-0.210863
-0.948014,7.57,-0.239609
-0.948014,7.75,-0.262503
-0.948014,7.93,-0.279582
-0.948014,8.11,-0.291814
-0.948014,8.29,-0.298714
-0.948014,8.47,-0.3005
-0.948014,8.65,-0.297543
-0.948014,8.83,-0.290294
-0.948014,9.01,-0.278954
-0.948014,9.19,-0.264176
-0.948014,9.37,-0.246836
-0.948014,9.55,-0.227533
-0.948014,9.73,-0.206842
-0.948014,9.91,-0.185298
-0.940726,1.09,-0.0657374
-0.940726,1.27,0.0111107
-0.940726,1.45,-0.0459189
-0.940726,1.63,-0.0987654
-0.940726,1.81,-0.0537855
-0.940726,1.99,-0.0348807
-0.940726,2.17,0.0910685
-0.940726,2.35,-0.0480761
-0.940726,2.53,-0.0745988
-0.940726,2.71,-0.13714
-0.940726,2.89,-0.185199
-0.940726,3.07,-0.172662
-0.940726,3.25,-0.142112
-0.940726,3.43,-0.145536
-0.940726,3.61,-0.201496
-0.940726,3.79,-0.293012
-0.940726,3.97,-0.382615
-0.940726,4.15,-0.428673
-0.940726,4.33,-0.395676
-0.940726,4.51,-0.267718
-0.940726,4.69,-0.0632105
-0.940726,4.87,0.16635
-0.940726,5.05,0.36229
-0.940726,5.23,0.489963
-0.940726,5.41,0.543335
-0.940726,5.59,0.535835
-0.940726,5.77,0.48585
-0.940726,5.95,0.410095
-0.940726,6.13,0.32064
-0.940726,6.31,0.22555
-0.940726,6.49,0.129965
-0.940726,6.67,0.0373718
-0.940726,6.85,-0.0501466
-0.940726,7.03,-0.131254
-0.940726,7.21,-0.205215
-0.940726,7.39,-0.27145
-0.940726,7.57,-0.329544
-0.940726,7.75,-0.37928
-0.940726,7.93,-0.420573
-0.940726,8.11,-0.454593
-0.940726,8.29,-0.480593
-0.940726,8.47,-0.498709
-0.940726,8.65,-0.509272
-0.940726,8.83,-0.512718
-0.940726,9.01,-0.509109
-0.940726,9.19,-0.499148
-0.940726,9.37,-0.483937
-0.940726,9.55,-0.464218
-0.940726,9.73,-0.440745
-0.940726,9.91,-0.414267
-0.933438,1.09,-0.057895
-0.933438,1.27,-0.0512824
-0.933438,1.45,-0.0997929
-0.933438,1.63,-0.150709
-0.933438,1.81,-0.0607549
-0.933438,1.99,-0.0335932
-0.933438,2.17,0.0775554
-0.933438,2.35,-0.0659368
-0.933438,2.53,-0.0812607
-0.933438,2.71,-0.160056
-0.933438,2.89,-0.193324
-0.933438,3.07,-0.160973
-0.933438,3.25,-0.124703
-0.933438,3.43,-0.126459
-0.933438,3.61,-0.175709
-0.933438,3.79,-0.260206
-0.933438,3.97,-0.354428
-0.933438,4.15,-0.427231
-0.933438,4.33,-0.446112
-0.933438,4.51,-0.385312
-0.933438,4.69,-0.239037
-0.933438,4.87,-0.0318334
-0.933438,5.05,0.186841
-0.933438,5.23,0.368758
-0.933438,5.41,0.486337
-0.933438,5.59,0.536777
-0.933438,5.77,0.531566
-0.933438,5.95,0.487093
-0.933438,6.13,0.417675
-0.933438,6.31,0.334067
-0.933438,6.49,0.243691
-0.933438,6.67,0.15179
-0.933438,6.85,0.0616941
-0.933438,7.03,-0.0244113
-0.933438,7.21,-0.105182
-0.933438,7.39,-0.179701
-0.933438,7.57,-0.247313
-0.933438,7.75,-0.307618
-0.933438,7.93,-0.360385
-0.933438,8.11,-0.406411
-0.933438,8.29,-0.445059
-0.933438,8.47,-0.476343
-0.933438,8.65,-0.500436
-0.933438,8.83,-0.517595
-0.933438,9.01,-0.527755
-0.933438,9.19,-0.53137
-0.933438,9.37,-0.529256
-0.933438,9.55,-0.521948
-0.933438,9.73,-0.510013
-0.933438,9.91,-0.494038
-0.92615,1.09,-0.0142206
-0.92615,1.27,-0.116878
-0.92615,1.45,-0.128768
-0.92615,1.63,-0.186578
-0.92615,1.81,-0.0785219
-0.92615,1.99,-0.0212341
-0.92615,2.17,0.0545659
-0.92615,2.35,-0.0770032
-0.92615,2.53,-0.0935139
-0.92615,2.71,-0.174424
-0.92615,2.89,-0.184494
-0.92615,3.07,-0.14088
-0.92615,3.25,-0.109185
-0.92615,3.43,-0.110264
-0.92615,3.61,-0.14569
-0.92615,3.79,-0.214871
-0.92615,3.97,-0.307221
-0.92615,4.15,-0.400652
-0.92615,4.33,-0.465191
-0.92615,4.51,-0.470246
-0.92615,4.69,-0.394747
-0.92615,4.87,-0.238941
-0.92615,5.05,-0.0318888
-0.92615,5.23,0.180313
-0.92615,5.41,0.355347
-0.92615,5.59,0.470446
-0.92615,5.77,0.523079
-0.92615,5.95,0.523923
-0.92615,6.13,0.487026
-0.92615,6.31,0.42518
-0.92615,6.49,0.34834
-0.92615,6.67,0.263913
-0.92615,6.85,0.176942
-0.92615,7.03,0.0908405
-0.92615,7.21,0.00786055
-0.92615,7.39,-0.0705856
-0.92615,7.57,-0.143506
-0.92615,7.75,-0.210265
-0.92615,7.93,-0.270477
-0.92615,8.11,-0.324573
-0.92615,8.29,-0.372073
-0.92615,8.47,-0.412936
-0.92615,8.65,-0.447252
-0.92615,8.83,-0.475184
-0.92615,9.01,-0.496653
-0.92615,9.19,-0.511954
-0.92615,9.37,-0.521671
-0.92615,9.55,-0.526181
-0.92615,9.73,-0.525894
-0.92615,9.91,-0.521241
-0.918862,1.09,0.030595
-0.918862,1.27,-0.164745
-0.918862,1.45,-0.132481
-0.918862,1.63,-0.192578
-0.918862,1.81,-0.100625
-0.918862,1.99,-0.00257512
-0.918862,2.17,0.0292646
-0.918862,2.35,-0.0821852
-0.918862,2.53,-0.110154
-0.918862,2.71,-0.178506
-0.918862,2.89,-0.165653
-0.918862,3.07,-0.122376
-0.918862,3.25,-0.102242
-0.918862,3.43,-0.0991021
-0.918862,3.61,-0.113002
-0.918862,3.79,-0.161526
-0.918862,3.97,-0.248993
-0.918862,4.15,-0.358684
-0.918862,4.33,-0.460738
-0.918862,4.51,-0.522059
-0.918862,4.69,-0.514329
-0.918862,4.87,-0.422399
-0.918862,5.05,-0.254836
-0.918862,5.23,-0.043795
-0.918862,5.41,0.167234
-0.918862,5.59,0.34059
-0.918862,5.77,0.456344
-0.918862,5.95,0.513339
-0.918862,6.13,0.520865
-0.918862,6.31,0.491533
-0.918862,6.49,0.43722
-0.918862,6.67,0.367526
-0.918862,6.85,0.289554
-0.918862,7.03,0.208319
-0.918862,7.21,0.127324
-0.918862,7.39,0.0486877
-0.918862,7.57,-0.0261068
-0.918862,7.75,-0.0960768
-0.918862,7.93,-0.160617
-0.918862,8.11,-0.219769
-0.918862,8.29,-0.27318
-0.918862,8.47,-0.32076
-0.918862,8.65,-0.362541
-0.918862,8.83,-0.398624
-0.918862,9.01,-0.428958
-0.918862,9.19,-0.453743
-0.918862,9.37,-0.473387
-0.918862,9.55,-0.488163
-0.918862,9.73,-0.498368
-0.918862,9.91,-0.504313
-0.911574,1.09,0.0502204
-0.911574,1.27,-0.174719
-0.911574,1.45,-0.118622
-0.911574,1.63,-0.167276
-0.911574,1.81,-0.113698
-0.911574,1.99,0.014384
-0.911574,2.17,0.0079287
-0.911574,2.35,-0.0860898
-0.911574,2.53,-0.127083
-0.911574,2.71,-0.170049
-0.911574,2.89,-0.141075
-0.911574,3.07,-0.109612
-0.911574,3.25,-0.102493
-0.911574,3.43,-0.0879261
-0.911574,3.61,-0.0739459
-0.911574,3.79,-0.0996167
-0.911574,3.97,-0.181403
-0.911574,4.15,-0.303763
-0.911574,4.33,-0.434629
-0.911574,4.51,-0.539572
-0.911574,4.69,-0.588632
-0.911574,4.87,-0.560218
-0.911574,5.05,-0.448874
-0.911574,5.23,-0.269617
-0.911574,5.41,-0.0549094
-0.911574,5.59,0.154795
-0.911574,5.77,0.326305
-0.911574,5.95,0.443325
-0.911574,6.13,0.505017
-0.911574,6.31,0.519645
-0.911574,6.49,0.498791
-0.911574,6.67,0.453314
-0.911574,6.85,0.392246
-0.911574,7.03,0.322387
-0.911574,7.21,0.248796
-0.911574,7.39,0.174534
-0.911574,7.57,0.101775
-0.911574,7.75,0.0320174
-0.911574,7.93,-0.0337859
-0.911574,8.11,-0.0952135
-0.911574,8.29,-0.151954
-0.911574,8.47,-0.203823
-0.911574,8.65,-0.250764
-0.911574,8.83,-0.292806
-0.911574,9.01,-0.329918
-0.911574,9.19,-0.362219
-0.911574,9.37,-0.389974
-0.911574,9.55,-0.413379
-0.911574,9.73,-0.432644
-0.911574,9.91,-0.447993
-0.904286,1.09,0.0545463
-0.904286,1.27,-0.143035
-0.904286,1.45,-0.0993986
-0.904286,1.63,-0.122126
-0.904286,1.81,-0.102311
-0.904286,1.99,0.0213959
-0.904286,2.17,-0.00367679
-0.904286,2.35,-0.0929308
-0.904286,2.53,-0.139717
-0.904286,2.71,-0.150489
-0.904286,2.89,-0.116366
-0.904286,3.07,-0.104241
-0.904286,3.25,-0.104577
-0.904286,3.43,-0.0703084
-0.904286,3.61,-0.0260035
-0.904286,3.79,-0.0302437
-0.904286,3.97,-0.106921
-0.904286,4.15,-0.238198
-0.904286,4.33,-0.388746
-0.904286,4.51,-0.523973
-0.904286,4.69,-0.615738
-0.904286,4.87,-0.64222
-0.904286,5.05,-0.591397
-0.904286,5.23,-0.464811
-0.904286,5.41,-0.279142
-0.904286,5.59,-0.0658287
-0.904286,5.77,0.139316
-0.904286,5.95,0.308079
-0.904286,6.13,0.426676
-0.904286,6.31,0.494252
-0.904286,6.49,0.51817
-0.904286,6.67,0.508164
-0.904286,6.85,0.474086
-0.904286,7.03,0.424187
-0.904286,7.21,0.365165
-0.904286,7.39,0.301195
-0.904286,7.57,0.235357
-0.904286,7.75,0.169873
-0.904286,7.93,0.10623
-0.904286,8.11,0.0454341
-0.904286,8.29,-0.012101
-0.904286,8.47,-0.0659999
-0.904286,8.65,-0.11605
-0.904286,8.83,-0.162158
-0.904286,9.01,-0.204256
-0.904286,9.19,-0.242371
-0.904286,9.37,-0.276631
-0.904286,9.55,-0.30715
-0.904286,9.73,-0.334064
-0.904286,9.91,-0.35752
-0.896998,1.09,0.0724976
-0.896998,1.27,-0.0885632
-0.896998,1.45,-0.0853165
-0.896998,1.63,-0.0746622
-0.896998,1.81,-0.0582469
-0.896998,1.99,0.0139029
-0.896998,2.17,-0.00181184
-0.896998,2.35,-0.105513
-0.896998,2.53,-0.144931
-0.896998,2.71,-0.123845
-0.896998,2.89,-0.0962884
-0.896998,3.07,-0.103659
-0.896998,3.25,-0.100208
-0.896998,3.43,-0.0408547
-0.896998,3.61,0.0305634
-0.896998,3.79,0.0432674
-0.896998,3.97,-0.0287684
-0.896998,4.15,-0.163885
-0.896998,4.33,-0.324469
-0.896998,4.51,-0.477424
-0.896998,4.69,-0.598295
-0.896998,4.87,-0.668114
-0.896998,5.05,-0.673465
-0.896998,5.23,-0.608139
-0.896998,5.41,-0.475214
-0.896998,5.59,-0.291722
-0.896998,5.77,-0.0853322
-0.896998,5.95,0.112891
-0.896998,6.13,0.279169
-0.896998,6.31,0.401288
-0.896998,6.49,0.478175
-0.896998,6.67,0.51476
-0.896998,6.85,0.519219
-0.896998,7.03,0.49995
-0.896998,7.21,0.464791
-0.896998,7.39,0.418953
-0.896998,7.57,0.366518
-0.896998,7.75,0.310631
-0.896998,7.93,0.253515
-0.896998,8.11,0.196925
-0.896998,8.29,0.141574
-0.896998,8.47,0.0881663
-0.896998,8.65,0.0371825
-0.896998,8.83,-0.0110734
-0.896998,9.01,-0.056408
-0.896998,9.19,-0.0987111
-0.896998,9.37,-0.137957
-0.896998,9.55,-0.174159
-0.896998,9.73,-0.20736
-0.896998,9.91,-0.237623
-0.88971,1.09,0.118165
-0.88971,1.27,-0.0443193
-0.88971,1.45,-0.0822722
-0.88971,1.63,-0.0391786
-0.88971,1.81,0.0133995
-0.88971,1.99,-0.0046904
-0.88971,2.17,0.0133477
-0.88971,2.35,-0.124839
-0.88971,2.53,-0.141563
-0.88971,2.71,-0.0948421
-0.88971,2.89,-0.0825928
-0.88971,3.07,-0.100954
-0.88971,3.25,-0.081197
-0.88971,3.43,0.00214121
-0.88971,3.61,0.0916381
-0.88971,3.79,0.115409
-0.88971,3.97,0.0495898
-0.88971,4.15,-0.0818638
-0.88971,4.33,-0.24225
-0.88971,4.51,-0.401894
-0.88971,4.69,-0.540598
-0.88971,4.87,-0.642911
-0.88971,5.05,-0.696359
-0.88971,5.23,-0.691444
-0.88971,5.41,-0.622607
-0.88971,5.59,-0.493754
-0.88971,5.77,-0.319233
-0.88971,5.95,-0.123549
-0.88971,6.13,0.0674978
-0.88971,6.31,0.233362
-0.88971,6.49,0.362931
-0.88971,6.67,0.452983
-0.88971,6.85,0.506501
-0.88971,7.03,0.529463
-0.88971,7.21,0.529344
-0.88971,7.39,0.511697
-0.88971,7.57,0.481349
-0.88971,7.75,0.442368
-0.88971,7.93,0.397854
-0.88971,8.11,0.350444
-0.88971,8.29,0.301385
-0.88971,8.47,0.251883
-0.88971,8.65,0.202832
-0.88971,8.83,0.15487
-0.88971,9.01,0.108443
-0.88971,9.19,0.0638705
-0.88971,9.37,0.0213694
-0.88971,9.55,-0.0189227
-0.88971,9.73,-0.0569229
-0.88971,9.91,-0.0925886
-0.882422,1.09,0.186072
-0.882422,1.27,-0.0326485
-0.882422,1.45,-0.0896889
-0.882422,1.63,-0.020126
-0.882422,1.81,0.0949901
-0.882422,1.99,-0.0217663
-0.882422,2.17,0.035665
-0.882422,2.35,-0.149728
-0.882422,2.53,-0.129703
-0.882422,2.71,-0.0671489
-0.882422,2.89,-0.0729055
-0.882422,3.07,-0.0872704
-0.882422,3.25,-0.043116
-0.882422,3.43,0.0550387
-0.882422,3.61,0.149378
-0.882422,3.79,0.179463
-0.882422,3.97,0.12534
-0.882422,4.15,0.00806846
-0.882422,4.33,-0.141409
-0.882422,4.51,-0.298444
-0.882422,4.69,-0.446527
-0.882422,4.87,-0.572829
-0.882422,5.05,-0.666059
-0.882422,5.23,-0.715731
-0.882422,5.41,-0.712046
-0.882422,5.59,-0.650202
-0.882422,5.77,-0.532281
-0.882422,5.95,-0.371661
-0.882422,6.13,-0.188119
-0.882422,6.31,-0.00326324
-0.882422,6.49,0.16497
-0.882422,6.67,0.305002
-0.882422,6.85,0.411925
-0.882422,7.03,0.486154
-0.882422,7.21,0.532144
-0.882422,7.39,0.554167
-0.882422,7.57,0.556801
-0.882422,7.75,0.544533
-0.882422,7.93,0.521168
-0.882422,8.11,0.49019
-0.882422,8.29,0.453559
-0.882422,8.47,0.41314
-0.882422,8.65,0.370393
-0.882422,8.83,0.326435
-0.882422,9.01,0.282125
-0.882422,9.19,0.238094
-0.882422,9.37,0.194808
-0.882422,9.55,0.152629
-0.882422,9.73,0.111824
-0.882422,9.91,0.0725877
-0.875134,1.09,0.25997
-0.875134,1.27,-0.0402243
-0.875134,1.45,-0.0967767
-0.875134,1.63,-0.0139312
-0.875134,1.81,0.164373
-0.875134,1.99,-0.0212285
-0.875134,2.17,0.0521994
-0.875134,2.35,-0.175998
-0.875134,2.53,-0.109927
-0.875134,2.71,-0.0426917
-0.875134,2.89,-0.0616418
-0.875134,3.07,-0.0557001
-0.875134,3.25,0.0123506
-0.875134,3.43,0.109279
-0.875134,3.61,0.194146
-0.875134,3.79,0.229425
-0.875134,3.97,0.197224
-0.875134,4.15,0.10743
-0.875134,4.33,-0.0202192
-0.875134,4.51,-0.166941
-0.875134,4.69,-0.318459
-0.875134,4.87,-0.462808
-0.875134,5.05,-0.588907
-0.875134,5.23,-0.685833
-0.875134,5.41,-0.742176
-0.875134,5.59,-0.74874
-0.875134,5.77,-0.699583
-0.875134,5.95,-0.597985
-0.875134,6.13,-0.454188
-0.875134,6.31,-0.284056
-0.875134,6.49,-0.105818
-0.875134,6.67,0.0649997
-0.875134,6.85,0.216435
-0.875134,7.03,0.341752
-0.875134,7.21,0.439638
-0.875134,7.39,0.510793
-0.875134,7.57,0.557627
-0.875134,7.75,0.583665
-0.875134,7.93,0.592583
-0.875134,8.11,0.588182
-0.875134,8.29,0.573052
-0.875134,8.47,0.5497
-0.875134,8.65,0.520217
-0.875134,8.83,0.486303
-0.875134,9.01,0.449396
-0.875134,9.19,0.410545
-0.875134,9.37,0.37054
-0.875134,9.55,0.33006
-0.875134,9.73,0.28964
-0.875134,9.91,0.249697
-0.867846,1.09,0.303119
-0.867846,1.27,-0.0318971
-0.867846,1.45,-0.0819803
-0.867846,1.63,-0.0166476
-0.867846,1.81,0.207611
-0.867846,1.99,0.00464879
-0.867846,2.17,0.0466837
-0.867846,2.35,-0.195628
-0.867846,2.53,-0.0838005
-0.867846,2.71,-0.0226075
-0.867846,2.89,-0.0426511
-0.867846,3.07,-0.00428569
-0.867846,3.25,0.0779886
-0.867846,3.43,0.154473
-0.867846,3.61,0.217989
-0.867846,3.79,0.261793
-0.867846,3.97,0.265311
-0.867846,4.15,0.217982
-0.867846,4.33,0.123186
-0.867846,4.51,-0.00648545
-0.867846,4.69,-0.157109
-0.867846,4.87,-0.315447
-0.867846,5.05,-0.469044
-0.867846,5.23,-0.606043
-0.867846,5.41,-0.714473
-0.867846,5.59,-0.783618
-0.867846,5.77,-0.80388
-0.867846,5.95,-0.77234
-0.867846,6.13,-0.691171
-0.867846,6.31,-0.568123
-0.867846,6.49,-0.416421
-0.867846,6.67,-0.249029
-0.867846,6.85,-0.0799915
-0.867846,7.03,0.0791259
-0.867846,7.21,0.220793
-0.867846,7.39,0.340811
-0.867846,7.57,0.437413
-0.867846,7.75,0.511071
-0.867846,7.93,0.563607
-0.867846,8.11,0.597785
-0.867846,8.29,0.616089
-0.867846,8.47,0.621168
-0.867846,8.65,0.615478
-0.867846,8.83,0.601193
-0.867846,9.01,0.580359
-0.867846,9.19,0.554488
-0.867846,9.37,0.524729
-0.867846,9.55,0.492163
-0.867846,9.73,0.45768
-0.867846,9.91,0.422001
-0.860558,1.09,0.26398
-0.860558,1.27,0.00049762
-0.860558,1.45,-0.0285548
-0.860558,1.63,-0.0253988
-0.860558,1.81,0.225741
-0.860558,1.99,0.0454729
-0.860558,2.17,0.0119036
-0.860558,2.35,-0.197397
-0.860558,2.53,-0.0567282
-0.860558,2.71,-0.00954704
-0.860558,2.89,-0.0118943
-0.860558,3.07,0.0638101
-0.860558,3.25,0.144506
-0.860558,3.43,0.182912
-0.860558,3.61,0.217349
-0.860558,3.79,0.274712
-0.860558,3.97,0.327745
-0.860558,4.15,0.338295
-0.860558,4.33,0.288356
-0.860558,4.51,0.183291
-0.860558,4.69,0.0381984
-0.860558,4.87,-0.13026
-0.860558,5.05,-0.306424
-0.860558,5.23,-0.476501
-0.860558,5.41,-0.628033
-0.860558,5.59,-0.750245
-0.860558,5.77,-0.832927
-0.860558,5.95,-0.870828
-0.860558,6.13,-0.861761
-0.860558,6.31,-0.807258
-0.860558,6.49,-0.714479
-0.860558,6.67,-0.589927
-0.860558,6.85,-0.444102
-0.860558,7.03,-0.288007
-0.860558,7.21,-0.132039
-0.860558,7.39,0.0165535
-0.860558,7.57,0.151967
-0.860558,7.75,0.270425
-0.860558,7.93,0.370146
-0.860558,8.11,0.450965
-0.860558,8.29,0.513681
-0.860558,8.47,0.5598
-0.860558,8.65,0.59118
-0.860558,8.83,0.609798
-0.860558,9.01,0.617891
-0.860558,9.19,0.617193
-0.860558,9.37,0.609062
-0.860558,9.55,0.594925
-0.860558,9.73,0.576017
-0.860558,9.91,0.553398
-0.85327,1.09,0.17753
-0.85327,1.27,0.027684
-0.85327,1.45,0.0436487
-0.85327,1.63,-0.0310163
-0.85327,1.81,0.222347
-0.85327,1.99,0.077272
-0.85327,2.17,-0.0321547
-0.85327,2.35,-0.171566
-0.85327,2.53,-0.0436794
-0.85327,2.71,-0.00944851
-0.85327,2.89,0.03171
-0.85327,3.07,0.142268
-0.85327,3.25,0.203824
-0.85327,3.43,0.191075
-0.85327,3.61,0.190042
-0.85327,3.79,0.260186
-0.85327,3.97,0.370601
-0.85327,4.15,0.454291
-0.85327,4.33,0.465831
-0.85327,4.51,0.398889
-0.85327,4.69,0.269228
-0.85327,4.87,0.098445
-0.85327,5.05,-0.0927723
-0.85327,5.23,-0.287467
-0.85327,5.41,-0.472218
-0.85327,5.59,-0.636587
-0.85327,5.77,-0.771269
-0.85327,5.95,-0.871024
-0.85327,6.13,-0.932482
-0.85327,6.31,-0.954236
-0.85327,6.49,-0.939431
-0.85327,6.67,-0.888695
-0.85327,6.85,-0.806864
-0.85327,7.03,-0.700299
-0.85327,7.21,-0.577591
-0.85327,7.39,-0.444582
-0.85327,7.57,-0.307562
-0.85327,7.75,-0.172561
-0.85327,7.93,-0.0444145
-0.85327,8.11,0.0733113
-0.85327,8.29,0.178379
-0.85327,8.47,0.26963
-0.85327,8.65,0.346791
-0.85327,8.83,0.41025
-0.85327,9.01,0.461158
-0.85327,9.19,0.500631
-0.85327,9.37,0.529625
-0.85327,9.55,0.549385
-0.85327,9.73,0.561133
-0.85327,9.91,0.566023
-0.845982,1.09,0.1959
-0.845982,1.27,0.00891437
-0.845982,1.45,0.078746
-0.845982,1.63,-0.0226861
-0.845982,1.81,0.182754
-0.845982,1.99,0.0847168
-0.845982,2.17,-0.0372654
-0.845982,2.35,-0.120148
-0.845982,2.53,-0.0735112
-0.845982,2.71,-0.0274155
-0.845982,2.89,0.0871453
-0.845982,3.07,0.220201
-0.845982,3.25,0.244423
-0.845982,3.43,0.17006
-0.845982,3.61,0.11908
-0.845982,3.79,0.18058
-0.845982,3.97,0.338498
-0.845982,4.15,0.509897
-0.845982,4.33,0.615404
-0.845982,4.51,0.622712
-0.845982,4.69,0.539784
-0.845982,4.87,0.391138
-0.845982,5.05,0.20371
-0.845982,5.23,-0.000612162
-0.845982,5.41,-0.205942
-0.845982,5.59,-0.401218
-0.845982,5.77,-0.577952
-0.845982,5.95,-0.731181
-0.845982,6.13,-0.857608
-0.845982,6.31,-0.95503
-0.845982,6.49,-1.02453
-0.845982,6.67,-1.06392
-0.845982,6.85,-1.07393
-0.845982,7.03,-1.05622
-0.845982,7.21,-1.01553
-0.845982,7.39,-0.953604
-0.845982,7.57,-0.873387
-0.845982,7.75,-0.779029
-0.845982,7.93,-0.6748
-0.845982,8.11,-0.564807
-0.845982,8.29,-0.45286
-0.845982,8.47,-0.342251
-0.845982,8.65,-0.23567
-0.845982,8.83,-0.135176
-0.845982,9.01,-0.0422485
-0.845982,9.19,0.0423812
-0.845982,9.37,0.118296
-0.845982,9.55,0.185368
-0.845982,9.73,0.243756
-0.845982,9.91,0.293826
-0.838694,1.09,0.229795
-0.838694,1.27,-0.112473
-0.838694,1.45,0.00117495
-0.838694,1.63,0.0297012
-0.838694,1.81,0.0671162
-0.838694,1.99,0.00601894
-0.838694,2.17,0.0241479
-0.838694,2.35,-0.010096
-0.838694,2.53,-0.125567
-0.838694,2.71,-0.0352816
-0.838694,2.89,0.138035
-0.838694,3.07,0.239521
-0.838694,3.25,0.192635
-0.838694,3.43,0.0316356
-0.838694,3.61,-0.125956
-0.838694,3.79,-0.165293
-0.838694,3.97,-0.0311338
-0.838694,4.15,0.246584
-0.838694,4.33,0.570027
-0.838694,4.51,0.829413
-0.838694,4.69,0.962758
-0.838694,4.87,0.963
-0.838694,5.05,0.857662
-0.838694,5.23,0.682069
-0.838694,5.41,0.466075
-0.838694,5.59,0.231534
-0.838694,5.77,-0.00674595
-0.838694,5.95,-0.238608
-0.838694,6.13,-0.457864
-0.838694,6.31,-0.66047
-0.838694,6.49,-0.845144
-0.838694,6.67,-1.00906
-0.838694,6.85,-1.15088
-0.838694,7.03,-1.26975
-0.838694,7.21,-1.36751
-0.838694,7.39,-1.44304
-0.838694,7.57,-1.49582
-0.838694,7.75,-1.52652
-0.838694,7.93,-1.53618
-0.838694,8.11,-1.52627
-0.838694,8.29,-1.49841
-0.838694,8.47,-1.45456
-0.838694,8.65,-1.39687
-0.838694,8.83,-1.32759
-0.838694,9.01,-1.24968
-0.838694,9.19,-1.16512
-0.838694,9.37,-1.07539
-0.838694,9.55,-0.982408
-0.838694,9.73,-0.88792
-0.838694,9.91,-0.793441
-0.831406,1.09,0.179133
-0.831406,1.27,-0.196085
-0.831406,1.45,-0.176346
-0.831406,1.63,0.0166877
-0.831406,1.81,0.0432864
-0.831406,1.99,-0.122971
-0.831406,2.17,0.0105925
-0.831406,2.35,-0.0127458
-0.831406,2.53,-0.131986
-0.831406,2.71,0.00564355
-0.831406,2.89,0.14248
-0.831406,3.07,0.170733
-0.831406,3.25,0.0841467
-0.831406,3.43,-0.10335
-0.831406,3.61,-0.321914
-0.831406,3.79,-0.465999
-0.831406,3.97,-0.43969
-0.831406,4.15,-0.205256
-0.831406,4.33,0.19232
-0.831406,4.51,0.631665
-0.831406,4.69,0.987579
-0.831406,4.87,1.18916
-0.831406,5.05,1.23173
-0.831406,5.23,1.14743
-0.831406,5.41,0.976216
-0.831406,5.59,0.752707
-0.831406,5.77,0.501864
-0.831406,5.95,0.2421
-0.831406,6.13,-0.0151403
-0.831406,6.31,-0.262585
-0.831406,6.49,-0.496299
-0.831406,6.67,-0.713053
-0.831406,6.85,-0.910804
-0.831406,7.03,-1.08825
-0.831406,7.21,-1.2464
-0.831406,7.39,-1.38418
-0.831406,7.57,-1.50085
-0.831406,7.75,-1.59654
-0.831406,7.93,-1.67166
-0.831406,8.11,-1.72709
-0.831406,8.29,-1.76344
-0.831406,8.47,-1.78178
-0.831406,8.65,-1.78334
-0.831406,8.83,-1.7695
-0.831406,9.01,-1.74248
-0.831406,9.19,-1.70369
-0.831406,9.37,-1.65415
-0.831406,9.55,-1.59545
-0.831406,9.73,-1.52914
-0.831406,9.91,-1.45674
-0.824117,1.09,0.165375
-0.824117,1.27,-0.291801
-0.824117,1.45,-0.224056
-0.824117,1.63,-0.0563176
-0.824117,1.81,0.0734309
-0.824117,1.99,-0.152863
-0.824117,2.17,0.0281664
-0.824117,2.35,-0.0547765
-0.824117,2.53,-0.134824
-0.824117,2.71,0.0343341
-0.824117,2.89,0.147997
-0.824117,3.07,0.146169
-0.824117,3.25,0.0528931
-0.824117,3.43,-0.121738
-0.824117,3.61,-0.323062
-0.824117,3.79,-0.45609
-0.824117,3.97,-0.43004
-0.824117,4.15,-0.208225
-0.824117,4.33,0.167808
-0.824117,4.51,0.585135
-0.824117,4.69,0.92706
-0.824117,4.87,1.12579
-0.824117,5.05,1.17493
-0.824117,5.23,1.10318
-0.824117,5.41,0.947418
-0.824117,5.59,0.740308
-0.824117,5.77,0.505764
-0.824117,5.95,0.261491
-0.824117,6.13,0.0186606
-0.824117,6.31,-0.215571
-0.824117,6.49,-0.437196
-0.824117,6.67,-0.643116
-0.824117,6.85,-0.831356
-0.824117,7.03,-1.00068
-0.824117,7.21,-1.15195
-0.824117,7.39,-1.28425
-0.824117,7.57,-1.39693
-0.824117,7.75,-1.49016
-0.824117,7.93,-1.56433
-0.824117,8.11,-1.62046
-0.824117,8.29,-1.65896
-0.824117,8.47,-1.68078
-0.824117,8.65,-1.68704
-0.824117,8.83,-1.67898
-0.824117,9.01,-1.65845
-0.824117,9.19,-1.62675
-0.824117,9.37,-1.58488
-0.824117,9.55,-1.53426
-0.824117,9.73,-1.47628
-0.824117,9.91,-1.41232
-0.816829,1.09,0.0904685
-0.816829,1.27,-0.339797
-0.816829,1.45,-0.240166
-0.816829,1.63,-0.124965
-0.816829,1.81,0.0905116
-0.816829,1.99,-0.170164
-0.816829,2.17,0.0363018
-0.816829,2.35,-0.0950405
-0.816829,2.53,-0.125933
-0.816829,2.71,0.0607313
-0.816829,2.89,0.145403
-0.816829,3.07,0.120012
-0.816829,3.25,0.0262943
-0.816829,3.43,-0.135498
-0.816829,3.61,-0.323484
-0.816829,3.79,-0.449797
-0.816829,3.97,-0.427084
-0.816829,4.15,-0.219126
-0.816829,4.33,0.136097
-0.816829,4.51,0.533557
-0.816829,4.69,0.86397
-0.816829,4.87,1.06182
-0.816829,5.05,1.11878
-0.816829,5.23,1.06024
-0.816829,5.41,0.920279
-0.816829,5.59,0.729809
-0.816829,5.77,0.511813
-0.816829,5.95,0.283337
-0.816829,6.13,0.0552893
-0.816829,6.31,-0.165309
-0.816829,6.49,-0.374405
-0.816829,6.67,-0.569045
-0.816829,6.85,-0.747341
-0.816829,7.03,-0.908135
-0.816829,7.21,-1.05216
-0.816829,7.39,-1.17863
-0.816829,7.57,-1.28702
-0.816829,7.75,-1.37752
-0.816829,7.93,-1.45052
-0.816829,8.11,-1.50711
-0.816829,8.29,-1.54757
-0.816829,8.47,-1.5727
-0.816829,8.65,-1.58353
-0.816829,8.83,-1.58113
-0.816829,9.01,-1.56704
-0.816829,9.19,-1.54242
-0.816829,9.37,-1.50825
-0.816829,9.55,-1.46579
-0.816829,9.73,-1.41628
-0.816829,9.91,-1.36092
-0.809541,1.09,-0.0244024
-0.809541,1.27,-0.327683
-0.809541,1.45,-0.226502
-0.809541,1.63,-0.176065
-0.809541,1.81,0.0906084
-0.809541,1.99,-0.174537
-0.809541,2.17,0.0347182
-0.809541,2.35,-0.127883
-0.809541,2.53,-0.107382
-0.809541,2.71,0.0812105
-0.809541,2.89,0.134614
-0.809541,3.07,0.0937139
-0.809541,3.25,0.0050689
-0.809541,3.43,-0.144378
-0.809541,3.61,-0.322521
-0.809541,3.79,-0.446006
-0.809541,3.97,-0.429998
-0.809541,4.15,-0.238332
-0.809541,4.33,0.095141
-0.809541,4.51,0.473398
-0.809541,4.69,0.793934
-0.809541,4.87,0.992814
-0.809541,5.05,1.05934
-0.809541,5.23,1.01554
-0.809541,5.41,0.89278
-0.809541,5.59,0.720286
-0.809541,5.77,0.520158
-0.809541,5.95,0.308792
-0.809541,6.13,0.0968179
-0.809541,6.31,-0.108901
-0.809541,6.49,-0.304302
-0.809541,6.67,-0.486588
-0.809541,6.85,-0.653968
-0.809541,7.03,-0.805374
-0.809541,7.21,-0.941404
-0.809541,7.39,-1.06142
-0.809541,7.57,-1.16501
-0.809541,7.75,-1.25236
-0.809541,7.93,-1.32387
-0.809541,8.11,-1.38068
-0.809541,8.29,-1.4229
-0.809541,8.47,-1.45126
-0.809541,8.65,-1.46663
-0.809541,8.83,-1.46995
-0.809541,9.01,-1.46243
-0.809541,9.19,-1.44512
-0.809541,9.37,-1.41893
-0.809541,9.55,-1.38498
-0.809541,9.73,-1.34432
-0.809541,9.91,-1.29803
-0.802253,1.09,-0.143305
-0.802253,1.27,-0.274285
-0.802253,1.45,-0.183613
-0.802253,1.63,-0.208905
-0.802253,1.81,0.0788489
-0.802253,1.99,-0.16493
-0.802253,2.17,0.0224447
-0.802253,2.35,-0.15304
-0.802253,2.53,-0.0831298
-0.802253,2.71,0.0975435
-0.802253,2.89,0.12367
-0.802253,3.07,0.0734316
-0.802253,3.25,-0.0112426
-0.802253,3.43,-0.152569
-0.802253,3.61,-0.321532
-0.802253,3.79,-0.436907
-0.802253,3.97,-0.417952
-0.802253,4.15,-0.232491
-0.802253,4.33,0.0851599
-0.802253,4.51,0.443355
-0.802253,4.69,0.747155
-0.802253,4.87,0.93712
-0.802253,5.05,1.00307
-0.802253,5.23,0.965224
-0.802253,5.41,0.852738
-0.802253,5.59,0.692991
-0.802253,5.77,0.5069
-0.802253,5.95,0.309879
-0.802253,6.13,0.112011
-0.802253,6.31,-0.0801807
-0.802253,6.49,-0.262791
-0.802253,6.67,-0.433215
-0.802253,6.85,-0.589805
-0.802253,7.03,-0.731602
-0.802253,7.21,-0.859136
-0.802253,7.39,-0.971885
-0.802253,7.57,-1.06954
-0.802253,7.75,-1.15232
-0.802253,7.93,-1.22059
-0.802253,8.11,-1.27558
-0.802253,8.29,-1.31728
-0.802253,8.47,-1.34634
-0.802253,8.65,-1.36354
-0.802253,8.83,-1.36973
-0.802253,9.01,-1.36588
-0.802253,9.19,-1.35292
-0.802253,9.37,-1.33177
-0.802253,9.55,-1.30341
-0.802253,9.73,-1.26879
-0.802253,9.91,-1.22884
-0.794965,1.09,-0.234368
-0.794965,1.27,-0.19261
-0.794965,1.45,-0.125344
-0.794965,1.63,-0.218262
-0.794965,1.81,0.0564058
-0.794965,1.99,-0.146966
-0.794965,2.17,0.00124026
-0.794965,2.35,-0.167608
-0.794965,2.53,-0.0558664
-0.794965,2.71,0.107187
-0.794965,2.89,0.110202
-0.794965,3.07,0.056562
-0.794965,3.25,-0.023448
-0.794965,3.43,-0.158898
-0.794965,3.61,-0.320607
-0.794965,3.79,-0.42867
-0.794965,3.97,-0.407007
-0.794965,4.15,-0.227876
-0.794965,4.33,0.0740108
-0.794965,4.51,0.412435
-0.794965,4.69,0.699773
-0.794965,4.87,0.8809
-0.794965,5.05,0.946169
-0.794965,5.23,0.914162
-0.794965,5.41,0.811894
-0.794965,5.59,0.664974
-0.794965,5.77,0.493114
-0.794965,5.95,0.310723
-0.794965,6.13,0.1273
-0.794965,6.31,-0.0510108
-0.794965,6.49,-0.220493
-0.794965,6.67,-0.378745
-0.794965,6.85,-0.524268
-0.794965,7.03,-0.656216
-0.794965,7.21,-0.77505
-0.794965,7.39,-0.880363
-0.794965,7.57,-0.971928
-0.794965,7.75,-1.04998
-0.794965,7.93,-1.11487
-0.794965,8.11,-1.16787
-0.794965,8.29,-1.20887
-0.794965,8.47,-1.23843
-0.794965,8.65,-1.25726
-0.794965,8.83,-1.26611
-0.794965,9.01,-1.26571
-0.794965,9.19,-1.25691
-0.794965,9.37,-1.24061
-0.794965,9.55,-1.21765
-0.794965,9.73,-1.18888
-0.794965,9.91,-1.15513
-0.787677,1.09,-0.276538
-0.787677,1.27,-0.103444
-0.787677,1.45,-0.0669179
-0.787677,1.63,-0.203505
-0.787677,1.81,0.027768
-0.787677,1.99,-0.125017
-0.787677,2.17,-0.0251277
-0.787677,2.35,-0.170169
-0.787677,2.53,-0.0287806
-0.787677,2.71,0.109416
-0.787677,2.89,0.0951508
-0.787677,3.07,0.0430021
-0.787677,3.25,-0.0325707
-0.787677,3.43,-0.164164
-0.787677,3.61,-0.320017
-0.787677,3.79,-0.421624
-0.787677,3.97,-0.398316
-0.787677,4.15,-0.226813
-0.787677,4.33,0.0585052
-0.787677,4.51,0.377293
-0.787677,4.69,0.648982
-0.787677,4.87,0.822328
-0.787677,5.05,0.887932
-0.787677,5.23,0.862665
-0.787677,5.41,0.771448
-0.787677,5.59,0.638142
-0.787677,5.77,0.481262
-0.787677,5.95,0.31421
-0.787677,6.13,0.145884
-0.787677,6.31,-0.0179604
-0.787677,6.49,-0.173817
-0.787677,6.67,-0.319488
-0.787677,6.85,-0.453622
-0.787677,7.03,-0.575475
-0.787677,7.21,-0.685442
-0.787677,7.39,-0.783214
-0.787677,7.57,-0.868637
-0.787677,7.75,-0.941943
-0.787677,7.93,-1.00348
-0.787677,8.11,-1.0545
-0.787677,8.29,-1.09481
-0.787677,8.47,-1.1249
-0.787677,8.65,-1.1454
-0.787677,8.83,-1.15694
-0.787677,9.01,-1.16006
-0.787677,9.19,-1.15549
-0.787677,9.37,-1.14411
-0.787677,9.55,-1.12664
-0.787677,9.73,-1.10382
-0.787677,9.91,-1.07636
-0.780389,1.09,-0.272494
-0.780389,1.27,-0.0281999
-0.780389,1.45,-0.0186181
-0.780389,1.63,-0.170575
-0.780389,1.81,-0.00104538
-0.780389,1.99,-0.101999
-0.780389,2.17,-0.0516836
-0.780389,2.35,-0.162757
-0.780389,2.53,-0.00537705
-0.780389,2.71,0.1058
-0.780389,2.89,0.0813556
-0.780389,3.07,0.0334461
-0.780389,3.25,-0.0392654
-0.780389,3.43,-0.168186
-0.780389,3.61,-0.317376
-0.780389,3.79,-0.410838
-0.780389,3.97,-0.384713
-0.780389,4.15,-0.220757
-0.780389,4.33,0.0470662
-0.780389,4.51,0.344561
-0.780389,4.69,0.598519
-0.780389,4.87,0.762024
-0.780389,5.05,0.826292
-0.780389,5.23,0.806649
-0.780389,5.41,0.725913
-0.780389,5.59,0.606082
-0.780389,5.77,0.464337
-0.780389,5.95,0.31296
-0.780389,6.13,0.160165
-0.780389,6.31,0.0112544
-0.780389,6.49,-0.130519
-0.780389,6.67,-0.263166
-0.780389,6.85,-0.385486
-0.780389,7.03,-0.496834
-0.780389,7.21,-0.59754
-0.780389,7.39,-0.687378
-0.780389,7.57,-0.766252
-0.780389,7.75,-0.834388
-0.780389,7.93,-0.892105
-0.780389,8.11,-0.940623
-0.780389,8.29,-0.979694
-0.780389,8.47,-1.00974
-0.780389,8.65,-1.03128
-0.780389,8.83,-1.04487
-0.780389,9.01,-1.05087
-0.780389,9.19,-1.04991
-0.780389,9.37,-1.04283
-0.780389,9.55,-1.03024
-0.780389,9.73,-1.01278
-0.780389,9.91,-0.991044
-0.773101,1.09,-0.226958
-0.773101,1.27,0.0191938
-0.773101,1.45,0.0144851
-0.773101,1.63,-0.131956
-0.773101,1.81,-0.0217957
-0.773101,1.99,-0.0821044
-0.773101,2.17,-0.077996
-0.773101,2.35,-0.150372
-0.773101,2.53,0.013825
-0.773101,2.71,0.101144
-0.773101,2.89,0.0722679
-0.773101,3.07,0.0276973
-0.773101,3.25,-0.0455919
-0.773101,3.43,-0.172695
-0.773101,3.61,-0.312655
-0.773101,3.79,-0.393476
-0.773101,3.97,-0.359758
-0.773101,4.15,-0.199666
-0.773101,4.33,0.0520274
-0.773101,4.51,0.326699
-0.773101,4.69,0.558996
-0.773101,4.87,0.707551
-0.773101,5.05,0.76542
-0.773101,5.23,0.747055
-0.773101,5.41,0.673349
-0.773101,5.59,0.56434
-0.773101,5.77,0.435692
-0.773101,5.95,0.298419
-0.773101,6.13,0.159923
-0.773101,6.31,0.0249756
-0.773101,6.49,-0.10349
-0.773101,6.67,-0.223708
-0.773101,6.85,-0.334634
-0.773101,7.03,-0.435726
-0.773101,7.21,-0.527271
-0.773101,7.39,-0.609108
-0.773101,7.57,-0.681183
-0.773101,7.75,-0.743716
-0.773101,7.93,-0.797002
-0.773101,8.11,-0.842232
-0.773101,8.29,-0.879105
-0.773101,8.47,-0.907982
-0.773101,8.65,-0.929319
-0.773101,8.83,-0.943598
-0.773101,9.01,-0.951028
-0.773101,9.19,-0.952177
-0.773101,9.37,-0.947837
-0.773101,9.55,-0.938549
-0.773101,9.73,-0.924851
-0.773101,9.91,-0.90727
-0.765813,1.09,-0.15681
-0.765813,1.27,0.0369997
-0.765813,1.45,0.0279433
-0.765813,1.63,-0.0907929
-0.765813,1.81,-0.0335048
-0.765813,1.99,-0.0679089
-0.765813,2.17,-0.0991393
-0.765813,2.35,-0.132298
-0.765813,2.53,0.0277641
-0.765813,2.71,0.0939534
-0.765813,2.89,0.065072
-0.765813,3.07,0.0233051
-0.765813,3.25,-0.0518091
-0.765813,3.43,-0.176307
-0.765813,3.61,-0.305278
-0.765813,3.79,-0.372612
-0.765813,3.97,-0.332065
-0.765813,4.15,-0.177645
-0.765813,4.33,0.0560966
-0.765813,4.51,0.30674
-0.765813,4.69,0.516795
-0.765813,4.87,0.650272
-0.765813,5.05,0.701877
-0.765813,5.23,0.685076
-0.765813,5.41,0.618772
-0.765813,5.59,0.52099
-0.765813,5.77,0.405825
-0.765813,5.95,0.28301
-0.765813,6.13,0.159121
-0.765813,6.31,0.0383923
-0.765813,6.49,-0.0765697
-0.765813,6.67,-0.184212
-0.765813,6.85,-0.283639
-0.765813,7.03,-0.374396
-0.765813,7.21,-0.456726
-0.765813,7.39,-0.530516
-0.765813,7.57,-0.595747
-0.765813,7.75,-0.65262
-0.765813,7.93,-0.701401
-0.765813,8.11,-0.743224
-0.765813,8.29,-0.777753
-0.765813,8.47,-0.805289
-0.765813,8.65,-0.826221
-0.765813,8.83,-0.840962
-0.765813,9.01,-0.849597
-0.765813,9.19,-0.85262
-0.765813,9.37,-0.850778
-0.765813,9.55,-0.844533
-0.765813,9.73,-0.834342
-0.765813,9.91,-0.820656
-0.758525,1.09,-0.0860253
-0.758525,1.27,0.0323948
-0.758525,1.45,0.0241238
-0.758525,1.63,-0.0530189
-0.758525,1.81,-0.0352299
-0.758525,1.99,-0.0602907
-0.758525,2.17,-0.1117
-0.758525,2.35,-0.110423
-0.758525,2.53,0.03587
-0.758525,2.71,0.0848601
-0.758525,2.89,0.0589937
-0.758525,3.07,0.0189014
-0.758525,3.25,-0.0583273
-0.758525,3.43,-0.178248
-0.758525,3.61,-0.29414
-0.758525,3.79,-0.347746
-0.758525,3.97,-0.302202
-0.758525,4.15,-0.15628
-0.758525,4.33,0.0570494
-0.758525,4.51,0.282305
-0.758525,4.69,0.469791
-0.758525,4.87,0.588572
-0.758525,5.05,0.634652
-0.758525,5.23,0.620281
-0.758525,5.41,0.562248
-0.758525,5.59,0.4765
-0.758525,5.77,0.375524
-0.758525,5.95,0.267775
-0.758525,6.13,0.159002
-0.758525,6.31,0.0529087
-0.758525,6.49,-0.0482215
-0.758525,6.67,-0.143035
-0.758525,6.85,-0.230769
-0.758525,7.03,-0.311043
-0.758525,7.21,-0.384047
-0.758525,7.39,-0.449706
-0.758525,7.57,-0.508018
-0.758525,7.75,-0.559161
-0.758525,7.93,-0.603364
-0.758525,8.11,-0.641675
-0.758525,8.29,-0.67374
-0.758525,8.47,-0.699801
-0.758525,8.65,-0.720182
-0.758525,8.83,-0.735224
-0.758525,9.01,-0.744912
-0.758525,9.19,-0.749662
-0.758525,9.37,-0.750167
-0.758525,9.55,-0.74681
-0.758525,9.73,-0.739971
-0.758525,9.91,-0.730027
-0.751237,1.09,-0.0333739
-0.751237,1.27,0.0162039
-0.751237,1.45,0.0118305
-0.751237,1.63,-0.0242302
-0.751237,1.81,-0.0281529
-0.751237,1.99,-0.0574006
-0.751237,2.17,-0.114226
-0.751237,2.35,-0.088023
-0.751237,2.53,0.0383947
-0.751237,2.71,0.0750822
-0.751237,2.89,0.0535376
-0.751237,3.07,0.0136875
-0.751237,3.25,-0.064737
-0.751237,3.43,-0.176934
-0.751237,3.61,-0.277256
-0.751237,3.79,-0.316958
-0.751237,3.97,-0.26829
-0.751237,4.15,-0.133618
-0.751237,4.33,0.0567891
-0.751237,4.51,0.25492
-0.751237,4.69,0.418843
-0.751237,4.87,0.522536
-0.751237,5.05,0.563098
-0.751237,5.23,0.551398
-0.751237,5.41,0.502001
-0.751237,5.59,0.428686
-0.751237,5.77,0.34227
-0.751237,5.95,0.249922
-0.751237,6.13,0.156556
-0.751237,6.31,0.0653455
-0.751237,6.49,-0.0217491
-0.751237,6.67,-0.103561
-0.751237,6.85,-0.179447
-0.751237,7.03,-0.249088
-0.751237,7.21,-0.312619
-0.751237,7.39,-0.369989
-0.751237,7.57,-0.421206
-0.751237,7.75,-0.466415
-0.751237,7.93,-0.505806
-0.751237,8.11,-0.540319
-0.751237,8.29,-0.569597
-0.751237,8.47,-0.59383
-0.751237,8.65,-0.613278
-0.751237,8.83,-0.628213
-0.751237,9.01,-0.638546
-0.751237,9.19,-0.64462
-0.751237,9.37,-0.647057
-0.751237,9.55,-0.646171
-0.751237,9.73,-0.642269
-0.751237,9.91,-0.63566
-0.743949,1.09,-0.000847312
-0.743949,1.27,0.00392595
-0.743949,1.45,-0.00535384
-0.743949,1.63,-0.005453
-0.743949,1.81,-0.0145969
-0.743949,1.99,-0.0583437
-0.743949,2.17,-0.110519
-0.743949,2.35,-0.0684424
-0.743949,2.53,0.0385526
-0.743949,2.71,0.0673912
-0.743949,2.89,0.0486935
-0.743949,3.07,0.00727315
-0.743949,3.25,-0.0701907
-0.743949,3.43,-0.170411
-0.743949,3.61,-0.251835
-0.743949,3.79,-0.276162
-0.743949,3.97,-0.224267
-0.743949,4.15,-0.101614
-0.743949,4.33,0.0643372
-0.743949,4.51,0.233002
-0.743949,4.69,0.370263
-0.743949,4.87,0.455618
-0.743949,5.05,0.487728
-0.743949,5.23,0.476262
-0.743949,5.41,0.433571
-0.743949,5.59,0.371175
-0.743949,5.77,0.29809
-0.743949,5.95,0.22017
-0.743949,6.13,0.14145
-0.743949,6.31,0.06454
-0.743949,6.49,-0.00895148
-0.743949,6.67,-0.0780673
-0.743949,6.85,-0.142281
-0.743949,7.03,-0.201333
-0.743949,7.21,-0.255348
-0.743949,7.39,-0.304281
-0.743949,7.57,-0.348133
-0.743949,7.75,-0.38702
-0.743949,7.93,-0.421095
-0.743949,8.11,-0.451143
-0.743949,8.29,-0.476856
-0.743949,8.47,-0.498381
-0.743949,8.65,-0.515925
-0.743949,8.83,-0.529708
-0.743949,9.01,-0.539598
-0.743949,9.19,-0.545877
-0.743949,9.37,-0.549097
-0.743949,9.55,-0.549509
-0.743949,9.73,-0.547365
-0.743949,9.91,-0.542916
-0.736661,1.09,0.0108512
-0.736661,1.27,0.00213861
-0.736661,1.45,-0.0221493
-0.736661,1.63,0.00591139
-0.736661,1.81,-0.000689354
-0.736661,1.99,-0.0592381
-0.736661,2.17,-0.0972778
-0.736661,2.35,-0.0497298
-0.736661,2.53,0.035506
-0.736661,2.71,0.0582568
-0.736661,2.89,0.0414575
-0.736661,3.07,-0.000687131
-0.736661,3.25,-0.0730378
-0.736661,3.43,-0.157148
-0.736661,3.61,-0.21844
-0.736661,3.79,-0.22928
-0.736661,3.97,-0.177884
-0.736661,4.15,-0.0712718
-0.736661,4.33,0.0670975
-0.736661,4.51,0.204553
-0.736661,4.69,0.314602
-0.736661,4.87,0.381881
-0.736661,5.05,0.40618
-0.736661,5.23,0.395688
-0.736661,5.41,0.360413
-0.736661,5.59,0.309565
-0.736661,5.77,0.250335
-0.736661,5.95,0.187292
-0.736661,6.13,0.123615
-0.736661,6.31,0.0613613
-0.736661,6.49,0.00179964
-0.736661,6.67,-0.0543135
-0.736661,6.85,-0.10656
-0.736661,7.03,-0.15473
-0.736661,7.21,-0.198933
-0.736661,7.39,-0.239127
-0.736661,7.57,-0.275302
-0.736661,7.75,-0.307545
-0.736661,7.93,-0.335968
-0.736661,8.11,-0.361195
-0.736661,8.29,-0.382971
-0.736661,8.47,-0.401405
-0.736661,8.65,-0.416656
-0.736661,8.83,-0.428891
-0.736661,9.01,-0.437957
-0.736661,9.19,-0.444075
-0.736661,9.37,-0.447715
-0.736661,9.55,-0.449071
-0.736661,9.73,-0.44834
-0.736661,9.91,-0.445718
-0.729373,1.09,0.00528405
-0.729373,1.27,0.0112393
-0.729373,1.45,-0.0327278
-0.729373,1.63,0.0116288
-0.729373,1.81,0.00789556
-0.729373,1.99,-0.055717
-0.729373,2.17,-0.0748064
-0.729373,2.35,-0.0322675
-0.729373,2.53,0.0294053
-0.729373,2.71,0.0464072
-0.729373,2.89,0.0309686
-0.729373,3.07,-0.0090003
-0.729373,3.25,-0.0706403
-0.729373,3.43,-0.134638
-0.729373,3.61,-0.175636
-0.729373,3.79,-0.176072
-0.729373,3.97,-0.129884
-0.729373,4.15,-0.0440603
-0.729373,4.33,0.0630684
-0.729373,4.51,0.167209
-0.729373,4.69,0.249321
-0.729373,4.87,0.298748
-0.729373,5.05,0.315943
-0.729373,5.23,0.307302
-0.729373,5.41,0.280338
-0.729373,5.59,0.241884
-0.729373,5.77,0.197276
-0.729373,5.95,0.149826
-0.729373,6.13,0.101862
-0.729373,6.31,0.0549035
-0.729373,6.49,0.00988501
-0.729373,6.67,-0.0326303
-0.729373,6.85,-0.0723271
-0.729373,7.03,-0.109044
-0.729373,7.21,-0.142863
-0.729373,7.39,-0.173748
-0.729373,7.57,-0.201678
-0.729373,7.75,-0.22671
-0.729373,7.93,-0.24892
-0.729373,8.11,-0.268767
-0.729373,8.29,-0.286052
-0.729373,8.47,-0.30085
-0.729373,8.65,-0.313272
-0.729373,8.83,-0.323435
-0.729373,9.01,-0.331189
-0.729373,9.19,-0.336695
-0.729373,9.37,-0.340322
-0.729373,9.55,-0.342213
-0.729373,9.73,-0.342509
-0.729373,9.91,-0.341354
-0.722085,1.09,-0.00633324
-0.722085,1.27,0.0200529
-0.722085,1.45,-0.028894
-0.722085,1.63,0.0111186
-0.722085,1.81,0.00712719
-0.722085,1.99,-0.0428149
-0.722085,2.17,-0.044148
-0.722085,2.35,-0.0167725
-0.722085,2.53,0.0194943
-0.722085,2.71,0.0303097
-0.722085,2.89,0.0173751
-0.722085,3.07,-0.0146933
-0.722085,3.25,-0.0585151
-0.722085,3.43,-0.0988114
-0.722085,3.61,-0.120831
-0.722085,3.79,-0.115786
-0.722085,3.97,-0.0814252
-0.722085,4.15,-0.0229662
-0.722085,4.33,0.0477283
-0.722085,4.51,0.115391
-0.722085,4.69,0.168311
-0.722085,4.87,0.200064
-0.722085,5.05,0.211173
-0.722085,5.23,0.205806
-0.722085,5.41,0.188741
-0.722085,5.59,0.164303
-0.722085,5.77,0.135894
-0.722085,5.95,0.105572
-0.722085,6.13,0.0748112
-0.722085,6.31,0.0445836
-0.722085,6.49,0.0154915
-0.722085,6.67,-0.0120967
-0.722085,6.85,-0.0379691
-0.722085,7.03,-0.0620123
-0.722085,7.21,-0.0842711
-0.722085,7.39,-0.104715
-0.722085,7.57,-0.123321
-0.722085,7.75,-0.140116
-0.722085,7.93,-0.155141
-0.722085,8.11,-0.168677
-0.722085,8.29,-0.180595
-0.722085,8.47,-0.190935
-0.722085,8.65,-0.19976
-0.722085,8.83,-0.207142
-0.722085,9.01,-0.212956
-0.722085,9.19,-0.217303
-0.722085,9.37,-0.220429
-0.722085,9.55,-0.22242
-0.722085,9.73,-0.223366
-0.722085,9.91,-0.223351
-0.714797,1.09,-0.00737952
-0.714797,1.27,0.0107227
-0.714797,1.45,-0.011016
-0.714797,1.63,0.00451075
-0.714797,1.81,0.000332452
-0.714797,1.99,-0.016419
-0.714797,2.17,-0.0121341
-0.714797,2.35,-0.00418586
-0.714797,2.53,0.00657475
-0.714797,2.71,0.00990438
-0.714797,2.89,0.00388477
-0.714797,3.07,-0.00953968
-0.714797,3.25,-0.0256892
-0.714797,3.43,-0.0385842
-0.714797,3.61,-0.0439147
-0.714797,3.79,-0.0395862
-0.714797,3.97,-0.0254656
-0.714797,4.15,-0.00373258
-0.714797,4.33,0.0213647
-0.714797,4.51,0.0446716
-0.714797,4.69,0.0624469
-0.714797,4.87,0.0727687
-0.714797,5.05,0.0760183
-0.714797,5.23,0.0737099
-0.714797,5.41,0.0674861
-0.714797,5.59,0.0588076
-0.714797,5.77,0.0488215
-0.714797,5.95,0.0382003
-0.714797,6.13,0.0274332
-0.714797,6.31,0.0168455
-0.714797,6.49,0.00663969
-0.714797,6.67,-0.00305866
-0.714797,6.85,-0.0121762
-0.714797,7.03,-0.0206725
-0.714797,7.21,-0.0285634
-0.714797,7.39,-0.0358365
-0.714797,7.57,-0.042481
-0.714797,7.75,-0.0485037
-0.714797,7.93,-0.0539162
-0.714797,8.11,-0.0588156
-0.714797,8.29,-0.0631544
-0.714797,8.47,-0.0669448
-0.714797,8.65,-0.0702076
-0.714797,8.83,-0.0729654
-0.714797,9.01,-0.0751668
-0.714797,9.19,-0.0768457
-0.714797,9.37,-0.0780939
-0.714797,9.55,-0.0789407
-0.714797,9.73,-0.0794161
-0.714797,9.91,-0.07955
-0.707509,1.09,0
-0.707509,1.27,0
-0.707509,1.45,0
-0.707509,1.63,0
-0.707509,1.81,0
-0.707509,1.99,0
-0.707509,2.17,0
-0.707509,2.35,0
-0.707509,2.53,0
-0.707509,2.71,0
-0.707509,2.89,0
-0.707509,3.07,0
-0.707509,3.25,0
-0.707509,3.43,0
-0.707509,3.61,0
-0.707509,3.79,0
-0.707509,3.97,0
-0.707509,4.15,0
-0.707509,4.33,0
-0.707509,4.51,0
-0.707509,4.69,0
-0.707509,4.87,0
-0.707509,5.05,0
-0.707509,5.23,0
-0.707509,5.41,0
-0.707509,5.59,0
-0.707509,5.77,0
-0.707509,5.95,0
-0.707509,6.13,0
-0.707509,6.31,0
-0.707509,6.49,0
-0.707509,6.67,0
-0.707509,6.85,0
-0.707509,7.03,0
-0.707509,7.21,0
-0.707509,7.39,0
-0.707509,7.57,0
-0.707509,7.75,0
-0.707509,7.93,0
-0.707509,8.11,0
-0.707509,8.29,0
-0.707509,8.47,0
-0.707509,8.65,0
-0.707509,8.83,0
-0.707509,9.01,0
-0.707509,9.19,0
-0.707509,9.37,0
-0.707509,9.55,0
-0.707509,9.73,0
-0.707509,9.91,0
-0.700221,1.09,0
-0.700221,1.27,0
-0.700221,1.45,0
-0.700221,1.63,0
-0.700221,1.81,0
-0.700221,1.99,0
-0.700221,2.17,0
-0.700221,2.35,0
-0.700221,2.53,0
-0.700221,2.71,0
-0.700221,2.89,0
-0.700221,3.07,0
-0.700221,3.25,0
-0.700221,3.43,0
-0.700221,3.61,0
-0.700221,3.79,0
-0.700221,3.97,0
-0.700221,4.15,0
-0.700221,4.33,0
-0.700221,4.51,0
-0.700221,4.69,0
-0.700221,4.87,0
-0.700221,5.05,0
-0.700221,5.23,0
-0.700221,5.41,0
-0.700221,5.59,0
-0.700221,5.77,0
-0.700221,5.95,0
-0.700221,6.13,0
-0.700221,6.31,0
-0.700221,6.49,0
-0.700221,6.67,0
-0.700221,6.85,0
-0.700221,7.03,0
-0.700221,7.21,0
-0.700221,7.39,0
-0.700221,7.57,0
-0.700221,7.75,0
-0.700221,7.93,0
-0.700221,8.11,0
-0.700221,8.29,0
-0.700221,8.47,0
-0.700221,8.65,0
-0.700221,8.83,0
-0.700221,9.01,0
-0.700221,9.19,0
-0.700221,9.37,0
-0.700221,9.55,0
-0.700221,9.73,0
-0.700221,9.91,0
-0.692933,1.09,0
-0.692933,1.27,0
-0.692933,1.45,0
-0.692933,1.63,0
-0.692933,1.81,0
-0.692933,1.99,0
-0.692933,2.17,0
-0.692933,2.35,0
-0.692933,2.53,0
-0.692933,2.71,0
-0.692933,2.89,0
-0.692933,3.07,0
-0.692933,3.25,0
-0.692933,3.43,0
-0.692933,3.61,0
-0.692933,3.79,0
-0.692933,3.97,0
-0.692933,4.15,0
-0.692933,4.33,0
-0.692933,4.51,0
-0.692933,4.69,0
-0.692933,4.87,0
-0.692933,5.05,0
-0.692933,5.23,0
-0.692933,5.41,0
-0.692933,5.59,0
-0.692933,5.77,0
-0.692933,5.95,0
-0.692933,6.13,0
-0.692933,6.31,0
-0.692933,6.49,0
-0.692933,6.67,0
-0.692933,6.85,0
-0.692933,7.03,0
-0.692933,7.21,0
-0.692933,7.39,0
-0.692933,7.57,0
-0.692933,7.75,0
-0.692933,7.93,0
-0.692933,8.11,0
-0.692933,8.29,0
-0.692933,8.47,0
-0.692933,8.65,0
-0.692933,8.83,0
-0.692933,9.01,0
-0.692933,9.19,0
-0.692933,9.37,0
-0.692933,9.55,0
-0.692933,9.73,0
-0.692933,9.91,0
-0.685645,1.09,0
-0.685645,1.27,0
-0.685645,1.45,0
-0.685645,1.63,0
-0.685645,1.81,0
-0.685645,1.99,0
-0.685645,2.17,0
-0.685645,2.35,0
-0.685645,2.53,0
-0.685645,2.71,0
-0.685645,2.89,0
-0.685645,3.07,0
-0.685645,3.25,0
-0.685645,3.43,0
-0.685645,3.61,0
-0.685645,3.79,0
-0.685645,3.97,0
-0.685645,4.15,0
-0.685645,4.33,0
-0.685645,4.51,0
-0.685645,4.69,0
-0.685645,4.87,0
-0.685645,5.05,0
-0.685645,5.23,0
-0.685645,5.41,0
-0.685645,5.59,0
-0.685645,5.77,0
-0.685645,5.95,0
-0.685645,6.13,0
-0.685645,6.31,0
-0.685645,6.49,0
-0.685645,6.67,0
-0.685645,6.85,0
-0.685645,7.03,0
-0.685645,7.21,0
-0.685645,7.39,0
-0.685645,7.57,0
-0.685645,7.75,0
-0.685645,7.93,0
-0.685645,8.11,0
-0.685645,8.29,0
-0.685645,8.47,0
-0.685645,8.65,0
-0.685645,8.83,0
-0.685645,9.01,0
-0.685645,9.19,0
-0.685645,9.37,0
-0.685645,9.55,0
-0.685645,9.73,0
-0.685645,9.91,0
-0.678356,1.09,0
-0.678356,1.27,0
-0.678356,1.45,0
-0.678356,1.63,0
-0.678356,1.81,0
-0.678356,1.99,0
-0.678356,2.17,0
-0.678356,2.35,0
-0.678356,2.53,0
-0.678356,2.71,0
-0.678356,2.89,0
-0.678356,3.07,0
-0.678356,3.25,0
-0.678356,3.43,0
-0.678356,3.61,0
-0.678356,3.79,0
-0.678356,3.97,0
-0.678356,4.15,0
-0.678356,4.33,0
-0.678356,4.51,0
-0.678356,4.69,0
-0.678356,4.87,0
-0.678356,5.05,0
-0.678356,5.23,0
-0.678356,5.41,0
-0.678356,5.59,0
-0.678356,5.77,0
-0.678356,5.95,0
-0.678356,6.13,0
-0.678356,6.31,0
-0.678356,6.49,0
-0.678356,6.67,0
-0.678356,6.85,0
-0.678356,7.03,0
-0.678356,7.21,0
-0.678356,7.39,0
-0.678356,7.57,0
-0.678356,7.75,0
-0.678356,7.93,0
-0.678356,8.11,0
-0.678356,8.29,0
-0.678356,8.47,0
-0.678356,8.65,0
-0.678356,8.83,0
-0.678356,9.01,0
-0.678356,9.19,0
-0.678356,9.37,0
-0.678356,9.55,0
-0.678356,9.73,0
-0.678356,9.91,0
-0.671068,1.09,0
-0.671068,1.27,0
-0.671068,1.45,0
-0.671068,1.63,0
-0.671068,1.81,0
-0.671068,1.99,0
-0.671068,2.17,0
-0.671068,2.35,0
-0.671068,2.53,0
-0.671068,2.71,0
-0.671068,2.89,0
-0.671068,3.07,0
-0.671068,3.25,0
-0.671068,3.43,0
-0.671068,3.61,0
-0.671068,3.79,0
-0.671068,3.97,0
-0.671068,4.15,0
-0.671068,4.33,0
-0.671068,4.51,0
-0.671068,4.69,0
-0.671068,4.87,0
-0.671068,5.05,0
-0.671068,5.23,0
-0.671068,5.41,0
-0.671068,5.59,0
-0.671068,5.77,0
-0.671068,5.95,0
-0.671068,6.13,0
-0.671068,6.31,0
-0.671068,6.49,0
-0.671068,6.67,0
-0.671068,6.85,0
-0.671068,7.03,0
-0.671068,7.21,0
-0.671068,7.39,0
-0.671068,7.57,0
-0.671068,7.75,0
-0.671068,7.93,0
-0.671068,8.11,0
-0.671068,8.29,0
-0.671068,8.47,0
-0.671068,8.65,0
-0.671068,8.83,0
-0.671068,9.01,0
-0.671068,9.19,0
-0.671068,9.37,0
-0.671068,9.55,0
-0.671068,9.73,0
-0.671068,9.91,0
-0.66378,1.09,0
-0.66378,1.27,0
-0.66378,1.45,0
-0.66378,1.63,0
-0.66378,1.81,0
-0.66378,1.99,0
-0.66378,2.17,0
-0.66378,2.35,0
-0.66378,2.53,0
-0.66378,2.71,0
-0.66378,2.89,0
-0.66378,3.07,0
-0.66378,3.25,0
-0.66378,3.43,0
-0.66378,3.61,0
-0.66378,3.79,0
-0.66378,3.97,0
-0.66378,4.15,0
-0.66378,4.33,0
-0.66378,4.51,0
-0.66378,4.69,0
-0.66378,4.87,0
-0.66378,5.05,0
-0.66378,5.23,0
-0.66378,5.41,0
-0.66378,5.59,0
-0.66378,5.77,0
-0.66378,5.95,0
-0.66378,6.13,0
-0.66378,6.31,0
-0.66378,6.49,0
-0.66378,6.67,0
-0.66378,6.85,0
-0.66378,7.03,0
-0.66378,7.21,0
-0.66378,7.39,0
-0.66378,7.57,0
-0.66378,7.75,0
-0.66378,7.93,0
-0.66378,8.11,0
-0.66378,8.29,0
-0.66378,8.47,0
-0.66378,8.65,0
-0.66378,8.83,0
-0.66378,9.01,0
-0.66378,9.19,0
-0.66378,9.37,0
-0.66378,9.55,0
-0.66378,9.73,0
-0.66378,9.91,0
-0.656492,1.09,0
-0.656492,1.27,0
-0.656492,1.45,0
-0.656492,1.63,0
-0.656492,1.81,0
-0.656492,1.99,0
-0.656492,2.17,0
-0.656492,2.35,0
-0.656492,2.53,0
-0.656492,2.71,0
-0.656492,2.89,0
-0.656492,3.07,0
-0.656492,3.25,0
-0.656492,3.43,0
-0.656492,3.61,0
-0.656492,3.79,0
-0.656492,3.97,0
-0.656492,4.15,0
-0.656492,4.33,0
-0.656492,4.51,0
-0.656492,4.69,0
-0.656492,4.87,0
-0.656492,5.05,0
-0.656492,5.23,0
-0.656492,5.41,0
-0.656492,5.59,0
-0.656492,5.77,0
-0.656492,5.95,0
-0.656492,6.13,0
-0.656492,6.31,0
-0.656492,6.49,0
-0.656492,6.67,0
-0.656492,6.85,0
-0.656492,7.03,0
-0.656492,7.21,0
-0.656492,7.39,0
-0.656492,7.57,0
-0.656492,7.75,0
-0.656492,7.93,0
-0.656492,8.11,0
-0.656492,8.29,0
-0.656492,8.47,0
-0.656492,8.65,0
-0.656492,8.83,0
-0.656492,9.01,0
-0.656492,9.19,0
-0.656492,9.37,0
-0.656492,9.55,0
-0.656492,9.73,0
-0.656492,9.91,0
-0.649204,1.09,0
-0.649204,1.27,0
-0.649204,1.45,0
-0.649204,1.63,0
-0.649204,1.81,0
-0.649204,1.99,0
-0.649204,2.17,0
-0.649204,2.35,0
-0.649204,2.53,0
-0.649204,2.71,0
-0.649204,2.89,0
-0.649204,3.07,0
-0.649204,3.25,0
-0.649204,3.43,0
-0.649204,3.61,0
-0.649204,3.79,0
-0.649204,3.97,0
-0.649204,4.15,0
-0.649204,4.33,0
-0.649204,4.51,0
-0.649204,4.69,0
-0.649204,4.87,0
-0.649204,5.05,0
-0.649204,5.23,0
-0.649204,5.41,0
-0.649204,5.59,0
-0.649204,5.77,0
-0.649204,5.95,0
-0.649204,6.13,0
-0.649204,6.31,0
-0.649204,6.49,0
-0.649204,6.67,0
-0.649204,6.85,0
-0.649204,7.03,0
-0.649204,7.21,0
-0.649204,7.39,0
-0.649204,7.57,0
-0.649204,7.75,0
-0.649204,7.93,0
-0.649204,8.11,0
-0.649204,8.29,0
-0.649204,8.47,0
-0.649204,8.65,0
-0.649204,8.83,0
-0.649204,9.01,0
-0.649204,9.19,0
-0.649204,9.37,0
-0.649204,9.55,0
-0.649204,9.73,0
-0.649204,9.91,0
-0.641916,1.09,0
-0.641916,1.27,0
-0.641916,1.45,0
-0.641916,1.63,0
-0.641916,1.81,0
-0.641916,1.99,0
-0.641916,2.17,0
-0.641916,2.35,0
-0.641916,2.53,0
-0.641916,2.71,0
-0.641916,2.89,0
-0.641916,3.07,0
-0.641916,3.25,0
-0.641916,3.43,0
-0.641916,3.61,0
-0.641916,3.79,0
-0.641916,3.97,0
-0.641916,4.15,0
-0.641916,4.33,0
-0.641916,4.51,0
-0.641916,4.69,0
-0.641916,4.87,0
-0.641916,5.05,0
-0.641916,5.23,0
-0.641916,5.41,0
-0.641916,5.59,0
-0.641916,5.77,0
-0.641916,5.95,0
-0.641916,6.13,0
-0.641916,6.31,0
-0.641916,6.49,0
-0.641916,6.67,0
-0.641916,6.85,0
-0.641916,7.03,0
-0.641916,7.21,0
-0.641916,7.39,0
-0.641916,7.57,0
-0.641916,7.75,0
-0.641916,7.93,0
-0.641916,8.11,0
-0.641916,8.29,0
-0.641916,8.47,0
-0.641916,8.65,0
-0.641916,8.83,0
-0.641916,9.01,0
-0.641916,9.19,0
-0.641916,9.37,0
-0.641916,9.55,0
-0.641916,9.73,0
-0.641916,9.91,0
-0.634628,1.09,0
-0.634628,1.27,0
-0.634628,1.45,0
-0.634628,1.63,0
-0.634628,1.81,0
-0.634628,1.99,0
-0.634628,2.17,0
-0.634628,2.35,0
-0.634628,2.53,0
-0.634628,2.71,0
-0.634628,2.89,0
-0.634628,3.07,0
-0.634628,3.25,0
-0.634628,3.43,0
-0.634628,3.61,0
-0.634628,3.79,0
-0.634628,3.97,0
-0.634628,4.15,0
-0.634628,4.33,0
-0.634628,4.51,0
-0.634628,4.69,0
-0.634628,4.87,0
-0.634628,5.05,0
-0.634628,5.23,0
-0.634628,5.41,0
-0.634628,5.59,0
-0.634628,5.77,0
-0.634628,5.95,0
-0.634628,6.13,0
-0.634628,6.31,0
-0.634628,6.49,0
-0.634628,6.67,0
-0.634628,6.85,0
-0.634628,7.03,0
-0.634628,7.21,0
-0.634628,7.39,0
-0.634628,7.57,0
-0.634628,7.75,0
-0.634628,7.93,0
-0.634628,8.11,0
-0.634628,8.29,0
-0.634628,8.47,0
-0.634628,8.65,0
-0.634628,8.83,0
-0.634628,9.01,0
-0.634628,9.19,0
-0.634628,9.37,0
-0.634628,9.55,0
-0.634628,9.73,0
-0.634628,9.91,0
-0.62734,1.09,0
-0.62734,1.27,0
-0.62734,1.45,0
-0.62734,1.63,0
-0.62734,1.81,0
-0.62734,1.99,0
-0.62734,2.17,0
-0.62734,2.35,0
-0.62734,2.53,0
-0.62734,2.71,0
-0.62734,2.89,0
-0.62734,3.07,0
-0.62734,3.25,0
-0.62734,3.43,0
-0.62734,3.61,0
-0.62734,3.79,0
-0.62734,3.97,0
-0.62734,4.15,0
-0.62734,4.33,0
-0.62734,4.51,0
-0.62734,4.69,0
-0.62734,4.87,0
-0.62734,5.05,0
-0.62734,5.23,0
-0.62734,5.41,0
-0.62734,5.59,0
-0.62734,5.77,0
-0.62734,5.95,0
-0.62734,6.13,0
-0.62734,6.31,0
-0.62734,6.49,0
-0.62734,6.67,0
-0.62734,6.85,0
-0.62734,7.03,0
-0.62734,7.21,0
-0.62734,7.39,0
-0.62734,7.57,0
-0.62734,7.75,0
-0.62734,7.93,0
-0.62734,8.11,0
-0.62734,8.29,0
-0.62734,8.47,0
-0.62734,8.65,0
-0.62734,8.83,0
-0.62734,9.01,0
-0.62734,9.19,0
-0.62734,9.37,0
-0.62734,9.55,0
-0.62734,9.73,0
-0.62734,9.91,0
