-0.984455,1.09,0
-0.984455,1.27,0
-0.984455,1.45,0
-0.984455,1.63,0
-0.984455,1.81,0
-0.984455,1.99,0
-0.984455,2.17,0
-0.984455,2.35,0
-0.984455,2.53,0
-0.984455,2.71,0
-0.984455,2.89,0
-0.984455,3.07,0
-0.984455,3.25,0
-0.984455,3.43,0
-0.984455,3.61,0
-0.984455,3.79,0
-0.984455,3.97,0
-0.984455,4.15,0
-0.984455,4.33,0
-0.984455,4.51,0
-0.984455,4.69,0
-0.984455,4.87,0
-0.984455,5.05,0
-0.984455,5.23,0
-0.984455,5.41,0
-0.984455,5.59,0
-0.984455,5.77,0
-0.984455,5.95,0
-0.984455,6.13,0
-0.984455,6.31,0
-0.984455,6.49,0
-0.984455,6.67,0
-0.984455,6.85,0
-0.984455,7.03,0
-0.984455,7.21,0
-0.984455,7.39,0
-0.984455,7.57,0
-0.984455,7.75,0
-0.984455,7.93,0
-0.984455,8.11,0
-0.984455,8.29,0
-0.984455,8.47,0
-0.984455,8.65,0
-0.984455,8.83,0
-0.984455,9.01,0
-0.984455,9.19,0
-0.984455,9.37,0
-0.984455,9.55,0
-0.984455,9.73,0
-0.984455,9.91,0
-0.977166,1.09,0
-0.977166,1.27,0
-0.977166,1.45,0
-0.977166,1.63,0
-0.977166,1.81,0
-0.977166,1.99,0
-0.977166,2.17,0
-0.977166,2.35,0
-0.977166,2.53,0
-0.977166,2.71,0
-0.977166,2.89,0
-0.977166,3.07,0
-0.977166,3.25,0
-0.977166,3.43,0
-0.977166,3.61,0
-0.977166,3.79,0
-0.977166,3.97,0
-0.977166,4.15,0
-0.977166,4.33,0
-0.977166,4.51,0
-0.977166,4.69,0
-0.977166,4.87,0
-0.977166,5.05,0
-0.977166,5.23,0
-0.977166,5.41,0
-0.977166,5.59,0
-0.977166,5.77,0
-0.977166,5.95,0
-0.977166,6.13,0
-0.977166,6.31,0
-0.977166,6.49,0
-0.977166,6.67,0
-0.977166,6.85,0
-0.977166,7.03,0
-0.977166,7.21,0
-0.977166,7.39,0
-0.977166,7.57,0
-0.977166,7.75,0
-0.977166,7.93,0
-0.977166,8.11,0
-0.977166,8.29,0
-0.977166,8.47,0
-0.977166,8.65,0
-0.977166,8.83,0
-0.977166,9.01,0
-0.977166,9.19,0
-0.977166,9.37,0
-0.977166,9.55,0
-0.977166,9.73,0
-0.977166,9.91,0
-0.969878,1.09,0
-0.969878,1.27,0
-0.969878,1.45,0
-0.969878,1.63,0
-0.969878,1.81,0
-0.969878,1.99,0
-0.969878,2.17,0
-0.969878,2.35,0
-0.969878,2.53,0
-0.969878,2.71,0
-0.969878,2.89,0
-0.969878,3.07,0
-0.969878,3.25,0
-0.969878,3.43,0
-0.969878,3.61,0
-0.969878,3.79,0
-0.969878,3.97,0
-0.969878,4.15,0
-0.969878,4.33,0
-0.969878,4.51,0
-0.969878,4.69,0
-0.969878,4.87,0
-0.969878,5.05,0
-0.969878,5.23,0
-0.969878,5.41,0
-0.969878,5.59,0
-0.969878,5.77,0
-0.969878,5.95,0
-0.969878,6.13,0
-0.969878,6.31,0
-0.969878,6.49,0
-0.969878,6.67,0
-0.969878,6.85,0
-0.969878,7.03,0
-0.969878,7.21,0
-0.969878,7.39,0
-0.969878,7.57,0
-0.969878,7.75,0
-0.969878,7.93,0
-0.969878,8.11,0
-0.969878,8.29,0
-0.969878,8.47,0
-0.969878,8.65,0
-0.969878,8.83,0
-0.969878,9.01,0
-0.969878,9.19,0
-0.969878,9.37,0
-0.969878,9.55,0
-0.969878,9.73,0
-0.969878,9.91,0
-0.96259,1.09,0
-0.96259,1.27,0
-0.96259,1.45,0
-0.96259,1.63,0
-0.96259,1.81,0
-0.96259,1.99,0
-0.96259,2.17,0
-0.96259,2.35,0
-0.96259,2.53,0
-0.96259,2.71,0
-0.96259,2.89,0
-0.96259,3.07,0
-0.96259,3.25,0
-0.96259,3.43,0
-0.96259,3.61,0
-0.96259,3.79,0
-0.96259,3.97,0
-0.96259,4.15,0
-0.96259,4.33,0
-0.96259,4.51,0
-0.96259,4.69,0
-0.96259,4.87,0
-0.96259,5.05,0
-0.96259,5.23,0
-0.96259,5.41,0
-0.96259,5.59,0
-0.96259,5.77,0
-0.96259,5.95,0
-0.96259,6.13,0
-0.96259,6.31,0
-0.96259,6.49,0
-0.96259,6.67,0
-0.96259,6.85,0
-0.96259,7.03,0
-0.96259,7.21,0
-0.96259,7.39,0
-0.96259,7.57,0
-0.96259,7.75,0
-0.96259,7.93,0
-0.96259,8.11,0
-0.96259,8.29,0
-0.96259,8.47,0
-0.96259,8.65,0
-0.96259,8.83,0
-0.96259,9.01,0
-0.96259,9.19,0
-0.96259,9.37,0
-0.96259,9.55,0
-0.96259,9.73,0
-0.96259,9.91,0
-0.955302,1.09,-0.0128207
-0.955302,1.27,-0.0127727
-0.955302,1.45,-0.101269
-0.955302,1.63,0.0957661
-0.955302,1.81,0.0369594
-0.955302,1.99,-0.0176134
-0.955302,2.17,0.0028398
-0.955302,2.35,0.0240945
-0.955302,2.53,0.0882947
-0.955302,2.71,0.123023
-0.955302,2.89,-0.235011
-0.955302,3.07,-0.178382
-0.955302,3.25,-0.0518948
-0.955302,3.43,0.150073
-0.955302,3.61,0.255601
-0.955302,3.79,0.239318
-0.955302,3.97,0.21065
-0.955302,4.15,0.204213
-0.955302,4.33,0.236557
-0.955302,4.51,0.377082
-0.955302,4.69,0.937615
-0.955302,4.87,-0.14121
-0.955302,5.05,-0.117433
-0.955302,5.23,-0.0891323
-0.955302,5.41,-0.0743638
-0.955302,5.59,-0.0669379
-0.955302,5.77,-0.0637984
-0.955302,5.95,-0.0637222
-0.955302,6.13,-0.0662902
-0.955302,6.31,-0.071639
-0.955302,6.49,-0.0804513
-0.955302,6.67,-0.0942535
-0.955302,6.85,-0.115998
-0.955302,7.03,-0.151593
-0.955302,7.21,-0.213494
-0.955302,7.39,-0.327572
-0.955302,7.57,-0.52926
-0.955302,7.75,-0.717252
-0.955302,7.93,-0.564354
-0.955302,8.11,-0.310689
-0.955302,8.29,-0.169555
-0.955302,8.47,-0.100899
-0.955302,8.65,-0.0654783
-0.955302,8.83,-0.0456791
-0.955302,9.01,-0.0338277
-0.955302,9.19,-0.0263172
-0.955302,9.37,-0.0213298
-0.955302,9.55,-0.0178955
-0.955302,9.73,-0.0154605
-0.955302,9.91,-0.0136923
-0.948014,1.09,0.0105176
-0.948014,1.27,-0.0672439
-0.948014,1.45,-0.124999
-0.948014,1.63,-0.0330735
-0.948014,1.81,0.0840436
-0.948014,1.99,-0.0122536
-0.948014,2.17,0.0410647
-0.948014,2.35,0.0887916
-0.948014,2.53,0.19099
-0.948014,2.71,-0.0822836
-0.948014,2.89,-0.561063
-0.948014,3.07,-0.263039
-0.948014,3.25,0.105262
-0.948014,3.43,0.581488
-0.948014,3.61,0.711674
-0.948014,3.79,0.570044
-0.948014,3.97,0.445481
-0.948014,4.15,0.384313
-0.948014,4.33,0.376982
-0.948014,4.51,0.313887
-0.948014,4.69,-1.8731
-0.948014,4.87,-0.719382
-0.948014,5.05,-0.38421
-0.948014,5.23,-0.275338
-0.948014,5.41,-0.229407
-0.948014,5.59,-0.209185
-0.948014,5.77,-0.202391
-0.948014,5.95,-0.204656
-0.948014,6.13,-0.214547
-0.948014,6.31,-0.232347
-0.948014,6.49,-0.259835
-0.948014,6.67,-0.300988
-0.948014,6.85,-0.363174
-0.948014,7.03,-0.460168
-0.948014,7.21,-0.617474
-0.948014,7.39,-0.871933
-0.948014,7.57,-1.19884
-0.948014,7.75,-1.24328
-0.948014,7.93,-0.793135
-0.948014,8.11,-0.38976
-0.948014,8.29,-0.184714
-0.948014,8.47,-0.0885252
-0.948014,8.65,-0.0416406
-0.948014,8.83,-0.0176436
-0.948014,9.01,-0.00498987
-0.948014,9.19,0.00174281
-0.948014,9.37,0.00525152
-0.948014,9.55,0.0069219
-0.948014,9.73,0.00751604
-0.948014,9.91,0.00747012
-0.940726,1.09,0.0332276
-0.940726,1.27,-0.0783501
-0.940726,1.45,-0.0729971
-0.940726,1.63,-0.0836433
-0.940726,1.81,0.133925
-0.940726,1.99,-0.00315388
-0.940726,2.17,0.0828843
-0.940726,2.35,0.101002
-0.940726,2.53,0.181043
-0.940726,2.71,-0.542222
-0.940726,2.89,-0.579213
-0.940726,3.07,-0.164799
-0.940726,3.25,0.336158
-0.940726,3.43,0.937628
-0.940726,3.61,0.967702
-0.940726,3.79,0.667231
-0.940726,3.97,0.433166
-0.940726,4.15,0.260731
-0.940726,4.33,-0.00623361
-0.940726,4.51,-1.40722
-0.940726,4.69,-2.37056
-0.940726,4.87,-0.877842
-0.940726,5.05,-0.492266
-0.940726,5.23,-0.359946
-0.940726,5.41,-0.305289
-0.940726,5.59,-0.28323
-0.940726,5.77,-0.278374
-0.940726,5.95,-0.285215
-0.940726,6.13,-0.302007
-0.940726,6.31,-0.329192
-0.940726,6.49,-0.369053
-0.940726,6.67,-0.426473
-0.940726,6.85,-0.509999
-0.940726,7.03,-0.634082
-0.940726,7.21,-0.819945
-0.940726,7.39,-1.0743
-0.940726,7.57,-1.26872
-0.940726,7.75,-1.04416
-0.940726,7.93,-0.531959
-0.940726,8.11,-0.190125
-0.940726,8.29,-0.0335904
-0.940726,8.47,0.0323887
-0.940726,8.65,0.0592174
-0.940726,8.83,0.0688699
-0.940726,9.01,0.0706773
-0.940726,9.19,0.0688883
-0.940726,9.37,0.0655201
-0.940726,9.55,0.0615196
-0.940726,9.73,0.0573557
-0.940726,9.91,0.0532607
-0.933438,1.09,0.0402196
-0.933438,1.27,-0.0275622
-0.933438,1.45,-0.042885
-0.933438,1.63,-0.0765249
-0.933438,1.81,0.220963
-0.933438,1.99,-0.00735942
-0.933438,2.17,0.0927233
-0.933438,2.35,0.0891577
-0.933438,2.53,0.134658
-0.933438,2.71,-0.848409
-0.933438,2.89,-0.465109
-0.933438,3.07,-0.0443946
-0.933438,3.25,0.517817
-0.933438,3.43,1.17096
-0.933438,3.61,1.03592
-0.933438,3.79,0.576155
-0.933438,3.97,0.233186
-0.933438,4.15,-0.0988304
-0.933438,4.33,-0.786346
-0.933438,4.51,-2.58279
-0.933438,4.69,-1.76158
-0.933438,4.87,-0.77578
-0.933438,5.05,-0.461905
-0.933438,5.23,-0.345521
-0.933438,5.41,-0.298093
-0.933438,5.59,-0.281134
-0.933438,5.77,-0.280648
-0.933438,5.95,-0.291515
-0.933438,6.13,-0.312153
-0.933438,6.31,-0.34304
-0.933438,6.49,-0.386349
-0.933438,6.67,-0.446461
-0.933438,6.85,-0.530461
-0.933438,7.03,-0.648429
-0.933438,7.21,-0.80811
-0.933438,7.39,-0.977611
-0.933438,7.57,-0.978099
-0.933438,7.75,-0.60709
-0.933438,7.93,-0.17697
-0.933438,8.11,0.048143
-0.933438,8.29,0.132779
-0.933438,8.47,0.157455
-0.933438,8.65,0.158998
-0.933438,8.83,0.151976
-0.933438,9.01,0.14208
-0.933438,9.19,0.13166
-0.933438,9.37,0.121678
-0.933438,9.55,0.112453
-0.933438,9.73,0.104062
-0.933438,9.91,0.096478
-0.92615,1.09,0.0315521
-0.92615,1.27,0.000516655
-0.92615,1.45,-0.0293645
-0.92615,1.63,-0.0633276
-0.92615,1.81,0.400148
-0.92615,1.99,-0.0131019
-0.92615,2.17,0.0980795
-0.92615,2.35,0.0727652
-0.92615,2.53,0.0691795
-0.92615,2.71,-0.981204
-0.92615,2.89,-0.352999
-0.92615,3.07,0.0723051
-0.92615,3.25,0.715935
-0.92615,3.43,1.41694
-0.92615,3.61,1.00039
-0.92615,3.79,0.352879
-0.92615,3.97,-0.104323
-0.92615,4.15,-0.607777
-0.92615,4.33,-1.53753
-0.92615,4.51,-2.3324
-0.92615,4.69,-1.28491
-0.92615,4.87,-0.621148
-0.92615,5.05,-0.380789
-0.92615,5.23,-0.288611
-0.92615,5.41,-0.253178
-0.92615,5.59,-0.243725
-0.92615,5.77,-0.248505
-0.92615,5.95,-0.263146
-0.92615,6.13,-0.286325
-0.92615,6.31,-0.318472
-0.92615,6.49,-0.36136
-0.92615,6.67,-0.418283
-0.92615,6.85,-0.493784
-0.92615,7.03,-0.5917
-0.92615,7.21,-0.703814
-0.92615,7.39,-0.763763
-0.92615,7.57,-0.588683
-0.92615,7.75,-0.163218
-0.92615,7.93,0.150365
-0.92615,8.11,0.264663
-0.92615,8.29,0.283411
-0.92615,8.47,0.270147
-0.92615,8.65,0.248509
-0.92615,8.83,0.226334
-0.92615,9.01,0.205942
-0.92615,9.19,0.187893
-0.92615,9.37,0.172146
-0.92615,9.55,0.15843
-0.92615,9.73,0.146448
-0.92615,9.91,0.135934
-0.918862,1.09,0.00847968
-0.918862,1.27,0.00407745
-0.918862,1.45,-0.0261791
-0.918862,1.63,-0.0557432
-0.918862,1.81,0.6072
-0.918862,1.99,-0.0178211
-0.918862,2.17,0.0651857
-0.918862,2.35,0.0547857
-0.918862,2.53,-0.0203888
-0.918862,2.71,-0.933649
-0.918862,2.89,-0.248664
-0.918862,3.07,0.187632
-0.918862,3.25,0.940768
-0.918862,3.43,1.64642
-0.918862,3.61,0.792837
-0.918862,3.79,-0.00201175
-0.918862,3.97,-0.518914
-0.918862,4.15,-1.08632
-0.918862,4.33,-1.8193
-0.918862,4.51,-1.78224
-0.918862,4.69,-0.918108
-0.918862,4.87,-0.447451
-0.918862,5.05,-0.267289
-0.918862,5.23,-0.199621
-0.918862,5.41,-0.177207
-0.918862,5.59,-0.175619
-0.918862,5.77,-0.185272
-0.918862,5.95,-0.202532
-0.918862,6.13,-0.226273
-0.918862,6.31,-0.256704
-0.918862,6.49,-0.294889
-0.918862,6.67,-0.342447
-0.918862,6.85,-0.400375
-0.918862,7.03,-0.464528
-0.918862,7.21,-0.508625
-0.918862,7.39,-0.437498
-0.918862,7.57,-0.112253
-0.918862,7.75,0.281294
-0.918862,7.93,0.443295
-0.918862,8.11,0.447664
-0.918862,8.29,0.405937
-0.918862,8.47,0.359247
-0.918862,8.65,0.317891
-0.918862,8.83,0.28326
-0.918862,9.01,0.254531
-0.918862,9.19,0.23062
-0.918862,9.37,0.210575
-0.918862,9.55,0.193602
-0.918862,9.73,0.179084
-0.918862,9.91,0.166551
-0.911574,1.09,-0.0301268
-0.911574,1.27,-0.004725
-0.911574,1.45,-0.0277595
-0.911574,1.63,-0.0517094
-0.911574,1.81,0.323958
-0.911574,1.99,-0.0181982
-0.911574,2.17,0.014748
-0.911574,2.35,0.0376008
-0.911574,2.53,-0.142467
-0.911574,2.71,-0.78875
-0.911574,2.89,-0.152315
-0.911574,3.07,0.305128
-0.911574,3.25,1.20587
-0.911574,3.43,1.77195
-0.911574,3.61,0.382111
-0.911574,3.79,-0.414442
-0.911574,3.97,-0.885899
-0.911574,4.15,-1.35463
-0.911574,4.33,-1.6962
-0.911574,4.51,-1.29389
-0.911574,4.69,-0.610792
-0.911574,4.87,-0.262616
-0.911574,5.05,-0.130097
-0.911574,5.23,-0.084902
-0.911574,5.41,-0.0749779
-0.911574,5.59,-0.0806185
-0.911574,5.77,-0.0940475
-0.911574,5.95,-0.112229
-0.911574,6.13,-0.134089
-0.911574,6.31,-0.159387
-0.911574,6.49,-0.188079
-0.911574,6.67,-0.219388
-0.911574,6.85,-0.249378
-0.911574,7.03,-0.263184
-0.911574,7.21,-0.212082
-0.911574,7.39,0.0205931
-0.911574,7.57,0.45288
-0.911574,7.75,0.70155
-0.911574,7.93,0.675812
-0.911574,8.11,0.575674
-0.911574,8.29,0.483377
-0.911574,8.47,0.411178
-0.911574,8.65,0.355974
-0.911574,8.83,0.313292
-0.911574,9.01,0.279623
-0.911574,9.19,0.252537
-0.911574,9.37,0.230367
-0.911574,9.55,0.211927
-0.911574,9.73,0.196372
-0.911574,9.91,0.18309
-0.904286,1.09,-0.111706
-0.904286,1.27,-0.0177877
-0.904286,1.45,-0.0294172
-0.904286,1.63,-0.0467552
-0.904286,1.81,0.0183367
-0.904286,1.99,-0.00981775
-0.904286,2.17,-0.0230985
-0.904286,2.35,0.0231298
-0.904286,2.53,-0.307761
-0.904286,2.71,-0.619667
-0.904286,2.89,-0.0619277
-0.904286,3.07,0.429077
-0.904286,3.25,1.52834
-0.904286,3.43,1.61022
-0.904286,3.61,-0.146557
-0.904286,3.79,-0.765182
-0.904286,3.97,-1.10497
-0.904286,4.15,-1.38624
-0.904286,4.33,-1.4024
-0.904286,4.51,-0.883189
-0.904286,4.69,-0.331008
-0.904286,4.87,-0.0663722
-0.904286,5.05,0.0273072
-0.904286,5.23,0.0520383
-0.904286,5.41,0.0503329
-0.904286,5.59,0.0384336
-0.904286,5.77,0.0226441
-0.904286,5.95,0.0055746
-0.904286,6.13,-0.0115544
-0.904286,6.31,-0.0277291
-0.904286,6.49,-0.0412023
-0.904286,6.67,-0.0476176
-0.904286,6.85,-0.0355333
-0.904286,7.03,0.0265505
-0.904286,7.21,0.220651
-0.904286,7.39,0.663137
-0.904286,7.57,1.08479
-0.904286,7.75,1.02964
-0.904286,7.93,0.802512
-0.904286,8.11,0.620834
-0.904286,8.29,0.497082
-0.904286,8.47,0.41234
-0.904286,8.65,0.35215
-0.904286,8.83,0.307723
-0.904286,9.01,0.273785
-0.904286,9.19,0.247107
-0.904286,9.37,0.225637
-0.904286,9.55,0.208012
-0.904286,9.73,0.193299
-0.904286,9.91,0.180843
-0.896998,1.09,-0.272661
-0.896998,1.27,-0.0273626
-0.896998,1.45,-0.0268645
-0.896998,1.63,-0.0369216
-0.896998,1.81,-0.0924622
-0.896998,1.99,0.0132945
-0.896998,2.17,-0.0494192
-0.896998,2.35,0.0131201
-0.896998,2.53,-0.519318
-0.896998,2.71,-0.460462
-0.896998,2.89,0.0248064
-0.896998,3.07,0.56424
-0.896998,3.25,1.92426
-0.896998,3.43,0.978303
-0.896998,3.61,-0.614617
-0.896998,3.79,-0.973636
-0.896998,3.97,-1.15986
-0.896998,4.15,-1.25634
-0.896998,4.33,-1.06362
-0.896998,4.51,-0.518551
-0.896998,4.69,-0.0578757
-0.896998,4.87,0.144444
-0.896998,5.05,0.204065
-0.896998,5.23,0.209244
-0.896998,5.41,0.196392
-0.896998,5.59,0.1791
-0.896998,5.77,0.162423
-0.896998,5.95,0.148713
-0.896998,6.13,0.139594
-0.896998,6.31,0.137349
-0.896998,6.49,0.146432
-0.896998,6.67,0.176991
-0.896998,6.85,0.253419
-0.896998,7.03,0.438183
-0.896998,7.21,0.873701
-0.896998,7.39,1.57349
-0.896998,7.57,1.64606
-0.896998,7.75,1.14525
-0.896998,7.93,0.772553
-0.896998,8.11,0.559412
-0.896998,8.29,0.433574
-0.896998,8.47,0.353798
-0.896998,8.65,0.299803
-0.896998,8.83,0.261244
-0.896998,9.01,0.232501
-0.896998,9.19,0.210321
-0.896998,9.37,0.19272
-0.896998,9.55,0.178432
-0.896998,9.73,0.166612
-0.896998,9.91,0.15668
-0.88971,1.09,-0.201315
-0.88971,1.27,-0.0251564
-0.88971,1.45,-0.0150134
-0.88971,1.63,-0.0199245
-0.88971,1.81,-0.122733
-0.88971,1.99,0.0595025
-0.88971,2.17,-0.0673278
-0.88971,2.35,0.00955912
-0.88971,2.53,-0.741221
-0.88971,2.71,-0.320917
-0.88971,2.89,0.109454
-0.88971,3.07,0.71582
-0.88971,3.25,2.37909
-0.88971,3.43,0.0482343
-0.88971,3.61,-0.898022
-0.88971,3.79,-1.03387
-0.88971,3.97,-1.08912
-0.88971,4.15,-1.03903
-0.88971,4.33,-0.716692
-0.88971,4.51,-0.169929
-0.88971,4.69,0.224424
-0.88971,4.87,0.37409
-0.88971,5.05,0.400232
-0.88971,5.23,0.384927
-0.88971,5.41,0.36046
-0.88971,5.59,0.338128
-0.88971,5.77,0.321794
-0.88971,5.95,0.313688
-0.88971,6.13,0.316176
-0.88971,6.31,0.333563
-0.88971,6.49,0.374743
-0.88971,6.67,0.459924
-0.88971,6.85,0.63862
-0.88971,7.03,1.04235
-0.88971,7.21,1.94379
-0.88971,7.39,2.72008
-0.88971,7.57,1.76046
-0.88971,7.75,0.936253
-0.88971,7.93,0.565362
-0.88971,8.11,0.388829
-0.88971,8.29,0.293866
-0.88971,8.47,0.237151
-0.88971,8.65,0.200403
-0.88971,8.83,0.175038
-0.88971,9.01,0.156643
-0.88971,9.19,0.142762
-0.88971,9.37,0.131942
-0.88971,9.55,0.123285
-0.88971,9.73,0.116208
-0.88971,9.91,0.11032
-0.882422,1.09,-0.141683
-0.882422,1.27,-0.00370986
-0.882422,1.45,0.0139713
-0.882422,1.63,0.00478224
-0.882422,1.81,-0.116491
-0.882422,1.99,0.141614
-0.882422,2.17,-0.0768222
-0.882422,2.35,0.015233
-0.882422,2.53,-0.863287
-0.882422,2.71,-0.201541
-0.882422,2.89,0.192374
-0.882422,3.07,0.889715
-0.882422,3.25,2.70774
-0.882422,3.43,-0.683704
-0.882422,3.61,-0.992524
-0.882422,3.79,-0.981514
-0.882422,3.97,-0.93726
-0.882422,4.15,-0.774703
-0.882422,4.33,-0.360534
-0.882422,4.51,0.188945
-0.882422,4.69,0.530031
-0.882422,4.87,0.626751
-0.882422,5.05,0.614848
-0.882422,5.23,0.575301
-0.882422,5.41,0.537039
-0.882422,5.59,0.508858
-0.882422,5.77,0.493219
-0.882422,5.95,0.492249
-0.882422,6.13,0.509413
-0.882422,6.31,0.552038
-0.882422,6.49,0.636094
-0.882422,6.67,0.799496
-0.882422,6.85,1.1438
-0.882422,7.03,1.97974
-0.882422,7.21,3.83695
-0.882422,7.39,3.0729
-0.882422,7.57,1.07059
-0.882422,7.75,0.436789
-0.882422,7.93,0.225835
-0.882422,8.11,0.139919
-0.882422,8.29,0.0994325
-0.882422,8.47,0.078214
-0.882422,8.65,0.0661678
-0.882422,8.83,0.0588831
-0.882422,9.01,0.054246
-0.882422,9.19,0.0511597
-0.882422,9.37,0.0490208
-0.882422,9.55,0.0474849
-0.882422,9.73,0.046346
-0.882422,9.91,0.0454771
-0.875134,1.09,-0.112515
-0.875134,1.27,0.0409392
-0.875134,1.45,0.0734496
-0.875134,1.63,0.0373194
-0.875134,1.81,-0.0892223
-0.875134,1.99,0.282631
-0.875134,2.17,-0.0762119
-0.875134,2.35,0.0345352
-0.875134,2.53,-0.780484
-0.875134,2.71,-0.100565
-0.875134,2.89,0.272659
-0.875134,3.07,1.09303
-0.875134,3.25,2.19783
-0.875134,3.43,-1.00702
-0.875134,3.61,-0.952934
-0.875134,3.79,-0.855093
-0.875134,3.97,-0.733608
-0.875134,4.15,-0.476112
-0.875134,4.33,0.0222693
-0.875134,4.51,0.585375
-0.875134,4.69,0.873465
-0.875134,4.87,0.904693
-0.875134,5.05,0.842639
-0.875134,5.23,0.770579
-0.875134,5.41,0.713294
-0.875134,5.59,0.675962
-0.875134,5.77,0.65887
-0.875134,5.95,0.663651
-0.875134,6.13,0.694767
-0.875134,6.31,0.762947
-0.875134,6.49,0.893104
-0.875134,6.67,1.14864
-0.875134,6.85,1.72448
-0.875134,7.03,3.36813
-0.875134,7.21,5.24616
-0.875134,7.39,0.817487
-0.875134,7.57,-0.0331454
-0.875134,7.75,-0.145033
-0.875134,7.93,-0.147149
-0.875134,8.11,-0.130265
-0.875134,8.29,-0.111642
-0.875134,8.47,-0.0950512
-0.875134,8.65,-0.0810397
-0.875134,8.83,-0.0693678
-0.875134,9.01,-0.0596556
-0.875134,9.19,-0.0515323
-0.875134,9.37,-0.0446869
-0.875134,9.55,-0.0388767
-0.875134,9.73,-0.0339094
-0.875134,9.91,-0.0296334
-0.867846,1.09,-0.0823308
-0.867846,1.27,0.106838
-0.867846,1.45,0.18719
-0.867846,1.63,0.0802107
-0.867846,1.81,-0.0503504
-0.867846,1.99,0.528702
-0.867846,2.17,-0.0637049
-0.867846,2.35,0.0750564
-0.867846,2.53,-0.551561
-0.867846,2.71,-0.0162661
-0.867846,2.89,0.348273
-0.867846,3.07,1.33438
-0.867846,3.25,0.367982
-0.867846,3.43,-1.0365
-0.867846,3.61,-0.832806
-0.867846,3.79,-0.680994
-0.867846,3.97,-0.491275
-0.867846,4.15,-0.137765
-0.867846,4.33,0.462087
-0.867846,4.51,1.05445
-0.867846,4.69,1.26977
-0.867846,4.87,1.20282
-0.867846,5.05,1.06624
-0.867846,5.23,0.946093
-0.867846,5.41,0.859189
-0.867846,5.59,0.804152
-0.867846,5.77,0.777051
-0.867846,5.95,0.777185
-0.867846,6.13,0.807507
-0.867846,6.31,0.877344
-0.867846,6.49,1.00906
-0.867846,6.67,1.25512
-0.867846,6.85,1.73541
-0.867846,7.03,1.87258
-0.867846,7.21,-2.02207
-0.867846,7.39,-1.34301
-0.867846,7.57,-0.855346
-0.867846,7.75,-0.6035
-0.867846,7.93,-0.45638
-0.867846,8.11,-0.361869
-0.867846,8.29,-0.296771
-0.867846,8.47,-0.249641
-0.867846,8.65,-0.214214
-0.867846,8.83,-0.18679
-0.867846,9.01,-0.165081
-0.867846,9.19,-0.147557
-0.867846,9.37,-0.133166
-0.867846,9.55,-0.121186
-0.867846,9.73,-0.111097
-0.867846,9.91,-0.102515
-0.860558,1.09,-0.0370124
-0.860558,1.27,0.184985
-0.860558,1.45,0.392009
-0.860558,1.63,0.143153
-0.860558,1.81,-0.00824263
-0.860558,1.99,0.881673
-0.860558,2.17,-0.0395516
-0.860558,2.35,0.151715
-0.860558,2.53,-0.313186
-0.860558,2.71,0.0525059
-0.860558,2.89,0.416015
-0.860558,3.07,1.62035
-0.860558,3.25,-0.984618
-0.860558,3.43,-0.918432
-0.860558,3.61,-0.66658
-0.860558,3.79,-0.472791
-0.860558,3.97,-0.210456
-0.860558,4.15,0.261864
-0.860558,4.33,1.01176
-0.860558,4.51,1.65034
-0.860558,4.69,1.72876
-0.860558,4.87,1.49238
-0.860558,5.05,1.23721
-0.860558,5.23,1.04285
-0.860558,5.41,0.907285
-0.860558,5.59,0.81596
-0.860558,5.77,0.75589
-0.860558,5.95,0.718178
-0.860558,6.13,0.693716
-0.860558,6.31,0.665808
-0.860558,6.49,0.58317
-0.860558,6.67,0.217495
-0.860558,6.85,-1.68347
-0.860558,7.03,-6.13915
-0.860558,7.21,-3.74849
-0.860558,7.39,-1.97566
-0.860558,7.57,-1.22918
-0.860558,7.75,-0.858181
-0.860558,7.93,-0.64556
-0.860558,8.11,-0.51104
-0.860558,8.29,-0.419736
-0.860558,8.47,-0.354478
-0.860558,8.65,-0.305963
-0.860558,8.83,-0.268765
-0.860558,9.01,-0.239567
-0.860558,9.19,-0.216178
-0.860558,9.37,-0.197099
-0.860558,9.55,-0.181314
-0.860558,9.73,-0.168096
-0.860558,9.91,-0.156914
-0.85327,1.09,0.0188621
-0.85327,1.27,0.240553
-0.85327,1.45,0.400361
-0.85327,1.63,0.254815
-0.85327,1.81,0.0305438
-0.85327,1.99,0.32234
-0.85327,2.17,-0.00896088
-0.85327,2.35,0.299613
-0.85327,2.53,-0.127844
-0.85327,2.71,0.105789
-0.85327,2.89,0.470537
-0.85327,3.07,1.92807
-0.85327,3.25,-1.22006
-0.85327,3.43,-0.734943
-0.85327,3.61,-0.471013
-0.85327,3.79,-0.23323
-0.85327,3.97,0.121064
-0.85327,4.15,0.769076
-0.85327,4.33,1.77962
-0.85327,4.51,2.46656
-0.85327,4.69,2.22038
-0.85327,4.87,1.66932
-0.85327,5.05,1.22935
-0.85327,5.23,0.927647
-0.85327,5.41,0.717183
-0.85327,5.59,0.557923
-0.85327,5.77,0.419095
-0.85327,5.95,0.271531
-0.85327,6.13,0.0714033
-0.85327,6.31,-0.273113
-0.85327,6.49,-0.992572
-0.85327,6.67,-2.64587
-0.85327,6.85,-5.25693
-0.85327,7.03,-5.09711
-0.85327,7.21,-3.14403
-0.85327,7.39,-1.91888
-0.85327,7.57,-1.27322
-0.85327,7.75,-0.911506
-0.85327,7.93,-0.691836
-0.85327,8.11,-0.548945
-0.85327,8.29,-0.450864
-0.85327,8.47,-0.380582
-0.85327,8.65,-0.328449
-0.85327,8.83,-0.288678
-0.85327,9.01,-0.25767
-0.85327,9.19,-0.233025
-0.85327,9.37,-0.213091
-0.85327,9.55,-0.196743
-0.85327,9.73,-0.183179
-0.85327,9.91,-0.171812
-0.845982,1.09,0.053156
-0.845982,1.27,0.217526
-0.845982,1.45,-0.323924
-0.845982,1.63,0.518769
-0.845982,1.81,0.0614221
-0.845982,1.99,-0.382355
-0.845982,2.17,0.0164075
-0.845982,2.35,0.619219
-0.845982,2.53,-0.00322722
-0.845982,2.71,0.139364
-0.845982,2.89,0.500467
-0.845982,3.07,2.05965
-0.845982,3.25,-0.996196
-0.845982,3.43,-0.514667
-0.845982,3.61,-0.246224
-0.845982,3.79,0.0483165
-0.845982,3.97,0.536492
-0.845982,4.15,1.49421
-0.845982,4.33,3.05984
-0.845982,4.51,3.64968
-0.845982,4.69,2.48376
-0.845982,4.87,1.39206
-0.845982,5.05,0.738496
-0.845982,5.23,0.334776
-0.845982,5.41,0.0463621
-0.845982,5.59,-0.201608
-0.845982,5.77,-0.460453
-0.845982,5.95,-0.781403
-0.845982,6.13,-1.23557
-0.845982,6.31,-1.93157
-0.845982,6.49,-2.98175
-0.845982,6.67,-4.19032
-0.845982,6.85,-4.53835
-0.845982,7.03,-3.57665
-0.845982,7.21,-2.39322
-0.845982,7.39,-1.57066
-0.845982,7.57,-1.06798
-0.845982,7.75,-0.760342
-0.845982,7.93,-0.565231
-0.845982,8.11,-0.436233
-0.845982,8.29,-0.347766
-0.845982,8.47,-0.285082
-0.845982,8.65,-0.23941
-0.845982,8.83,-0.205332
-0.845982,9.01,-0.179406
-0.845982,9.19,-0.159347
-0.845982,9.37,-0.143587
-0.845982,9.55,-0.13105
-0.845982,9.73,-0.120971
-0.845982,9.91,-0.112796
-0.838694,1.09,0.0758944
-0.838694,1.27,0.34931
-0.838694,1.45,-0.236751
-0.838694,1.63,1.457
-0.838694,1.81,0.0659313
-0.838694,1.99,-0.25838
-0.838694,2.17,0.0436977
-0.838694,2.35,1.77994
-0.838694,2.53,-0.040978
-0.838694,2.71,0.0936068
-0.838694,2.89,0.470405
-0.838694,3.07,1.88302
-0.838694,3.25,-0.583852
-0.838694,3.43,-0.219327
-0.838694,3.61,0.082483
-0.838694,3.79,0.512474
-0.838694,3.97,1.34273
-0.838694,4.15,3.34587
-0.838694,4.33,7.58358
-0.838694,4.51,4.96852
-0.838694,4.69,0.787407
-0.838694,4.87,-0.543116
-0.838694,5.05,-1.06378
-0.838694,5.23,-1.36409
-0.838694,5.41,-1.60985
-0.838694,5.59,-1.86391
-0.838694,5.77,-2.15904
-0.838694,5.95,-2.51875
-0.838694,6.13,-2.95218
-0.838694,6.31,-3.42847
-0.838694,6.49,-3.82036
-0.838694,6.67,-3.86804
-0.838694,6.85,-3.36157
-0.838694,7.03,-2.4669
-0.838694,7.21,-1.5794
-0.838694,7.39,-0.916474
-0.838694,7.57,-0.482864
-0.838694,7.75,-0.213494
-0.838694,7.93,-0.0486228
-0.838694,8.11,0.0522861
-0.838694,8.29,0.113779
-0.838694,8.47,0.150849
-0.838694,8.65,0.172585
-0.838694,8.83,0.18457
-0.838694,9.01,0.190341
-0.838694,9.19,0.192094
-0.838694,9.37,0.191221
-0.838694,9.55,0.188668
-0.838694,9.73,0.185061
-0.838694,9.91,0.180821
-0.831406,1.09,0.0825369
-0.831406,1.27,-0.00606796
-0.831406,1.45,-0.0189469
-0.831406,1.63,1.28266
-0.831406,1.81,0.0456359
-0.831406,1.99,-0.10635
-0.831406,2.17,0.0792175
-0.831406,2.35,2.60308
-0.831406,2.53,-0.157251
-0.831406,2.71,0.0419912
-0.831406,2.89,0.454386
-0.831406,3.07,0.775416
-0.831406,3.25,-0.314912
-0.831406,3.43,-0.0275871
-0.831406,3.61,0.286272
-0.831406,3.79,0.793793
-0.831406,3.97,1.87184
-0.831406,4.15,5.00255
-0.831406,4.33,10.6589
-0.831406,4.51,0.345002
-0.831406,4.69,-1.66241
-0.831406,4.87,-1.96718
-0.831406,5.05,-2.06458
-0.831406,5.23,-2.15072
-0.831406,5.41,-2.26396
-0.831406,5.59,-2.41491
-0.831406,5.77,-2.60507
-0.831406,5.95,-2.82973
-0.831406,6.13,-3.06536
-0.831406,6.31,-3.24937
-0.831406,6.49,-3.25888
-0.831406,6.67,-2.93549
-0.831406,6.85,-2.23326
-0.831406,7.03,-1.34913
-0.831406,7.21,-0.565768
-0.831406,7.39,-0.0170975
-0.831406,7.57,0.314875
-0.831406,7.75,0.497076
-0.831406,7.93,0.587782
-0.831406,8.11,0.625869
-0.831406,8.29,0.634146
-0.831406,8.47,0.626062
-0.831406,8.65,0.609349
-0.831406,8.83,0.588441
-0.831406,9.01,0.565969
-0.831406,9.19,0.543339
-0.831406,9.37,0.521272
-0.831406,9.55,0.500201
-0.831406,9.73,0.480337
-0.831406,9.91,0.461763
-0.824117,1.09,0.11628
-0.824117,1.27,-0.00770373
-0.824117,1.45,-0.0124015
-0.824117,1.63,-0.032833
-0.824117,1.81,0.0633677
-0.824117,1.99,-0.111026
-0.824117,2.17,0.0938294
-0.824117,2.35,1.5096
-0.824117,2.53,-0.137273
-0.824117,2.71,0.0535079
-0.824117,2.89,0.506208
-0.824117,3.07,-0.40347
-0.824117,3.25,-0.255043
-0.824117,3.43,0.0125024
-0.824117,3.61,0.324342
-0.824117,3.79,0.855826
-0.824117,3.97,2.05941
-0.824117,4.15,5.90589
-0.824117,4.33,7.48403
-0.824117,4.51,-0.957071
-0.824117,4.69,-1.8616
-0.824117,4.87,-1.97729
-0.824117,5.05,-2.02204
-0.824117,5.23,-2.08614
-0.824117,5.41,-2.18499
-0.824117,5.59,-2.32141
-0.824117,5.77,-2.49225
-0.824117,5.95,-2.68704
-0.824117,6.13,-2.87371
-0.824117,6.31,-2.97864
-0.824117,6.49,-2.87507
-0.824117,6.67,-2.43482
-0.824117,6.85,-1.68326
-0.824117,7.03,-0.855291
-0.824117,7.21,-0.186958
-0.824117,7.39,0.249799
-0.824117,7.57,0.498021
-0.824117,7.75,0.623745
-0.824117,7.93,0.677559
-0.824117,8.11,0.691506
-0.824117,8.29,0.683746
-0.824117,8.47,0.664786
-0.824117,8.65,0.640537
-0.824117,8.83,0.614298
-0.824117,9.01,0.587971
-0.824117,9.19,0.562507
-0.824117,9.37,0.538336
-0.824117,9.55,0.515685
-0.824117,9.73,0.494625
-0.824117,9.91,0.475142
-0.816829,1.09,0.221788
-0.816829,1.27,-0.00795716
-0.816829,1.45,-0.00478375
-0.816829,1.63,-0.197743
-0.816829,1.81,0.0835742
-0.816829,1.99,-0.101443
-0.816829,2.17,0.109016
-0.816829,2.35,-0.0836365
-0.816829,2.53,-0.119413
-0.816829,2.71,0.0631403
-0.816829,2.89,0.567103
-0.816829,3.07,-0.575967
-0.816829,3.25,-0.200029
-0.816829,3.43,0.048169
-0.816829,3.61,0.357969
-0.816829,3.79,0.914336
-0.816829,3.97,2.26654
-0.816829,4.15,6.97424
-0.816829,4.33,3.01281
-0.816829,4.51,-1.61916
-0.816829,4.69,-1.92537
-0.816829,4.87,-1.93405
-0.816829,5.05,-1.94672
-0.816829,5.23,-1.99507
-0.816829,5.41,-2.08084
-0.816829,5.59,-2.20151
-0.816829,5.77,-2.3499
-0.816829,5.95,-2.50987
-0.816829,6.13,-2.64121
-0.816829,6.31,-2.66185
-0.816829,6.49,-2.44924
-0.816829,6.67,-1.91669
-0.816829,6.85,-1.15489
-0.816829,7.03,-0.409264
-0.816829,7.21,0.141501
-0.816829,7.39,0.475745
-0.816829,7.57,0.650747
-0.816829,7.75,0.728092
-0.816829,7.93,0.750586
-0.816829,8.11,0.744135
-0.816829,8.29,0.72288
-0.816829,8.47,0.694814
-0.816829,8.65,0.664299
-0.816829,8.83,0.63367
-0.816829,9.01,0.604205
-0.816829,9.19,0.576469
-0.816829,9.37,0.550643
-0.816829,9.55,0.526781
-0.816829,9.73,0.504833
-0.816829,9.91,0.4847
-0.809541,1.09,0.131214
-0.809541,1.27,-0.0109131
-0.809541,1.45,0.00067451
-0.809541,1.63,-0.17146
-0.809541,1.81,0.109188
-0.809541,1.99,-0.0890973
-0.809541,2.17,0.12265
-0.809541,2.35,-0.340189
-0.809541,2.53,-0.10217
-0.809541,2.71,0.071761
-0.809541,2.89,0.632593
-0.809541,3.07,-0.509373
-0.809541,3.25,-0.151363
-0.809541,3.43,0.0780318
-0.809541,3.61,0.383605
-0.809541,3.79,0.961332
-0.809541,3.97,2.47851
-0.809541,4.15,7.78224
-0.809541,4.33,-0.169719
-0.809541,4.51,-1.88834
-0.809541,4.69,-1.89083
-0.809541,4.87,-1.84184
-0.809541,5.05,-1.83501
-0.809541,5.23,-1.87077
-0.809541,5.41,-1.94291
-0.809541,5.59,-2.0451
-0.809541,5.77,-2.16652
-0.809541,5.95,-2.28564
-0.809541,6.13,-2.35526
-0.809541,6.31,-2.28896
-0.809541,6.49,-1.97796
-0.809541,6.67,-1.38491
-0.809541,6.85,-0.652058
-0.809541,7.03,-0.00971352
-0.809541,7.21,0.423673
-0.809541,7.39,0.664121
-0.809541,7.57,0.774723
-0.809541,7.75,0.810307
-0.809541,7.93,0.806049
-0.809541,8.11,0.782319
-0.809541,8.29,0.74974
-0.809541,8.47,0.714128
-0.809541,8.65,0.678506
-0.809541,8.83,0.644377
-0.809541,9.01,0.612477
-0.809541,9.19,0.583038
-0.809541,9.37,0.556029
-0.809541,9.55,0.531352
-0.809541,9.73,0.508854
-0.809541,9.91,0.488365
-0.802253,1.09,0.022011
-0.802253,1.27,-0.0135792
-0.802253,1.45,0.00347503
-0.802253,1.63,-0.130443
-0.802253,1.81,0.140971
-0.802253,1.99,-0.0759634
-0.802253,2.17,0.148801
-0.802253,2.35,-0.3202
-0.802253,2.53,-0.088485
-0.802253,2.71,0.0788923
-0.802253,2.89,0.669663
-0.802253,3.07,-0.417344
-0.802253,3.25,-0.111502
-0.802253,3.43,0.10439
-0.802253,3.61,0.410924
-0.802253,3.79,1.02269
-0.802253,3.97,2.7724
-0.802253,4.15,7.20506
-0.802253,4.33,-1.45605
-0.802253,4.51,-1.90083
-0.802253,4.69,-1.79623
-0.802253,4.87,-1.73174
-0.802253,5.05,-1.72077
-0.802253,5.23,-1.75214
-0.802253,5.41,-1.81666
-0.802253,5.59,-1.90591
-0.802253,5.77,-2.00619
-0.802253,5.95,-2.09094
-0.802253,6.13,-2.10626
-0.802253,6.31,-1.963
-0.802253,6.49,-1.57055
-0.802253,6.67,-0.942254
-0.802253,6.85,-0.257702
-0.802253,7.03,0.282682
-0.802253,7.21,0.615045
-0.802253,7.39,0.780839
-0.802253,7.57,0.843019
-0.802253,7.75,0.84877
-0.802253,7.93,0.826406
-0.802253,8.11,0.791689
-0.802253,8.29,0.75244
-0.802253,8.47,0.712795
-0.802253,8.65,0.674773
-0.802253,8.83,0.63927
-0.802253,9.01,0.606634
-0.802253,9.19,0.576868
-0.802253,9.37,0.549809
-0.802253,9.55,0.52526
-0.802253,9.73,0.503007
-0.802253,9.91,0.482835
-0.794965,1.09,0.00341092
-0.794965,1.27,-0.0159193
-0.794965,1.45,0.00420998
-0.794965,1.63,-0.0999102
-0.794965,1.81,0.171327
-0.794965,1.99,-0.062893
-0.794965,2.17,0.182671
-0.794965,2.35,-0.275289
-0.794965,2.53,-0.0762722
-0.794965,2.71,0.0848609
-0.794965,2.89,0.409896
-0.794965,3.07,-0.331883
-0.794965,3.25,-0.0765495
-0.794965,3.43,0.127032
-0.794965,3.61,0.433988
-0.794965,3.79,1.0814
-0.794965,3.97,3.10249
-0.794965,4.15,3.63199
-0.794965,4.33,-1.89814
-0.794965,4.51,-1.81863
-0.794965,4.69,-1.67457
-0.794965,4.87,-1.60692
-0.794965,5.05,-1.59477
-0.794965,5.23,-1.62207
-0.794965,5.41,-1.67808
-0.794965,5.59,-1.75267
-0.794965,5.77,-1.82927
-0.794965,5.95,-1.87644
-0.794965,6.13,-1.83485
-0.794965,6.31,-1.61721
-0.794965,6.49,-1.1595
-0.794965,6.67,-0.52565
-0.794965,6.85,0.0870699
-0.794965,7.03,0.52205
-0.794965,7.21,0.762475
-0.794965,7.39,0.8646
-0.794965,7.57,0.887024
-0.794965,7.75,0.86895
-0.794965,7.93,0.832514
-0.794965,8.11,0.789541
-0.794965,8.29,0.745516
-0.794965,8.47,0.70319
-0.794965,8.65,0.663765
-0.794965,8.83,0.627643
-0.794965,9.01,0.594859
-0.794965,9.19,0.565236
-0.794965,9.37,0.538507
-0.794965,9.55,0.514401
-0.794965,9.73,0.492655
-0.794965,9.91,0.473024
-0.787677,1.09,-0.00357757
-0.787677,1.27,-0.0169545
-0.787677,1.45,0.00364324
-0.787677,1.63,-0.0777698
-0.787677,1.81,0.115544
-0.787677,1.99,-0.0503016
-0.787677,2.17,0.223311
-0.787677,2.35,-0.233098
-0.787677,2.53,-0.0647392
-0.787677,2.71,0.0897419
-0.787677,2.89,-0.677763
-0.787677,3.07,-0.259452
-0.787677,3.25,-0.0462442
-0.787677,3.43,0.145217
-0.787677,3.61,0.450144
-0.787677,3.79,1.12919
-0.787677,3.97,3.38919
-0.787677,4.15,-0.319533
-0.787677,4.33,-1.95204
-0.787677,4.51,-1.68532
-0.787677,4.69,-1.53395
-0.787677,4.87,-1.4687
-0.787677,5.05,-1.45596
-0.787677,5.23,-1.47815
-0.787677,5.41,-1.52374
-0.787677,5.59,-1.58099
-0.787677,5.77,-1.63046
-0.787677,5.95,-1.6363
-0.787677,6.13,-1.53584
-0.787677,6.31,-1.24951
-0.787677,6.49,-0.747299
-0.787677,6.67,-0.137895
-0.787677,6.85,0.3849
-0.787677,7.03,0.715387
-0.787677,7.21,0.873508
-0.787677,7.39,0.921632
-0.787677,7.57,0.911421
-0.787677,7.75,0.874292
-0.787677,7.93,0.826919
-0.787677,8.11,0.777777
-0.787677,8.29,0.730407
-0.787677,8.47,0.686416
-0.787677,8.65,0.64633
-0.787677,8.83,0.610153
-0.787677,9.01,0.577659
-0.787677,9.19,0.548528
-0.787677,9.37,0.522413
-0.787677,9.55,0.498984
-0.787677,9.73,0.477943
-0.787677,9.91,0.459021
-0.780389,1.09,-0.00708885
-0.780389,1.27,-0.0137306
-0.780389,1.45,0.00237142
-0.780389,1.63,-0.0599935
-0.780389,1.81,-0.618353
-0.780389,1.99,-0.0383651
-0.780389,2.17,0.268447
-0.780389,2.35,-0.194785
-0.780389,2.53,-0.052982
-0.780389,2.71,0.0937349
-0.780389,2.89,-1.00004
-0.780389,3.07,-0.20066
-0.780389,3.25,-0.0210063
-0.780389,3.43,0.158572
-0.780389,3.61,0.459037
-0.780389,3.79,1.16336
-0.780389,3.97,3.38083
-0.780389,4.15,-1.94833
-0.780389,4.33,-1.81752
-0.780389,4.51,-1.51886
-0.780389,4.69,-1.3789
-0.780389,4.87,-1.32013
-0.780389,5.05,-1.30776
-0.780389,5.23,-1.32477
-0.780389,5.41,-1.35935
-0.780389,5.59,-1.39834
-0.780389,5.77,-1.41969
-0.780389,5.95,-1.38383
-0.780389,6.13,-1.22731
-0.780389,6.31,-0.88417
-0.780389,6.49,-0.362796
-0.780389,6.67,0.194656
-0.780389,6.85,0.617018
-0.780389,7.03,0.8497
-0.780389,7.21,0.937825
-0.780389,7.39,0.942887
-0.780389,7.57,0.908072
-0.780389,7.75,0.857475
-0.780389,7.93,0.803052
-0.780389,8.11,0.750502
-0.780389,8.29,0.701804
-0.780389,8.47,0.657662
-0.780389,8.65,0.618084
-0.780389,8.83,0.582773
-0.780389,9.01,0.551312
-0.780389,9.19,0.523284
-0.780389,9.37,0.498289
-0.780389,9.55,0.475964
-0.780389,9.73,0.455989
-0.780389,9.91,0.438086
-0.773101,1.09,-0.0101241
-0.773101,1.27,-0.00513785
-0.773101,1.45,0.00317123
-0.773101,1.63,-0.0459255
-0.773101,1.81,-0.711413
-0.773101,1.99,-0.0247984
-0.773101,2.17,0.298268
-0.773101,2.35,-0.164723
-0.773101,2.53,-0.0432408
-0.773101,2.71,0.0950853
-0.773101,2.89,-0.690768
-0.773101,3.07,-0.153073
-0.773101,3.25,0.000921824
-0.773101,3.43,0.171397
-0.773101,3.61,0.471022
-0.773101,3.79,1.20883
-0.773101,3.97,2.49395
-0.773101,4.15,-2.15605
-0.773101,4.33,-1.62126
-0.773101,4.51,-1.35364
-0.773101,4.69,-1.23397
-0.773101,4.87,-1.1844
-0.773101,5.05,-1.17407
-0.773101,5.23,-1.18757
-0.773101,5.41,-1.21311
-0.773101,5.59,-1.23621
-0.773101,5.77,-1.2322
-0.773101,5.95,-1.15818
-0.773101,6.13,-0.951722
-0.773101,6.31,-0.565093
-0.773101,6.49,-0.0463082
-0.773101,6.67,0.443006
-0.773101,6.85,0.767842
-0.773101,7.03,0.918372
-0.773101,7.21,0.953366
-0.773101,7.39,0.928577
-0.773101,7.57,0.878444
-0.773101,7.75,0.820732
-0.773101,7.93,0.763634
-0.773101,8.11,0.710749
-0.773101,8.29,0.66293
-0.773101,8.47,0.620262
-0.773101,8.65,0.582416
-0.773101,8.83,0.548909
-0.773101,9.01,0.519217
-0.773101,9.19,0.492875
-0.773101,9.37,0.469471
-0.773101,9.55,0.448633
-0.773101,9.73,0.430039
-0.773101,9.91,0.413416
-0.765813,1.09,-0.0131606
-0.765813,1.27,0.0114721
-0.765813,1.45,0.00660665
-0.765813,1.63,-0.0347113
-0.765813,1.81,-0.403156
-0.765813,1.99,-0.0110537
-0.765813,2.17,-0.136435
-0.765813,2.35,-0.139105
-0.765813,2.53,-0.0334368
-0.765813,2.71,0.0908358
-0.765813,2.89,-0.453059
-0.765813,3.07,-0.113451
-0.765813,3.25,0.0193107
-0.765813,3.43,0.180074
-0.765813,3.61,0.475035
-0.765813,3.79,1.21889
-0.765813,3.97,-0.117872
-0.765813,4.15,-1.9636
-0.765813,4.33,-1.41362
-0.765813,4.51,-1.18836
-0.765813,4.69,-1.08851
-0.765813,4.87,-1.04698
-0.765813,5.05,-1.03756
-0.765813,5.23,-1.04644
-0.765813,5.41,-1.06175
-0.765813,5.59,-1.06767
-0.765813,5.77,-1.03715
-0.765813,5.95,-0.925126
-0.765813,6.13,-0.673975
-0.765813,6.31,-0.260298
-0.765813,6.49,0.230557
-0.765813,6.67,0.635833
-0.765813,6.85,0.866076
-0.765813,7.03,0.946525
-0.765813,7.21,0.939975
-0.765813,7.39,0.893638
-0.765813,7.57,0.833608
-0.765813,7.75,0.772261
-0.765813,7.93,0.71476
-0.765813,8.11,0.663065
-0.765813,8.29,0.617186
-0.765813,8.47,0.576755
-0.765813,8.65,0.541204
-0.765813,8.83,0.509932
-0.765813,9.01,0.482346
-0.765813,9.19,0.45796
-0.765813,9.37,0.436364
-0.765813,9.55,0.41719
-0.765813,9.73,0.400125
-0.765813,9.91,0.384905
-0.758525,1.09,-0.0153952
-0.758525,1.27,0.0387817
-0.758525,1.45,0.0155039
-0.758525,1.63,-0.0255311
-0.758525,1.81,-0.254304
-0.758525,1.99,0.00221656
-0.758525,2.17,-0.688349
-0.758525,2.35,-0.116081
-0.758525,2.53,-0.0228618
-0.758525,2.71,0.0716831
-0.758525,2.89,-0.302416
-0.758525,3.07,-0.0803567
-0.758525,3.25,0.0339485
-0.758525,3.43,0.183175
-0.758525,3.61,0.465432
-0.758525,3.79,1.12778
-0.758525,3.97,-2.24517
-0.758525,4.15,-1.66968
-0.758525,4.33,-1.20692
-0.758525,4.51,-1.02361
-0.758525,4.69,-0.941415
-0.758525,4.87,-0.906221
-0.758525,5.05,-0.896291
-0.758525,5.23,-0.899171
-0.758525,5.41,-0.902884
-0.758525,5.59,-0.890319
-0.758525,5.77,-0.832541
-0.758525,5.95,-0.684141
-0.758525,6.13,-0.396919
-0.758525,6.31,0.023354
-0.758525,6.49,0.461809
-0.758525,6.67,0.773408
-0.758525,6.85,0.916441
-0.758525,7.03,0.939372
-0.758525,7.21,0.901671
-0.758525,7.39,0.84079
-0.758525,7.57,0.775305
-0.758525,7.75,0.713138
-0.758525,7.93,0.657064
-0.758525,8.11,0.607787
-0.758525,8.29,0.564704
-0.758525,8.47,0.527128
-0.758525,8.65,0.494334
-0.758525,8.83,0.46565
-0.758525,9.01,0.44045
-0.758525,9.19,0.418243
-0.758525,9.37,0.398639
-0.758525,9.55,0.381279
-0.758525,9.73,0.365866
-0.758525,9.91,0.352152
-0.751237,1.09,-0.0155577
-0.751237,1.27,0.0278638
-0.751237,1.45,0.0346992
-0.751237,1.63,-0.0169024
-0.751237,1.81,-0.173342
-0.751237,1.99,0.0139006
-0.751237,2.17,-0.485146
-0.751237,2.35,-0.0942323
-0.751237,2.53,-0.0108101
-0.751237,2.71,0.00556314
-0.751237,2.89,-0.203682
-0.751237,3.07,-0.053112
-0.751237,3.25,0.0445577
-0.751237,3.43,0.17989
-0.751237,3.61,0.437635
-0.751237,3.79,0.795419
-0.751237,3.97,-2.44083
-0.751237,4.15,-1.36405
-0.751237,4.33,-1.00535
-0.751237,4.51,-0.860505
-0.751237,4.69,-0.793861
-0.751237,4.87,-0.763695
-0.751237,5.05,-0.752327
-0.751237,5.23,-0.74853
-0.751237,5.41,-0.740213
-0.751237,5.59,-0.709246
-0.751237,5.77,-0.625629
-0.751237,5.95,-0.446015
-0.751237,6.13,-0.136399
-0.751237,6.31,0.266448
-0.751237,6.49,0.631489
-0.751237,6.67,0.847481
-0.751237,6.85,0.915474
-0.751237,7.03,0.894815
-0.751237,7.21,0.836467
-0.751237,7.39,0.767995
-0.751237,7.57,0.701529
-0.751237,7.75,0.641464
-0.751237,7.93,0.588784
-0.751237,8.11,0.543295
-0.751237,8.29,0.503996
-0.751237,8.47,0.470011
-0.751237,8.65,0.440538
-0.751237,8.83,0.414884
-0.751237,9.01,0.392423
-0.751237,9.19,0.372687
-0.751237,9.37,0.35531
-0.751237,9.55,0.339961
-0.751237,9.73,0.326364
-0.751237,9.91,0.314292
-0.743949,1.09,-0.00763396
-0.743949,1.27,-0.256216
-0.743949,1.45,0.0894521
-0.743949,1.63,-0.00950644
-0.743949,1.81,-0.120788
-0.743949,1.99,0.0264869
-0.743949,2.17,-0.325072
-0.743949,2.35,-0.0765586
-0.743949,2.53,0.00080803
-0.743949,2.71,-0.171585
-0.743949,2.89,-0.135303
-0.743949,3.07,-0.0306463
-0.743949,3.25,0.0530589
-0.743949,3.43,0.175606
-0.743949,3.61,0.40455
-0.743949,3.79,0.0552541
-0.743949,3.97,-1.94934
-0.743949,4.15,-1.09223
-0.743949,4.33,-0.827101
-0.743949,4.51,-0.715901
-0.743949,4.69,-0.663185
-0.743949,4.87,-0.637907
-0.743949,5.05,-0.625889
-0.743949,5.23,-0.616996
-0.743949,5.41,-0.599073
-0.743949,5.59,-0.55321
-0.743949,5.77,-0.449035
-0.743949,5.95,-0.247385
-0.743949,6.13,0.0679215
-0.743949,6.31,0.43161
-0.743949,6.49,0.713475
-0.743949,6.67,0.8452
-0.743949,6.85,0.858581
-0.743949,7.03,0.812191
-0.743949,7.21,0.745658
-0.743949,7.39,0.677665
-0.743949,7.57,0.615381
-0.743949,7.75,0.560777
-0.743949,7.93,0.51373
-0.743949,8.11,0.473567
-0.743949,8.29,0.439136
-0.743949,8.47,0.40952
-0.743949,8.65,0.38394
-0.743949,8.83,0.361743
-0.743949,9.01,0.342342
-0.743949,9.19,0.325316
-0.743949,9.37,0.310354
-0.743949,9.55,0.29716
-0.743949,9.73,0.285491
-0.743949,9.91,0.275148
-0.736661,1.09,0.0358485
-0.736661,1.27,-0.177229
-0.736661,1.45,0.0153807
-0.736661,1.63,-0.00222733
-0.736661,1.81,-0.0819978
-0.736661,1.99,0.0355383
-0.736661,2.17,-0.22965
-0.736661,2.35,-0.0601402
-0.736661,2.53,0.014091
-0.736661,2.71,-0.253333
-0.736661,2.89,-0.0854458
-0.736661,3.07,-0.0124846
-0.736661,3.25,0.0574386
-0.736661,3.43,0.163754
-0.736661,3.61,0.340283
-0.736661,3.79,-1.28437
-0.736661,3.97,-1.43777
-0.736661,4.15,-0.848797
-0.736661,4.33,-0.658538
-0.736661,4.51,-0.57522
-0.736661,4.69,-0.534096
-0.736661,4.87,-0.512615
-0.736661,5.05,-0.49951
-0.736661,5.23,-0.485628
-0.736661,5.41,-0.458952
-0.736661,5.59,-0.40042
-0.736661,5.77,-0.280849
-0.736661,5.95,-0.068594
-0.736661,6.13,0.231666
-0.736661,6.31,0.534207
-0.736661,6.49,0.728205
-0.736661,6.67,0.788935
-0.736661,6.85,0.764477
-0.736661,7.03,0.704816
-0.736661,7.21,0.637878
-0.736661,7.39,0.575007
-0.736661,7.57,0.519708
-0.736661,7.75,0.472312
-0.736661,7.93,0.432037
-0.736661,8.11,0.397969
-0.736661,8.29,0.368947
-0.736661,8.47,0.344096
-0.736661,8.65,0.322705
-0.736661,8.83,0.304193
-0.736661,9.01,0.288033
-0.736661,9.19,0.273865
-0.736661,9.37,0.261436
-0.736661,9.55,0.250492
-0.736661,9.73,0.240829
-0.736661,9.91,0.232278
-0.729373,1.09,0.287528
-0.729373,1.27,-0.108713
-0.729373,1.45,-0.0635482
-0.729373,1.63,0.00679328
-0.729373,1.81,-0.0505743
-0.729373,1.99,0.0356966
-0.729373,2.17,-0.164323
-0.729373,2.35,-0.0445204
-0.729373,2.53,0.029558
-0.729373,2.71,-0.119568
-0.729373,2.89,-0.0482868
-0.729373,3.07,0.00122371
-0.729373,3.25,0.056622
-0.729373,3.43,0.141726
-0.729373,3.61,0.226356
-0.729373,3.79,-2.03292
-0.729373,3.97,-1.00196
-0.729373,4.15,-0.626008
-0.729373,4.33,-0.495598
-0.729373,4.51,-0.435701
-0.729373,4.69,-0.404488
-0.729373,4.87,-0.386222
-0.729373,5.05,-0.372165
-0.729373,5.23,-0.354241
-0.729373,5.41,-0.321061
-0.729373,5.59,-0.254527
-0.729373,5.77,-0.128861
-0.729373,5.95,0.0767276
-0.729373,6.13,0.337281
-0.729373,6.31,0.561258
-0.729373,6.49,0.672159
-0.729373,6.67,0.680052
-0.729373,6.85,0.634757
-0.729373,7.03,0.573222
-0.729373,7.21,0.512753
-0.729373,7.39,0.45911
-0.729373,7.57,0.413323
-0.729373,7.75,0.374765
-0.729373,7.93,0.342361
-0.729373,8.11,0.315162
-0.729373,8.29,0.292113
-0.729373,8.47,0.272455
-0.729373,8.65,0.255584
-0.729373,8.83,0.24102
-0.729373,9.01,0.228319
-0.729373,9.19,0.217193
-0.729373,9.37,0.207447
-0.729373,9.55,0.198878
-0.729373,9.73,0.191323
-0.729373,9.91,0.184646
-0.722085,1.09,0.151794
-0.722085,1.27,-0.058983
-0.722085,1.45,-0.062472
-0.722085,1.63,0.0227104
-0.722085,1.81,-0.0241493
-0.722085,1.99,0.0132656
-0.722085,2.17,-0.109318
-0.722085,2.35,-0.0283662
-0.722085,2.53,0.0463515
-0.722085,2.71,-0.0354855
-0.722085,2.89,-0.0210536
-0.722085,3.07,0.00941995
-0.722085,3.25,0.0478674
-0.722085,3.43,0.103609
-0.722085,3.61,0.0347871
-0.722085,3.79,-1.4867
-0.722085,3.97,-0.624428
-0.722085,4.15,-0.409047
-0.722085,4.33,-0.328317
-0.722085,4.51,-0.289066
-0.722085,4.69,-0.266953
-0.722085,4.87,-0.251993
-0.722085,5.05,-0.237925
-0.722085,5.23,-0.218217
-0.722085,5.41,-0.183191
-0.722085,5.59,-0.117738
-0.722085,5.77,-0.00261483
-0.722085,5.95,0.169941
-0.722085,6.13,0.362039
-0.722085,6.31,0.496609
-0.722085,6.49,0.53778
-0.722085,6.67,0.513939
-0.722085,6.85,0.464453
-0.722085,7.03,0.411697
-0.722085,7.21,0.364219
-0.722085,7.39,0.323902
-0.722085,7.57,0.290338
-0.722085,7.75,0.262507
-0.722085,7.93,0.239359
-0.722085,8.11,0.220071
-0.722085,8.29,0.203815
-0.722085,8.47,0.190007
-0.722085,8.65,0.178195
-0.722085,8.83,0.168025
-0.722085,9.01,0.159166
-0.722085,9.19,0.151413
-0.722085,9.37,0.144632
-0.722085,9.55,0.138679
-0.722085,9.73,0.133437
-0.722085,9.91,0.128809
-0.714797,1.09,-0.0132853
-0.714797,1.27,-0.0154552
-0.714797,1.45,-0.0425179
-0.714797,1.63,0.0517005
-0.714797,1.81,-0.00393935
-0.714797,1.99,-0.0346265
-0.714797,2.17,-0.0535744
-0.714797,2.35,-0.0131075
-0.714797,2.53,0.0489581
-0.714797,2.71,-0.000321467
-0.714797,2.89,-0.00375942
-0.714797,3.07,0.0094431
-0.714797,3.25,0.0282383
-0.714797,3.43,0.0522122
-0.714797,3.61,-0.12505
-0.714797,3.79,-0.608688
-0.714797,3.97,-0.27247
-0.714797,4.15,-0.18663
-0.714797,4.33,-0.151955
-0.714797,4.51,-0.134126
-0.714797,4.69,-0.123296
-0.714797,4.87,-0.115011
-0.714797,5.05,-0.10609
-0.714797,5.23,-0.0928219
-0.714797,5.41,-0.0695126
-0.714797,5.59,-0.0275612
-0.714797,5.77,0.0422709
-0.714797,5.95,0.137941
-0.714797,6.13,0.229585
-0.714797,6.31,0.278722
-0.714797,6.49,0.280965
-0.714797,6.67,0.257955
-0.714797,6.85,0.228146
-0.714797,7.03,0.19992
-0.714797,7.21,0.175779
-0.714797,7.39,0.15581
-0.714797,7.57,0.139428
-0.714797,7.75,0.125964
-0.714797,7.93,0.114828
-0.714797,8.11,0.105587
-0.714797,8.29,0.0978197
-0.714797,8.47,0.0912348
-0.714797,8.65,0.0856105
-0.714797,8.83,0.0807742
-0.714797,9.01,0.0765614
-0.714797,9.19,0.0728737
-0.714797,9.37,0.0696508
-0.714797,9.55,0.0668236
-0.714797,9.73,0.0643358
-0.714797,9.91,0.0621418
-0.707509,1.09,0
-0.707509,1.27,0
-0.707509,1.45,0
-0.707509,1.63,0
-0.707509,1.81,0
-0.707509,1.99,0
-0.707509,2.17,0
-0.707509,2.35,0
-0.707509,2.53,0
-0.707509,2.71,0
-0.707509,2.89,0
-0.707509,3.07,0
-0.707509,3.25,0
-0.707509,3.43,0
-0.707509,3.61,0
-0.707509,3.79,0
-0.707509,3.97,0
-0.707509,4.15,0
-0.707509,4.33,0
-0.707509,4.51,0
-0.707509,4.69,0
-0.707509,4.87,0
-0.707509,5.05,0
-0.707509,5.23,0
-0.707509,5.41,0
-0.707509,5.59,0
-0.707509,5.77,0
-0.707509,5.95,0
-0.707509,6.13,0
-0.707509,6.31,0
-0.707509,6.49,0
-0.707509,6.67,0
-0.707509,6.85,0
-0.707509,7.03,0
-0.707509,7.21,0
-0.707509,7.39,0
-0.707509,7.57,0
-0.707509,7.75,0
-0.707509,7.93,0
-0.707509,8.11,0
-0.707509,8.29,0
-0.707509,8.47,0
-0.707509,8.65,0
-0.707509,8.83,0
-0.707509,9.01,0
-0.707509,9.19,0
-0.707509,9.37,0
-0.707509,9.55,0
-0.707509,9.73,0
-0.707509,9.91,0
-0.700221,1.09,0
-0.700221,1.27,0
-0.700221,1.45,0
-0.700221,1.63,0
-0.700221,1.81,0
-0.700221,1.99,0
-0.700221,2.17,0
-0.700221,2.35,0
-0.700221,2.53,0
-0.700221,2.71,0
-0.700221,2.89,0
-0.700221,3.07,0
-0.700221,3.25,0
-0.700221,3.43,0
-0.700221,3.61,0
-0.700221,3.79,0
-0.700221,3.97,0
-0.700221,4.15,0
-0.700221,4.33,0
-0.700221,4.51,0
-0.700221,4.69,0
-0.700221,4.87,0
-0.700221,5.05,0
-0.700221,5.23,0
-0.700221,5.41,0
-0.700221,5.59,0
-0.700221,5.77,0
-0.700221,5.95,0
-0.700221,6.13,0
-0.700221,6.31,0
-0.700221,6.49,0
-0.700221,6.67,0
-0.700221,6.85,0
-0.700221,7.03,0
-0.700221,7.21,0
-0.700221,7.39,0
-0.700221,7.57,0
-0.700221,7.75,0
-0.700221,7.93,0
-0.700221,8.11,0
-0.700221,8.29,0
-0.700221,8.47,0
-0.700221,8.65,0
-0.700221,8.83,0
-0.700221,9.01,0
-0.700221,9.19,0
-0.700221,9.37,0
-0.700221,9.55,0
-0.700221,9.73,0
-0.700221,9.91,0
-0.692933,1.09,0
-0.692933,1.27,0
-0.692933,1.45,0
-0.692933,1.63,0
-0.692933,1.81,0
-0.692933,1.99,0
-0.692933,2.17,0
-0.692933,2.35,0
-0.692933,2.53,0
-0.692933,2.71,0
-0.692933,2.89,0
-0.692933,3.07,0
-0.692933,3.25,0
-0.692933,3.43,0
-0.692933,3.61,0
-0.692933,3.79,0
-0.692933,3.97,0
-0.692933,4.15,0
-0.692933,4.33,0
-0.692933,4.51,0
-0.692933,4.69,0
-0.692933,4.87,0
-0.692933,5.05,0
-0.692933,5.23,0
-0.692933,5.41,0
-0.692933,5.59,0
-0.692933,5.77,0
-0.692933,5.95,0
-0.692933,6.13,0
-0.692933,6.31,0
-0.692933,6.49,0
-0.692933,6.67,0
-0.692933,6.85,0
-0.692933,7.03,0
-0.692933,7.21,0
-0.692933,7.39,0
-0.692933,7.57,0
-0.692933,7.75,0
-0.692933,7.93,0
-0.692933,8.11,0
-0.692933,8.29,0
-0.692933,8.47,0
-0.692933,8.65,0
-0.692933,8.83,0
-0.692933,9.01,0
-0.692933,9.19,0
-0.692933,9.37,0
-0.692933,9.55,0
-0.692933,9.73,0
-0.692933,9.91,0
-0.685645,1.09,0
-0.685645,1.27,0
-0.685645,1.45,0
-0.685645,1.63,0
-0.685645,1.81,0
-0.685645,1.99,0
-0.685645,2.17,0
-0.685645,2.35,0
-0.685645,2.53,0
-0.685645,2.71,0
-0.685645,2.89,0
-0.685645,3.07,0
-0.685645,3.25,0
-0.685645,3.43,0
-0.685645,3.61,0
-0.685645,3.79,0
-0.685645,3.97,0
-0.685645,4.15,0
-0.685645,4.33,0
-0.685645,4.51,0
-0.685645,4.69,0
-0.685645,4.87,0
-0.685645,5.05,0
-0.685645,5.23,0
-0.685645,5.41,0
-0.685645,5.59,0
-0.685645,5.77,0
-0.685645,5.95,0
-0.685645,6.13,0
-0.685645,6.31,0
-0.685645,6.49,0
-0.685645,6.67,0
-0.685645,6.85,0
-0.685645,7.03,0
-0.685645,7.21,0
-0.685645,7.39,0
-0.685645,7.57,0
-0.685645,7.75,0
-0.685645,7.93,0
-0.685645,8.11,0
-0.685645,8.29,0
-0.685645,8.47,0
-0.685645,8.65,0
-0.685645,8.83,0
-0.685645,9.01,0
-0.685645,9.19,0
-0.685645,9.37,0
-0.685645,9.55,0
-0.685645,9.73,0
-0.685645,9.91,0
-0.678356,1.09,0
-0.678356,1.27,0
-0.678356,1.45,0
-0.678356,1.63,0
-0.678356,1.81,0
-0.678356,1.99,0
-0.678356,2.17,0
-0.678356,2.35,0
-0.678356,2.53,0
-0.678356,2.71,0
-0.678356,2.89,0
-0.678356,3.07,0
-0.678356,3.25,0
-0.678356,3.43,0
-0.678356,3.61,0
-0.678356,3.79,0
-0.678356,3.97,0
-0.678356,4.15,0
-0.678356,4.33,0
-0.678356,4.51,0
-0.678356,4.69,0
-0.678356,4.87,0
-0.678356,5.05,0
-0.678356,5.23,0
-0.678356,5.41,0
-0.678356,5.59,0
-0.678356,5.77,0
-0.678356,5.95,0
-0.678356,6.13,0
-0.678356,6.31,0
-0.678356,6.49,0
-0.678356,6.67,0
-0.678356,6.85,0
-0.678356,7.03,0
-0.678356,7.21,0
-0.678356,7.39,0
-0.678356,7.57,0
-0.678356,7.75,0
-0.678356,7.93,0
-0.678356,8.11,0
-0.678356,8.29,0
-0.678356,8.47,0
-0.678356,8.65,0
-0.678356,8.83,0
-0.678356,9.01,0
-0.678356,9.19,0
-0.678356,9.37,0
-0.678356,9.55,0
-0.678356,9.73,0
-0.678356,9.91,0
-0.671068,1.09,0
-0.671068,1.27,0
-0.671068,1.45,0
-0.671068,1.63,0
-0.671068,1.81,0
-0.671068,1.99,0
-0.671068,2.17,0
-0.671068,2.35,0
-0.671068,2.53,0
-0.671068,2.71,0
-0.671068,2.89,0
-0.671068,3.07,0
-0.671068,3.25,0
-0.671068,3.43,0
-0.671068,3.61,0
-0.671068,3.79,0
-0.671068,3.97,0
-0.671068,4.15,0
-0.671068,4.33,0
-0.671068,4.51,0
-0.671068,4.69,0
-0.671068,4.87,0
-0.671068,5.05,0
-0.671068,5.23,0
-0.671068,5.41,0
-0.671068,5.59,0
-0.671068,5.77,0
-0.671068,5.95,0
-0.671068,6.13,0
-0.671068,6.31,0
-0.671068,6.49,0
-0.671068,6.67,0
-0.671068,6.85,0
-0.671068,7.03,0
-0.671068,7.21,0
-0.671068,7.39,0
-0.671068,7.57,0
-0.671068,7.75,0
-0.671068,7.93,0
-0.671068,8.11,0
-0.671068,8.29,0
-0.671068,8.47,0
-0.671068,8.65,0
-0.671068,8.83,0
-0.671068,9.01,0
-0.671068,9.19,0
-0.671068,9.37,0
-0.671068,9.55,0
-0.671068,9.73,0
-0.671068,9.91,0
-0.66378,1.09,0
-0.66378,1.27,0
-0.66378,1.45,0
-0.66378,1.63,0
-0.66378,1.81,0
-0.66378,1.99,0
-0.66378,2.17,0
-0.66378,2.35,0
-0.66378,2.53,0
-0.66378,2.71,0
-0.66378,2.89,0
-0.66378,3.07,0
-0.66378,3.25,0
-0.66378,3.43,0
-0.66378,3.61,0
-0.66378,3.79,0
-0.66378,3.97,0
-0.66378,4.15,0
-0.66378,4.33,0
-0.66378,4.51,0
-0.66378,4.69,0
-0.66378,4.87,0
-0.66378,5.05,0
-0.66378,5.23,0
-0.66378,5.41,0
-0.66378,5.59,0
-0.66378,5.77,0
-0.66378,5.95,0
-0.66378,6.13,0
-0.66378,6.31,0
-0.66378,6.49,0
-0.66378,6.67,0
-0.66378,6.85,0
-0.66378,7.03,0
-0.66378,7.21,0
-0.66378,7.39,0
-0.66378,7.57,0
-0.66378,7.75,0
-0.66378,7.93,0
-0.66378,8.11,0
-0.66378,8.29,0
-0.66378,8.47,0
-0.66378,8.65,0
-0.66378,8.83,0
-0.66378,9.01,0
-0.66378,9.19,0
-0.66378,9.37,0
-0.66378,9.55,0
-0.66378,9.73,0
-0.66378,9.91,0
-0.656492,1.09,0
-0.656492,1.27,0
-0.656492,1.45,0
-0.656492,1.63,0
-0.656492,1.81,0
-0.656492,1.99,0
-0.656492,2.17,0
-0.656492,2.35,0
-0.656492,2.53,0
-0.656492,2.71,0
-0.656492,2.89,0
-0.656492,3.07,0
-0.656492,3.25,0
-0.656492,3.43,0
-0.656492,3.61,0
-0.656492,3.79,0
-0.656492,3.97,0
-0.656492,4.15,0
-0.656492,4.33,0
-0.656492,4.51,0
-0.656492,4.69,0
-0.656492,4.87,0
-0.656492,5.05,0
-0.656492,5.23,0
-0.656492,5.41,0
-0.656492,5.59,0
-0.656492,5.77,0
-0.656492,5.95,0
-0.656492,6.13,0
-0.656492,6.31,0
-0.656492,6.49,0
-0.656492,6.67,0
-0.656492,6.85,0
-0.656492,7.03,0
-0.656492,7.21,0
-0.656492,7.39,0
-0.656492,7.57,0
-0.656492,7.75,0
-0.656492,7.93,0
-0.656492,8.11,0
-0.656492,8.29,0
-0.656492,8.47,0
-0.656492,8.65,0
-0.656492,8.83,0
-0.656492,9.01,0
-0.656492,9.19,0
-0.656492,9.37,0
-0.656492,9.55,0
-0.656492,9.73,0
-0.656492,9.91,0
-0.649204,1.09,0
-0.649204,1.27,0
-0.649204,1.45,0
-0.649204,1.63,0
-0.649204,1.81,0
-0.649204,1.99,0
-0.649204,2.17,0
-0.649204,2.35,0
-0.649204,2.53,0
-0.649204,2.71,0
-0.649204,2.89,0
-0.649204,3.07,0
-0.649204,3.25,0
-0.649204,3.43,0
-0.649204,3.61,0
-0.649204,3.79,0
-0.649204,3.97,0
-0.649204,4.15,0
-0.649204,4.33,0
-0.649204,4.51,0
-0.649204,4.69,0
-0.649204,4.87,0
-0.649204,5.05,0
-0.649204,5.23,0
-0.649204,5.41,0
-0.649204,5.59,0
-0.649204,5.77,0
-0.649204,5.95,0
-0.649204,6.13,0
-0.649204,6.31,0
-0.649204,6.49,0
-0.649204,6.67,0
-0.649204,6.85,0
-0.649204,7.03,0
-0.649204,7.21,0
-0.649204,7.39,0
-0.649204,7.57,0
-0.649204,7.75,0
-0.649204,7.93,0
-0.649204,8.11,0
-0.649204,8.29,0
-0.649204,8.47,0
-0.649204,8.65,0
-0.649204,8.83,0
-0.649204,9.01,0
-0.649204,9.19,0
-0.649204,9.37,0
-0.649204,9.55,0
-0.649204,9.73,0
-0.649204,9.91,0
-0.641916,1.09,0
-0.641916,1.27,0
-0.641916,1.45,0
-0.641916,1.63,0
-0.641916,1.81,0
-0.641916,1.99,0
-0.641916,2.17,0
-0.641916,2.35,0
-0.641916,2.53,0
-0.641916,2.71,0
-0.641916,2.89,0
-0.641916,3.07,0
-0.641916,3.25,0
-0.641916,3.43,0
-0.641916,3.61,0
-0.641916,3.79,0
-0.641916,3.97,0
-0.641916,4.15,0
-0.641916,4.33,0
-0.641916,4.51,0
-0.641916,4.69,0
-0.641916,4.87,0
-0.641916,5.05,0
-0.641916,5.23,0
-0.641916,5.41,0
-0.641916,5.59,0
-0.641916,5.77,0
-0.641916,5.95,0
-0.641916,6.13,0
-0.641916,6.31,0
-0.641916,6.49,0
-0.641916,6.67,0
-0.641916,6.85,0
-0.641916,7.03,0
-0.641916,7.21,0
-0.641916,7.39,0
-0.641916,7.57,0
-0.641916,7.75,0
-0.641916,7.93,0
-0.641916,8.11,0
-0.641916,8.29,0
-0.641916,8.47,0
-0.641916,8.65,0
-0.641916,8.83,0
-0.641916,9.01,0
-0.641916,9.19,0
-0.641916,9.37,0
-0.641916,9.55,0
-0.641916,9.73,0
-0.641916,9.91,0
-0.634628,1.09,0
-0.634628,1.27,0
-0.634628,1.45,0
-0.634628,1.63,0
-0.634628,1.81,0
-0.634628,1.99,0
-0.634628,2.17,0
-0.634628,2.35,0
-0.634628,2.53,0
-0.634628,2.71,0
-0.634628,2.89,0
-0.634628,3.07,0
-0.634628,3.25,0
-0.634628,3.43,0
-0.634628,3.61,0
-0.634628,3.79,0
-0.634628,3.97,0
-0.634628,4.15,0
-0.634628,4.33,0
-0.634628,4.51,0
-0.634628,4.69,0
-0.634628,4.87,0
-0.634628,5.05,0
-0.634628,5.23,0
-0.634628,5.41,0
-0.634628,5.59,0
-0.634628,5.77,0
-0.634628,5.95,0
-0.634628,6.13,0
-0.634628,6.31,0
-0.634628,6.49,0
-0.634628,6.67,0
-0.634628,6.85,0
-0.634628,7.03,0
-0.634628,7.21,0
-0.634628,7.39,0
-0.634628,7.57,0
-0.634628,7.75,0
-0.634628,7.93,0
-0.634628,8.11,0
-0.634628,8.29,0
-0.634628,8.47,0
-0.634628,8.65,0
-0.634628,8.83,0
-0.634628,9.01,0
-0.634628,9.19,0
-0.634628,9.37,0
-0.634628,9.55,0
-0.634628,9.73,0
-0.634628,9.91,0
-0.62734,1.09,0
-0.62734,1.27,0
-0.62734,1.45,0
-0.62734,1.63,0
-0.62734,1.81,0
-0.62734,1.99,0
-0.62734,2.17,0
-0.62734,2.35,0
-0.62734,2.53,0
-0.62734,2.71,0
-0.62734,2.89,0
-0.62734,3.07,0
-0.62734,3.25,0
-0.62734,3.43,0
-0.62734,3.61,0
-0.62734,3.79,0
-0.62734,3.97,0
-0.62734,4.15,0
-0.62734,4.33,0
-0.62734,4.51,0
-0.62734,4.69,0
-0.62734,4.87,0
-0.62734,5.05,0
-0.62734,5.23,0
-0.62734,5.41,0
-0.62734,5.59,0
-0.62734,5.77,0
-0.62734,5.95,0
-0.62734,6.13,0
-0.62734,6.31,0
-0.62734,6.49,0
-0.62734,6.67,0
-0.62734,6.85,0
-0.62734,7.03,0
-0.62734,7.21,0
-0.62734,7.39,0
-0.62734,7.57,0
-0.62734,7.75,0
-0.62734,7.93,0
-0.62734,8.11,0
-0.62734,8.29,0
-0.62734,8.47,0
-0.62734,8.65,0
-0.62734,8.83,0
-0.62734,9.01,0
-0.62734,9.19,0
-0.62734,9.37,0
-0.62734,9.55,0
-0.62734,9.73,0
-0.62734,9.91,0
