-0.984455,1.09,0
-0.984455,1.27,0
-0.984455,1.45,0
-0.984455,1.63,0
-0.984455,1.81,0
-0.984455,1.99,0
-0.984455,2.17,0
-0.984455,2.35,0
-0.984455,2.53,0
-0.984455,2.71,0
-0.984455,2.89,0
-0.984455,3.07,0
-0.984455,3.25,0
-0.984455,3.43,0
-0.984455,3.61,0
-0.984455,3.79,0
-0.984455,3.97,0
-0.984455,4.15,0
-0.984455,4.33,0
-0.984455,4.51,0
-0.984455,4.69,0
-0.984455,4.87,0
-0.984455,5.05,0
-0.984455,5.23,0
-0.984455,5.41,0
-0.984455,5.59,0
-0.984455,5.77,0
-0.984455,5.95,0
-0.984455,6.13,0
-0.984455,6.31,0
-0.984455,6.49,0
-0.984455,6.67,0
-0.984455,6.85,0
-0.984455,7.03,0
-0.984455,7.21,0
-0.984455,7.39,0
-0.984455,7.57,0
-0.984455,7.75,0
-0.984455,7.93,0
-0.984455,8.11,0
-0.984455,8.29,0
-0.984455,8.47,0
-0.984455,8.65,0
-0.984455,8.83,0
-0.984455,9.01,0
-0.984455,9.19,0
-0.984455,9.37,0
-0.984455,9.55,0
-0.984455,9.73,0
-0.984455,9.91,0
-0.977166,1.09,0
-0.977166,1.27,0
-0.977166,1.45,0
-0.977166,1.63,0
-0.977166,1.81,0
-0.977166,1.99,0
-0.977166,2.17,0
-0.977166,2.35,0
-0.977166,2.53,0
-0.977166,2.71,0
-0.977166,2.89,0
-0.977166,3.07,0
-0.977166,3.25,0
-0.977166,3.43,0
-0.977166,3.61,0
-0.977166,3.79,0
-0.977166,3.97,0
-0.977166,4.15,0
-0.977166,4.33,0
-0.977166,4.51,0
-0.977166,4.69,0
-0.977166,4.87,0
-0.977166,5.05,0
-0.977166,5.23,0
-0.977166,5.41,0
-0.977166,5.59,0
-0.977166,5.77,0
-0.977166,5.95,0
-0.977166,6.13,0
-0.977166,6.31,0
-0.977166,6.49,0
-0.977166,6.67,0
-0.977166,6.85,0
-0.977166,7.03,0
-0.977166,7.21,0
-0.977166,7.39,0
-0.977166,7.57,0
-0.977166,7.75,0
-0.977166,7.93,0
-0.977166,8.11,0
-0.977166,8.29,0
-0.977166,8.47,0
-0.977166,8.65,0
-0.977166,8.83,0
-0.977166,9.01,0
-0.977166,9.19,0
-0.977166,9.37,0
-0.977166,9.55,0
-0.977166,9.73,0
-0.977166,9.91,0
-0.969878,1.09,0
-0.969878,1.27,0
-0.969878,1.45,0
-0.969878,1.63,0
-0.969878,1.81,0
-0.969878,1.99,0
-0.969878,2.17,0
-0.969878,2.35,0
-0.969878,2.53,0
-0.969878,2.71,0
-0.969878,2.89,0
-0.969878,3.07,0
-0.969878,3.25,0
-0.969878,3.43,0
-0.969878,3.61,0
-0.969878,3.79,0
-0.969878,3.97,0
-0.969878,4.15,0
-0.969878,4.33,0
-0.969878,4.51,0
-0.969878,4.69,0
-0.969878,4.87,0
-0.969878,5.05,0
-0.969878,5.23,0
-0.969878,5.41,0
-0.969878,5.59,0
-0.969878,5.77,0
-0.969878,5.95,0
-0.969878,6.13,0
-0.969878,6.31,0
-0.969878,6.49,0
-0.969878,6.67,0
-0.969878,6.85,0
-0.969878,7.03,0
-0.969878,7.21,0
-0.969878,7.39,0
-0.969878,7.57,0
-0.969878,7.75,0
-0.969878,7.93,0
-0.969878,8.11,0
-0.969878,8.29,0
-0.969878,8.47,0
-0.969878,8.65,0
-0.969878,8.83,0
-0.969878,9.01,0
-0.969878,9.19,0
-0.969878,9.37,0
-0.969878,9.55,0
-0.969878,9.73,0
-0.969878,9.91,0
-0.96259,1.09,0
-0.96259,1.27,0
-0.96259,1.45,0
-0.96259,1.63,0
-0.96259,1.81,0
-0.96259,1.99,0
-0.96259,2.17,0
-0.96259,2.35,0
-0.96259,2.53,0
-0.96259,2.71,0
-0.96259,2.89,0
-0.96259,3.07,0
-0.96259,3.25,0
-0.96259,3.43,0
-0.96259,3.61,0
-0.96259,3.79,0
-0.96259,3.97,0
-0.96259,4.15,0
-0.96259,4.33,0
-0.96259,4.51,0
-0.96259,4.69,0
-0.96259,4.87,0
-0.96259,5.05,0
-0.96259,5.23,0
-0.96259,5.41,0
-0.96259,5.59,0
-0.96259,5.77,0
-0.96259,5.95,0
-0.96259,6.13,0
-0.96259,6.31,0
-0.96259,6.49,0
-0.96259,6.67,0
-0.96259,6.85,0
-0.96259,7.03,0
-0.96259,7.21,0
-0.96259,7.39,0
-0.96259,7.57,0
-0.96259,7.75,0
-0.96259,7.93,0
-0.96259,8.11,0
-0.96259,8.29,0
-0.96259,8.47,0
-0.96259,8.65,0
-0.96259,8.83,0
-0.96259,9.01,0
-0.96259,9.19,0
-0.96259,9.37,0
-0.96259,9.55,0
-0.96259,9.73,0
-0.96259,9.91,0
-0.955302,1.09,0
-0.955302,1.27,0
-0.955302,1.45,0
-0.955302,1.63,0
-0.955302,1.81,0
-0.955302,1.99,0
-0.955302,2.17,0
-0.955302,2.35,0
-0.955302,2.53,0
-0.955302,2.71,0
-0.955302,2.89,0
-0.955302,3.07,0
-0.955302,3.25,0
-0.955302,3.43,0
-0.955302,3.61,0
-0.955302,3.79,0
-0.955302,3.97,0
-0.955302,4.15,0
-0.955302,4.33,0
-0.955302,4.51,0
-0.955302,4.69,0
-0.955302,4.87,0
-0.955302,5.05,0
-0.955302,5.23,0
-0.955302,5.41,0
-0.955302,5.59,0
-0.955302,5.77,0
-0.955302,5.95,0
-0.955302,6.13,0
-0.955302,6.31,0
-0.955302,6.49,0
-0.955302,6.67,0
-0.955302,6.85,0
-0.955302,7.03,0
-0.955302,7.21,0
-0.955302,7.39,0
-0.955302,7.57,0
-0.955302,7.75,0
-0.955302,7.93,0
-0.955302,8.11,0
-0.955302,8.29,0
-0.955302,8.47,0
-0.955302,8.65,0
-0.955302,8.83,0
-0.955302,9.01,0
-0.955302,9.19,0
-0.955302,9.37,0
-0.955302,9.55,0
-0.955302,9.73,0
-0.955302,9.91,0
-0.948014,1.09,0
-0.948014,1.27,0
-0.948014,1.45,0
-0.948014,1.63,0
-0.948014,1.81,0
-0.948014,1.99,0
-0.948014,2.17,0
-0.948014,2.35,0
-0.948014,2.53,0
-0.948014,2.71,0
-0.948014,2.89,0
-0.948014,3.07,0
-0.948014,3.25,0
-0.948014,3.43,0
-0.948014,3.61,0
-0.948014,3.79,0
-0.948014,3.97,0
-0.948014,4.15,0
-0.948014,4.33,0
-0.948014,4.51,0
-0.948014,4.69,0
-0.948014,4.87,0
-0.948014,5.05,0
-0.948014,5.23,0
-0.948014,5.41,0
-0.948014,5.59,0
-0.948014,5.77,0
-0.948014,5.95,0
-0.948014,6.13,0
-0.948014,6.31,0
-0.948014,6.49,0
-0.948014,6.67,0
-0.948014,6.85,0
-0.948014,7.03,0
-0.948014,7.21,0
-0.948014,7.39,0
-0.948014,7.57,0
-0.948014,7.75,0
-0.948014,7.93,0
-0.948014,8.11,0
-0.948014,8.29,0
-0.948014,8.47,0
-0.948014,8.65,0
-0.948014,8.83,0
-0.948014,9.01,0
-0.948014,9.19,0
-0.948014,9.37,0
-0.948014,9.55,0
-0.948014,9.73,0
-0.948014,9.91,0
-0.940726,1.09,-0.0447491
-0.940726,1.27,-0.0195917
-0.940726,1.45,0.0192563
-0.940726,1.63,-0.0129825
-0.940726,1.81,-0.0410684
-0.940726,1.99,-0.0199742
-0.940726,2.17,0.0144418
-0.940726,2.35,-0.0432065
-0.940726,2.53,-0.0223438
-0.940726,2.71,-0.0195331
-0.940726,2.89,-0.0274165
-0.940726,3.07,-0.0212866
-0.940726,3.25,-0.0138005
-0.940726,3.43,-0.0219141
-0.940726,3.61,-0.0492853
-0.940726,3.79,-0.0877237
-0.940726,3.97,-0.123692
-0.940726,4.15,-0.143225
-0.940726,4.33,-0.134676
-0.940726,4.51,-0.0929
-0.940726,4.69,-0.0242138
-0.940726,4.87,0.0538414
-0.940726,5.05,0.121152
-0.940726,5.23,0.165646
-0.940726,5.41,0.184972
-0.940726,5.59,0.183485
-0.940726,5.77,0.167325
-0.940726,5.95,0.142141
-0.940726,6.13,0.112043
-0.940726,6.31,0.0797968
-0.940726,6.49,0.0471804
-0.940726,6.67,0.0154135
-0.940726,6.85,-0.0147639
-0.940726,7.03,-0.0428677
-0.940726,7.21,-0.0686192
-0.940726,7.39,-0.0917966
-0.940726,7.57,-0.112235
-0.940726,7.75,-0.129838
-0.940726,7.93,-0.144554
-0.940726,8.11,-0.156775
-0.940726,8.29,-0.16622
-0.940726,8.47,-0.17292
-0.940726,8.65,-0.176975
-0.940726,8.83,-0.178523
-0.940726,9.01,-0.177572
-0.940726,9.19,-0.174358
-0.940726,9.37,-0.169259
-0.940726,9.55,-0.162529
-0.940726,9.73,-0.154429
-0.940726,9.91,-0.145219
-0.933438,1.09,-0.0841318
-0.933438,1.27,-0.0262025
-0.933438,1.45,-0.0305279
-0.933438,1.63,-0.102248
-0.933438,1.81,-0.0770213
-0.933438,1.99,-0.0315966
-0.933438,2.17,0.0451668
-0.933438,2.35,-0.0712021
-0.933438,2.53,-0.0555894
-0.933438,2.71,-0.0819177
-0.933438,2.89,-0.0934374
-0.933438,3.07,-0.0688687
-0.933438,3.25,-0.0473825
-0.933438,3.43,-0.0562228
-0.933438,3.61,-0.0988614
-0.933438,3.79,-0.164312
-0.933438,3.97,-0.234332
-0.933438,4.15,-0.28792
-0.933438,4.33,-0.303424
-0.933438,4.51,-0.263651
-0.933438,4.69,-0.1648
-0.933438,4.87,-0.0236545
-0.933438,5.05,0.125974
-0.933438,5.23,0.250992
-0.933438,5.41,0.332331
-0.933438,5.59,0.367854
-0.933438,5.77,0.365252
-0.933438,5.95,0.335644
-0.933438,6.13,0.288785
-0.933438,6.31,0.232024
-0.933438,6.49,0.170451
-0.933438,6.67,0.107671
-0.933438,6.85,0.0459828
-0.933438,7.03,-0.0130956
-0.933438,7.21,-0.068622
-0.933438,7.39,-0.119952
-0.933438,7.57,-0.166621
-0.933438,7.75,-0.208336
-0.933438,7.93,-0.244924
-0.933438,8.11,-0.276918
-0.933438,8.29,-0.303866
-0.933438,8.47,-0.325766
-0.933438,8.65,-0.342725
-0.933438,8.83,-0.354906
-0.933438,9.01,-0.362255
-0.933438,9.19,-0.365075
-0.933438,9.37,-0.363921
-0.933438,9.55,-0.359154
-0.933438,9.73,-0.35116
-0.933438,9.91,-0.34034
-0.92615,1.09,-0.0153807
-0.92615,1.27,-0.113305
-0.92615,1.45,-0.125429
-0.92615,1.63,-0.185016
-0.92615,1.81,-0.0798303
-0.92615,1.99,-0.0212476
-0.92615,2.17,0.0540363
-0.92615,2.35,-0.0776044
-0.92615,2.53,-0.0925771
-0.92615,2.71,-0.170304
-0.92615,2.89,-0.1793
-0.92615,3.07,-0.136091
-0.92615,3.25,-0.105055
-0.92615,3.43,-0.106613
-0.92615,3.61,-0.14213
-0.92615,3.79,-0.210858
-0.92615,3.97,-0.302303
-0.92615,4.15,-0.394695
-0.92615,4.33,-0.458512
-0.92615,4.51,-0.463619
-0.92615,4.69,-0.389255
-0.92615,4.87,-0.235669
-0.92615,5.05,-0.031515
-0.92615,5.23,0.177751
-0.92615,5.41,0.350392
-0.92615,5.59,0.46395
-0.92615,5.77,0.515915
-0.92615,5.95,0.516809
-0.92615,6.13,0.480479
-0.92615,6.31,0.419536
-0.92615,6.49,0.343798
-0.92615,6.67,0.260568
-0.92615,6.85,0.17482
-0.92615,7.03,0.0899201
-0.92615,7.21,0.00809167
-0.92615,7.39,-0.0692726
-0.92615,7.57,-0.141194
-0.92615,7.75,-0.207043
-0.92615,7.93,-0.266441
-0.92615,8.11,-0.319811
-0.92615,8.29,-0.366678
-0.92615,8.47,-0.407003
-0.92615,8.65,-0.440874
-0.92615,8.83,-0.468448
-0.92615,9.01,-0.489649
-0.92615,9.19,-0.504767
-0.92615,9.37,-0.514377
-0.92615,9.55,-0.518851
-0.92615,9.73,-0.518592
-0.92615,9.91,-0.514026
-0.918862,1.09,0.030595
-0.918862,1.27,-0.164745
-0.918862,1.45,-0.132481
-0.918862,1.63,-0.192578
-0.918862,1.81,-0.100625
-0.918862,1.99,-0.00257512
-0.918862,2.17,0.0292646
-0.918862,2.35,-0.0821852
-0.918862,2.53,-0.110154
-0.918862,2.71,-0.178506
-0.918862,2.89,-0.165653
-0.918862,3.07,-0.122376
-0.918862,3.25,-0.102242
-0.918862,3.43,-0.0991021
-0.918862,3.61,-0.113002
-0.918862,3.79,-0.161526
-0.918862,3.97,-0.248993
-0.918862,4.15,-0.358684
-0.918862,4.33,-0.460738
-0.918862,4.51,-0.522059
-0.918862,4.69,-0.514329
-0.918862,4.87,-0.422399
-0.918862,5.05,-0.254836
-0.918862,5.23,-0.043795
-0.918862,5.41,0.167234
-0.918862,5.59,0.34059
-0.918862,5.77,0.456344
-0.918862,5.95,0.513339
-0.918862,6.13,0.520865
-0.918862,6.31,0.491533
-0.918862,6.49,0.43722
-0.918862,6.67,0.367526
-0.918862,6.85,0.289554
-0.918862,7.03,0.208319
-0.918862,7.21,0.127324
-0.918862,7.39,0.0486877
-0.918862,7.57,-0.0261068
-0.918862,7.75,-0.0960768
-0.918862,7.93,-0.160617
-0.918862,8.11,-0.219769
-0.918862,8.29,-0.27318
-0.918862,8.47,-0.32076
-0.918862,8.65,-0.362541
-0.918862,8.83,-0.398624
-0.918862,9.01,-0.428958
-0.918862,9.19,-0.453743
-0.918862,9.37,-0.473387
-0.918862,9.55,-0.488163
-0.918862,9.73,-0.498368
-0.918862,9.91,-0.504313
-0.911574,1.09,0.0502204
-0.911574,1.27,-0.174719
-0.911574,1.45,-0.118622
-0.911574,1.63,-0.167276
-0.911574,1.81,-0.113698
-0.911574,1.99,0.014384
-0.911574,2.17,0.0079287
-0.911574,2.35,-0.0860898
-0.911574,2.53,-0.127083
-0.911574,2.71,-0.170049
-0.911574,2.89,-0.141075
-0.911574,3.07,-0.109612
-0.911574,3.25,-0.102493
-0.911574,3.43,-0.0879261
-0.911574,3.61,-0.0739459
-0.911574,3.79,-0.0996167
-0.911574,3.97,-0.181403
-0.911574,4.15,-0.303763
-0.911574,4.33,-0.434629
-0.911574,4.51,-0.539572
-0.911574,4.69,-0.588632
-0.911574,4.87,-0.560218
-0.911574,5.05,-0.448874
-0.911574,5.23,-0.269617
-0.911574,5.41,-0.0549094
-0.911574,5.59,0.154795
-0.911574,5.77,0.326305
-0.911574,5.95,0.443325
-0.911574,6.13,0.505017
-0.911574,6.31,0.519645
-0.911574,6.49,0.498791
-0.911574,6.67,0.453314
-0.911574,6.85,0.392246
-0.911574,7.03,0.322387
-0.911574,7.21,0.248796
-0.911574,7.39,0.174534
-0.911574,7.57,0.101775
-0.911574,7.75,0.0320174
-0.911574,7.93,-0.0337859
-0.911574,8.11,-0.0952135
-0.911574,8.29,-0.151954
-0.911574,8.47,-0.203823
-0.911574,8.65,-0.250764
-0.911574,8.83,-0.292806
-0.911574,9.01,-0.329918
-0.911574,9.19,-0.362219
-0.911574,9.37,-0.389974
-0.911574,9.55,-0.413379
-0.911574,9.73,-0.432644
-0.911574,9.91,-0.447993
-0.904286,1.09,0.0545463
-0.904286,1.27,-0.143035
-0.904286,1.45,-0.0993986
-0.904286,1.63,-0.122126
-0.904286,1.81,-0.102311
-0.904286,1.99,0.0213959
-0.904286,2.17,-0.00367679
-0.904286,2.35,-0.0929308
-0.904286,2.53,-0.139717
-0.904286,2.71,-0.150489
-0.904286,2.89,-0.116366
-0.904286,3.07,-0.104241
-0.904286,3.25,-0.104577
-0.904286,3.43,-0.0703084
-0.904286,3.61,-0.0260035
-0.904286,3.79,-0.0302437
-0.904286,3.97,-0.106921
-0.904286,4.15,-0.238198
-0.904286,4.33,-0.388746
-0.904286,4.51,-0.523973
-0.904286,4.69,-0.615738
-0.904286,4.87,-0.64222
-0.904286,5.05,-0.591397
-0.904286,5.23,-0.464811
-0.904286,5.41,-0.279142
-0.904286,5.59,-0.0658287
-0.904286,5.77,0.139316
-0.904286,5.95,0.308079
-0.904286,6.13,0.426676
-0.904286,6.31,0.494252
-0.904286,6.49,0.51817
-0.904286,6.67,0.508164
-0.904286,6.85,0.474086
-0.904286,7.03,0.424187
-0.904286,7.21,0.365165
-0.904286,7.39,0.301195
-0.904286,7.57,0.235357
-0.904286,7.75,0.169873
-0.904286,7.93,0.10623
-0.904286,8.11,0.0454341
-0.904286,8.29,-0.012101
-0.904286,8.47,-0.0659999
-0.904286,8.65,-0.11605
-0.904286,8.83,-0.162158
-0.904286,9.01,-0.204256
-0.904286,9.19,-0.242371
-0.904286,9.37,-0.276631
-0.904286,9.55,-0.30715
-0.904286,9.73,-0.334064
-0.904286,9.91,-0.35752
-0.896998,1.09,0.0724976
-0.896998,1.27,-0.0885632
-0.896998,1.45,-0.0853165
-0.896998,1.63,-0.0746622
-0.896998,1.81,-0.0582469
-0.896998,1.99,0.0139029
-0.896998,2.17,-0.00181184
-0.896998,2.35,-0.105513
-0.896998,2.53,-0.144931
-0.896998,2.71,-0.123845
-0.896998,2.89,-0.0962884
-0.896998,3.07,-0.103659
-0.896998,3.25,-0.100208
-0.896998,3.43,-0.0408547
-0.896998,3.61,0.0305634
-0.896998,3.79,0.0432674
-0.896998,3.97,-0.0287684
-0.896998,4.15,-0.163885
-0.896998,4.33,-0.324469
-0.896998,4.51,-0.477424
-0.896998,4.69,-0.598295
-0.896998,4.87,-0.668114
-0.896998,5.05,-0.673465
-0.896998,5.23,-0.608139
-0.896998,5.41,-0.475214
-0.896998,5.59,-0.291722
-0.896998,5.77,-0.0853322
-0.896998,5.95,0.112891
-0.896998,6.13,0.279169
-0.896998,6.31,0.401288
-0.896998,6.49,0.478175
-0.896998,6.67,0.51476
-0.896998,6.85,0.519219
-0.896998,7.03,0.49995
-0.896998,7.21,0.464791
-0.896998,7.39,0.418953
-0.896998,7.57,0.366518
-0.896998,7.75,0.310631
-0.896998,7.93,0.253515
-0.896998,8.11,0.196925
-0.896998,8.29,0.141574
-0.896998,8.47,0.0881663
-0.896998,8.65,0.0371825
-0.896998,8.83,-0.0110734
-0.896998,9.01,-0.056408
-0.896998,9.19,-0.0987111
-0.896998,9.37,-0.137957
-0.896998,9.55,-0.174159
-0.896998,9.73,-0.20736
-0.896998,9.91,-0.237623
-0.88971,1.09,0.118165
-0.88971,1.27,-0.0443193
-0.88971,1.45,-0.0822722
-0.88971,1.63,-0.0391786
-0.88971,1.81,0.0133995
-0.88971,1.99,-0.0046904
-0.88971,2.17,0.0133477
-0.88971,2.35,-0.124839
-0.88971,2.53,-0.141563
-0.88971,2.71,-0.0948421
-0.88971,2.89,-0.0825928
-0.88971,3.07,-0.100954
-0.88971,3.25,-0.081197
-0.88971,3.43,0.00214121
-0.88971,3.61,0.0916381
-0.88971,3.79,0.115409
-0.88971,3.97,0.0495898
-0.88971,4.15,-0.0818638
-0.88971,4.33,-0.24225
-0.88971,4.51,-0.401894
-0.88971,4.69,-0.540598
-0.88971,4.87,-0.642911
-0.88971,5.05,-0.696359
-0.88971,5.23,-0.691444
-0.88971,5.41,-0.622607
-0.88971,5.59,-0.493754
-0.88971,5.77,-0.319233
-0.88971,5.95,-0.123549
-0.88971,6.13,0.0674978
-0.88971,6.31,0.233362
-0.88971,6.49,0.362931
-0.88971,6.67,0.452983
-0.88971,6.85,0.506501
-0.88971,7.03,0.529463
-0.88971,7.21,0.529344
-0.88971,7.39,0.511697
-0.88971,7.57,0.481349
-0.88971,7.75,0.442368
-0.88971,7.93,0.397854
-0.88971,8.11,0.350444
-0.88971,8.29,0.301385
-0.88971,8.47,0.251883
-0.88971,8.65,0.202832
-0.88971,8.83,0.15487
-0.88971,9.01,0.108443
-0.88971,9.19,0.0638705
-0.88971,9.37,0.0213694
-0.88971,9.55,-0.0189227
-0.88971,9.73,-0.0569229
-0.88971,9.91,-0.0925886
-0.882422,1.09,0.186072
-0.882422,1.27,-0.0326485
-0.882422,1.45,-0.0896889
-0.882422,1.63,-0.020126
-0.882422,1.81,0.0949901
-0.882422,1.99,-0.0217663
-0.882422,2.17,0.035665
-0.882422,2.35,-0.149728
-0.882422,2.53,-0.129703
-0.882422,2.71,-0.0671489
-0.882422,2.89,-0.0729055
-0.882422,3.07,-0.0872704
-0.882422,3.25,-0.043116
-0.882422,3.43,0.0550387
-0.882422,3.61,0.149378
-0.882422,3.79,0.179463
-0.882422,3.97,0.12534
-0.882422,4.15,0.00806846
-0.882422,4.33,-0.141409
-0.882422,4.51,-0.298444
-0.882422,4.69,-0.446527
-0.882422,4.87,-0.572829
-0.882422,5.05,-0.666059
-0.882422,5.23,-0.715731
-0.882422,5.41,-0.712046
-0.882422,5.59,-0.650202
-0.882422,5.77,-0.532281
-0.882422,5.95,-0.371661
-0.882422,6.13,-0.188119
-0.882422,6.31,-0.00326324
-0.882422,6.49,0.16497
-0.882422,6.67,0.305002
-0.882422,6.85,0.411925
-0.882422,7.03,0.486154
-0.882422,7.21,0.532144
-0.882422,7.39,0.554167
-0.882422,7.57,0.556801
-0.882422,7.75,0.544533
-0.882422,7.93,0.521168
-0.882422,8.11,0.49019
-0.882422,8.29,0.453559
-0.882422,8.47,0.41314
-0.882422,8.65,0.370393
-0.882422,8.83,0.326435
-0.882422,9.01,0.282125
-0.882422,9.19,0.238094
-0.882422,9.37,0.194808
-0.882422,9.55,0.152629
-0.882422,9.73,0.111824
-0.882422,9.91,0.0725877
-0.875134,1.09,0.25997
-0.875134,1.27,-0.0402243
-0.875134,1.45,-0.0967767
-0.875134,1.63,-0.0139312
-0.875134,1.81,0.164373
-0.875134,1.99,-0.0212285
-0.875134,2.17,0.0521994
-0.875134,2.35,-0.175998
-0.875134,2.53,-0.109927
-0.875134,2.71,-0.0426917
-0.875134,2.89,-0.0616418
-0.875134,3.07,-0.0557001
-0.875134,3.25,0.0123506
-0.875134,3.43,0.109279
-0.875134,3.61,0.194146
-0.875134,3.79,0.229425
-0.875134,3.97,0.197224
-0.875134,4.15,0.10743
-0.875134,4.33,-0.0202192
-0.875134,4.51,-0.166941
-0.875134,4.69,-0.318459
-0.875134,4.87,-0.462808
-0.875134,5.05,-0.588907
-0.875134,5.23,-0.685833
-0.875134,5.41,-0.742176
-0.875134,5.59,-0.74874
-0.875134,5.77,-0.699583
-0.875134,5.95,-0.597985
-0.875134,6.13,-0.454188
-0.875134,6.31,-0.284056
-0.875134,6.49,-0.105818
-0.875134,6.67,0.0649997
-0.875134,6.85,0.216435
-0.875134,7.03,0.341752
-0.875134,7.21,0.439638
-0.875134,7.39,0.510793
-0.875134,7.57,0.557627
-0.875134,7.75,0.583665
-0.875134,7.93,0.592583
-0.875134,8.11,0.588182
-0.875134,8.29,0.573052
-0.875134,8.47,0.5497
-0.875134,8.65,0.520217
-0.875134,8.83,0.486303
-0.875134,9.01,0.449396
-0.875134,9.19,0.410545
-0.875134,9.37,0.37054
-0.875134,9.55,0.33006
-0.875134,9.73,0.28964
-0.875134,9.91,0.249697
-0.867846,1.09,0.303119
-0.867846,1.27,-0.0318971
-0.867846,1.45,-0.0819803
-0.867846,1.63,-0.0166476
-0.867846,1.81,0.207611
-0.867846,1.99,0.00464879
-0.867846,2.17,0.0466837
-0.867846,2.35,-0.195628
-0.867846,2.53,-0.0838005
-0.867846,2.71,-0.0226075
-0.867846,2.89,-0.0426511
-0.867846,3.07,-0.00428569
-0.867846,3.25,0.0779886
-0.867846,3.43,0.154473
-0.867846,3.61,0.217989
-0.867846,3.79,0.261793
-0.867846,3.97,0.265311
-0.867846,4.15,0.217982
-0.867846,4.33,0.123186
-0.867846,4.51,-0.00648545
-0.867846,4.69,-0.157109
-0.867846,4.87,-0.315447
-0.867846,5.05,-0.469044
-0.867846,5.23,-0.606043
-0.867846,5.41,-0.714473
-0.867846,5.59,-0.783618
-0.867846,5.77,-0.80388
-0.867846,5.95,-0.77234
-0.867846,6.13,-0.691171
-0.867846,6.31,-0.568123
-0.867846,6.49,-0.416421
-0.867846,6.67,-0.249029
-0.867846,6.85,-0.0799915
-0.867846,7.03,0.0791259
-0.867846,7.21,0.220793
-0.867846,7.39,0.340811
-0.867846,7.57,0.437413
-0.867846,7.75,0.511071
-0.867846,7.93,0.563607
-0.867846,8.11,0.597785
-0.867846,8.29,0.616089
-0.867846,8.47,0.621168
-0.867846,8.65,0.615478
-0.867846,8.83,0.601193
-0.867846,9.01,0.580359
-0.867846,9.19,0.554488
-0.867846,9.37,0.524729
-0.867846,9.55,0.492163
-0.867846,9.73,0.45768
-0.867846,9.91,0.422001
-0.860558,1.09,0.26398
-0.860558,1.27,0.00049762
-0.860558,1.45,-0.0285548
-0.860558,1.63,-0.0253988
-0.860558,1.81,0.225741
-0.860558,1.99,0.0454729
-0.860558,2.17,0.0119036
-0.860558,2.35,-0.197397
-0.860558,2.53,-0.0567282
-0.860558,2.71,-0.00954704
-0.860558,2.89,-0.0118943
-0.860558,3.07,0.0638101
-0.860558,3.25,0.144506
-0.860558,3.43,0.182912
-0.860558,3.61,0.217349
-0.860558,3.79,0.274712
-0.860558,3.97,0.327745
-0.860558,4.15,0.338295
-0.860558,4.33,0.288356
-0.860558,4.51,0.183291
-0.860558,4.69,0.0381984
-0.860558,4.87,-0.13026
-0.860558,5.05,-0.306424
-0.860558,5.23,-0.476501
-0.860558,5.41,-0.628033
-0.860558,5.59,-0.750245
-0.860558,5.77,-0.832927
-0.860558,5.95,-0.870828
-0.860558,6.13,-0.861761
-0.860558,6.31,-0.807258
-0.860558,6.49,-0.714479
-0.860558,6.67,-0.589927
-0.860558,6.85,-0.444102
-0.860558,7.03,-0.288007
-0.860558,7.21,-0.132039
-0.860558,7.39,0.0165535
-0.860558,7.57,0.151967
-0.860558,7.75,0.270425
-0.860558,7.93,0.370146
-0.860558,8.11,0.450965
-0.860558,8.29,0.513681
-0.860558,8.47,0.5598
-0.860558,8.65,0.59118
-0.860558,8.83,0.609798
-0.860558,9.01,0.617891
-0.860558,9.19,0.617193
-0.860558,9.37,0.609062
-0.860558,9.55,0.594925
-0.860558,9.73,0.576017
-0.860558,9.91,0.553398
-0.85327,1.09,0.17753
-0.85327,1.27,0.027684
-0.85327,1.45,0.0436487
-0.85327,1.63,-0.0310163
-0.85327,1.81,0.222347
-0.85327,1.99,0.077272
-0.85327,2.17,-0.0321547
-0.85327,2.35,-0.171566
-0.85327,2.53,-0.0436794
-0.85327,2.71,-0.00944851
-0.85327,2.89,0.03171
-0.85327,3.07,0.142268
-0.85327,3.25,0.203824
-0.85327,3.43,0.191075
-0.85327,3.61,0.190042
-0.85327,3.79,0.260186
-0.85327,3.97,0.370601
-0.85327,4.15,0.454291
-0.85327,4.33,0.465831
-0.85327,4.51,0.398889
-0.85327,4.69,0.269228
-0.85327,4.87,0.098445
-0.85327,5.05,-0.0927723
-0.85327,5.23,-0.287467
-0.85327,5.41,-0.472218
-0.85327,5.59,-0.636587
-0.85327,5.77,-0.771269
-0.85327,5.95,-0.871024
-0.85327,6.13,-0.932482
-0.85327,6.31,-0.954236
-0.85327,6.49,-0.939431
-0.85327,6.67,-0.888695
-0.85327,6.85,-0.806864
-0.85327,7.03,-0.700299
-0.85327,7.21,-0.577591
-0.85327,7.39,-0.444582
-0.85327,7.57,-0.307562
-0.85327,7.75,-0.172561
-0.85327,7.93,-0.0444145
-0.85327,8.11,0.0733113
-0.85327,8.29,0.178379
-0.85327,8.47,0.26963
-0.85327,8.65,0.346791
-0.85327,8.83,0.41025
-0.85327,9.01,0.461158
-0.85327,9.19,0.500631
-0.85327,9.37,0.529625
-0.85327,9.55,0.549385
-0.85327,9.73,0.561133
-0.85327,9.91,0.566023
-0.845982,1.09,0.1959
-0.845982,1.27,0.00891437
-0.845982,1.45,0.078746
-0.845982,1.63,-0.0226861
-0.845982,1.81,0.182754
-0.845982,1.99,0.0847168
-0.845982,2.17,-0.0372654
-0.845982,2.35,-0.120148
-0.845982,2.53,-0.0735112
-0.845982,2.71,-0.0274155
-0.845982,2.89,0.0871453
-0.845982,3.07,0.220201
-0.845982,3.25,0.244423
-0.845982,3.43,0.17006
-0.845982,3.61,0.11908
-0.845982,3.79,0.18058
-0.845982,3.97,0.338498
-0.845982,4.15,0.509897
-0.845982,4.33,0.615404
-0.845982,4.51,0.622712
-0.845982,4.69,0.539784
-0.845982,4.87,0.391138
-0.845982,5.05,0.20371
-0.845982,5.23,-0.000612162
-0.845982,5.41,-0.205942
-0.845982,5.59,-0.401218
-0.845982,5.77,-0.577952
-0.845982,5.95,-0.731181
-0.845982,6.13,-0.857608
-0.845982,6.31,-0.95503
-0.845982,6.49,-1.02453
-0.845982,6.67,-1.06392
-0.845982,6.85,-1.07393
-0.845982,7.03,-1.05622
-0.845982,7.21,-1.01553
-0.845982,7.39,-0.953604
-0.845982,7.57,-0.873387
-0.845982,7.75,-0.779029
-0.845982,7.93,-0.6748
-0.845982,8.11,-0.564807
-0.845982,8.29,-0.45286
-0.845982,8.47,-0.342251
-0.845982,8.65,-0.23567
-0.845982,8.83,-0.135176
-0.845982,9.01,-0.0422485
-0.845982,9.19,0.0423812
-0.845982,9.37,0.118296
-0.845982,9.55,0.185368
-0.845982,9.73,0.243756
-0.845982,9.91,0.293826
-0.838694,1.09,0.255736
-0.838694,1.27,-0.143938
-0.838694,1.45,0.0273699
-0.838694,1.63,-0.00631017
-0.838694,1.81,0.0838436
-0.838694,1.99,0.0207364
-0.838694,2.17,0.0193625
-0.838694,2.35,-0.0426315
-0.838694,2.53,-0.152739
-0.838694,2.71,-0.0403609
-0.838694,2.89,0.142808
-0.838694,3.07,0.246073
-0.838694,3.25,0.206408
-0.838694,3.43,0.0570981
-0.838694,3.61,-0.0959654
-0.838694,3.79,-0.147388
-0.838694,3.97,-0.043197
-0.838694,4.15,0.194447
-0.838694,4.33,0.480433
-0.838694,4.51,0.715701
-0.838694,4.69,0.841915
-0.838694,4.87,0.84991
-0.838694,5.05,0.762499
-0.838694,5.23,0.610537
-0.838694,5.41,0.420644
-0.838694,5.59,0.212587
-0.838694,5.77,-7.73298e-05
-0.838694,5.95,-0.207948
-0.838694,6.13,-0.405219
-0.838694,6.31,-0.588048
-0.838694,6.49,-0.75512
-0.838694,6.67,-0.903751
-0.838694,6.85,-1.03263
-0.838694,7.03,-1.14091
-0.838694,7.21,-1.23018
-0.838694,7.39,-1.29937
-0.838694,7.57,-1.34797
-0.838694,7.75,-1.37656
-0.838694,7.93,-1.38607
-0.838694,8.11,-1.37781
-0.838694,8.29,-1.35323
-0.838694,8.47,-1.3141
-0.838694,8.65,-1.26237
-0.838694,8.83,-1.20009
-0.838694,9.01,-1.12992
-0.838694,9.19,-1.05367
-0.838694,9.37,-0.972691
-0.838694,9.55,-0.888732
-0.838694,9.73,-0.803371
-0.838694,9.91,-0.717992
-0.831406,1.09,0.215456
-0.831406,1.27,-0.203766
-0.831406,1.45,-0.145547
-0.831406,1.63,-0.00577242
-0.831406,1.81,0.0654485
-0.831406,1.99,-0.103837
-0.831406,2.17,0.0246525
-0.831406,2.35,-0.025412
-0.831406,2.53,-0.148198
-0.831406,2.71,-0.000179878
-0.831406,2.89,0.143375
-0.831406,3.07,0.178541
-0.831406,3.25,0.110867
-0.831406,3.43,-0.047843
-0.831406,3.61,-0.24269
-0.831406,3.79,-0.38318
-0.831406,3.97,-0.382108
-0.831406,4.15,-0.199957
-0.831406,4.33,0.130693
-0.831406,4.51,0.507722
-0.831406,4.69,0.821225
-0.831406,4.87,1.00592
-0.831406,5.05,1.05399
-0.831406,5.23,0.990946
-0.831406,5.41,0.850414
-0.831406,5.59,0.66226
-0.831406,5.77,0.448348
-0.831406,5.95,0.225019
-0.831406,6.13,0.00257062
-0.831406,6.31,-0.21236
-0.831406,6.49,-0.416086
-0.831406,6.67,-0.605589
-0.831406,6.85,-0.778925
-0.831406,7.03,-0.934825
-0.831406,7.21,-1.07406
-0.831406,7.39,-1.19562
-0.831406,7.57,-1.29879
-0.831406,7.75,-1.38364
-0.831406,7.93,-1.4505
-0.831406,8.11,-1.5001
-0.831406,8.29,-1.53296
-0.831406,8.47,-1.55
-0.831406,8.65,-1.55228
-0.831406,8.83,-1.54102
-0.831406,9.01,-1.51813
-0.831406,9.19,-1.48488
-0.831406,9.37,-1.44215
-0.831406,9.55,-1.39132
-0.831406,9.73,-1.33379
-0.831406,9.91,-1.27086
-0.824117,1.09,0.198841
-0.824117,1.27,-0.279788
-0.824117,1.45,-0.193364
-0.824117,1.63,-0.0694952
-0.824117,1.81,0.0930285
-0.824117,1.99,-0.132324
-0.824117,2.17,0.0411877
-0.824117,2.35,-0.0637518
-0.824117,2.53,-0.146632
-0.824117,2.71,0.0283598
-0.824117,2.89,0.147506
-0.824117,3.07,0.154667
-0.824117,3.25,0.0819423
-0.824117,3.43,-0.0640557
-0.824117,3.61,-0.242675
-0.824117,3.79,-0.372964
-0.824117,3.97,-0.372367
-0.824117,4.15,-0.202366
-0.824117,4.33,0.107568
-0.824117,4.51,0.463124
-0.824117,4.69,0.762412
-0.824117,4.87,0.943343
-0.824117,5.05,0.996756
-0.824117,5.23,0.945042
-0.824117,5.41,0.818962
-0.824117,5.59,0.646462
-0.824117,5.77,0.44834
-0.824117,5.95,0.240197
-0.824117,6.13,0.0320143
-0.824117,6.31,-0.169727
-0.824117,6.49,-0.361306
-0.824117,6.67,-0.539847
-0.824117,6.85,-0.703483
-0.824117,7.03,-0.851017
-0.824117,7.21,-0.983089
-0.824117,7.39,-1.09882
-0.824117,7.57,-1.19762
-0.824117,7.75,-1.27957
-0.824117,7.93,-1.34498
-0.824117,8.11,-1.3947
-0.824117,8.29,-1.42909
-0.824117,8.47,-1.44895
-0.824117,8.65,-1.45524
-0.824117,8.83,-1.44904
-0.824117,9.01,-1.43193
-0.824117,9.19,-1.40507
-0.824117,9.37,-1.36932
-0.824117,9.55,-1.32592
-0.824117,9.73,-1.27608
-0.824117,9.91,-1.221
-0.816829,1.09,0.120132
-0.816829,1.27,-0.308762
-0.816829,1.45,-0.210595
-0.816829,1.63,-0.126747
-0.816829,1.81,0.10617
-0.816829,1.99,-0.148252
-0.816829,2.17,0.0491574
-0.816829,2.35,-0.0991642
-0.816829,2.53,-0.13419
-0.816829,2.71,0.0539645
-0.816829,2.89,0.14383
-0.816829,3.07,0.129534
-0.816829,3.25,0.0576385
-0.816829,3.43,-0.0756475
-0.816829,3.61,-0.241475
-0.816829,3.79,-0.365287
-0.816829,3.97,-0.367728
-0.816829,4.15,-0.210879
-0.816829,4.33,0.0789353
-0.816829,4.51,0.41472
-0.816829,4.69,0.701691
-0.816829,4.87,0.880302
-0.816829,5.05,0.939892
-0.816829,5.23,0.899891
-0.816829,5.41,0.788429
-0.816829,5.59,0.631702
-0.816829,5.77,0.449534
-0.816829,5.95,0.256819
-0.816829,6.13,0.063221
-0.816829,6.31,-0.124955
-0.816829,6.49,-0.303989
-0.816829,6.67,-0.471158
-0.816829,6.85,-0.624687
-0.816829,7.03,-0.763465
-0.816829,7.21,-0.888014
-0.816829,7.39,-0.997593
-0.816829,7.57,-1.09171
-0.816829,7.75,-1.17047
-0.816829,7.93,-1.23419
-0.816829,8.11,-1.28378
-0.816829,8.29,-1.31946
-0.816829,8.47,-1.34192
-0.816829,8.65,-1.35201
-0.816829,8.83,-1.35069
-0.816829,9.01,-1.33924
-0.816829,9.19,-1.31869
-0.816829,9.37,-1.28988
-0.816829,9.55,-1.25388
-0.816829,9.73,-1.21177
-0.816829,9.91,-1.16459
-0.809541,1.09,0.00120441
-0.809541,1.27,-0.283071
-0.809541,1.45,-0.199224
-0.809541,1.63,-0.165818
-0.809541,1.81,0.10153
-0.809541,1.99,-0.151779
-0.809541,2.17,0.0487669
-0.809541,2.35,-0.126189
-0.809541,2.53,-0.112892
-0.809541,2.71,0.0734815
-0.809541,2.89,0.13248
-0.809541,3.07,0.104364
-0.809541,3.25,0.0380497
-0.809541,3.43,-0.0833812
-0.809541,3.61,-0.239736
-0.809541,3.79,-0.360294
-0.809541,3.97,-0.368064
-0.809541,4.15,-0.225516
-0.809541,4.33,0.0443855
-0.809541,4.51,0.36177
-0.809541,4.69,0.638243
-0.809541,4.87,0.81617
-0.809541,5.05,0.883119
-0.809541,5.23,0.855615
-0.809541,5.41,0.759326
-0.809541,5.59,0.618834
-0.809541,5.77,0.453068
-0.809541,5.95,0.276252
-0.809541,6.13,0.0977315
-0.809541,6.31,-0.0763785
-0.809541,6.49,-0.242385
-0.809541,6.67,-0.397728
-0.809541,6.85,-0.540736
-0.809541,7.03,-0.670387
-0.809541,7.21,-0.787093
-0.809541,7.39,-0.890247
-0.809541,7.57,-0.979455
-0.809541,7.75,-1.05485
-0.809541,7.93,-1.11672
-0.809541,8.11,-1.16602
-0.809541,8.29,-1.20285
-0.809541,8.47,-1.22781
-0.809541,8.65,-1.24164
-0.809541,8.83,-1.24514
-0.809541,9.01,-1.23934
-0.809541,9.19,-1.22514
-0.809541,9.37,-1.20332
-0.809541,9.55,-1.17483
-0.809541,9.73,-1.14058
-0.809541,9.91,-1.10149
-0.802253,1.09,-0.119127
-0.802253,1.27,-0.221423
-0.802253,1.45,-0.159425
-0.802253,1.63,-0.187914
-0.802253,1.81,0.0855767
-0.802253,1.99,-0.141581
-0.802253,2.17,0.0373121
-0.802253,2.35,-0.147125
-0.802253,2.53,-0.087567
-0.802253,2.71,0.0885243
-0.802253,2.89,0.121186
-0.802253,3.07,0.0852587
-0.802253,3.25,0.023496
-0.802253,3.43,-0.090027
-0.802253,3.61,-0.237707
-0.802253,3.79,-0.350676
-0.802253,3.97,-0.355806
-0.802253,4.15,-0.21937
-0.802253,4.33,0.0351593
-0.802253,4.51,0.332893
-0.802253,4.69,0.59258
-0.802253,4.87,0.761058
-0.802253,5.05,0.826613
-0.802253,5.23,0.804209
-0.802253,5.41,0.717415
-0.802253,5.59,0.589039
-0.802253,5.77,0.436806
-0.802253,5.95,0.273958
-0.802253,6.13,0.109271
-0.802253,6.31,-0.0515043
-0.802253,6.49,-0.204855
-0.802253,6.67,-0.348418
-0.802253,6.85,-0.480669
-0.802253,7.03,-0.600695
-0.802253,7.21,-0.708849
-0.802253,7.39,-0.804638
-0.802253,7.57,-0.887756
-0.802253,7.75,-0.958354
-0.802253,7.93,-1.01672
-0.802253,8.11,-1.06386
-0.802253,8.29,-1.09977
-0.802253,8.47,-1.12498
-0.802253,8.65,-1.14015
-0.802253,8.83,-1.14599
-0.802253,9.01,-1.14332
-0.802253,9.19,-1.13292
-0.802253,9.37,-1.11558
-0.802253,9.55,-1.09211
-0.802253,9.73,-1.06334
-0.802253,9.91,-1.03004
-0.794965,1.09,-0.210208
-0.794965,1.27,-0.138766
-0.794965,1.45,-0.104814
-0.794965,1.63,-0.188305
-0.794965,1.81,0.0594113
-0.794965,1.99,-0.123505
-0.794965,2.17,0.0179477
-0.794965,2.35,-0.15774
-0.794965,2.53,-0.0600426
-0.794965,2.71,0.0969386
-0.794965,2.89,0.107627
-0.794965,3.07,0.0694403
-0.794965,3.25,0.0127879
-0.794965,3.43,-0.0948167
-0.794965,3.61,-0.235388
-0.794965,3.79,-0.341286
-0.794965,3.97,-0.343851
-0.794965,4.15,-0.213625
-0.794965,4.33,0.0254743
-0.794965,4.51,0.303628
-0.794965,4.69,0.546556
-0.794965,4.87,0.705457
-0.794965,5.05,0.76937
-0.794965,5.23,0.751824
-0.794965,5.41,0.674387
-0.794965,5.59,0.558125
-0.794965,5.77,0.419546
-0.794965,5.95,0.270878
-0.794965,6.13,0.120291
-0.794965,6.31,-0.0268607
-0.794965,6.49,-0.167278
-0.794965,6.67,-0.298804
-0.794965,6.85,-0.420065
-0.794965,7.03,-0.530259
-0.794965,7.21,-0.629685
-0.794965,7.39,-0.717953
-0.794965,7.57,-0.794836
-0.794965,7.75,-0.860496
-0.794965,7.93,-0.915214
-0.794965,8.11,-0.960011
-0.794965,8.29,-0.994796
-0.794965,8.47,-1.02004
-0.794965,8.65,-1.03631
-0.794965,8.83,-1.04425
-0.794965,9.01,-1.04445
-0.794965,9.19,-1.03763
-0.794965,9.37,-1.02452
-0.794965,9.55,-1.00586
-0.794965,9.73,-0.982328
-0.794965,9.91,-0.954624
-0.787677,1.09,-0.25164
-0.787677,1.27,-0.0559617
-0.787677,1.45,-0.0492066
-0.787677,1.63,-0.167426
-0.787677,1.81,0.0277101
-0.787677,1.99,-0.101472
-0.787677,2.17,-0.00520504
-0.787677,2.35,-0.156792
-0.787677,2.53,-0.0333156
-0.787677,2.71,0.0981742
-0.787677,2.89,0.0926951
-0.787677,3.07,0.0567896
-0.787677,3.25,0.00509256
-0.787677,3.43,-0.0981742
-0.787677,3.61,-0.23254
-0.787677,3.79,-0.331816
-0.787677,3.97,-0.3326
-0.787677,4.15,-0.20978
-0.787677,4.33,0.0129294
-0.787677,4.51,0.271248
-0.787677,4.69,0.497733
-0.787677,4.87,0.647636
-0.787677,5.05,0.710527
-0.787677,5.23,0.698441
-0.787677,5.41,0.630958
-0.787677,5.59,0.527416
-0.787677,5.77,0.403086
-0.787677,5.95,0.269181
-0.787677,6.13,0.133243
-0.787677,6.31,0.000211638
-0.787677,6.49,-0.126845
-0.787677,6.67,-0.245978
-0.787677,6.85,-0.355964
-0.787677,7.03,-0.456103
-0.787677,7.21,-0.546639
-0.787677,7.39,-0.627274
-0.787677,7.57,-0.697847
-0.787677,7.75,-0.75852
-0.787677,7.93,-0.809559
-0.787677,8.11,-0.851964
-0.787677,8.29,-0.885583
-0.787677,8.47,-0.910813
-0.787677,8.65,-0.928149
-0.787677,8.83,-0.938124
-0.787677,9.01,-0.941172
-0.787677,9.19,-0.9379
-0.787677,9.37,-0.929018
-0.787677,9.55,-0.91513
-0.787677,9.73,-0.896834
-0.787677,9.91,-0.874715
-0.780389,1.09,-0.246146
-0.780389,1.27,0.00662792
-0.780389,1.45,-0.00239702
-0.780389,1.63,-0.132169
-0.780389,1.81,-0.0033879
-0.780389,1.99,-0.0787813
-0.780389,2.17,-0.028344
-0.780389,2.35,-0.147029
-0.780389,2.53,-0.0105229
-0.780389,2.71,0.0941092
-0.780389,2.89,0.079081
-0.780389,3.07,0.047571
-0.780389,3.25,-0.00111093
-0.780389,3.43,-0.101566
-0.780389,3.61,-0.229282
-0.780389,3.79,-0.320379
-0.780389,3.97,-0.317847
-0.780389,4.15,-0.201455
-0.780389,4.33,0.00519031
-0.780389,4.51,0.243313
-0.780389,4.69,0.452328
-0.780389,4.87,0.591798
-0.780389,5.05,0.652162
-0.780389,5.23,0.644204
-0.780389,5.41,0.585619
-0.780389,5.59,0.493998
-0.780389,5.77,0.383326
-0.780389,5.95,0.263744
-0.780389,6.13,0.142118
-0.780389,6.31,0.0229414
-0.780389,6.49,-0.0909844
-0.780389,6.67,-0.197917
-0.780389,6.85,-0.296781
-0.780389,7.03,-0.386975
-0.780389,7.21,-0.468695
-0.780389,7.39,-0.541717
-0.780389,7.57,-0.605934
-0.780389,7.75,-0.661504
-0.780389,7.93,-0.708668
-0.780389,8.11,-0.74839
-0.780389,8.29,-0.780471
-0.780389,8.47,-0.805242
-0.780389,8.65,-0.823126
-0.780389,8.83,-0.83457
-0.780389,9.01,-0.83986
-0.780389,9.19,-0.839517
-0.780389,9.37,-0.834205
-0.780389,9.55,-0.824432
-0.780389,9.73,-0.810701
-0.780389,9.91,-0.793508
-0.773101,1.09,-0.198775
-0.773101,1.27,0.0396656
-0.773101,1.45,0.0301414
-0.773101,1.63,-0.092935
-0.773101,1.81,-0.0261411
-0.773101,1.99,-0.0591477
-0.773101,2.17,-0.0515948
-0.773101,2.35,-0.133273
-0.773101,2.53,0.0076271
-0.773101,2.71,0.088764
-0.773101,2.89,0.0697645
-0.773101,3.07,0.0419349
-0.773101,3.25,-0.00661997
-0.773101,3.43,-0.104689
-0.773101,3.61,-0.223277
-0.773101,3.79,-0.302426
-0.773101,3.97,-0.293063
-0.773101,4.15,-0.180888
-0.773101,4.33,0.0098335
-0.773101,4.51,0.225611
-0.773101,4.69,0.413275
-0.773101,4.87,0.537771
-0.773101,5.05,0.591395
-0.773101,5.23,0.584166
-0.773101,5.41,0.531971
-0.773101,5.59,0.450516
-0.773101,5.77,0.352297
-0.773101,5.95,0.246232
-0.773101,6.13,0.138386
-0.773101,6.31,0.0327248
-0.773101,6.49,-0.0682756
-0.773101,6.67,-0.163096
-0.773101,6.85,-0.250817
-0.773101,7.03,-0.330936
-0.773101,7.21,-0.403618
-0.773101,7.39,-0.468699
-0.773101,7.57,-0.526112
-0.773101,7.75,-0.576008
-0.773101,7.93,-0.618605
-0.773101,8.11,-0.654825
-0.773101,8.29,-0.684433
-0.773101,8.47,-0.707707
-0.773101,8.65,-0.725008
-0.773101,8.83,-0.736715
-0.773101,9.01,-0.742996
-0.773101,9.19,-0.744301
-0.773101,9.37,-0.741252
-0.773101,9.55,-0.734279
-0.773101,9.73,-0.723809
-0.773101,9.91,-0.710258
-0.765813,1.09,-0.127135
-0.765813,1.27,0.0423664
-0.765813,1.45,0.0449572
-0.765813,1.63,-0.0539011
-0.765813,1.81,-0.0396851
-0.765813,1.99,-0.0447214
-0.765813,2.17,-0.0695627
-0.765813,2.35,-0.114586
-0.765813,2.53,0.020438
-0.765813,2.71,0.0809296
-0.765813,2.89,0.0620313
-0.765813,3.07,0.0373654
-0.765813,3.25,-0.0119969
-0.765813,3.43,-0.106661
-0.765813,3.61,-0.214306
-0.765813,3.79,-0.280664
-0.765813,3.97,-0.265206
-0.765813,4.15,-0.159012
-0.765813,4.33,0.0139699
-0.765813,4.51,0.206144
-0.765813,4.69,0.371781
-0.765813,4.87,0.481065
-0.765813,5.05,0.527968
-0.765813,5.23,0.521637
-0.765813,5.41,0.476085
-0.765813,5.59,0.405083
-0.765813,5.77,0.319593
-0.765813,5.95,0.227299
-0.765813,6.13,0.133454
-0.765813,6.31,0.0414907
-0.765813,6.49,-0.0464458
-0.765813,6.67,-0.129052
-0.765813,6.85,-0.205554
-0.765813,7.03,-0.275539
-0.765813,7.21,-0.339138
-0.765813,7.39,-0.396233
-0.765813,7.57,-0.446788
-0.765813,7.75,-0.490938
-0.765813,7.93,-0.528876
-0.765813,8.11,-0.561453
-0.765813,8.29,-0.588415
-0.765813,8.47,-0.609991
-0.765813,8.65,-0.626478
-0.765813,8.83,-0.638192
-0.765813,9.01,-0.645202
-0.765813,9.19,-0.647888
-0.765813,9.37,-0.646822
-0.765813,9.55,-0.64236
-0.765813,9.73,-0.634854
-0.765813,9.91,-0.624652
-0.758525,1.09,-0.0545959
-0.758525,1.27,0.0238638
-0.758525,1.45,0.0445787
-0.758525,1.63,-0.0208338
-0.758525,1.81,-0.0430913
-0.758525,1.99,-0.0357652
-0.758525,2.17,-0.0790855
-0.758525,2.35,-0.0928401
-0.758525,2.53,0.0274652
-0.758525,2.71,0.0711678
-0.758525,2.89,0.0550977
-0.758525,3.07,0.0326881
-0.758525,3.25,-0.0173505
-0.758525,3.43,-0.106408
-0.758525,3.61,-0.200963
-0.758525,3.79,-0.254226
-0.758525,3.97,-0.234371
-0.758525,4.15,-0.136857
-0.758525,4.33,0.0159315
-0.758525,4.51,0.182989
-0.758525,4.69,0.326011
-0.758525,4.87,0.420159
-0.758525,5.05,0.460779
-0.758525,5.23,0.455933
-0.758525,5.41,0.417651
-0.758525,5.59,0.357702
-0.758525,5.77,0.285468
-0.758525,5.95,0.207403
-0.758525,6.13,0.12795
-0.758525,6.31,0.0500082
-0.758525,6.49,-0.0246045
-0.758525,6.67,-0.0947885
-0.758525,6.85,-0.159905
-0.758525,7.03,-0.219617
-0.758525,7.21,-0.274017
-0.758525,7.39,-0.323023
-0.758525,7.57,-0.366616
-0.758525,7.75,-0.404912
-0.758525,7.93,-0.438069
-0.758525,8.11,-0.466846
-0.758525,8.29,-0.490987
-0.758525,8.47,-0.510668
-0.758525,8.65,-0.526128
-0.758525,8.83,-0.537618
-0.758525,9.01,-0.545133
-0.758525,9.19,-0.548981
-0.758525,9.37,-0.54967
-0.758525,9.55,-0.547487
-0.758525,9.73,-0.542714
-0.758525,9.91,-0.535631
-0.751237,1.09,8.67589e-05
-0.751237,1.27,-0.00286509
-0.751237,1.45,0.0361758
-0.751237,1.63,0.000991058
-0.751237,1.81,-0.0371636
-0.751237,1.99,-0.0310281
-0.751237,2.17,-0.0799402
-0.751237,2.35,-0.0714385
-0.751237,2.53,0.0292853
-0.751237,2.71,0.0608699
-0.751237,2.89,0.0485549
-0.751237,3.07,0.0269422
-0.751237,3.25,-0.023117
-0.751237,3.43,-0.104084
-0.751237,3.61,-0.18366
-0.751237,3.79,-0.223725
-0.751237,3.97,-0.20074
-0.751237,4.15,-0.113512
-0.751237,4.33,0.0179427
-0.751237,4.51,0.159398
-0.751237,4.69,0.279707
-0.751237,4.87,0.358752
-0.751237,5.05,0.393083
-0.751237,5.23,0.389613
-0.751237,5.41,0.358387
-0.751237,5.59,0.309188
-0.751237,5.77,0.24983
-0.751237,5.95,0.185576
-0.751237,6.13,0.120077
-0.751237,6.31,0.0557221
-0.751237,6.49,-0.00599176
-0.751237,6.67,-0.0641534
-0.751237,6.85,-0.118244
-0.751237,7.03,-0.167992
-0.751237,7.21,-0.213455
-0.751237,7.39,-0.254574
-0.751237,7.57,-0.29134
-0.751237,7.75,-0.323845
-0.751237,7.93,-0.352213
-0.751237,8.11,-0.377098
-0.751237,8.29,-0.398252
-0.751237,8.47,-0.415808
-0.751237,8.65,-0.429949
-0.751237,8.83,-0.440871
-0.751237,9.01,-0.448511
-0.751237,9.19,-0.453115
-0.751237,9.37,-0.455123
-0.751237,9.55,-0.454756
-0.751237,9.73,-0.452236
-0.751237,9.91,-0.447782
-0.743949,1.09,0.033014
-0.743949,1.27,-0.022644
-0.743949,1.45,0.0222194
-0.743949,1.63,0.0127756
-0.743949,1.81,-0.0247191
-0.743949,1.99,-0.0301246
-0.743949,2.17,-0.0751378
-0.743949,2.35,-0.0525907
-0.743949,2.53,0.0284732
-0.743949,2.71,0.0517866
-0.743949,2.89,0.0420465
-0.743949,3.07,0.0200513
-0.743949,3.25,-0.0275246
-0.743949,3.43,-0.0961956
-0.743949,3.61,-0.157829
-0.743949,3.79,-0.183901
-0.743949,3.97,-0.158659
-0.743949,4.15,-0.0835842
-0.743949,4.33,0.0240942
-0.743949,4.51,0.137163
-0.743949,4.69,0.231781
-0.743949,4.87,0.293006
-0.743949,5.05,0.31886
-0.743949,5.23,0.315157
-0.743949,5.41,0.289891
-0.743949,5.59,0.250731
-0.743949,5.77,0.203781
-0.743949,5.95,0.153073
-0.743949,6.13,0.101419
-0.743949,6.31,0.0506595
-0.743949,6.49,0.00194823
-0.743949,6.67,-0.0440141
-0.743949,6.85,-0.0868292
-0.743949,7.03,-0.126289
-0.743949,7.21,-0.162444
-0.743949,7.39,-0.19525
-0.743949,7.57,-0.224695
-0.743949,7.75,-0.250846
-0.743949,7.93,-0.273798
-0.743949,8.11,-0.294063
-0.743949,8.29,-0.311437
-0.743949,8.47,-0.326018
-0.743949,8.65,-0.337945
-0.743949,8.83,-0.347361
-0.743949,9.01,-0.354183
-0.743949,9.19,-0.358598
-0.743949,9.37,-0.36097
-0.743949,9.55,-0.361467
-0.743949,9.73,-0.360258
-0.743949,9.91,-0.357508
-0.736661,1.09,0.0424125
-0.736661,1.27,-0.0279122
-0.736661,1.45,0.00754377
-0.736661,1.63,0.0161853
-0.736661,1.81,-0.0111868
-0.736661,1.99,-0.0287985
-0.736661,2.17,-0.0616251
-0.736661,2.35,-0.0348783
-0.736661,2.53,0.0242735
-0.736661,2.71,0.0408129
-0.736661,2.89,0.0329818
-0.736661,3.07,0.0118961
-0.736661,3.25,-0.0289857
-0.736661,3.43,-0.0814907
-0.736661,3.61,-0.124172
-0.736661,3.79,-0.138153
-0.736661,3.97,-0.114223
-0.736661,4.15,-0.0551106
-0.736661,4.33,0.0258224
-0.736661,4.51,0.108816
-0.736661,4.69,0.17716
-0.736661,4.87,0.220721
-0.736661,5.05,0.238596
-0.736661,5.23,0.235243
-0.736661,5.41,0.216494
-0.736661,5.59,0.187862
-0.736661,5.77,0.153726
-0.736661,5.95,0.116917
-0.736661,6.13,0.0794261
-0.736661,6.31,0.0425606
-0.736661,6.49,0.00713752
-0.736661,6.67,-0.0263448
-0.736661,6.85,-0.0576018
-0.736661,7.03,-0.0864831
-0.736661,7.21,-0.113031
-0.736661,7.39,-0.137208
-0.736661,7.57,-0.159002
-0.736661,7.75,-0.178455
-0.736661,7.93,-0.195632
-0.736661,8.11,-0.210894
-0.736661,8.29,-0.224094
-0.736661,8.47,-0.235294
-0.736661,8.65,-0.24459
-0.736661,8.83,-0.252081
-0.736661,9.01,-0.257678
-0.736661,9.19,-0.261514
-0.736661,9.37,-0.263864
-0.736661,9.55,-0.264847
-0.736661,9.73,-0.26458
-0.736661,9.91,-0.263179
-0.729373,1.09,0.0310221
-0.729373,1.27,-0.0180443
-0.729373,1.45,-0.0029373
-0.729373,1.63,0.0133925
-0.729373,1.81,-0.00162682
-0.729373,1.99,-0.0229652
-0.729373,2.17,-0.039875
-0.729373,2.35,-0.0187093
-0.729373,2.53,0.0167212
-0.729373,2.71,0.026728
-0.729373,2.89,0.0207638
-0.729373,3.07,0.00395564
-0.729373,3.25,-0.0246891
-0.729373,3.43,-0.0573641
-0.729373,3.61,-0.0811402
-0.729373,3.79,-0.0860689
-0.729373,3.97,-0.06795
-0.729373,4.15,-0.0293199
-0.729373,4.33,0.0213369
-0.729373,4.51,0.0721335
-0.729373,4.69,0.113345
-0.729373,4.87,0.139257
-0.729373,5.05,0.149622
-0.729373,5.23,0.147268
-0.729373,5.41,0.135728
-0.729373,5.59,0.118302
-0.729373,5.77,0.0976101
-0.729373,5.95,0.07531
-0.729373,6.13,0.0525786
-0.729373,6.31,0.0301931
-0.729373,6.49,0.00864018
-0.729373,6.67,-0.0117816
-0.729373,6.85,-0.0308996
-0.729373,7.03,-0.0486208
-0.729373,7.21,-0.0649708
-0.729373,7.39,-0.0799247
-0.729373,7.57,-0.0934687
-0.729373,7.75,-0.105625
-0.729373,7.93,-0.116429
-0.729373,8.11,-0.126092
-0.729373,8.29,-0.134524
-0.729373,8.47,-0.141759
-0.729373,8.65,-0.14785
-0.729373,8.83,-0.152853
-0.729373,9.01,-0.156698
-0.729373,9.19,-0.159461
-0.729373,9.37,-0.161319
-0.729373,9.55,-0.162339
-0.729373,9.73,-0.162592
-0.729373,9.91,-0.162144
-0.722085,1.09,0.00839388
-0.722085,1.27,-0.00307755
-0.722085,1.45,-0.00350896
-0.722085,1.63,0.0050666
-0.722085,1.81,0.000894963
-0.722085,1.99,-0.00903632
-0.722085,2.17,-0.0122908
-0.722085,2.35,-0.004991
-0.722085,2.53,0.00567424
-0.722085,2.71,0.00883885
-0.722085,2.89,0.00624804
-0.722085,3.07,-0.000656725
-0.722085,3.25,-0.010882
-0.722085,3.43,-0.0211803
-0.722085,3.61,-0.0277584
-0.722085,3.79,-0.0280555
-0.722085,3.97,-0.0211529
-0.722085,4.15,-0.00805198
-0.722085,4.33,0.00851692
-0.722085,4.51,0.0248519
-0.722085,4.69,0.0379879
-0.722085,4.87,0.0462147
-0.722085,5.05,0.0495145
-0.722085,5.23,0.0488026
-0.722085,5.41,0.0451917
-0.722085,5.59,0.0397156
-0.722085,5.77,0.0331998
-0.722085,5.95,0.0261545
-0.722085,6.13,0.0189475
-0.722085,6.31,0.0118244
-0.722085,6.49,0.00493984
-0.722085,6.67,-0.00160996
-0.722085,6.85,-0.00776823
-0.722085,7.03,-0.0135032
-0.722085,7.21,-0.0188211
-0.722085,7.39,-0.0237125
-0.722085,7.57,-0.0281708
-0.722085,7.75,-0.0322008
-0.722085,7.93,-0.0358111
-0.722085,8.11,-0.0390671
-0.722085,8.29,-0.0419384
-0.722085,8.47,-0.0444345
-0.722085,8.65,-0.0465705
-0.722085,8.83,-0.0483627
-0.722085,9.01,-0.0497826
-0.722085,9.19,-0.0508536
-0.722085,9.37,-0.0516339
-0.722085,9.55,-0.052144
-0.722085,9.73,-0.0524047
-0.722085,9.91,-0.0524367
-0.714797,1.09,0
-0.714797,1.27,0
-0.714797,1.45,0
-0.714797,1.63,0
-0.714797,1.81,0
-0.714797,1.99,0
-0.714797,2.17,0
-0.714797,2.35,0
-0.714797,2.53,0
-0.714797,2.71,0
-0.714797,2.89,0
-0.714797,3.07,0
-0.714797,3.25,0
-0.714797,3.43,0
-0.714797,3.61,0
-0.714797,3.79,0
-0.714797,3.97,0
-0.714797,4.15,0
-0.714797,4.33,0
-0.714797,4.51,0
-0.714797,4.69,0
-0.714797,4.87,0
-0.714797,5.05,0
-0.714797,5.23,0
-0.714797,5.41,0
-0.714797,5.59,0
-0.714797,5.77,0
-0.714797,5.95,0
-0.714797,6.13,0
-0.714797,6.31,0
-0.714797,6.49,0
-0.714797,6.67,0
-0.714797,6.85,0
-0.714797,7.03,0
-0.714797,7.21,0
-0.714797,7.39,0
-0.714797,7.57,0
-0.714797,7.75,0
-0.714797,7.93,0
-0.714797,8.11,0
-0.714797,8.29,0
-0.714797,8.47,0
-0.714797,8.65,0
-0.714797,8.83,0
-0.714797,9.01,0
-0.714797,9.19,0
-0.714797,9.37,0
-0.714797,9.55,0
-0.714797,9.73,0
-0.714797,9.91,0
-0.707509,1.09,0
-0.707509,1.27,0
-0.707509,1.45,0
-0.707509,1.63,0
-0.707509,1.81,0
-0.707509,1.99,0
-0.707509,2.17,0
-0.707509,2.35,0
-0.707509,2.53,0
-0.707509,2.71,0
-0.707509,2.89,0
-0.707509,3.07,0
-0.707509,3.25,0
-0.707509,3.43,0
-0.707509,3.61,0
-0.707509,3.79,0
-0.707509,3.97,0
-0.707509,4.15,0
-0.707509,4.33,0
-0.707509,4.51,0
-0.707509,4.69,0
-0.707509,4.87,0
-0.707509,5.05,0
-0.707509,5.23,0
-0.707509,5.41,0
-0.707509,5.59,0
-0.707509,5.77,0
-0.707509,5.95,0
-0.707509,6.13,0
-0.707509,6.31,0
-0.707509,6.49,0
-0.707509,6.67,0
-0.707509,6.85,0
-0.707509,7.03,0
-0.707509,7.21,0
-0.707509,7.39,0
-0.707509,7.57,0
-0.707509,7.75,0
-0.707509,7.93,0
-0.707509,8.11,0
-0.707509,8.29,0
-0.707509,8.47,0
-0.707509,8.65,0
-0.707509,8.83,0
-0.707509,9.01,0
-0.707509,9.19,0
-0.707509,9.37,0
-0.707509,9.55,0
-0.707509,9.73,0
-0.707509,9.91,0
-0.700221,1.09,0
-0.700221,1.27,0
-0.700221,1.45,0
-0.700221,1.63,0
-0.700221,1.81,0
-0.700221,1.99,0
-0.700221,2.17,0
-0.700221,2.35,0
-0.700221,2.53,0
-0.700221,2.71,0
-0.700221,2.89,0
-0.700221,3.07,0
-0.700221,3.25,0
-0.700221,3.43,0
-0.700221,3.61,0
-0.700221,3.79,0
-0.700221,3.97,0
-0.700221,4.15,0
-0.700221,4.33,0
-0.700221,4.51,0
-0.700221,4.69,0
-0.700221,4.87,0
-0.700221,5.05,0
-0.700221,5.23,0
-0.700221,5.41,0
-0.700221,5.59,0
-0.700221,5.77,0
-0.700221,5.95,0
-0.700221,6.13,0
-0.700221,6.31,0
-0.700221,6.49,0
-0.700221,6.67,0
-0.700221,6.85,0
-0.700221,7.03,0
-0.700221,7.21,0
-0.700221,7.39,0
-0.700221,7.57,0
-0.700221,7.75,0
-0.700221,7.93,0
-0.700221,8.11,0
-0.700221,8.29,0
-0.700221,8.47,0
-0.700221,8.65,0
-0.700221,8.83,0
-0.700221,9.01,0
-0.700221,9.19,0
-0.700221,9.37,0
-0.700221,9.55,0
-0.700221,9.73,0
-0.700221,9.91,0
-0.692933,1.09,0
-0.692933,1.27,0
-0.692933,1.45,0
-0.692933,1.63,0
-0.692933,1.81,0
-0.692933,1.99,0
-0.692933,2.17,0
-0.692933,2.35,0
-0.692933,2.53,0
-0.692933,2.71,0
-0.692933,2.89,0
-0.692933,3.07,0
-0.692933,3.25,0
-0.692933,3.43,0
-0.692933,3.61,0
-0.692933,3.79,0
-0.692933,3.97,0
-0.692933,4.15,0
-0.692933,4.33,0
-0.692933,4.51,0
-0.692933,4.69,0
-0.692933,4.87,0
-0.692933,5.05,0
-0.692933,5.23,0
-0.692933,5.41,0
-0.692933,5.59,0
-0.692933,5.77,0
-0.692933,5.95,0
-0.692933,6.13,0
-0.692933,6.31,0
-0.692933,6.49,0
-0.692933,6.67,0
-0.692933,6.85,0
-0.692933,7.03,0
-0.692933,7.21,0
-0.692933,7.39,0
-0.692933,7.57,0
-0.692933,7.75,0
-0.692933,7.93,0
-0.692933,8.11,0
-0.692933,8.29,0
-0.692933,8.47,0
-0.692933,8.65,0
-0.692933,8.83,0
-0.692933,9.01,0
-0.692933,9.19,0
-0.692933,9.37,0
-0.692933,9.55,0
-0.692933,9.73,0
-0.692933,9.91,0
-0.685645,1.09,0
-0.685645,1.27,0
-0.685645,1.45,0
-0.685645,1.63,0
-0.685645,1.81,0
-0.685645,1.99,0
-0.685645,2.17,0
-0.685645,2.35,0
-0.685645,2.53,0
-0.685645,2.71,0
-0.685645,2.89,0
-0.685645,3.07,0
-0.685645,3.25,0
-0.685645,3.43,0
-0.685645,3.61,0
-0.685645,3.79,0
-0.685645,3.97,0
-0.685645,4.15,0
-0.685645,4.33,0
-0.685645,4.51,0
-0.685645,4.69,0
-0.685645,4.87,0
-0.685645,5.05,0
-0.685645,5.23,0
-0.685645,5.41,0
-0.685645,5.59,0
-0.685645,5.77,0
-0.685645,5.95,0
-0.685645,6.13,0
-0.685645,6.31,0
-0.685645,6.49,0
-0.685645,6.67,0
-0.685645,6.85,0
-0.685645,7.03,0
-0.685645,7.21,0
-0.685645,7.39,0
-0.685645,7.57,0
-0.685645,7.75,0
-0.685645,7.93,0
-0.685645,8.11,0
-0.685645,8.29,0
-0.685645,8.47,0
-0.685645,8.65,0
-0.685645,8.83,0
-0.685645,9.01,0
-0.685645,9.19,0
-0.685645,9.37,0
-0.685645,9.55,0
-0.685645,9.73,0
-0.685645,9.91,0
-0.678356,1.09,0
-0.678356,1.27,0
-0.678356,1.45,0
-0.678356,1.63,0
-0.678356,1.81,0
-0.678356,1.99,0
-0.678356,2.17,0
-0.678356,2.35,0
-0.678356,2.53,0
-0.678356,2.71,0
-0.678356,2.89,0
-0.678356,3.07,0
-0.678356,3.25,0
-0.678356,3.43,0
-0.678356,3.61,0
-0.678356,3.79,0
-0.678356,3.97,0
-0.678356,4.15,0
-0.678356,4.33,0
-0.678356,4.51,0
-0.678356,4.69,0
-0.678356,4.87,0
-0.678356,5.05,0
-0.678356,5.23,0
-0.678356,5.41,0
-0.678356,5.59,0
-0.678356,5.77,0
-0.678356,5.95,0
-0.678356,6.13,0
-0.678356,6.31,0
-0.678356,6.49,0
-0.678356,6.67,0
-0.678356,6.85,0
-0.678356,7.03,0
-0.678356,7.21,0
-0.678356,7.39,0
-0.678356,7.57,0
-0.678356,7.75,0
-0.678356,7.93,0
-0.678356,8.11,0
-0.678356,8.29,0
-0.678356,8.47,0
-0.678356,8.65,0
-0.678356,8.83,0
-0.678356,9.01,0
-0.678356,9.19,0
-0.678356,9.37,0
-0.678356,9.55,0
-0.678356,9.73,0
-0.678356,9.91,0
-0.671068,1.09,0
-0.671068,1.27,0
-0.671068,1.45,0
-0.671068,1.63,0
-0.671068,1.81,0
-0.671068,1.99,0
-0.671068,2.17,0
-0.671068,2.35,0
-0.671068,2.53,0
-0.671068,2.71,0
-0.671068,2.89,0
-0.671068,3.07,0
-0.671068,3.25,0
-0.671068,3.43,0
-0.671068,3.61,0
-0.671068,3.79,0
-0.671068,3.97,0
-0.671068,4.15,0
-0.671068,4.33,0
-0.671068,4.51,0
-0.671068,4.69,0
-0.671068,4.87,0
-0.671068,5.05,0
-0.671068,5.23,0
-0.671068,5.41,0
-0.671068,5.59,0
-0.671068,5.77,0
-0.671068,5.95,0
-0.671068,6.13,0
-0.671068,6.31,0
-0.671068,6.49,0
-0.671068,6.67,0
-0.671068,6.85,0
-0.671068,7.03,0
-0.671068,7.21,0
-0.671068,7.39,0
-0.671068,7.57,0
-0.671068,7.75,0
-0.671068,7.93,0
-0.671068,8.11,0
-0.671068,8.29,0
-0.671068,8.47,0
-0.671068,8.65,0
-0.671068,8.83,0
-0.671068,9.01,0
-0.671068,9.19,0
-0.671068,9.37,0
-0.671068,9.55,0
-0.671068,9.73,0
-0.671068,9.91,0
-0.66378,1.09,0
-0.66378,1.27,0
-0.66378,1.45,0
-0.66378,1.63,0
-0.66378,1.81,0
-0.66378,1.99,0
-0.66378,2.17,0
-0.66378,2.35,0
-0.66378,2.53,0
-0.66378,2.71,0
-0.66378,2.89,0
-0.66378,3.07,0
-0.66378,3.25,0
-0.66378,3.43,0
-0.66378,3.61,0
-0.66378,3.79,0
-0.66378,3.97,0
-0.66378,4.15,0
-0.66378,4.33,0
-0.66378,4.51,0
-0.66378,4.69,0
-0.66378,4.87,0
-0.66378,5.05,0
-0.66378,5.23,0
-0.66378,5.41,0
-0.66378,5.59,0
-0.66378,5.77,0
-0.66378,5.95,0
-0.66378,6.13,0
-0.66378,6.31,0
-0.66378,6.49,0
-0.66378,6.67,0
-0.66378,6.85,0
-0.66378,7.03,0
-0.66378,7.21,0
-0.66378,7.39,0
-0.66378,7.57,0
-0.66378,7.75,0
-0.66378,7.93,0
-0.66378,8.11,0
-0.66378,8.29,0
-0.66378,8.47,0
-0.66378,8.65,0
-0.66378,8.83,0
-0.66378,9.01,0
-0.66378,9.19,0
-0.66378,9.37,0
-0.66378,9.55,0
-0.66378,9.73,0
-0.66378,9.91,0
-0.656492,1.09,0
-0.656492,1.27,0
-0.656492,1.45,0
-0.656492,1.63,0
-0.656492,1.81,0
-0.656492,1.99,0
-0.656492,2.17,0
-0.656492,2.35,0
-0.656492,2.53,0
-0.656492,2.71,0
-0.656492,2.89,0
-0.656492,3.07,0
-0.656492,3.25,0
-0.656492,3.43,0
-0.656492,3.61,0
-0.656492,3.79,0
-0.656492,3.97,0
-0.656492,4.15,0
-0.656492,4.33,0
-0.656492,4.51,0
-0.656492,4.69,0
-0.656492,4.87,0
-0.656492,5.05,0
-0.656492,5.23,0
-0.656492,5.41,0
-0.656492,5.59,0
-0.656492,5.77,0
-0.656492,5.95,0
-0.656492,6.13,0
-0.656492,6.31,0
-0.656492,6.49,0
-0.656492,6.67,0
-0.656492,6.85,0
-0.656492,7.03,0
-0.656492,7.21,0
-0.656492,7.39,0
-0.656492,7.57,0
-0.656492,7.75,0
-0.656492,7.93,0
-0.656492,8.11,0
-0.656492,8.29,0
-0.656492,8.47,0
-0.656492,8.65,0
-0.656492,8.83,0
-0.656492,9.01,0
-0.656492,9.19,0
-0.656492,9.37,0
-0.656492,9.55,0
-0.656492,9.73,0
-0.656492,9.91,0
-0.649204,1.09,0
-0.649204,1.27,0
-0.649204,1.45,0
-0.649204,1.63,0
-0.649204,1.81,0
-0.649204,1.99,0
-0.649204,2.17,0
-0.649204,2.35,0
-0.649204,2.53,0
-0.649204,2.71,0
-0.649204,2.89,0
-0.649204,3.07,0
-0.649204,3.25,0
-0.649204,3.43,0
-0.649204,3.61,0
-0.649204,3.79,0
-0.649204,3.97,0
-0.649204,4.15,0
-0.649204,4.33,0
-0.649204,4.51,0
-0.649204,4.69,0
-0.649204,4.87,0
-0.649204,5.05,0
-0.649204,5.23,0
-0.649204,5.41,0
-0.649204,5.59,0
-0.649204,5.77,0
-0.649204,5.95,0
-0.649204,6.13,0
-0.649204,6.31,0
-0.649204,6.49,0
-0.649204,6.67,0
-0.649204,6.85,0
-0.649204,7.03,0
-0.649204,7.21,0
-0.649204,7.39,0
-0.649204,7.57,0
-0.649204,7.75,0
-0.649204,7.93,0
-0.649204,8.11,0
-0.649204,8.29,0
-0.649204,8.47,0
-0.649204,8.65,0
-0.649204,8.83,0
-0.649204,9.01,0
-0.649204,9.19,0
-0.649204,9.37,0
-0.649204,9.55,0
-0.649204,9.73,0
-0.649204,9.91,0
-0.641916,1.09,0
-0.641916,1.27,0
-0.641916,1.45,0
-0.641916,1.63,0
-0.641916,1.81,0
-0.641916,1.99,0
-0.641916,2.17,0
-0.641916,2.35,0
-0.641916,2.53,0
-0.641916,2.71,0
-0.641916,2.89,0
-0.641916,3.07,0
-0.641916,3.25,0
-0.641916,3.43,0
-0.641916,3.61,0
-0.641916,3.79,0
-0.641916,3.97,0
-0.641916,4.15,0
-0.641916,4.33,0
-0.641916,4.51,0
-0.641916,4.69,0
-0.641916,4.87,0
-0.641916,5.05,0
-0.641916,5.23,0
-0.641916,5.41,0
-0.641916,5.59,0
-0.641916,5.77,0
-0.641916,5.95,0
-0.641916,6.13,0
-0.641916,6.31,0
-0.641916,6.49,0
-0.641916,6.67,0
-0.641916,6.85,0
-0.641916,7.03,0
-0.641916,7.21,0
-0.641916,7.39,0
-0.641916,7.57,0
-0.641916,7.75,0
-0.641916,7.93,0
-0.641916,8.11,0
-0.641916,8.29,0
-0.641916,8.47,0
-0.641916,8.65,0
-0.641916,8.83,0
-0.641916,9.01,0
-0.641916,9.19,0
-0.641916,9.37,0
-0.641916,9.55,0
-0.641916,9.73,0
-0.641916,9.91,0
-0.634628,1.09,0
-0.634628,1.27,0
-0.634628,1.45,0
-0.634628,1.63,0
-0.634628,1.81,0
-0.634628,1.99,0
-0.634628,2.17,0
-0.634628,2.35,0
-0.634628,2.53,0
-0.634628,2.71,0
-0.634628,2.89,0
-0.634628,3.07,0
-0.634628,3.25,0
-0.634628,3.43,0
-0.634628,3.61,0
-0.634628,3.79,0
-0.634628,3.97,0
-0.634628,4.15,0
-0.634628,4.33,0
-0.634628,4.51,0
-0.634628,4.69,0
-0.634628,4.87,0
-0.634628,5.05,0
-0.634628,5.23,0
-0.634628,5.41,0
-0.634628,5.59,0
-0.634628,5.77,0
-0.634628,5.95,0
-0.634628,6.13,0
-0.634628,6.31,0
-0.634628,6.49,0
-0.634628,6.67,0
-0.634628,6.85,0
-0.634628,7.03,0
-0.634628,7.21,0
-0.634628,7.39,0
-0.634628,7.57,0
-0.634628,7.75,0
-0.634628,7.93,0
-0.634628,8.11,0
-0.634628,8.29,0
-0.634628,8.47,0
-0.634628,8.65,0
-0.634628,8.83,0
-0.634628,9.01,0
-0.634628,9.19,0
-0.634628,9.37,0
-0.634628,9.55,0
-0.634628,9.73,0
-0.634628,9.91,0
-0.62734,1.09,0
-0.62734,1.27,0
-0.62734,1.45,0
-0.62734,1.63,0
-0.62734,1.81,0
-0.62734,1.99,0
-0.62734,2.17,0
-0.62734,2.35,0
-0.62734,2.53,0
-0.62734,2.71,0
-0.62734,2.89,0
-0.62734,3.07,0
-0.62734,3.25,0
-0.62734,3.43,0
-0.62734,3.61,0
-0.62734,3.79,0
-0.62734,3.97,0
-0.62734,4.15,0
-0.62734,4.33,0
-0.62734,4.51,0
-0.62734,4.69,0
-0.62734,4.87,0
-0.62734,5.05,0
-0.62734,5.23,0
-0.62734,5.41,0
-0.62734,5.59,0
-0.62734,5.77,0
-0.62734,5.95,0
-0.62734,6.13,0
-0.62734,6.31,0
-0.62734,6.49,0
-0.62734,6.67,0
-0.62734,6.85,0
-0.62734,7.03,0
-0.62734,7.21,0
-0.62734,7.39,0
-0.62734,7.57,0
-0.62734,7.75,0
-0.62734,7.93,0
-0.62734,8.11,0
-0.62734,8.29,0
-0.62734,8.47,0
-0.62734,8.65,0
-0.62734,8.83,0
-0.62734,9.01,0
-0.62734,9.19,0
-0.62734,9.37,0
-0.62734,9.55,0
-0.62734,9.73,0
-0.62734,9.91,0
