-0.984455,1.09,0
-0.984455,1.27,0
-0.984455,1.45,0
-0.984455,1.63,0
-0.984455,1.81,0
-0.984455,1.99,0
-0.984455,2.17,0
-0.984455,2.35,0
-0.984455,2.53,0
-0.984455,2.71,0
-0.984455,2.89,0
-0.984455,3.07,0
-0.984455,3.25,0
-0.984455,3.43,0
-0.984455,3.61,0
-0.984455,3.79,0
-0.984455,3.97,0
-0.984455,4.15,0
-0.984455,4.33,0
-0.984455,4.51,0
-0.984455,4.69,0
-0.984455,4.87,0
-0.984455,5.05,0
-0.984455,5.23,0
-0.984455,5.41,0
-0.984455,5.59,0
-0.984455,5.77,0
-0.984455,5.95,0
-0.984455,6.13,0
-0.984455,6.31,0
-0.984455,6.49,0
-0.984455,6.67,0
-0.984455,6.85,0
-0.984455,7.03,0
-0.984455,7.21,0
-0.984455,7.39,0
-0.984455,7.57,0
-0.984455,7.75,0
-0.984455,7.93,0
-0.984455,8.11,0
-0.984455,8.29,0
-0.984455,8.47,0
-0.984455,8.65,0
-0.984455,8.83,0
-0.984455,9.01,0
-0.984455,9.19,0
-0.984455,9.37,0
-0.984455,9.55,0
-0.984455,9.73,0
-0.984455,9.91,0
-0.977166,1.09,0
-0.977166,1.27,0
-0.977166,1.45,0
-0.977166,1.63,0
-0.977166,1.81,0
-0.977166,1.99,0
-0.977166,2.17,0
-0.977166,2.35,0
-0.977166,2.53,0
-0.977166,2.71,0
-0.977166,2.89,0
-0.977166,3.07,0
-0.977166,3.25,0
-0.977166,3.43,0
-0.977166,3.61,0
-0.977166,3.79,0
-0.977166,3.97,0
-0.977166,4.15,0
-0.977166,4.33,0
-0.977166,4.51,0
-0.977166,4.69,0
-0.977166,4.87,0
-0.977166,5.05,0
-0.977166,5.23,0
-0.977166,5.41,0
-0.977166,5.59,0
-0.977166,5.77,0
-0.977166,5.95,0
-0.977166,6.13,0
-0.977166,6.31,0
-0.977166,6.49,0
-0.977166,6.67,0
-0.977166,6.85,0
-0.977166,7.03,0
-0.977166,7.21,0
-0.977166,7.39,0
-0.977166,7.57,0
-0.977166,7.75,0
-0.977166,7.93,0
-0.977166,8.11,0
-0.977166,8.29,0
-0.977166,8.47,0
-0.977166,8.65,0
-0.977166,8.83,0
-0.977166,9.01,0
-0.977166,9.19,0
-0.977166,9.37,0
-0.977166,9.55,0
-0.977166,9.73,0
-0.977166,9.91,0
-0.969878,1.09,0
-0.969878,1.27,0
-0.969878,1.45,0
-0.969878,1.63,0
-0.969878,1.81,0
-0.969878,1.99,0
-0.969878,2.17,0
-0.969878,2.35,0
-0.969878,2.53,0
-0.969878,2.71,0
-0.969878,2.89,0
-0.969878,3.07,0
-0.969878,3.25,0
-0.969878,3.43,0
-0.969878,3.61,0
-0.969878,3.79,0
-0.969878,3.97,0
-0.969878,4.15,0
-0.969878,4.33,0
-0.969878,4.51,0
-0.969878,4.69,0
-0.969878,4.87,0
-0.969878,5.05,0
-0.969878,5.23,0
-0.969878,5.41,0
-0.969878,5.59,0
-0.969878,5.77,0
-0.969878,5.95,0
-0.969878,6.13,0
-0.969878,6.31,0
-0.969878,6.49,0
-0.969878,6.67,0
-0.969878,6.85,0
-0.969878,7.03,0
-0.969878,7.21,0
-0.969878,7.39,0
-0.969878,7.57,0
-0.969878,7.75,0
-0.969878,7.93,0
-0.969878,8.11,0
-0.969878,8.29,0
-0.969878,8.47,0
-0.969878,8.65,0
-0.969878,8.83,0
-0.969878,9.01,0
-0.969878,9.19,0
-0.969878,9.37,0
-0.969878,9.55,0
-0.969878,9.73,0
-0.969878,9.91,0
-0.96259,1.09,-0.00535013
-0.96259,1.27,0.000425952
-0.96259,1.45,-0.0138403
-0.96259,1.63,0.0236006
-0.96259,1.81,0.00406171
-0.96259,1.99,-0.00277654
-0.96259,2.17,9.55046e-06
-0.96259,2.35,0.000429405
-0.96259,2.53,0.0114156
-0.96259,2.71,0.0277785
-0.96259,2.89,-0.0264884
-0.96259,3.07,-0.0329982
-0.96259,3.25,-0.0202791
-0.96259,3.43,0.00769129
-0.96259,3.61,0.0280609
-0.96259,3.79,0.0304317
-0.96259,3.97,0.0287459
-0.96259,4.15,0.0290557
-0.96259,4.33,0.0344362
-0.96259,4.51,0.0544797
-0.96259,4.69,0.151706
-0.96259,4.87,0.077666
-0.96259,5.05,0.0045126
-0.96259,5.23,-0.0022951
-0.96259,5.41,-0.00330151
-0.96259,5.59,-0.00346711
-0.96259,5.77,-0.00354296
-0.96259,5.95,-0.00370517
-0.96259,6.13,-0.00401987
-0.96259,6.31,-0.00454822
-0.96259,6.49,-0.00538667
-0.96259,6.67,-0.00671085
-0.96259,6.85,-0.00885667
-0.96259,7.03,-0.0125175
-0.96259,7.21,-0.0192629
-0.96259,7.39,-0.0329738
-0.96259,7.57,-0.0632408
-0.96259,7.75,-0.117897
-0.96259,7.93,-0.124955
-0.96259,8.11,-0.0727763
-0.96259,8.29,-0.0401962
-0.96259,8.47,-0.0246901
-0.96259,8.65,-0.0167531
-0.96259,8.83,-0.0122592
-0.96259,9.01,-0.00949248
-0.96259,9.19,-0.00767174
-0.96259,9.37,-0.00640897
-0.96259,9.55,-0.00549637
-0.96259,9.73,-0.0048145
-0.96259,9.91,-0.00429093
-0.955302,1.09,-0.0124349
-0.955302,1.27,-0.0129954
-0.955302,1.45,-0.160586
-0.955302,1.63,0.16221
-0.955302,1.81,0.0487312
-0.955302,1.99,-0.0197455
-0.955302,2.17,0.0145665
-0.955302,2.35,0.049821
-0.955302,2.53,0.146346
-0.955302,2.71,0.156764
-0.955302,2.89,-0.404353
-0.955302,3.07,-0.276802
-0.955302,3.25,-0.0565809
-0.955302,3.43,0.267251
-0.955302,3.61,0.417525
-0.955302,3.79,0.377371
-0.955302,3.97,0.324878
-0.955302,4.15,0.310754
-0.955302,4.33,0.358715
-0.955302,4.51,0.578559
-0.955302,4.69,1.5323
-0.955302,4.87,-0.182085
-0.955302,5.05,-0.171802
-0.955302,5.23,-0.134752
-0.955302,5.41,-0.11484
-0.955302,5.59,-0.105035
-0.955302,5.77,-0.101327
-0.955302,5.95,-0.102115
-0.955302,6.13,-0.106896
-0.955302,6.31,-0.115974
-0.955302,6.49,-0.130484
-0.955302,6.67,-0.152878
-0.955302,6.85,-0.187844
-0.955302,7.03,-0.244711
-0.955302,7.21,-0.343044
-0.955302,7.39,-0.523195
-0.955302,7.57,-0.839179
-0.955302,7.75,-1.12765
-0.955302,7.93,-0.878907
-0.955302,8.11,-0.478925
-0.955302,8.29,-0.258588
-0.955302,8.47,-0.152239
-0.955302,8.65,-0.0977852
-0.955302,8.83,-0.0675834
-0.955302,9.01,-0.0496548
-0.955302,9.19,-0.0383944
-0.955302,9.37,-0.0309884
-0.955302,9.55,-0.0259421
-0.955302,9.73,-0.0224051
-0.955302,9.91,-0.0198695
-0.948014,1.09,0.0112274
-0.948014,1.27,0.0125982
-0.948014,1.45,-0.123589
-0.948014,1.63,-0.00672246
-0.948014,1.81,0.0875737
-0.948014,1.99,-0.0025816
-0.948014,2.17,0.0779956
-0.948014,2.35,0.104728
-0.948014,2.53,0.210905
-0.948014,2.71,-0.187064
-0.948014,2.89,-0.678744
-0.948014,3.07,-0.289195
-0.948014,3.25,0.16327
-0.948014,3.43,0.722026
-0.948014,3.61,0.84889
-0.948014,3.79,0.663119
-0.948014,3.97,0.507811
-0.948014,4.15,0.430895
-0.948014,4.33,0.417899
-0.948014,4.51,0.345833
-0.948014,4.69,-2.0832
-0.948014,4.87,-0.807222
-0.948014,5.05,-0.436518
-0.948014,5.23,-0.316791
-0.948014,5.41,-0.266887
-0.948014,5.59,-0.245565
-0.948014,5.77,-0.239248
-0.948014,5.95,-0.243177
-0.948014,6.13,-0.255863
-0.948014,6.31,-0.277756
-0.948014,6.49,-0.31103
-0.948014,6.67,-0.360432
-0.948014,6.85,-0.434686
-0.948014,7.03,-0.550027
-0.948014,7.21,-0.736347
-0.948014,7.39,-1.03626
-0.948014,7.57,-1.418
-0.948014,7.75,-1.46093
-0.948014,7.93,-0.923492
-0.948014,8.11,-0.4479
-0.948014,8.29,-0.208104
-0.948014,8.47,-0.0965544
-0.948014,8.65,-0.0427317
-0.948014,8.83,-0.0155489
-0.948014,9.01,-0.00148626
-0.948014,9.19,0.00577806
-0.948014,9.37,0.00937415
-0.948014,9.55,0.0109014
-0.948014,9.73,0.0112343
-0.948014,9.91,0.0108702
-0.940726,1.09,0.0332276
-0.940726,1.27,-0.0783501
-0.940726,1.45,-0.0729971
-0.940726,1.63,-0.0836433
-0.940726,1.81,0.133925
-0.940726,1.99,-0.00315388
-0.940726,2.17,0.0828843
-0.940726,2.35,0.101002
-0.940726,2.53,0.181043
-0.940726,2.71,-0.542222
-0.940726,2.89,-0.579213
-0.940726,3.07,-0.164799
-0.940726,3.25,0.336158
-0.940726,3.43,0.937628
-0.940726,3.61,0.967702
-0.940726,3.79,0.667231
-0.940726,3.97,0.433166
-0.940726,4.15,0.260731
-0.940726,4.33,-0.00623361
-0.940726,4.51,-1.40722
-0.940726,4.69,-2.37056
-0.940726,4.87,-0.877842
-0.940726,5.05,-0.492266
-0.940726,5.23,-0.359946
-0.940726,5.41,-0.305289
-0.940726,5.59,-0.28323
-0.940726,5.77,-0.278374
-0.940726,5.95,-0.285215
-0.940726,6.13,-0.302007
-0.940726,6.31,-0.329192
-0.940726,6.49,-0.369053
-0.940726,6.67,-0.426473
-0.940726,6.85,-0.509999
-0.940726,7.03,-0.634082
-0.940726,7.21,-0.819945
-0.940726,7.39,-1.0743
-0.940726,7.57,-1.26872
-0.940726,7.75,-1.04416
-0.940726,7.93,-0.531959
-0.940726,8.11,-0.190125
-0.940726,8.29,-0.0335904
-0.940726,8.47,0.0323887
-0.940726,8.65,0.0592174
-0.940726,8.83,0.0688699
-0.940726,9.01,0.0706773
-0.940726,9.19,0.0688883
-0.940726,9.37,0.0655201
-0.940726,9.55,0.0615196
-0.940726,9.73,0.0573557
-0.940726,9.91,0.0532607
-0.933438,1.09,0.0402196
-0.933438,1.27,-0.0275622
-0.933438,1.45,-0.042885
-0.933438,1.63,-0.0765249
-0.933438,1.81,0.220963
-0.933438,1.99,-0.00735942
-0.933438,2.17,0.0927233
-0.933438,2.35,0.0891577
-0.933438,2.53,0.134658
-0.933438,2.71,-0.848409
-0.933438,2.89,-0.465109
-0.933438,3.07,-0.0443946
-0.933438,3.25,0.517817
-0.933438,3.43,1.17096
-0.933438,3.61,1.03592
-0.933438,3.79,0.576155
-0.933438,3.97,0.233186
-0.933438,4.15,-0.0988304
-0.933438,4.33,-0.786346
-0.933438,4.51,-2.58279
-0.933438,4.69,-1.76158
-0.933438,4.87,-0.77578
-0.933438,5.05,-0.461905
-0.933438,5.23,-0.345521
-0.933438,5.41,-0.298093
-0.933438,5.59,-0.281134
-0.933438,5.77,-0.280648
-0.933438,5.95,-0.291515
-0.933438,6.13,-0.312153
-0.933438,6.31,-0.34304
-0.933438,6.49,-0.386349
-0.933438,6.67,-0.446461
-0.933438,6.85,-0.530461
-0.933438,7.03,-0.648429
-0.933438,7.21,-0.80811
-0.933438,7.39,-0.977611
-0.933438,7.57,-0.978099
-0.933438,7.75,-0.60709
-0.933438,7.93,-0.17697
-0.933438,8.11,0.048143
-0.933438,8.29,0.132779
-0.933438,8.47,0.157455
-0.933438,8.65,0.158998
-0.933438,8.83,0.151976
-0.933438,9.01,0.14208
-0.933438,9.19,0.13166
-0.933438,9.37,0.121678
-0.933438,9.55,0.112453
-0.933438,9.73,0.104062
-0.933438,9.91,0.096478
-0.92615,1.09,0.0315521
-0.92615,1.27,0.000516655
-0.92615,1.45,-0.0293645
-0.92615,1.63,-0.0633276
-0.92615,1.81,0.400148
-0.92615,1.99,-0.0131019
-0.92615,2.17,0.0980795
-0.92615,2.35,0.0727652
-0.92615,2.53,0.0691795
-0.92615,2.71,-0.981204
-0.92615,2.89,-0.352999
-0.92615,3.07,0.0723051
-0.92615,3.25,0.715935
-0.92615,3.43,1.41694
-0.92615,3.61,1.00039
-0.92615,3.79,0.352879
-0.92615,3.97,-0.104323
-0.92615,4.15,-0.607777
-0.92615,4.33,-1.53753
-0.92615,4.51,-2.3324
-0.92615,4.69,-1.28491
-0.92615,4.87,-0.621148
-0.92615,5.05,-0.380789
-0.92615,5.23,-0.288611
-0.92615,5.41,-0.253178
-0.92615,5.59,-0.243725
-0.92615,5.77,-0.248505
-0.92615,5.95,-0.263146
-0.92615,6.13,-0.286325
-0.92615,6.31,-0.318472
-0.92615,6.49,-0.36136
-0.92615,6.67,-0.418283
-0.92615,6.85,-0.493784
-0.92615,7.03,-0.5917
-0.92615,7.21,-0.703814
-0.92615,7.39,-0.763763
-0.92615,7.57,-0.588683
-0.92615,7.75,-0.163218
-0.92615,7.93,0.150365
-0.92615,8.11,0.264663
-0.92615,8.29,0.283411
-0.92615,8.47,0.270147
-0.92615,8.65,0.248509
-0.92615,8.83,0.226334
-0.92615,9.01,0.205942
-0.92615,9.19,0.187893
-0.92615,9.37,0.172146
-0.92615,9.55,0.15843
-0.92615,9.73,0.146448
-0.92615,9.91,0.135934
-0.918862,1.09,0.00847968
-0.918862,1.27,0.00407745
-0.918862,1.45,-0.0261791
-0.918862,1.63,-0.0557432
-0.918862,1.81,0.6072
-0.918862,1.99,-0.0178211
-0.918862,2.17,0.0651857
-0.918862,2.35,0.0547857
-0.918862,2.53,-0.0203888
-0.918862,2.71,-0.933649
-0.918862,2.89,-0.248664
-0.918862,3.07,0.187632
-0.918862,3.25,0.940768
-0.918862,3.43,1.64642
-0.918862,3.61,0.792837
-0.918862,3.79,-0.00201175
-0.918862,3.97,-0.518914
-0.918862,4.15,-1.08632
-0.918862,4.33,-1.8193
-0.918862,4.51,-1.78224
-0.918862,4.69,-0.918108
-0.918862,4.87,-0.447451
-0.918862,5.05,-0.267289
-0.918862,5.23,-0.199621
-0.918862,5.41,-0.177207
-0.918862,5.59,-0.175619
-0.918862,5.77,-0.185272
-0.918862,5.95,-0.202532
-0.918862,6.13,-0.226273
-0.918862,6.31,-0.256704
-0.918862,6.49,-0.294889
-0.918862,6.67,-0.342447
-0.918862,6.85,-0.400375
-0.918862,7.03,-0.464528
-0.918862,7.21,-0.508625
-0.918862,7.39,-0.437498
-0.918862,7.57,-0.112253
-0.918862,7.75,0.281294
-0.918862,7.93,0.443295
-0.918862,8.11,0.447664
-0.918862,8.29,0.405937
-0.918862,8.47,0.359247
-0.918862,8.65,0.317891
-0.918862,8.83,0.28326
-0.918862,9.01,0.254531
-0.918862,9.19,0.23062
-0.918862,9.37,0.210575
-0.918862,9.55,0.193602
-0.918862,9.73,0.179084
-0.918862,9.91,0.166551
-0.911574,1.09,-0.0301268
-0.911574,1.27,-0.004725
-0.911574,1.45,-0.0277595
-0.911574,1.63,-0.0517094
-0.911574,1.81,0.323958
-0.911574,1.99,-0.0181982
-0.911574,2.17,0.014748
-0.911574,2.35,0.0376008
-0.911574,2.53,-0.142467
-0.911574,2.71,-0.78875
-0.911574,2.89,-0.152315
-0.911574,3.07,0.305128
-0.911574,3.25,1.20587
-0.911574,3.43,1.77195
-0.911574,3.61,0.382111
-0.911574,3.79,-0.414442
-0.911574,3.97,-0.885899
-0.911574,4.15,-1.35463
-0.911574,4.33,-1.6962
-0.911574,4.51,-1.29389
-0.911574,4.69,-0.610792
-0.911574,4.87,-0.262616
-0.911574,5.05,-0.130097
-0.911574,5.23,-0.084902
-0.911574,5.41,-0.0749779
-0.911574,5.59,-0.0806185
-0.911574,5.77,-0.0940475
-0.911574,5.95,-0.112229
-0.911574,6.13,-0.134089
-0.911574,6.31,-0.159387
-0.911574,6.49,-0.188079
-0.911574,6.67,-0.219388
-0.911574,6.85,-0.249378
-0.911574,7.03,-0.263184
-0.911574,7.21,-0.212082
-0.911574,7.39,0.0205931
-0.911574,7.57,0.45288
-0.911574,7.75,0.70155
-0.911574,7.93,0.675812
-0.911574,8.11,0.575674
-0.911574,8.29,0.483377
-0.911574,8.47,0.411178
-0.911574,8.65,0.355974
-0.911574,8.83,0.313292
-0.911574,9.01,0.279623
-0.911574,9.19,0.252537
-0.911574,9.37,0.230367
-0.911574,9.55,0.211927
-0.911574,9.73,0.196372
-0.911574,9.91,0.18309
-0.904286,1.09,-0.111706
-0.904286,1.27,-0.0177877
-0.904286,1.45,-0.0294172
-0.904286,1.63,-0.0467552
-0.904286,1.81,0.0183367
-0.904286,1.99,-0.00981775
-0.904286,2.17,-0.0230985
-0.904286,2.35,0.0231298
-0.904286,2.53,-0.307761
-0.904286,2.71,-0.619667
-0.904286,2.89,-0.0619277
-0.904286,3.07,0.429077
-0.904286,3.25,1.52834
-0.904286,3.43,1.61022
-0.904286,3.61,-0.146557
-0.904286,3.79,-0.765182
-0.904286,3.97,-1.10497
-0.904286,4.15,-1.38624
-0.904286,4.33,-1.4024
-0.904286,4.51,-0.883189
-0.904286,4.69,-0.331008
-0.904286,4.87,-0.0663722
-0.904286,5.05,0.0273072
-0.904286,5.23,0.0520383
-0.904286,5.41,0.0503329
-0.904286,5.59,0.0384336
-0.904286,5.77,0.0226441
-0.904286,5.95,0.0055746
-0.904286,6.13,-0.0115544
-0.904286,6.31,-0.0277291
-0.904286,6.49,-0.0412023
-0.904286,6.67,-0.0476176
-0.904286,6.85,-0.0355333
-0.904286,7.03,0.0265505
-0.904286,7.21,0.220651
-0.904286,7.39,0.663137
-0.904286,7.57,1.08479
-0.904286,7.75,1.02964
-0.904286,7.93,0.802512
-0.904286,8.11,0.620834
-0.904286,8.29,0.497082
-0.904286,8.47,0.41234
-0.904286,8.65,0.35215
-0.904286,8.83,0.307723
-0.904286,9.01,0.273785
-0.904286,9.19,0.247107
-0.904286,9.37,0.225637
-0.904286,9.55,0.208012
-0.904286,9.73,0.193299
-0.904286,9.91,0.180843
-0.896998,1.09,-0.272661
-0.896998,1.27,-0.0273626
-0.896998,1.45,-0.0268645
-0.896998,1.63,-0.0369216
-0.896998,1.81,-0.0924622
-0.896998,1.99,0.0132945
-0.896998,2.17,-0.0494192
-0.896998,2.35,0.0131201
-0.896998,2.53,-0.519318
-0.896998,2.71,-0.460462
-0.896998,2.89,0.0248064
-0.896998,3.07,0.56424
-0.896998,3.25,1.92426
-0.896998,3.43,0.978303
-0.896998,3.61,-0.614617
-0.896998,3.79,-0.973636
-0.896998,3.97,-1.15986
-0.896998,4.15,-1.25634
-0.896998,4.33,-1.06362
-0.896998,4.51,-0.518551
-0.896998,4.69,-0.0578757
-0.896998,4.87,0.144444
-0.896998,5.05,0.204065
-0.896998,5.23,0.209244
-0.896998,5.41,0.196392
-0.896998,5.59,0.1791
-0.896998,5.77,0.162423
-0.896998,5.95,0.148713
-0.896998,6.13,0.139594
-0.896998,6.31,0.137349
-0.896998,6.49,0.146432
-0.896998,6.67,0.176991
-0.896998,6.85,0.253419
-0.896998,7.03,0.438183
-0.896998,7.21,0.873701
-0.896998,7.39,1.57349
-0.896998,7.57,1.64606
-0.896998,7.75,1.14525
-0.896998,7.93,0.772553
-0.896998,8.11,0.559412
-0.896998,8.29,0.433574
-0.896998,8.47,0.353798
-0.896998,8.65,0.299803
-0.896998,8.83,0.261244
-0.896998,9.01,0.232501
-0.896998,9.19,0.210321
-0.896998,9.37,0.19272
-0.896998,9.55,0.178432
-0.896998,9.73,0.166612
-0.896998,9.91,0.15668
-0.88971,1.09,-0.201315
-0.88971,1.27,-0.0251564
-0.88971,1.45,-0.0150134
-0.88971,1.63,-0.0199245
-0.88971,1.81,-0.122733
-0.88971,1.99,0.0595025
-0.88971,2.17,-0.0673278
-0.88971,2.35,0.00955912
-0.88971,2.53,-0.741221
-0.88971,2.71,-0.320917
-0.88971,2.89,0.109454
-0.88971,3.07,0.71582
-0.88971,3.25,2.37909
-0.88971,3.43,0.0482343
-0.88971,3.61,-0.898022
-0.88971,3.79,-1.03387
-0.88971,3.97,-1.08912
-0.88971,4.15,-1.03903
-0.88971,4.33,-0.716692
-0.88971,4.51,-0.169929
-0.88971,4.69,0.224424
-0.88971,4.87,0.37409
-0.88971,5.05,0.400232
-0.88971,5.23,0.384927
-0.88971,5.41,0.36046
-0.88971,5.59,0.338128
-0.88971,5.77,0.321794
-0.88971,5.95,0.313688
-0.88971,6.13,0.316176
-0.88971,6.31,0.333563
-0.88971,6.49,0.374743
-0.88971,6.67,0.459924
-0.88971,6.85,0.63862
-0.88971,7.03,1.04235
-0.88971,7.21,1.94379
-0.88971,7.39,2.72008
-0.88971,7.57,1.76046
-0.88971,7.75,0.936253
-0.88971,7.93,0.565362
-0.88971,8.11,0.388829
-0.88971,8.29,0.293866
-0.88971,8.47,0.237151
-0.88971,8.65,0.200403
-0.88971,8.83,0.175038
-0.88971,9.01,0.156643
-0.88971,9.19,0.142762
-0.88971,9.37,0.131942
-0.88971,9.55,0.123285
-0.88971,9.73,0.116208
-0.88971,9.91,0.11032
-0.882422,1.09,-0.141683
-0.882422,1.27,-0.00370986
-0.882422,1.45,0.0139713
-0.882422,1.63,0.00478224
-0.882422,1.81,-0.116491
-0.882422,1.99,0.141614
-0.882422,2.17,-0.0768222
-0.882422,2.35,0.015233
-0.882422,2.53,-0.863287
-0.882422,2.71,-0.201541
-0.882422,2.89,0.192374
-0.882422,3.07,0.889715
-0.882422,3.25,2.70774
-0.882422,3.43,-0.683704
-0.882422,3.61,-0.992524
-0.882422,3.79,-0.981514
-0.882422,3.97,-0.93726
-0.882422,4.15,-0.774703
-0.882422,4.33,-0.360534
-0.882422,4.51,0.188945
-0.882422,4.69,0.530031
-0.882422,4.87,0.626751
-0.882422,5.05,0.614848
-0.882422,5.23,0.575301
-0.882422,5.41,0.537039
-0.882422,5.59,0.508858
-0.882422,5.77,0.493219
-0.882422,5.95,0.492249
-0.882422,6.13,0.509413
-0.882422,6.31,0.552038
-0.882422,6.49,0.636094
-0.882422,6.67,0.799496
-0.882422,6.85,1.1438
-0.882422,7.03,1.97974
-0.882422,7.21,3.83695
-0.882422,7.39,3.0729
-0.882422,7.57,1.07059
-0.882422,7.75,0.436789
-0.882422,7.93,0.225835
-0.882422,8.11,0.139919
-0.882422,8.29,0.0994325
-0.882422,8.47,0.078214
-0.882422,8.65,0.0661678
-0.882422,8.83,0.0588831
-0.882422,9.01,0.054246
-0.882422,9.19,0.0511597
-0.882422,9.37,0.0490208
-0.882422,9.55,0.0474849
-0.882422,9.73,0.046346
-0.882422,9.91,0.0454771
-0.875134,1.09,-0.112515
-0.875134,1.27,0.0409392
-0.875134,1.45,0.0734496
-0.875134,1.63,0.0373194
-0.875134,1.81,-0.0892223
-0.875134,1.99,0.282631
-0.875134,2.17,-0.0762119
-0.875134,2.35,0.0345352
-0.875134,2.53,-0.780484
-0.875134,2.71,-0.100565
-0.875134,2.89,0.272659
-0.875134,3.07,1.09303
-0.875134,3.25,2.19783
-0.875134,3.43,-1.00702
-0.875134,3.61,-0.952934
-0.875134,3.79,-0.855093
-0.875134,3.97,-0.733608
-0.875134,4.15,-0.476112
-0.875134,4.33,0.0222693
-0.875134,4.51,0.585375
-0.875134,4.69,0.873465
-0.875134,4.87,0.904693
-0.875134,5.05,0.842639
-0.875134,5.23,0.770579
-0.875134,5.41,0.713294
-0.875134,5.59,0.675962
-0.875134,5.77,0.65887
-0.875134,5.95,0.663651
-0.875134,6.13,0.694767
-0.875134,6.31,0.762947
-0.875134,6.49,0.893104
-0.875134,6.67,1.14864
-0.875134,6.85,1.72448
-0.875134,7.03,3.36813
-0.875134,7.21,5.24616
-0.875134,7.39,0.817487
-0.875134,7.57,-0.0331454
-0.875134,7.75,-0.145033
-0.875134,7.93,-0.147149
-0.875134,8.11,-0.130265
-0.875134,8.29,-0.111642
-0.875134,8.47,-0.0950512
-0.875134,8.65,-0.0810397
-0.875134,8.83,-0.0693678
-0.875134,9.01,-0.0596556
-0.875134,9.19,-0.0515323
-0.875134,9.37,-0.0446869
-0.875134,9.55,-0.0388767
-0.875134,9.73,-0.0339094
-0.875134,9.91,-0.0296334
-0.867846,1.09,-0.0823308
-0.867846,1.27,0.106838
-0.867846,1.45,0.18719
-0.867846,1.63,0.0802107
-0.867846,1.81,-0.0503504
-0.867846,1.99,0.528702
-0.867846,2.17,-0.0637049
-0.867846,2.35,0.0750564
-0.867846,2.53,-0.551561
-0.867846,2.71,-0.0162661
-0.867846,2.89,0.348273
-0.867846,3.07,1.33438
-0.867846,3.25,0.367982
-0.867846,3.43,-1.0365
-0.867846,3.61,-0.832806
-0.867846,3.79,-0.680994
-0.867846,3.97,-0.491275
-0.867846,4.15,-0.137765
-0.867846,4.33,0.462087
-0.867846,4.51,1.05445
-0.867846,4.69,1.26977
-0.867846,4.87,1.20282
-0.867846,5.05,1.06624
-0.867846,5.23,0.946093
-0.867846,5.41,0.859189
-0.867846,5.59,0.804152
-0.867846,5.77,0.777051
-0.867846,5.95,0.777185
-0.867846,6.13,0.807507
-0.867846,6.31,0.877344
-0.867846,6.49,1.00906
-0.867846,6.67,1.25512
-0.867846,6.85,1.73541
-0.867846,7.03,1.87258
-0.867846,7.21,-2.02207
-0.867846,7.39,-1.34301
-0.867846,7.57,-0.855346
-0.867846,7.75,-0.6035
-0.867846,7.93,-0.45638
-0.867846,8.11,-0.361869
-0.867846,8.29,-0.296771
-0.867846,8.47,-0.249641
-0.867846,8.65,-0.214214
-0.867846,8.83,-0.18679
-0.867846,9.01,-0.165081
-0.867846,9.19,-0.147557
-0.867846,9.37,-0.133166
-0.867846,9.55,-0.121186
-0.867846,9.73,-0.111097
-0.867846,9.91,-0.102515
-0.860558,1.09,-0.0370124
-0.860558,1.27,0.184985
-0.860558,1.45,0.392009
-0.860558,1.63,0.143153
-0.860558,1.81,-0.00824263
-0.860558,1.99,0.881673
-0.860558,2.17,-0.0395516
-0.860558,2.35,0.151715
-0.860558,2.53,-0.313186
-0.860558,2.71,0.0525059
-0.860558,2.89,0.416015
-0.860558,3.07,1.62035
-0.860558,3.25,-0.984618
-0.860558,3.43,-0.918432
-0.860558,3.61,-0.66658
-0.860558,3.79,-0.472791
-0.860558,3.97,-0.210456
-0.860558,4.15,0.261864
-0.860558,4.33,1.01176
-0.860558,4.51,1.65034
-0.860558,4.69,1.72876
-0.860558,4.87,1.49238
-0.860558,5.05,1.23721
-0.860558,5.23,1.04285
-0.860558,5.41,0.907285
-0.860558,5.59,0.81596
-0.860558,5.77,0.75589
-0.860558,5.95,0.718178
-0.860558,6.13,0.693716
-0.860558,6.31,0.665808
-0.860558,6.49,0.58317
-0.860558,6.67,0.217495
-0.860558,6.85,-1.68347
-0.860558,7.03,-6.13915
-0.860558,7.21,-3.74849
-0.860558,7.39,-1.97566
-0.860558,7.57,-1.22918
-0.860558,7.75,-0.858181
-0.860558,7.93,-0.64556
-0.860558,8.11,-0.51104
-0.860558,8.29,-0.419736
-0.860558,8.47,-0.354478
-0.860558,8.65,-0.305963
-0.860558,8.83,-0.268765
-0.860558,9.01,-0.239567
-0.860558,9.19,-0.216178
-0.860558,9.37,-0.197099
-0.860558,9.55,-0.181314
-0.860558,9.73,-0.168096
-0.860558,9.91,-0.156914
-0.85327,1.09,0.0188621
-0.85327,1.27,0.240553
-0.85327,1.45,0.400361
-0.85327,1.63,0.254815
-0.85327,1.81,0.0305438
-0.85327,1.99,0.32234
-0.85327,2.17,-0.00896088
-0.85327,2.35,0.299613
-0.85327,2.53,-0.127844
-0.85327,2.71,0.105789
-0.85327,2.89,0.470537
-0.85327,3.07,1.92807
-0.85327,3.25,-1.22006
-0.85327,3.43,-0.734943
-0.85327,3.61,-0.471013
-0.85327,3.79,-0.23323
-0.85327,3.97,0.121064
-0.85327,4.15,0.769076
-0.85327,4.33,1.77962
-0.85327,4.51,2.46656
-0.85327,4.69,2.22038
-0.85327,4.87,1.66932
-0.85327,5.05,1.22935
-0.85327,5.23,0.927647
-0.85327,5.41,0.717183
-0.85327,5.59,0.557923
-0.85327,5.77,0.419095
-0.85327,5.95,0.271531
-0.85327,6.13,0.0714033
-0.85327,6.31,-0.273113
-0.85327,6.49,-0.992572
-0.85327,6.67,-2.64587
-0.85327,6.85,-5.25693
-0.85327,7.03,-5.09711
-0.85327,7.21,-3.14403
-0.85327,7.39,-1.91888
-0.85327,7.57,-1.27322
-0.85327,7.75,-0.911506
-0.85327,7.93,-0.691836
-0.85327,8.11,-0.548945
-0.85327,8.29,-0.450864
-0.85327,8.47,-0.380582
-0.85327,8.65,-0.328449
-0.85327,8.83,-0.288678
-0.85327,9.01,-0.25767
-0.85327,9.19,-0.233025
-0.85327,9.37,-0.213091
-0.85327,9.55,-0.196743
-0.85327,9.73,-0.183179
-0.85327,9.91,-0.171812
-0.845982,1.09,0.0538387
-0.845982,1.27,0.207306
-0.845982,1.45,-0.318202
-0.845982,1.63,0.521734
-0.845982,1.81,0.0617818
-0.845982,1.99,-0.382365
-0.845982,2.17,0.0162517
-0.845982,2.35,0.628991
-0.845982,2.53,-0.00366489
-0.845982,2.71,0.138499
-0.845982,2.89,0.501196
-0.845982,3.07,2.07071
-0.845982,3.25,-1.00008
-0.845982,3.43,-0.5175
-0.845982,3.61,-0.247989
-0.845982,3.79,0.0480974
-0.845982,3.97,0.539302
-0.845982,4.15,1.50367
-0.845982,4.33,3.08145
-0.845982,4.51,3.67796
-0.845982,4.69,2.50492
-0.845982,4.87,1.40531
-0.845982,5.05,0.746715
-0.845982,5.23,0.339767
-0.845982,5.41,0.0489964
-0.845982,5.59,-0.201025
-0.845982,5.77,-0.462033
-0.845982,5.95,-0.785704
-0.845982,6.13,-1.24381
-0.845982,6.31,-1.94603
-0.845982,6.49,-3.00601
-0.845982,6.67,-4.22672
-0.845982,6.85,-4.57996
-0.845982,7.03,-3.61097
-0.845982,7.21,-2.4171
-0.845982,7.39,-1.58686
-0.845982,7.57,-1.07931
-0.845982,7.75,-0.76859
-0.845982,7.93,-0.571471
-0.845982,8.11,-0.441111
-0.845982,8.29,-0.351686
-0.845982,8.47,-0.288307
-0.845982,8.65,-0.242116
-0.845982,8.83,-0.207642
-0.845982,9.01,-0.181407
-0.845982,9.19,-0.161103
-0.845982,9.37,-0.145146
-0.845982,9.55,-0.132448
-0.845982,9.73,-0.122236
-0.845982,9.91,-0.11395
-0.838694,1.09,0.0851842
-0.838694,1.27,0.334971
-0.838694,1.45,-0.2364
-0.838694,1.63,1.48002
-0.838694,1.81,0.0716175
-0.838694,1.99,-0.26319
-0.838694,2.17,0.0472549
-0.838694,2.35,1.88041
-0.838694,2.53,-0.0514063
-0.838694,2.71,0.0898044
-0.838694,2.89,0.478958
-0.838694,3.07,1.96345
-0.838694,3.25,-0.59625
-0.838694,3.43,-0.222574
-0.838694,3.61,0.0898767
-0.838694,3.79,0.536878
-0.838694,3.97,1.40136
-0.838694,4.15,3.48858
-0.838694,4.33,7.90728
-0.838694,4.51,5.18627
-0.838694,4.69,0.827631
-0.838694,4.87,-0.560251
-0.838694,5.05,-1.10363
-0.838694,5.23,-1.41711
-0.838694,5.41,-1.67364
-0.838694,5.59,-1.93883
-0.838694,5.77,-2.2469
-0.838694,5.95,-2.62249
-0.838694,6.13,-3.07531
-0.838694,6.31,-3.57339
-0.838694,6.49,-3.98429
-0.838694,6.67,-4.03692
-0.838694,6.85,-3.51142
-0.838694,7.03,-2.57977
-0.838694,7.21,-1.6542
-0.838694,7.39,-0.9621
-0.838694,7.57,-0.508948
-0.838694,7.75,-0.227132
-0.838694,7.93,-0.0544218
-0.838694,8.11,0.0514519
-0.838694,8.29,0.116107
-0.838694,8.47,0.1552
-0.838694,8.65,0.17823
-0.838694,8.83,0.191032
-0.838694,9.01,0.197308
-0.838694,9.19,0.199357
-0.838694,9.37,0.198639
-0.838694,9.55,0.196143
-0.838694,9.73,0.19253
-0.838694,9.91,0.18824
-0.831406,1.09,0.094019
-0.831406,1.27,-0.00335704
-0.831406,1.45,-0.0239484
-0.831406,1.63,1.29626
-0.831406,1.81,0.0517712
-0.831406,1.99,-0.110216
-0.831406,2.17,0.083482
-0.831406,2.35,2.70147
-0.831406,2.53,-0.168212
-0.831406,2.71,0.0394343
-0.831406,2.89,0.464247
-0.831406,3.07,0.820277
-0.831406,3.25,-0.318249
-0.831406,3.43,-0.0227275
-0.831406,3.61,0.302389
-0.831406,3.79,0.829287
-0.831406,3.97,1.94914
-0.831406,4.15,5.20143
-0.831406,4.33,11.0753
-0.831406,4.51,0.360528
-0.831406,4.69,-1.72389
-0.831406,4.87,-2.03998
-0.831406,5.05,-2.14079
-0.831406,5.23,-2.22993
-0.831406,5.41,-2.34723
-0.831406,5.59,-2.50369
-0.831406,5.77,-2.70088
-0.831406,5.95,-2.93394
-0.831406,6.13,-3.17852
-0.831406,6.31,-3.36978
-0.831406,6.49,-3.38033
-0.831406,6.67,-3.04582
-0.831406,6.85,-2.31839
-0.831406,7.03,-1.40197
-0.831406,7.21,-0.589623
-0.831406,7.39,-0.0203972
-0.831406,7.57,0.324207
-0.831406,7.75,0.513497
-0.831406,7.93,0.607871
-0.831406,8.11,0.647635
-0.831406,8.29,0.656445
-0.831406,8.47,0.648252
-0.831406,8.65,0.631083
-0.831406,8.83,0.60954
-0.831406,9.01,0.586357
-0.831406,9.19,0.562995
-0.831406,9.37,0.540203
-0.831406,9.55,0.518434
-0.831406,9.73,0.497908
-0.831406,9.91,0.478714
-0.824117,1.09,0.138264
-0.824117,1.27,-0.00552865
-0.824117,1.45,-0.0175617
-0.824117,1.63,-0.0393665
-0.824117,1.81,0.0707564
-0.824117,1.99,-0.114943
-0.824117,2.17,0.099572
-0.824117,2.35,1.54063
-0.824117,2.53,-0.147867
-0.824117,2.71,0.0513121
-0.824117,2.89,0.519062
-0.824117,3.07,-0.391019
-0.824117,3.25,-0.256714
-0.824117,3.43,0.0189605
-0.824117,3.61,0.342714
-0.824117,3.79,0.895717
-0.824117,3.97,2.14866
-0.824117,4.15,6.15256
-0.824117,4.33,7.79059
-0.824117,4.51,-0.994953
-0.824117,4.69,-1.93533
-0.824117,4.87,-2.05515
-0.824117,5.05,-2.10131
-0.824117,5.23,-2.16766
-0.824117,5.41,-2.27021
-0.824117,5.59,-2.41187
-0.824117,5.77,-2.58938
-0.824117,5.95,-2.79187
-0.824117,6.13,-2.98608
-0.824117,6.31,-3.09556
-0.824117,6.49,-2.98861
-0.824117,6.67,-2.53192
-0.824117,6.85,-1.7516
-0.824117,7.03,-0.891509
-0.824117,7.21,-0.196951
-0.824117,7.39,0.257167
-0.824117,7.57,0.515431
-0.824117,7.75,0.646394
-0.824117,7.93,0.702596
-0.824117,8.11,0.717329
-0.824117,8.29,0.709471
-0.824117,8.47,0.689942
-0.824117,8.65,0.664892
-0.824117,8.83,0.637754
-0.824117,9.01,0.610507
-0.824117,9.19,0.584144
-0.824117,9.37,0.559112
-0.824117,9.55,0.535651
-0.824117,9.73,0.513836
-0.824117,9.91,0.493653
-0.816829,1.09,0.276818
-0.816829,1.27,-0.00588681
-0.816829,1.45,-0.00930106
-0.816829,1.63,-0.205505
-0.816829,1.81,0.0925393
-0.816829,1.99,-0.10457
-0.816829,2.17,0.116276
-0.816829,2.35,-0.115546
-0.816829,2.53,-0.129429
-0.816829,2.71,0.0614037
-0.816829,2.89,0.584383
-0.816829,3.07,-0.574282
-0.816829,3.25,-0.200145
-0.816829,3.43,0.0560622
-0.816829,3.61,0.37828
-0.816829,3.79,0.95814
-0.816829,3.97,2.36796
-0.816829,4.15,7.2748
-0.816829,4.33,3.13827
-0.816829,4.51,-1.68734
-0.816829,4.69,-2.00521
-0.816829,4.87,-2.01356
-0.816829,5.05,-2.02631
-0.816829,5.23,-2.07632
-0.816829,5.41,-2.16537
-0.816829,5.59,-2.29084
-0.816829,5.77,-2.44522
-0.816829,5.95,-2.61177
-0.816829,6.13,-2.74868
-0.816829,6.31,-2.77056
-0.816829,6.49,-2.54992
-0.816829,6.67,-1.99639
-0.816829,6.85,-1.20412
-0.816829,7.03,-0.42835
-0.816829,7.21,0.144922
-0.816829,7.39,0.49301
-0.816829,7.57,0.67542
-0.816829,7.75,0.756186
-0.816829,7.93,0.779838
-0.816829,8.11,0.773332
-0.816829,8.29,0.75139
-0.816829,8.47,0.722334
-0.816829,8.65,0.690708
-0.816829,8.83,0.658947
-0.816829,9.01,0.628381
-0.816829,9.19,0.599604
-0.816829,9.37,0.572806
-0.816829,9.55,0.548042
-0.816829,9.73,0.525264
-0.816829,9.91,0.50437
-0.809541,1.09,0.157361
-0.809541,1.27,-0.00879731
-0.809541,1.45,-0.0031207
-0.809541,1.63,-0.17834
-0.809541,1.81,0.12074
-0.809541,1.99,-0.0912504
-0.809541,2.17,0.131691
-0.809541,2.35,-0.376649
-0.809541,2.53,-0.111787
-0.809541,2.71,0.0705393
-0.809541,2.89,0.658127
-0.809541,3.07,-0.51026
-0.809541,3.25,-0.150011
-0.809541,3.43,0.0875311
-0.809541,3.61,0.406354
-0.809541,3.79,1.0103
-0.809541,3.97,2.59666
-0.809541,4.15,8.13779
-0.809541,4.33,-0.181462
-0.809541,4.51,-1.97405
-0.809541,4.69,-1.97518
-0.809541,4.87,-1.92322
-0.809541,5.05,-1.91556
-0.809541,5.23,-1.95253
-0.809541,5.41,-2.02757
-0.809541,5.59,-2.13406
-0.809541,5.77,-2.2607
-0.809541,5.95,-2.38505
-0.809541,6.13,-2.45789
-0.809541,6.31,-2.38908
-0.809541,6.49,-2.06509
-0.809541,6.67,-1.44681
-0.809541,6.85,-0.682466
-0.809541,7.03,-0.0122754
-0.809541,7.21,0.440089
-0.809541,7.39,0.691226
-0.809541,7.57,0.806891
-0.809541,7.75,0.844259
-0.809541,7.93,0.840024
-0.809541,8.11,0.81544
-0.809541,8.29,0.781598
-0.809541,8.47,0.744568
-0.809541,8.65,0.707511
-0.809541,8.83,0.671997
-0.809541,9.01,0.638797
-0.809541,9.19,0.608155
-0.809541,9.37,0.58004
-0.809541,9.55,0.554353
-0.809541,9.73,0.530934
-0.809541,9.91,0.509606
-0.802253,1.09,0.0202554
-0.802253,1.27,-0.0113554
-0.802253,1.45,0.000506796
-0.802253,1.63,-0.136687
-0.802253,1.81,0.157478
-0.802253,1.99,-0.0771434
-0.802253,2.17,0.160163
-0.802253,2.35,-0.35218
-0.802253,2.53,-0.0977568
-0.802253,2.71,0.0782891
-0.802253,2.89,0.712621
-0.802253,3.07,-0.418616
-0.802253,3.25,-0.109005
-0.802253,3.43,0.115284
-0.802253,3.61,0.43607
-0.802253,3.79,1.0774
-0.802253,3.97,2.91163
-0.802253,4.15,7.54839
-0.802253,4.33,-1.53036
-0.802253,4.51,-1.99269
-0.802253,4.69,-1.88164
-0.802253,4.87,-1.8133
-0.802253,5.05,-1.80129
-0.802253,5.23,-1.83377
-0.802253,5.41,-1.90104
-0.802253,5.59,-1.99429
-0.802253,5.77,-2.09916
-0.802253,5.95,-2.1879
-0.802253,6.13,-2.20415
-0.802253,6.31,-2.05463
-0.802253,6.49,-1.64453
-0.802253,6.67,-0.987626
-0.802253,6.85,-0.271651
-0.802253,7.03,0.293746
-0.802253,7.21,0.641665
-0.802253,7.39,0.815373
-0.802253,7.57,0.880673
-0.802253,7.75,0.886911
-0.802253,7.93,0.863702
-0.802253,8.11,0.827541
-0.802253,8.29,0.786616
-0.802253,8.47,0.745256
-0.802253,8.65,0.705578
-0.802253,8.83,0.668523
-0.802253,9.01,0.634457
-0.802253,9.19,0.603385
-0.802253,9.37,0.575138
-0.802253,9.55,0.549511
-0.802253,9.73,0.526281
-0.802253,9.91,0.505226
-0.794965,1.09,-0.00087577
-0.794965,1.27,-0.0134164
-0.794965,1.45,0.00206834
-0.794965,1.63,-0.105725
-0.794965,1.81,0.198963
-0.794965,1.99,-0.0631081
-0.794965,2.17,0.196595
-0.794965,2.35,-0.303257
-0.794965,2.53,-0.0851751
-0.794965,2.71,0.085125
-0.794965,2.89,0.489511
-0.794965,3.07,-0.332782
-0.794965,3.25,-0.0729635
-0.794965,3.43,0.139328
-0.794965,3.61,0.461647
-0.794965,3.79,1.14249
-0.794965,3.97,3.26718
-0.794965,4.15,3.80685
-0.794965,4.33,-1.99958
-0.794965,4.51,-1.91254
-0.794965,4.69,-1.75976
-0.794965,4.87,-1.68792
-0.794965,5.05,-1.67465
-0.794965,5.23,-1.70296
-0.794965,5.41,-1.76152
-0.794965,5.59,-1.83968
-0.794965,5.77,-1.92003
-0.794965,5.95,-1.96961
-0.794965,6.13,-1.92619
-0.794965,6.31,-1.69815
-0.794965,6.49,-1.21827
-0.794965,6.67,-0.553445
-0.794965,6.85,0.0894312
-0.794965,7.03,0.546003
-0.794965,7.21,0.798521
-0.794965,7.39,0.905934
-0.794965,7.57,0.929694
-0.794965,7.75,0.910928
-0.794965,7.93,0.872863
-0.794965,8.11,0.827911
-0.794965,8.29,0.781834
-0.794965,8.47,0.737524
-0.794965,8.65,0.696243
-0.794965,8.83,0.658418
-0.794965,9.01,0.624085
-0.794965,9.19,0.593063
-0.794965,9.37,0.565071
-0.794965,9.55,0.539826
-0.794965,9.73,0.517054
-0.794965,9.91,0.496498
-0.787677,1.09,-0.0077378
-0.787677,1.27,-0.01396
-0.787677,1.45,0.00238544
-0.787677,1.63,-0.0832009
-0.787677,1.81,0.17458
-0.787677,1.99,-0.0495606
-0.787677,2.17,0.238956
-0.787677,2.35,-0.257497
-0.787677,2.53,-0.0730495
-0.787677,2.71,0.09128
-0.787677,2.89,-0.579503
-0.787677,3.07,-0.259712
-0.787677,3.25,-0.041674
-0.787677,3.43,0.158693
-0.787677,3.61,0.479857
-0.787677,3.79,1.19593
-0.787677,3.97,3.57677
-0.787677,4.15,-0.351009
-0.787677,4.33,-2.06127
-0.787677,4.51,-1.77719
-0.787677,4.69,-1.61643
-0.787677,4.87,-1.54696
-0.787677,5.05,-1.53305
-0.787677,5.23,-1.55608
-0.787677,5.41,-1.60384
-0.787677,5.59,-1.66395
-0.787677,5.77,-1.71597
-0.787677,5.95,-1.72219
-0.787677,6.13,-1.61668
-0.787677,6.31,-1.31575
-0.787677,6.49,-0.787701
-0.787677,6.67,-0.146762
-0.787677,6.85,0.403257
-0.787677,7.03,0.751106
-0.787677,7.21,0.917676
-0.787677,7.39,0.968524
-0.787677,7.57,0.957977
-0.787677,7.75,0.919081
-0.787677,7.93,0.869383
-0.787677,8.11,0.817802
-0.787677,8.29,0.768068
-0.787677,8.47,0.721874
-0.787677,8.65,0.679778
-0.787677,8.83,0.641784
-0.787677,9.01,0.607658
-0.787677,9.19,0.577065
-0.787677,9.37,0.549639
-0.787677,9.55,0.525036
-0.787677,9.73,0.50294
-0.787677,9.91,0.483072
-0.780389,1.09,-0.0107079
-0.780389,1.27,-0.00974822
-0.780389,1.45,0.0020189
-0.780389,1.63,-0.0651414
-0.780389,1.81,-0.499417
-0.780389,1.99,-0.0366541
-0.780389,2.17,0.282141
-0.780389,2.35,-0.216625
-0.780389,2.53,-0.0607439
-0.780389,2.71,0.097263
-0.780389,2.89,-0.952524
-0.780389,3.07,-0.200269
-0.780389,3.25,-0.0154586
-0.780389,3.43,0.173405
-0.780389,3.61,0.491302
-0.780389,3.79,1.23713
-0.780389,3.97,3.57906
-0.780389,4.15,-2.07464
-0.780389,4.33,-1.92701
-0.780389,4.51,-1.60841
-0.780389,4.69,-1.45916
-0.780389,4.87,-1.39632
-0.780389,5.05,-1.38276
-0.780389,5.23,-1.40042
-0.780389,5.41,-1.43674
-0.780389,5.59,-1.47781
-0.780389,5.77,-1.50032
-0.780389,5.95,-1.46251
-0.780389,6.13,-1.29734
-0.780389,6.31,-0.935121
-0.780389,6.49,-0.384626
-0.780389,6.67,0.204107
-0.780389,6.85,0.650307
-0.780389,7.03,0.896253
-0.780389,7.21,0.989535
-0.780389,7.39,0.99507
-0.780389,7.57,0.958459
-0.780389,7.75,0.905153
-0.780389,7.93,0.847785
-0.780389,8.11,0.792377
-0.780389,8.29,0.741023
-0.780389,8.47,0.694471
-0.780389,8.65,0.652731
-0.780389,8.83,0.615489
-0.780389,9.01,0.58231
-0.780389,9.19,0.552751
-0.780389,9.37,0.526392
-0.780389,9.55,0.50285
-0.780389,9.73,0.481787
-0.780389,9.91,0.462911
-0.773101,1.09,-0.0130722
-0.773101,1.27,0.00108587
-0.773101,1.45,0.00379999
-0.773101,1.63,-0.0507991
-0.773101,1.81,-0.667495
-0.773101,1.99,-0.0221114
-0.773101,2.17,0.289367
-0.773101,2.35,-0.184506
-0.773101,2.53,-0.0504521
-0.773101,2.71,0.101885
-0.773101,2.89,-0.672055
-0.773101,3.07,-0.152111
-0.773101,3.25,0.00733178
-0.773101,3.43,0.187578
-0.773101,3.61,0.506096
-0.773101,3.79,1.29072
-0.773101,3.97,2.64321
-0.773101,4.15,-2.302
-0.773101,4.33,-1.72653
-0.773101,4.51,-1.43995
-0.773101,4.69,-1.31176
-0.773101,4.87,-1.25848
-0.773101,5.05,-1.2471
-0.773101,5.23,-1.26114
-0.773101,5.41,-1.28807
-0.773101,5.59,-1.31247
-0.773101,5.77,-1.30821
-0.773101,5.95,-1.22976
-0.773101,6.13,-1.01087
-0.773101,6.31,-0.600868
-0.773101,6.49,-0.050588
-0.773101,6.67,0.46857
-0.773101,6.85,0.813351
-0.773101,7.03,0.973258
-0.773101,7.21,1.01059
-0.773101,7.39,0.984462
-0.773101,7.57,0.931422
-0.773101,7.75,0.870314
-0.773101,7.93,0.809839
-0.773101,8.11,0.753815
-0.773101,8.29,0.703155
-0.773101,8.47,0.65795
-0.773101,8.65,0.617853
-0.773101,8.83,0.582353
-0.773101,9.01,0.550897
-0.773101,9.19,0.52299
-0.773101,9.37,0.498197
-0.773101,9.55,0.476122
-0.773101,9.73,0.456427
-0.773101,9.91,0.438822
-0.765813,1.09,-0.0154134
-0.765813,1.27,0.0231028
-0.765813,1.45,0.00805438
-0.765813,1.63,-0.0392186
-0.765813,1.81,-0.39039
-0.765813,1.99,-0.00738709
-0.765813,2.17,-0.269735
-0.765813,2.35,-0.157127
-0.765813,2.53,-0.0399376
-0.765813,2.71,0.10359
-0.765813,2.89,-0.444809
-0.765813,3.07,-0.111932
-0.765813,3.25,0.0265572
-0.765813,3.43,0.197594
-0.765813,3.61,0.512926
-0.765813,3.79,1.30783
-0.765813,3.97,-0.145512
-0.765813,4.15,-2.10634
-0.765813,4.33,-1.51346
-0.765813,4.51,-1.27102
-0.765813,4.69,-1.16347
-0.765813,4.87,-1.11857
-0.765813,5.05,-1.10815
-0.765813,5.23,-1.11738
-0.765813,5.41,-1.13356
-0.765813,5.59,-1.13981
-0.765813,5.77,-1.10727
-0.765813,5.95,-0.987873
-0.765813,6.13,-0.720134
-0.765813,6.31,-0.279035
-0.765813,6.49,0.244484
-0.765813,6.67,0.676862
-0.765813,6.85,0.922637
-0.765813,7.03,1.00866
-0.765813,7.21,1.00186
-0.765813,7.39,0.952599
-0.765813,7.57,0.888699
-0.765813,7.75,0.823371
-0.765813,7.93,0.762128
-0.765813,8.11,0.707062
-0.765813,8.29,0.65819
-0.765813,8.47,0.615119
-0.765813,8.65,0.577248
-0.765813,8.83,0.543935
-0.765813,9.01,0.51455
-0.765813,9.19,0.488574
-0.765813,9.37,0.465573
-0.765813,9.55,0.445152
-0.765813,9.73,0.426978
-0.765813,9.91,0.410771
-0.758525,1.09,-0.0169076
-0.758525,1.27,0.0669001
-0.758525,1.45,0.0166595
-0.758525,1.63,-0.0294993
-0.758525,1.81,-0.249299
-0.758525,1.99,0.00685572
-0.758525,2.17,-0.86426
-0.758525,2.35,-0.132489
-0.758525,2.53,-0.0283871
-0.758525,2.71,0.0965373
-0.758525,2.89,-0.298408
-0.758525,3.07,-0.0782884
-0.758525,3.25,0.0420166
-0.758525,3.43,0.201993
-0.758525,3.61,0.505869
-0.758525,3.79,1.21754
-0.758525,3.97,-2.43669
-0.758525,4.15,-1.80243
-0.758525,4.33,-1.30084
-0.758525,4.51,-1.10225
-0.758525,4.69,-1.01311
-0.758525,4.87,-0.974801
-0.758525,5.05,-0.963814
-0.758525,5.23,-0.966701
-0.758525,5.41,-0.970566
-0.758525,5.59,-0.957026
-0.758525,5.77,-0.895009
-0.758525,5.95,-0.73575
-0.758525,6.13,-0.427464
-0.758525,6.31,0.0237212
-0.758525,6.49,0.494544
-0.758525,6.67,0.829273
-0.758525,6.85,0.983058
-0.758525,7.03,1.00788
-0.758525,7.21,0.967566
-0.758525,7.39,0.902332
-0.758525,7.57,0.832127
-0.758525,7.75,0.765465
-0.758525,7.93,0.70533
-0.758525,8.11,0.65248
-0.758525,8.29,0.606273
-0.758525,8.47,0.565971
-0.758525,8.65,0.5308
-0.758525,8.83,0.500037
-0.758525,9.01,0.473011
-0.758525,9.19,0.449197
-0.758525,9.37,0.428175
-0.758525,9.55,0.409561
-0.758525,9.73,0.393036
-0.758525,9.91,0.378335
-0.751237,1.09,-0.0162554
-0.751237,1.27,0.123888
-0.751237,1.45,0.0292134
-0.751237,1.63,-0.0199138
-0.751237,1.81,-0.170974
-0.751237,1.99,0.0193791
-0.751237,2.17,-0.586776
-0.751237,2.35,-0.108747
-0.751237,2.53,-0.0148485
-0.751237,2.71,0.0568057
-0.751237,2.89,-0.201724
-0.751237,3.07,-0.0505788
-0.751237,3.25,0.0532404
-0.751237,3.43,0.199515
-0.751237,3.61,0.479091
-0.751237,3.79,0.863887
-0.751237,3.97,-2.65991
-0.751237,4.15,-1.48252
-0.751237,4.33,-1.09124
-0.751237,4.51,-0.933221
-0.751237,4.69,-0.860427
-0.751237,4.87,-0.827371
-0.751237,5.05,-0.814798
-0.751237,5.23,-0.810511
-0.751237,5.41,-0.80141
-0.751237,5.59,-0.767878
-0.751237,5.77,-0.677474
-0.751237,5.95,-0.483318
-0.751237,6.13,-0.148608
-0.751237,6.31,0.286958
-0.751237,6.49,0.681744
-0.751237,6.67,0.915443
-0.751237,6.85,0.989135
-0.751237,7.03,0.966954
-0.751237,7.21,0.903991
-0.751237,7.39,0.830057
-0.751237,7.57,0.758271
-0.751237,7.75,0.693392
-0.751237,7.93,0.636486
-0.751237,8.11,0.587347
-0.751237,8.29,0.544896
-0.751237,8.47,0.508185
-0.751237,8.65,0.476349
-0.751237,8.83,0.448639
-0.751237,9.01,0.424379
-0.751237,9.19,0.403063
-0.751237,9.37,0.384297
-0.751237,9.55,0.367722
-0.751237,9.73,0.353041
-0.751237,9.91,0.340007
-0.743949,1.09,-0.00813784
-0.743949,1.27,-0.152868
-0.743949,1.45,0.0346226
-0.743949,1.63,-0.0111632
-0.743949,1.81,-0.119413
-0.743949,1.99,0.0328099
-0.743949,2.17,-0.390365
-0.743949,2.35,-0.0896576
-0.743949,2.53,-0.00150805
-0.743949,2.71,-0.069692
-0.743949,2.89,-0.134293
-0.743949,3.07,-0.0276889
-0.743949,3.25,0.0624511
-0.743949,3.43,0.196418
-0.743949,3.61,0.447399
-0.743949,3.79,0.0577905
-0.743949,3.97,-2.14435
-0.743949,4.15,-1.19925
-0.743949,4.33,-0.907131
-0.743949,4.51,-0.784573
-0.743949,4.69,-0.726403
-0.743949,4.87,-0.698439
-0.743949,5.05,-0.68509
-0.743949,5.23,-0.675237
-0.743949,5.41,-0.655582
-0.743949,5.59,-0.605452
-0.743949,5.77,-0.491657
-0.743949,5.95,-0.271388
-0.743949,6.13,0.0730805
-0.743949,6.31,0.470491
-0.743949,6.49,0.778597
-0.743949,6.67,0.922704
-0.743949,6.85,0.937499
-0.743949,7.03,0.886956
-0.743949,7.21,0.814373
-0.743949,7.39,0.740169
-0.743949,7.57,0.672185
-0.743949,7.75,0.612578
-0.743949,7.93,0.561218
-0.743949,8.11,0.517374
-0.743949,8.29,0.479786
-0.743949,8.47,0.447457
-0.743949,8.65,0.419533
-0.743949,8.83,0.395304
-0.743949,9.01,0.374127
-0.743949,9.19,0.355545
-0.743949,9.37,0.339215
-0.743949,9.55,0.324817
-0.743949,9.73,0.312085
-0.743949,9.91,0.3008
-0.736661,1.09,0.0305265
-0.736661,1.27,-0.151498
-0.736661,1.45,-0.134507
-0.736661,1.63,-0.00162458
-0.736661,1.81,-0.0810677
-0.736661,1.99,0.0422835
-0.736661,2.17,-0.276524
-0.736661,2.35,-0.0717731
-0.736661,2.53,0.0142671
-0.736661,2.71,-0.157616
-0.736661,2.89,-0.084935
-0.736661,3.07,-0.00912185
-0.736661,3.25,0.0674944
-0.736661,3.43,0.185551
-0.736661,3.61,0.381978
-0.736661,3.79,-1.43585
-0.736661,3.97,-1.6038
-0.736661,4.15,-0.945512
-0.736661,4.33,-0.732891
-0.736661,4.51,-0.639744
-0.736661,4.69,-0.593724
-0.736661,4.87,-0.569651
-0.736661,5.05,-0.554963
-0.736661,5.23,-0.53948
-0.736661,5.41,-0.509862
-0.736661,5.59,-0.444967
-0.736661,5.77,-0.312427
-0.736661,5.95,-0.0771248
-0.736661,6.13,0.255804
-0.736661,6.31,0.591357
-0.736661,6.49,0.806638
-0.736661,6.67,0.874165
-0.736661,6.85,0.847206
-0.736661,7.03,0.781176
-0.736661,7.21,0.707045
-0.736661,7.39,0.637402
-0.736661,7.57,0.576138
-0.736661,7.75,0.523627
-0.736661,7.93,0.479003
-0.736661,8.11,0.441258
-0.736661,8.29,0.409103
-0.736661,8.47,0.38157
-0.736661,8.65,0.35787
-0.736661,8.83,0.337362
-0.736661,9.01,0.31946
-0.736661,9.19,0.303766
-0.736661,9.37,0.289999
-0.736661,9.55,0.277878
-0.736661,9.73,0.267177
-0.736661,9.91,0.257707
-0.729373,1.09,0.230067
-0.729373,1.27,-0.100577
-0.729373,1.45,-0.134369
-0.729373,1.63,0.0114179
-0.729373,1.81,-0.049825
-0.729373,1.99,0.0416199
-0.729373,2.17,-0.200295
-0.729373,2.35,-0.0545565
-0.729373,2.53,0.0335196
-0.729373,2.71,-0.0766839
-0.729373,2.89,-0.0480272
-0.729373,3.07,0.00498012
-0.729373,3.25,0.067273
-0.729373,3.43,0.164094
-0.729373,3.61,0.260573
-0.729373,3.79,-2.32098
-0.729373,3.97,-1.14295
-0.729373,4.15,-0.713393
-0.729373,4.33,-0.564365
-0.729373,4.51,-0.495891
-0.729373,4.69,-0.460188
-0.729373,4.87,-0.439291
-0.729373,5.05,-0.423239
-0.729373,5.23,-0.402849
-0.729373,5.41,-0.365187
-0.729373,5.59,-0.289709
-0.729373,5.77,-0.147152
-0.729373,5.95,0.0861115
-0.729373,6.13,0.381815
-0.729373,6.31,0.636106
-0.729373,6.49,0.762133
-0.729373,6.67,0.771259
-0.729373,6.85,0.719991
-0.729373,7.03,0.650258
-0.729373,7.21,0.581707
-0.729373,7.39,0.520884
-0.729373,7.57,0.468964
-0.729373,7.75,0.425239
-0.729373,7.93,0.388492
-0.729373,8.11,0.357647
-0.729373,8.29,0.331509
-0.729373,8.47,0.309217
-0.729373,8.65,0.290086
-0.729373,8.83,0.273571
-0.729373,9.01,0.25917
-0.729373,9.19,0.246555
-0.729373,9.37,0.235506
-0.729373,9.55,0.225792
-0.729373,9.73,0.217228
-0.729373,9.91,0.20966
-0.722085,1.09,0.0852443
-0.722085,1.27,-0.0564972
-0.722085,1.45,-0.100159
-0.722085,1.63,0.0351716
-0.722085,1.81,-0.0234073
-0.722085,1.99,0.0141461
-0.722085,2.17,-0.137276
-0.722085,2.35,-0.0362572
-0.722085,2.53,0.056443
-0.722085,2.71,-0.0187027
-0.722085,2.89,-0.0209016
-0.722085,3.07,0.0134924
-0.722085,3.25,0.0587435
-0.722085,3.43,0.125029
-0.722085,3.61,0.0437983
-0.722085,3.79,-1.76763
-0.722085,3.97,-0.742261
-0.722085,4.15,-0.485927
-0.722085,4.33,-0.389816
-0.722085,4.51,-0.343071
-0.722085,4.69,-0.316732
-0.722085,4.87,-0.298922
-0.722085,5.05,-0.282211
-0.722085,5.23,-0.258854
-0.722085,5.41,-0.217392
-0.722085,5.59,-0.13994
-0.722085,5.77,-0.00370967
-0.722085,5.95,0.20051
-0.722085,6.13,0.427908
-0.722085,6.31,0.587273
-0.722085,6.49,0.636116
-0.722085,6.67,0.607998
-0.722085,6.85,0.549502
-0.722085,7.03,0.487115
-0.722085,7.21,0.43096
-0.722085,7.39,0.383272
-0.722085,7.57,0.343568
-0.722085,7.75,0.310647
-0.722085,7.93,0.283263
-0.722085,8.11,0.260448
-0.722085,8.29,0.241218
-0.722085,8.47,0.224885
-0.722085,8.65,0.210913
-0.722085,8.83,0.198884
-0.722085,9.01,0.188406
-0.722085,9.19,0.179237
-0.722085,9.37,0.171218
-0.722085,9.55,0.164178
-0.722085,9.73,0.157979
-0.722085,9.91,0.152508
-0.714797,1.09,-0.042842
-0.714797,1.27,-0.0152536
-0.714797,1.45,-0.0671226
-0.714797,1.63,0.0836732
-0.714797,1.81,-0.00312543
-0.714797,1.99,-0.0512785
-0.714797,2.17,-0.0763205
-0.714797,2.35,-0.0190549
-0.714797,2.53,0.0695432
-0.714797,2.71,0.0062523
-0.714797,2.89,-0.0036393
-0.714797,3.07,0.0138591
-0.714797,3.25,0.0395395
-0.714797,3.43,0.0726012
-0.714797,3.61,-0.169815
-0.714797,3.79,-0.835451
-0.714797,3.97,-0.374053
-0.714797,4.15,-0.256152
-0.714797,4.33,-0.208511
-0.714797,4.51,-0.18401
-0.714797,4.69,-0.16913
-0.714797,4.87,-0.157755
-0.714797,5.05,-0.145524
-0.714797,5.23,-0.127354
-0.714797,5.41,-0.0954469
-0.714797,5.59,-0.0380254
-0.714797,5.77,0.0575662
-0.714797,5.95,0.188547
-0.714797,6.13,0.314045
-0.714797,6.31,0.381374
-0.714797,6.49,0.384502
-0.714797,6.67,0.353045
-0.714797,6.85,0.312265
-0.714797,7.03,0.273643
-0.714797,7.21,0.240608
-0.714797,7.39,0.21328
-0.714797,7.57,0.19086
-0.714797,7.75,0.172434
-0.714797,7.93,0.157193
-0.714797,8.11,0.144546
-0.714797,8.29,0.133916
-0.714797,8.47,0.124904
-0.714797,8.65,0.117207
-0.714797,8.83,0.110589
-0.714797,9.01,0.104824
-0.714797,9.19,0.0997779
-0.714797,9.37,0.095368
-0.714797,9.55,0.0914996
-0.714797,9.73,0.0880959
-0.714797,9.91,0.0850943
-0.707509,1.09,0
-0.707509,1.27,0
-0.707509,1.45,0
-0.707509,1.63,0
-0.707509,1.81,0
-0.707509,1.99,0
-0.707509,2.17,0
-0.707509,2.35,0
-0.707509,2.53,0
-0.707509,2.71,0
-0.707509,2.89,0
-0.707509,3.07,0
-0.707509,3.25,0
-0.707509,3.43,0
-0.707509,3.61,0
-0.707509,3.79,0
-0.707509,3.97,0
-0.707509,4.15,0
-0.707509,4.33,0
-0.707509,4.51,0
-0.707509,4.69,0
-0.707509,4.87,0
-0.707509,5.05,0
-0.707509,5.23,0
-0.707509,5.41,0
-0.707509,5.59,0
-0.707509,5.77,0
-0.707509,5.95,0
-0.707509,6.13,0
-0.707509,6.31,0
-0.707509,6.49,0
-0.707509,6.67,0
-0.707509,6.85,0
-0.707509,7.03,0
-0.707509,7.21,0
-0.707509,7.39,0
-0.707509,7.57,0
-0.707509,7.75,0
-0.707509,7.93,0
-0.707509,8.11,0
-0.707509,8.29,0
-0.707509,8.47,0
-0.707509,8.65,0
-0.707509,8.83,0
-0.707509,9.01,0
-0.707509,9.19,0
-0.707509,9.37,0
-0.707509,9.55,0
-0.707509,9.73,0
-0.707509,9.91,0
-0.700221,1.09,0
-0.700221,1.27,0
-0.700221,1.45,0
-0.700221,1.63,0
-0.700221,1.81,0
-0.700221,1.99,0
-0.700221,2.17,0
-0.700221,2.35,0
-0.700221,2.53,0
-0.700221,2.71,0
-0.700221,2.89,0
-0.700221,3.07,0
-0.700221,3.25,0
-0.700221,3.43,0
-0.700221,3.61,0
-0.700221,3.79,0
-0.700221,3.97,0
-0.700221,4.15,0
-0.700221,4.33,0
-0.700221,4.51,0
-0.700221,4.69,0
-0.700221,4.87,0
-0.700221,5.05,0
-0.700221,5.23,0
-0.700221,5.41,0
-0.700221,5.59,0
-0.700221,5.77,0
-0.700221,5.95,0
-0.700221,6.13,0
-0.700221,6.31,0
-0.700221,6.49,0
-0.700221,6.67,0
-0.700221,6.85,0
-0.700221,7.03,0
-0.700221,7.21,0
-0.700221,7.39,0
-0.700221,7.57,0
-0.700221,7.75,0
-0.700221,7.93,0
-0.700221,8.11,0
-0.700221,8.29,0
-0.700221,8.47,0
-0.700221,8.65,0
-0.700221,8.83,0
-0.700221,9.01,0
-0.700221,9.19,0
-0.700221,9.37,0
-0.700221,9.55,0
-0.700221,9.73,0
-0.700221,9.91,0
-0.692933,1.09,0
-0.692933,1.27,0
-0.692933,1.45,0
-0.692933,1.63,0
-0.692933,1.81,0
-0.692933,1.99,0
-0.692933,2.17,0
-0.692933,2.35,0
-0.692933,2.53,0
-0.692933,2.71,0
-0.692933,2.89,0
-0.692933,3.07,0
-0.692933,3.25,0
-0.692933,3.43,0
-0.692933,3.61,0
-0.692933,3.79,0
-0.692933,3.97,0
-0.692933,4.15,0
-0.692933,4.33,0
-0.692933,4.51,0
-0.692933,4.69,0
-0.692933,4.87,0
-0.692933,5.05,0
-0.692933,5.23,0
-0.692933,5.41,0
-0.692933,5.59,0
-0.692933,5.77,0
-0.692933,5.95,0
-0.692933,6.13,0
-0.692933,6.31,0
-0.692933,6.49,0
-0.692933,6.67,0
-0.692933,6.85,0
-0.692933,7.03,0
-0.692933,7.21,0
-0.692933,7.39,0
-0.692933,7.57,0
-0.692933,7.75,0
-0.692933,7.93,0
-0.692933,8.11,0
-0.692933,8.29,0
-0.692933,8.47,0
-0.692933,8.65,0
-0.692933,8.83,0
-0.692933,9.01,0
-0.692933,9.19,0
-0.692933,9.37,0
-0.692933,9.55,0
-0.692933,9.73,0
-0.692933,9.91,0
-0.685645,1.09,0
-0.685645,1.27,0
-0.685645,1.45,0
-0.685645,1.63,0
-0.685645,1.81,0
-0.685645,1.99,0
-0.685645,2.17,0
-0.685645,2.35,0
-0.685645,2.53,0
-0.685645,2.71,0
-0.685645,2.89,0
-0.685645,3.07,0
-0.685645,3.25,0
-0.685645,3.43,0
-0.685645,3.61,0
-0.685645,3.79,0
-0.685645,3.97,0
-0.685645,4.15,0
-0.685645,4.33,0
-0.685645,4.51,0
-0.685645,4.69,0
-0.685645,4.87,0
-0.685645,5.05,0
-0.685645,5.23,0
-0.685645,5.41,0
-0.685645,5.59,0
-0.685645,5.77,0
-0.685645,5.95,0
-0.685645,6.13,0
-0.685645,6.31,0
-0.685645,6.49,0
-0.685645,6.67,0
-0.685645,6.85,0
-0.685645,7.03,0
-0.685645,7.21,0
-0.685645,7.39,0
-0.685645,7.57,0
-0.685645,7.75,0
-0.685645,7.93,0
-0.685645,8.11,0
-0.685645,8.29,0
-0.685645,8.47,0
-0.685645,8.65,0
-0.685645,8.83,0
-0.685645,9.01,0
-0.685645,9.19,0
-0.685645,9.37,0
-0.685645,9.55,0
-0.685645,9.73,0
-0.685645,9.91,0
-0.678356,1.09,0
-0.678356,1.27,0
-0.678356,1.45,0
-0.678356,1.63,0
-0.678356,1.81,0
-0.678356,1.99,0
-0.678356,2.17,0
-0.678356,2.35,0
-0.678356,2.53,0
-0.678356,2.71,0
-0.678356,2.89,0
-0.678356,3.07,0
-0.678356,3.25,0
-0.678356,3.43,0
-0.678356,3.61,0
-0.678356,3.79,0
-0.678356,3.97,0
-0.678356,4.15,0
-0.678356,4.33,0
-0.678356,4.51,0
-0.678356,4.69,0
-0.678356,4.87,0
-0.678356,5.05,0
-0.678356,5.23,0
-0.678356,5.41,0
-0.678356,5.59,0
-0.678356,5.77,0
-0.678356,5.95,0
-0.678356,6.13,0
-0.678356,6.31,0
-0.678356,6.49,0
-0.678356,6.67,0
-0.678356,6.85,0
-0.678356,7.03,0
-0.678356,7.21,0
-0.678356,7.39,0
-0.678356,7.57,0
-0.678356,7.75,0
-0.678356,7.93,0
-0.678356,8.11,0
-0.678356,8.29,0
-0.678356,8.47,0
-0.678356,8.65,0
-0.678356,8.83,0
-0.678356,9.01,0
-0.678356,9.19,0
-0.678356,9.37,0
-0.678356,9.55,0
-0.678356,9.73,0
-0.678356,9.91,0
-0.671068,1.09,0
-0.671068,1.27,0
-0.671068,1.45,0
-0.671068,1.63,0
-0.671068,1.81,0
-0.671068,1.99,0
-0.671068,2.17,0
-0.671068,2.35,0
-0.671068,2.53,0
-0.671068,2.71,0
-0.671068,2.89,0
-0.671068,3.07,0
-0.671068,3.25,0
-0.671068,3.43,0
-0.671068,3.61,0
-0.671068,3.79,0
-0.671068,3.97,0
-0.671068,4.15,0
-0.671068,4.33,0
-0.671068,4.51,0
-0.671068,4.69,0
-0.671068,4.87,0
-0.671068,5.05,0
-0.671068,5.23,0
-0.671068,5.41,0
-0.671068,5.59,0
-0.671068,5.77,0
-0.671068,5.95,0
-0.671068,6.13,0
-0.671068,6.31,0
-0.671068,6.49,0
-0.671068,6.67,0
-0.671068,6.85,0
-0.671068,7.03,0
-0.671068,7.21,0
-0.671068,7.39,0
-0.671068,7.57,0
-0.671068,7.75,0
-0.671068,7.93,0
-0.671068,8.11,0
-0.671068,8.29,0
-0.671068,8.47,0
-0.671068,8.65,0
-0.671068,8.83,0
-0.671068,9.01,0
-0.671068,9.19,0
-0.671068,9.37,0
-0.671068,9.55,0
-0.671068,9.73,0
-0.671068,9.91,0
-0.66378,1.09,0
-0.66378,1.27,0
-0.66378,1.45,0
-0.66378,1.63,0
-0.66378,1.81,0
-0.66378,1.99,0
-0.66378,2.17,0
-0.66378,2.35,0
-0.66378,2.53,0
-0.66378,2.71,0
-0.66378,2.89,0
-0.66378,3.07,0
-0.66378,3.25,0
-0.66378,3.43,0
-0.66378,3.61,0
-0.66378,3.79,0
-0.66378,3.97,0
-0.66378,4.15,0
-0.66378,4.33,0
-0.66378,4.51,0
-0.66378,4.69,0
-0.66378,4.87,0
-0.66378,5.05,0
-0.66378,5.23,0
-0.66378,5.41,0
-0.66378,5.59,0
-0.66378,5.77,0
-0.66378,5.95,0
-0.66378,6.13,0
-0.66378,6.31,0
-0.66378,6.49,0
-0.66378,6.67,0
-0.66378,6.85,0
-0.66378,7.03,0
-0.66378,7.21,0
-0.66378,7.39,0
-0.66378,7.57,0
-0.66378,7.75,0
-0.66378,7.93,0
-0.66378,8.11,0
-0.66378,8.29,0
-0.66378,8.47,0
-0.66378,8.65,0
-0.66378,8.83,0
-0.66378,9.01,0
-0.66378,9.19,0
-0.66378,9.37,0
-0.66378,9.55,0
-0.66378,9.73,0
-0.66378,9.91,0
-0.656492,1.09,0
-0.656492,1.27,0
-0.656492,1.45,0
-0.656492,1.63,0
-0.656492,1.81,0
-0.656492,1.99,0
-0.656492,2.17,0
-0.656492,2.35,0
-0.656492,2.53,0
-0.656492,2.71,0
-0.656492,2.89,0
-0.656492,3.07,0
-0.656492,3.25,0
-0.656492,3.43,0
-0.656492,3.61,0
-0.656492,3.79,0
-0.656492,3.97,0
-0.656492,4.15,0
-0.656492,4.33,0
-0.656492,4.51,0
-0.656492,4.69,0
-0.656492,4.87,0
-0.656492,5.05,0
-0.656492,5.23,0
-0.656492,5.41,0
-0.656492,5.59,0
-0.656492,5.77,0
-0.656492,5.95,0
-0.656492,6.13,0
-0.656492,6.31,0
-0.656492,6.49,0
-0.656492,6.67,0
-0.656492,6.85,0
-0.656492,7.03,0
-0.656492,7.21,0
-0.656492,7.39,0
-0.656492,7.57,0
-0.656492,7.75,0
-0.656492,7.93,0
-0.656492,8.11,0
-0.656492,8.29,0
-0.656492,8.47,0
-0.656492,8.65,0
-0.656492,8.83,0
-0.656492,9.01,0
-0.656492,9.19,0
-0.656492,9.37,0
-0.656492,9.55,0
-0.656492,9.73,0
-0.656492,9.91,0
-0.649204,1.09,0
-0.649204,1.27,0
-0.649204,1.45,0
-0.649204,1.63,0
-0.649204,1.81,0
-0.649204,1.99,0
-0.649204,2.17,0
-0.649204,2.35,0
-0.649204,2.53,0
-0.649204,2.71,0
-0.649204,2.89,0
-0.649204,3.07,0
-0.649204,3.25,0
-0.649204,3.43,0
-0.649204,3.61,0
-0.649204,3.79,0
-0.649204,3.97,0
-0.649204,4.15,0
-0.649204,4.33,0
-0.649204,4.51,0
-0.649204,4.69,0
-0.649204,4.87,0
-0.649204,5.05,0
-0.649204,5.23,0
-0.649204,5.41,0
-0.649204,5.59,0
-0.649204,5.77,0
-0.649204,5.95,0
-0.649204,6.13,0
-0.649204,6.31,0
-0.649204,6.49,0
-0.649204,6.67,0
-0.649204,6.85,0
-0.649204,7.03,0
-0.649204,7.21,0
-0.649204,7.39,0
-0.649204,7.57,0
-0.649204,7.75,0
-0.649204,7.93,0
-0.649204,8.11,0
-0.649204,8.29,0
-0.649204,8.47,0
-0.649204,8.65,0
-0.649204,8.83,0
-0.649204,9.01,0
-0.649204,9.19,0
-0.649204,9.37,0
-0.649204,9.55,0
-0.649204,9.73,0
-0.649204,9.91,0
-0.641916,1.09,0
-0.641916,1.27,0
-0.641916,1.45,0
-0.641916,1.63,0
-0.641916,1.81,0
-0.641916,1.99,0
-0.641916,2.17,0
-0.641916,2.35,0
-0.641916,2.53,0
-0.641916,2.71,0
-0.641916,2.89,0
-0.641916,3.07,0
-0.641916,3.25,0
-0.641916,3.43,0
-0.641916,3.61,0
-0.641916,3.79,0
-0.641916,3.97,0
-0.641916,4.15,0
-0.641916,4.33,0
-0.641916,4.51,0
-0.641916,4.69,0
-0.641916,4.87,0
-0.641916,5.05,0
-0.641916,5.23,0
-0.641916,5.41,0
-0.641916,5.59,0
-0.641916,5.77,0
-0.641916,5.95,0
-0.641916,6.13,0
-0.641916,6.31,0
-0.641916,6.49,0
-0.641916,6.67,0
-0.641916,6.85,0
-0.641916,7.03,0
-0.641916,7.21,0
-0.641916,7.39,0
-0.641916,7.57,0
-0.641916,7.75,0
-0.641916,7.93,0
-0.641916,8.11,0
-0.641916,8.29,0
-0.641916,8.47,0
-0.641916,8.65,0
-0.641916,8.83,0
-0.641916,9.01,0
-0.641916,9.19,0
-0.641916,9.37,0
-0.641916,9.55,0
-0.641916,9.73,0
-0.641916,9.91,0
-0.634628,1.09,0
-0.634628,1.27,0
-0.634628,1.45,0
-0.634628,1.63,0
-0.634628,1.81,0
-0.634628,1.99,0
-0.634628,2.17,0
-0.634628,2.35,0
-0.634628,2.53,0
-0.634628,2.71,0
-0.634628,2.89,0
-0.634628,3.07,0
-0.634628,3.25,0
-0.634628,3.43,0
-0.634628,3.61,0
-0.634628,3.79,0
-0.634628,3.97,0
-0.634628,4.15,0
-0.634628,4.33,0
-0.634628,4.51,0
-0.634628,4.69,0
-0.634628,4.87,0
-0.634628,5.05,0
-0.634628,5.23,0
-0.634628,5.41,0
-0.634628,5.59,0
-0.634628,5.77,0
-0.634628,5.95,0
-0.634628,6.13,0
-0.634628,6.31,0
-0.634628,6.49,0
-0.634628,6.67,0
-0.634628,6.85,0
-0.634628,7.03,0
-0.634628,7.21,0
-0.634628,7.39,0
-0.634628,7.57,0
-0.634628,7.75,0
-0.634628,7.93,0
-0.634628,8.11,0
-0.634628,8.29,0
-0.634628,8.47,0
-0.634628,8.65,0
-0.634628,8.83,0
-0.634628,9.01,0
-0.634628,9.19,0
-0.634628,9.37,0
-0.634628,9.55,0
-0.634628,9.73,0
-0.634628,9.91,0
-0.62734,1.09,0
-0.62734,1.27,0
-0.62734,1.45,0
-0.62734,1.63,0
-0.62734,1.81,0
-0.62734,1.99,0
-0.62734,2.17,0
-0.62734,2.35,0
-0.62734,2.53,0
-0.62734,2.71,0
-0.62734,2.89,0
-0.62734,3.07,0
-0.62734,3.25,0
-0.62734,3.43,0
-0.62734,3.61,0
-0.62734,3.79,0
-0.62734,3.97,0
-0.62734,4.15,0
-0.62734,4.33,0
-0.62734,4.51,0
-0.62734,4.69,0
-0.62734,4.87,0
-0.62734,5.05,0
-0.62734,5.23,0
-0.62734,5.41,0
-0.62734,5.59,0
-0.62734,5.77,0
-0.62734,5.95,0
-0.62734,6.13,0
-0.62734,6.31,0
-0.62734,6.49,0
-0.62734,6.67,0
-0.62734,6.85,0
-0.62734,7.03,0
-0.62734,7.21,0
-0.62734,7.39,0
-0.62734,7.57,0
-0.62734,7.75,0
-0.62734,7.93,0
-0.62734,8.11,0
-0.62734,8.29,0
-0.62734,8.47,0
-0.62734,8.65,0
-0.62734,8.83,0
-0.62734,9.01,0
-0.62734,9.19,0
-0.62734,9.37,0
-0.62734,9.55,0
-0.62734,9.73,0
-0.62734,9.91,0
