-0.984455,1.09,0
-0.984455,1.27,0
-0.984455,1.45,0
-0.984455,1.63,0
-0.984455,1.81,0
-0.984455,1.99,0
-0.984455,2.17,0
-0.984455,2.35,0
-0.984455,2.53,0
-0.984455,2.71,0
-0.984455,2.89,0
-0.984455,3.07,0
-0.984455,3.25,0
-0.984455,3.43,0
-0.984455,3.61,0
-0.984455,3.79,0
-0.984455,3.97,0
-0.984455,4.15,0
-0.984455,4.33,0
-0.984455,4.51,0
-0.984455,4.69,0
-0.984455,4.87,0
-0.984455,5.05,0
-0.984455,5.23,0
-0.984455,5.41,0
-0.984455,5.59,0
-0.984455,5.77,0
-0.984455,5.95,0
-0.984455,6.13,0
-0.984455,6.31,0
-0.984455,6.49,0
-0.984455,6.67,0
-0.984455,6.85,0
-0.984455,7.03,0
-0.984455,7.21,0
-0.984455,7.39,0
-0.984455,7.57,0
-0.984455,7.75,0
-0.984455,7.93,0
-0.984455,8.11,0
-0.984455,8.29,0
-0.984455,8.47,0
-0.984455,8.65,0
-0.984455,8.83,0
-0.984455,9.01,0
-0.984455,9.19,0
-0.984455,9.37,0
-0.984455,9.55,0
-0.984455,9.73,0
-0.984455,9.91,0
-0.977166,1.09,0
-0.977166,1.27,0
-0.977166,1.45,0
-0.977166,1.63,0
-0.977166,1.81,0
-0.977166,1.99,0
-0.977166,2.17,0
-0.977166,2.35,0
-0.977166,2.53,0
-0.977166,2.71,0
-0.977166,2.89,0
-0.977166,3.07,0
-0.977166,3.25,0
-0.977166,3.43,0
-0.977166,3.61,0
-0.977166,3.79,0
-0.977166,3.97,0
-0.977166,4.15,0
-0.977166,4.33,0
-0.977166,4.51,0
-0.977166,4.69,0
-0.977166,4.87,0
-0.977166,5.05,0
-0.977166,5.23,0
-0.977166,5.41,0
-0.977166,5.59,0
-0.977166,5.77,0
-0.977166,5.95,0
-0.977166,6.13,0
-0.977166,6.31,0
-0.977166,6.49,0
-0.977166,6.67,0
-0.977166,6.85,0
-0.977166,7.03,0
-0.977166,7.21,0
-0.977166,7.39,0
-0.977166,7.57,0
-0.977166,7.75,0
-0.977166,7.93,0
-0.977166,8.11,0
-0.977166,8.29,0
-0.977166,8.47,0
-0.977166,8.65,0
-0.977166,8.83,0
-0.977166,9.01,0
-0.977166,9.19,0
-0.977166,9.37,0
-0.977166,9.55,0
-0.977166,9.73,0
-0.977166,9.91,0
-0.969878,1.09,0
-0.969878,1.27,0
-0.969878,1.45,0
-0.969878,1.63,0
-0.969878,1.81,0
-0.969878,1.99,0
-0.969878,2.17,0
-0.969878,2.35,0
-0.969878,2.53,0
-0.969878,2.71,0
-0.969878,2.89,0
-0.969878,3.07,0
-0.969878,3.25,0
-0.969878,3.43,0
-0.969878,3.61,0
-0.969878,3.79,0
-0.969878,3.97,0
-0.969878,4.15,0
-0.969878,4.33,0
-0.969878,4.51,0
-0.969878,4.69,0
-0.969878,4.87,0
-0.969878,5.05,0
-0.969878,5.23,0
-0.969878,5.41,0
-0.969878,5.59,0
-0.969878,5.77,0
-0.969878,5.95,0
-0.969878,6.13,0
-0.969878,6.31,0
-0.969878,6.49,0
-0.969878,6.67,0
-0.969878,6.85,0
-0.969878,7.03,0
-0.969878,7.21,0
-0.969878,7.39,0
-0.969878,7.57,0
-0.969878,7.75,0
-0.969878,7.93,0
-0.969878,8.11,0
-0.969878,8.29,0
-0.969878,8.47,0
-0.969878,8.65,0
-0.969878,8.83,0
-0.969878,9.01,0
-0.969878,9.19,0
-0.969878,9.37,0
-0.969878,9.55,0
-0.969878,9.73,0
-0.969878,9.91,0
-0.96259,1.09,0
-0.96259,1.27,0
-0.96259,1.45,0
-0.96259,1.63,0
-0.96259,1.81,0
-0.96259,1.99,0
-0.96259,2.17,0
-0.96259,2.35,0
-0.96259,2.53,0
-0.96259,2.71,0
-0.96259,2.89,0
-0.96259,3.07,0
-0.96259,3.25,0
-0.96259,3.43,0
-0.96259,3.61,0
-0.96259,3.79,0
-0.96259,3.97,0
-0.96259,4.15,0
-0.96259,4.33,0
-0.96259,4.51,0
-0.96259,4.69,0
-0.96259,4.87,0
-0.96259,5.05,0
-0.96259,5.23,0
-0.96259,5.41,0
-0.96259,5.59,0
-0.96259,5.77,0
-0.96259,5.95,0
-0.96259,6.13,0
-0.96259,6.31,0
-0.96259,6.49,0
-0.96259,6.67,0
-0.96259,6.85,0
-0.96259,7.03,0
-0.96259,7.21,0
-0.96259,7.39,0
-0.96259,7.57,0
-0.96259,7.75,0
-0.96259,7.93,0
-0.96259,8.11,0
-0.96259,8.29,0
-0.96259,8.47,0
-0.96259,8.65,0
-0.96259,8.83,0
-0.96259,9.01,0
-0.96259,9.19,0
-0.96259,9.37,0
-0.96259,9.55,0
-0.96259,9.73,0
-0.96259,9.91,0
-0.955302,1.09,0
-0.955302,1.27,0
-0.955302,1.45,0
-0.955302,1.63,0
-0.955302,1.81,0
-0.955302,1.99,0
-0.955302,2.17,0
-0.955302,2.35,0
-0.955302,2.53,0
-0.955302,2.71,0
-0.955302,2.89,0
-0.955302,3.07,0
-0.955302,3.25,0
-0.955302,3.43,0
-0.955302,3.61,0
-0.955302,3.79,0
-0.955302,3.97,0
-0.955302,4.15,0
-0.955302,4.33,0
-0.955302,4.51,0
-0.955302,4.69,0
-0.955302,4.87,0
-0.955302,5.05,0
-0.955302,5.23,0
-0.955302,5.41,0
-0.955302,5.59,0
-0.955302,5.77,0
-0.955302,5.95,0
-0.955302,6.13,0
-0.955302,6.31,0
-0.955302,6.49,0
-0.955302,6.67,0
-0.955302,6.85,0
-0.955302,7.03,0
-0.955302,7.21,0
-0.955302,7.39,0
-0.955302,7.57,0
-0.955302,7.75,0
-0.955302,7.93,0
-0.955302,8.11,0
-0.955302,8.29,0
-0.955302,8.47,0
-0.955302,8.65,0
-0.955302,8.83,0
-0.955302,9.01,0
-0.955302,9.19,0
-0.955302,9.37,0
-0.955302,9.55,0
-0.955302,9.73,0
-0.955302,9.91,0
-0.948014,1.09,0
-0.948014,1.27,0
-0.948014,1.45,0
-0.948014,1.63,0
-0.948014,1.81,0
-0.948014,1.99,0
-0.948014,2.17,0
-0.948014,2.35,0
-0.948014,2.53,0
-0.948014,2.71,0
-0.948014,2.89,0
-0.948014,3.07,0
-0.948014,3.25,0
-0.948014,3.43,0
-0.948014,3.61,0
-0.948014,3.79,0
-0.948014,3.97,0
-0.948014,4.15,0
-0.948014,4.33,0
-0.948014,4.51,0
-0.948014,4.69,0
-0.948014,4.87,0
-0.948014,5.05,0
-0.948014,5.23,0
-0.948014,5.41,0
-0.948014,5.59,0
-0.948014,5.77,0
-0.948014,5.95,0
-0.948014,6.13,0
-0.948014,6.31,0
-0.948014,6.49,0
-0.948014,6.67,0
-0.948014,6.85,0
-0.948014,7.03,0
-0.948014,7.21,0
-0.948014,7.39,0
-0.948014,7.57,0
-0.948014,7.75,0
-0.948014,7.93,0
-0.948014,8.11,0
-0.948014,8.29,0
-0.948014,8.47,0
-0.948014,8.65,0
-0.948014,8.83,0
-0.948014,9.01,0
-0.948014,9.19,0
-0.948014,9.37,0
-0.948014,9.55,0
-0.948014,9.73,0
-0.948014,9.91,0
-0.940726,1.09,0
-0.940726,1.27,0
-0.940726,1.45,0
-0.940726,1.63,0
-0.940726,1.81,0
-0.940726,1.99,0
-0.940726,2.17,0
-0.940726,2.35,0
-0.940726,2.53,0
-0.940726,2.71,0
-0.940726,2.89,0
-0.940726,3.07,0
-0.940726,3.25,0
-0.940726,3.43,0
-0.940726,3.61,0
-0.940726,3.79,0
-0.940726,3.97,0
-0.940726,4.15,0
-0.940726,4.33,0
-0.940726,4.51,0
-0.940726,4.69,0
-0.940726,4.87,0
-0.940726,5.05,0
-0.940726,5.23,0
-0.940726,5.41,0
-0.940726,5.59,0
-0.940726,5.77,0
-0.940726,5.95,0
-0.940726,6.13,0
-0.940726,6.31,0
-0.940726,6.49,0
-0.940726,6.67,0
-0.940726,6.85,0
-0.940726,7.03,0
-0.940726,7.21,0
-0.940726,7.39,0
-0.940726,7.57,0
-0.940726,7.75,0
-0.940726,7.93,0
-0.940726,8.11,0
-0.940726,8.29,0
-0.940726,8.47,0
-0.940726,8.65,0
-0.940726,8.83,0
-0.940726,9.01,0
-0.940726,9.19,0
-0.940726,9.37,0
-0.940726,9.55,0
-0.940726,9.73,0
-0.940726,9.91,0
-0.933438,1.09,0
-0.933438,1.27,0
-0.933438,1.45,0
-0.933438,1.63,0
-0.933438,1.81,0
-0.933438,1.99,0
-0.933438,2.17,0
-0.933438,2.35,0
-0.933438,2.53,0
-0.933438,2.71,0
-0.933438,2.89,0
-0.933438,3.07,0
-0.933438,3.25,0
-0.933438,3.43,0
-0.933438,3.61,0
-0.933438,3.79,0
-0.933438,3.97,0
-0.933438,4.15,0
-0.933438,4.33,0
-0.933438,4.51,0
-0.933438,4.69,0
-0.933438,4.87,0
-0.933438,5.05,0
-0.933438,5.23,0
-0.933438,5.41,0
-0.933438,5.59,0
-0.933438,5.77,0
-0.933438,5.95,0
-0.933438,6.13,0
-0.933438,6.31,0
-0.933438,6.49,0
-0.933438,6.67,0
-0.933438,6.85,0
-0.933438,7.03,0
-0.933438,7.21,0
-0.933438,7.39,0
-0.933438,7.57,0
-0.933438,7.75,0
-0.933438,7.93,0
-0.933438,8.11,0
-0.933438,8.29,0
-0.933438,8.47,0
-0.933438,8.65,0
-0.933438,8.83,0
-0.933438,9.01,0
-0.933438,9.19,0
-0.933438,9.37,0
-0.933438,9.55,0
-0.933438,9.73,0
-0.933438,9.91,0
-0.92615,1.09,0
-0.92615,1.27,0
-0.92615,1.45,0
-0.92615,1.63,0
-0.92615,1.81,0
-0.92615,1.99,0
-0.92615,2.17,0
-0.92615,2.35,0
-0.92615,2.53,0
-0.92615,2.71,0
-0.92615,2.89,0
-0.92615,3.07,0
-0.92615,3.25,0
-0.92615,3.43,0
-0.92615,3.61,0
-0.92615,3.79,0
-0.92615,3.97,0
-0.92615,4.15,0
-0.92615,4.33,0
-0.92615,4.51,0
-0.92615,4.69,0
-0.92615,4.87,0
-0.92615,5.05,0
-0.92615,5.23,0
-0.92615,5.41,0
-0.92615,5.59,0
-0.92615,5.77,0
-0.92615,5.95,0
-0.92615,6.13,0
-0.92615,6.31,0
-0.92615,6.49,0
-0.92615,6.67,0
-0.92615,6.85,0
-0.92615,7.03,0
-0.92615,7.21,0
-0.92615,7.39,0
-0.92615,7.57,0
-0.92615,7.75,0
-0.92615,7.93,0
-0.92615,8.11,0
-0.92615,8.29,0
-0.92615,8.47,0
-0.92615,8.65,0
-0.92615,8.83,0
-0.92615,9.01,0
-0.92615,9.19,0
-0.92615,9.37,0
-0.92615,9.55,0
-0.92615,9.73,0
-0.92615,9.91,0
-0.918862,1.09,-0.000789818
-0.918862,1.27,0.00593951
-0.918862,1.45,-0.00134376
-0.918862,1.63,-0.0209758
-0.918862,1.81,0.174884
-0.918862,1.99,-0.00643918
-0.918862,2.17,0.0358761
-0.918862,2.35,0.00621295
-0.918862,2.53,0.0240199
-0.918862,2.71,-0.111266
-0.918862,2.89,-0.0554694
-0.918862,3.07,0.000388687
-0.918862,3.25,0.114226
-0.918862,3.43,0.257847
-0.918862,3.61,0.158047
-0.918862,3.79,0.032413
-0.918862,3.97,-0.0584364
-0.918862,4.15,-0.165226
-0.918862,4.33,-0.317462
-0.918862,4.51,-0.343893
-0.918862,4.69,-0.1906
-0.918862,4.87,-0.0957942
-0.918862,5.05,-0.0556505
-0.918862,5.23,-0.0383702
-0.918862,5.41,-0.0307873
-0.918862,5.59,-0.0278154
-0.918862,5.77,-0.0273274
-0.918862,5.95,-0.0284171
-0.918862,6.13,-0.0306993
-0.918862,6.31,-0.0340542
-0.918862,6.49,-0.0385107
-0.918862,6.67,-0.0441695
-0.918862,6.85,-0.0509967
-0.918862,7.03,-0.0581414
-0.918862,7.21,-0.0615626
-0.918862,7.39,-0.0480402
-0.918862,7.57,-0.000726143
-0.918862,7.75,0.0514605
-0.918862,7.93,0.0700069
-0.918862,8.11,0.0679367
-0.918862,8.29,0.0606342
-0.918862,8.47,0.0533039
-0.918862,8.65,0.0470662
-0.918862,8.83,0.0419553
-0.918862,9.01,0.0377743
-0.918862,9.19,0.0343289
-0.918862,9.37,0.0314625
-0.918862,9.55,0.02905
-0.918862,9.73,0.0269972
-0.918862,9.91,0.0252328
-0.911574,1.09,0.000148142
-0.911574,1.27,0.00228736
-0.911574,1.45,-0.00604603
-0.911574,1.63,-0.0385634
-0.911574,1.81,0.201065
-0.911574,1.99,-0.00889842
-0.911574,2.17,0.0316985
-0.911574,2.35,0.0203861
-0.911574,2.53,0.0261379
-0.911574,2.71,-0.298636
-0.911574,2.89,-0.103987
-0.911574,3.07,0.0665737
-0.911574,3.25,0.43657
-0.911574,3.43,0.760339
-0.911574,3.61,0.233818
-0.911574,3.79,-0.115824
-0.911574,3.97,-0.339151
-0.911574,4.15,-0.574519
-0.911574,4.33,-0.777497
-0.911574,4.51,-0.639792
-0.911574,4.69,-0.326425
-0.911574,4.87,-0.150022
-0.911574,5.05,-0.0753523
-0.911574,5.23,-0.0448393
-0.911574,5.41,-0.0332013
-0.911574,5.59,-0.0302821
-0.911574,5.77,-0.0317966
-0.911574,5.95,-0.0358757
-0.911574,6.13,-0.041664
-0.911574,6.31,-0.0487273
-0.911574,6.49,-0.0567045
-0.911574,6.67,-0.064844
-0.911574,6.85,-0.0709344
-0.911574,7.03,-0.0681712
-0.911574,7.21,-0.0367425
-0.911574,7.39,0.0651802
-0.911574,7.57,0.229128
-0.911574,7.75,0.304555
-0.911574,7.93,0.27782
-0.911574,8.11,0.230664
-0.911574,8.29,0.191121
-0.911574,8.47,0.161441
-0.911574,8.65,0.139295
-0.911574,8.83,0.122454
-0.911574,9.01,0.10933
-0.911574,9.19,0.0988699
-0.911574,9.37,0.0903724
-0.911574,9.55,0.0833481
-0.911574,9.73,0.0774544
-0.911574,9.91,0.0724454
-0.904286,1.09,0.00916097
-0.904286,1.27,-0.0115869
-0.904286,1.45,-0.0132884
-0.904286,1.63,-0.0390679
-0.904286,1.81,0.0168016
-0.904286,1.99,-0.000509891
-0.904286,2.17,0.00146163
-0.904286,2.35,0.0301373
-0.904286,2.53,-0.0798525
-0.904286,2.71,-0.404996
-0.904286,2.89,-0.0872101
-0.904286,3.07,0.215259
-0.904286,3.25,0.929628
-0.904286,3.43,1.10229
-0.904286,3.61,-0.0203962
-0.904286,3.79,-0.452856
-0.904286,3.97,-0.704571
-0.904286,4.15,-0.927243
-0.904286,4.33,-0.984627
-0.904286,4.51,-0.660975
-0.904286,4.69,-0.276803
-0.904286,4.87,-0.0781824
-0.904286,5.05,0.000268167
-0.904286,5.23,0.0274102
-0.904286,5.41,0.0336888
-0.904286,5.59,0.0313374
-0.904286,5.77,0.0254121
-0.904286,5.95,0.0181983
-0.904286,6.13,0.0109173
-0.904286,6.31,0.00461376
-0.904286,6.49,0.000860905
-0.904286,6.67,0.00308226
-0.904286,6.85,0.0195547
-0.904286,7.03,0.0716617
-0.904286,7.21,0.211467
-0.904286,7.39,0.500979
-0.904286,7.57,0.74244
-0.904286,7.75,0.670578
-0.904286,7.93,0.508517
-0.904286,8.11,0.387166
-0.904286,8.29,0.307083
-0.904286,8.47,0.253343
-0.904286,8.65,0.215725
-0.904286,8.83,0.188264
-0.904286,9.01,0.167471
-0.904286,9.19,0.151242
-0.904286,9.37,0.13826
-0.904286,9.55,0.127656
-0.904286,9.73,0.118843
-0.904286,9.91,0.111411
-0.896998,1.09,-0.0982956
-0.896998,1.27,-0.0262071
-0.896998,1.45,-0.0199702
-0.896998,1.63,-0.031594
-0.896998,1.81,-0.0814618
-0.896998,1.99,0.0194196
-0.896998,2.17,-0.032107
-0.896998,2.35,0.026514
-0.896998,2.53,-0.354191
-0.896998,2.71,-0.40713
-0.896998,2.89,-0.00960164
-0.896998,3.07,0.440786
-0.896998,3.25,1.60364
-0.896998,3.43,0.885345
-0.896998,3.61,-0.484439
-0.896998,3.79,-0.810927
-0.896998,3.97,-0.987837
-0.896998,4.15,-1.09175
-0.896998,4.33,-0.949271
-0.896998,4.51,-0.488788
-0.896998,4.69,-0.0827472
-0.896998,4.87,0.103949
-0.896998,5.05,0.164662
-0.896998,5.23,0.17557
-0.896998,5.41,0.169094
-0.896998,5.59,0.15772
-0.896998,5.77,0.146305
-0.896998,5.95,0.137207
-0.896998,6.13,0.132088
-0.896998,6.31,0.133163
-0.896998,6.49,0.144563
-0.896998,6.67,0.175422
-0.896998,6.85,0.247258
-0.896998,7.03,0.414096
-0.896998,7.21,0.795325
-0.896998,7.39,1.38491
-0.896998,7.57,1.41156
-0.896998,7.75,0.964129
-0.896998,7.93,0.642293
-0.896998,8.11,0.461279
-0.896998,8.29,0.355648
-0.896998,8.47,0.289287
-0.896998,8.65,0.244701
-0.896998,8.83,0.213055
-0.896998,9.01,0.189585
-0.896998,9.19,0.171554
-0.896998,9.37,0.157298
-0.896998,9.55,0.145762
-0.896998,9.73,0.136246
-0.896998,9.91,0.12827
-0.88971,1.09,-0.201315
-0.88971,1.27,-0.0251564
-0.88971,1.45,-0.0150134
-0.88971,1.63,-0.0199245
-0.88971,1.81,-0.122733
-0.88971,1.99,0.0595025
-0.88971,2.17,-0.0673278
-0.88971,2.35,0.00955912
-0.88971,2.53,-0.741221
-0.88971,2.71,-0.320917
-0.88971,2.89,0.109454
-0.88971,3.07,0.71582
-0.88971,3.25,2.37909
-0.88971,3.43,0.0482343
-0.88971,3.61,-0.898022
-0.88971,3.79,-1.03387
-0.88971,3.97,-1.08912
-0.88971,4.15,-1.03903
-0.88971,4.33,-0.716692
-0.88971,4.51,-0.169929
-0.88971,4.69,0.224424
-0.88971,4.87,0.37409
-0.88971,5.05,0.400232
-0.88971,5.23,0.384927
-0.88971,5.41,0.36046
-0.88971,5.59,0.338128
-0.88971,5.77,0.321794
-0.88971,5.95,0.313688
-0.88971,6.13,0.316176
-0.88971,6.31,0.333563
-0.88971,6.49,0.374743
-0.88971,6.67,0.459924
-0.88971,6.85,0.63862
-0.88971,7.03,1.04235
-0.88971,7.21,1.94379
-0.88971,7.39,2.72008
-0.88971,7.57,1.76046
-0.88971,7.75,0.936253
-0.88971,7.93,0.565362
-0.88971,8.11,0.388829
-0.88971,8.29,0.293866
-0.88971,8.47,0.237151
-0.88971,8.65,0.200403
-0.88971,8.83,0.175038
-0.88971,9.01,0.156643
-0.88971,9.19,0.142762
-0.88971,9.37,0.131942
-0.88971,9.55,0.123285
-0.88971,9.73,0.116208
-0.88971,9.91,0.11032
-0.882422,1.09,-0.141683
-0.882422,1.27,-0.00370986
-0.882422,1.45,0.0139713
-0.882422,1.63,0.00478224
-0.882422,1.81,-0.116491
-0.882422,1.99,0.141614
-0.882422,2.17,-0.0768222
-0.882422,2.35,0.015233
-0.882422,2.53,-0.863287
-0.882422,2.71,-0.201541
-0.882422,2.89,0.192374
-0.882422,3.07,0.889715
-0.882422,3.25,2.70774
-0.882422,3.43,-0.683704
-0.882422,3.61,-0.992524
-0.882422,3.79,-0.981514
-0.882422,3.97,-0.93726
-0.882422,4.15,-0.774703
-0.882422,4.33,-0.360534
-0.882422,4.51,0.188945
-0.882422,4.69,0.530031
-0.882422,4.87,0.626751
-0.882422,5.05,0.614848
-0.882422,5.23,0.575301
-0.882422,5.41,0.537039
-0.882422,5.59,0.508858
-0.882422,5.77,0.493219
-0.882422,5.95,0.492249
-0.882422,6.13,0.509413
-0.882422,6.31,0.552038
-0.882422,6.49,0.636094
-0.882422,6.67,0.799496
-0.882422,6.85,1.1438
-0.882422,7.03,1.97974
-0.882422,7.21,3.83695
-0.882422,7.39,3.0729
-0.882422,7.57,1.07059
-0.882422,7.75,0.436789
-0.882422,7.93,0.225835
-0.882422,8.11,0.139919
-0.882422,8.29,0.0994325
-0.882422,8.47,0.078214
-0.882422,8.65,0.0661678
-0.882422,8.83,0.0588831
-0.882422,9.01,0.054246
-0.882422,9.19,0.0511597
-0.882422,9.37,0.0490208
-0.882422,9.55,0.0474849
-0.882422,9.73,0.046346
-0.882422,9.91,0.0454771
-0.875134,1.09,-0.112515
-0.875134,1.27,0.0409392
-0.875134,1.45,0.0734496
-0.875134,1.63,0.0373194
-0.875134,1.81,-0.0892223
-0.875134,1.99,0.282631
-0.875134,2.17,-0.0762119
-0.875134,2.35,0.0345352
-0.875134,2.53,-0.780484
-0.875134,2.71,-0.100565
-0.875134,2.89,0.272659
-0.875134,3.07,1.09303
-0.875134,3.25,2.19783
-0.875134,3.43,-1.00702
-0.875134,3.61,-0.952934
-0.875134,3.79,-0.855093
-0.875134,3.97,-0.733608
-0.875134,4.15,-0.476112
-0.875134,4.33,0.0222693
-0.875134,4.51,0.585375
-0.875134,4.69,0.873465
-0.875134,4.87,0.904693
-0.875134,5.05,0.842639
-0.875134,5.23,0.770579
-0.875134,5.41,0.713294
-0.875134,5.59,0.675962
-0.875134,5.77,0.65887
-0.875134,5.95,0.663651
-0.875134,6.13,0.694767
-0.875134,6.31,0.762947
-0.875134,6.49,0.893104
-0.875134,6.67,1.14864
-0.875134,6.85,1.72448
-0.875134,7.03,3.36813
-0.875134,7.21,5.24616
-0.875134,7.39,0.817487
-0.875134,7.57,-0.0331454
-0.875134,7.75,-0.145033
-0.875134,7.93,-0.147149
-0.875134,8.11,-0.130265
-0.875134,8.29,-0.111642
-0.875134,8.47,-0.0950512
-0.875134,8.65,-0.0810397
-0.875134,8.83,-0.0693678
-0.875134,9.01,-0.0596556
-0.875134,9.19,-0.0515323
-0.875134,9.37,-0.0446869
-0.875134,9.55,-0.0388767
-0.875134,9.73,-0.0339094
-0.875134,9.91,-0.0296334
-0.867846,1.09,-0.0823308
-0.867846,1.27,0.106838
-0.867846,1.45,0.18719
-0.867846,1.63,0.0802107
-0.867846,1.81,-0.0503504
-0.867846,1.99,0.528702
-0.867846,2.17,-0.0637049
-0.867846,2.35,0.0750564
-0.867846,2.53,-0.551561
-0.867846,2.71,-0.0162661
-0.867846,2.89,0.348273
-0.867846,3.07,1.33438
-0.867846,3.25,0.367982
-0.867846,3.43,-1.0365
-0.867846,3.61,-0.832806
-0.867846,3.79,-0.680994
-0.867846,3.97,-0.491275
-0.867846,4.15,-0.137765
-0.867846,4.33,0.462087
-0.867846,4.51,1.05445
-0.867846,4.69,1.26977
-0.867846,4.87,1.20282
-0.867846,5.05,1.06624
-0.867846,5.23,0.946093
-0.867846,5.41,0.859189
-0.867846,5.59,0.804152
-0.867846,5.77,0.777051
-0.867846,5.95,0.777185
-0.867846,6.13,0.807507
-0.867846,6.31,0.877344
-0.867846,6.49,1.00906
-0.867846,6.67,1.25512
-0.867846,6.85,1.73541
-0.867846,7.03,1.87258
-0.867846,7.21,-2.02207
-0.867846,7.39,-1.34301
-0.867846,7.57,-0.855346
-0.867846,7.75,-0.6035
-0.867846,7.93,-0.45638
-0.867846,8.11,-0.361869
-0.867846,8.29,-0.296771
-0.867846,8.47,-0.249641
-0.867846,8.65,-0.214214
-0.867846,8.83,-0.18679
-0.867846,9.01,-0.165081
-0.867846,9.19,-0.147557
-0.867846,9.37,-0.133166
-0.867846,9.55,-0.121186
-0.867846,9.73,-0.111097
-0.867846,9.91,-0.102515
-0.860558,1.09,-0.0370124
-0.860558,1.27,0.184985
-0.860558,1.45,0.392009
-0.860558,1.63,0.143153
-0.860558,1.81,-0.00824263
-0.860558,1.99,0.881673
-0.860558,2.17,-0.0395516
-0.860558,2.35,0.151715
-0.860558,2.53,-0.313186
-0.860558,2.71,0.0525059
-0.860558,2.89,0.416015
-0.860558,3.07,1.62035
-0.860558,3.25,-0.984618
-0.860558,3.43,-0.918432
-0.860558,3.61,-0.66658
-0.860558,3.79,-0.472791
-0.860558,3.97,-0.210456
-0.860558,4.15,0.261864
-0.860558,4.33,1.01176
-0.860558,4.51,1.65034
-0.860558,4.69,1.72876
-0.860558,4.87,1.49238
-0.860558,5.05,1.23721
-0.860558,5.23,1.04285
-0.860558,5.41,0.907285
-0.860558,5.59,0.81596
-0.860558,5.77,0.75589
-0.860558,5.95,0.718178
-0.860558,6.13,0.693716
-0.860558,6.31,0.665808
-0.860558,6.49,0.58317
-0.860558,6.67,0.217495
-0.860558,6.85,-1.68347
-0.860558,7.03,-6.13915
-0.860558,7.21,-3.74849
-0.860558,7.39,-1.97566
-0.860558,7.57,-1.22918
-0.860558,7.75,-0.858181
-0.860558,7.93,-0.64556
-0.860558,8.11,-0.51104
-0.860558,8.29,-0.419736
-0.860558,8.47,-0.354478
-0.860558,8.65,-0.305963
-0.860558,8.83,-0.268765
-0.860558,9.01,-0.239567
-0.860558,9.19,-0.216178
-0.860558,9.37,-0.197099
-0.860558,9.55,-0.181314
-0.860558,9.73,-0.168096
-0.860558,9.91,-0.156914
-0.85327,1.09,0.0188621
-0.85327,1.27,0.240553
-0.85327,1.45,0.400361
-0.85327,1.63,0.254815
-0.85327,1.81,0.0305438
-0.85327,1.99,0.32234
-0.85327,2.17,-0.00896088
-0.85327,2.35,0.299613
-0.85327,2.53,-0.127844
-0.85327,2.71,0.105789
-0.85327,2.89,0.470537
-0.85327,3.07,1.92807
-0.85327,3.25,-1.22006
-0.85327,3.43,-0.734943
-0.85327,3.61,-0.471013
-0.85327,3.79,-0.23323
-0.85327,3.97,0.121064
-0.85327,4.15,0.769076
-0.85327,4.33,1.77962
-0.85327,4.51,2.46656
-0.85327,4.69,2.22038
-0.85327,4.87,1.66932
-0.85327,5.05,1.22935
-0.85327,5.23,0.927647
-0.85327,5.41,0.717183
-0.85327,5.59,0.557923
-0.85327,5.77,0.419095
-0.85327,5.95,0.271531
-0.85327,6.13,0.0714033
-0.85327,6.31,-0.273113
-0.85327,6.49,-0.992572
-0.85327,6.67,-2.64587
-0.85327,6.85,-5.25693
-0.85327,7.03,-5.09711
-0.85327,7.21,-3.14403
-0.85327,7.39,-1.91888
-0.85327,7.57,-1.27322
-0.85327,7.75,-0.911506
-0.85327,7.93,-0.691836
-0.85327,8.11,-0.548945
-0.85327,8.29,-0.450864
-0.85327,8.47,-0.380582
-0.85327,8.65,-0.328449
-0.85327,8.83,-0.288678
-0.85327,9.01,-0.25767
-0.85327,9.19,-0.233025
-0.85327,9.37,-0.213091
-0.85327,9.55,-0.196743
-0.85327,9.73,-0.183179
-0.85327,9.91,-0.171812
-0.845982,1.09,0.053156
-0.845982,1.27,0.217526
-0.845982,1.45,-0.323924
-0.845982,1.63,0.518769
-0.845982,1.81,0.0614221
-0.845982,1.99,-0.382355
-0.845982,2.17,0.0164075
-0.845982,2.35,0.619219
-0.845982,2.53,-0.00322722
-0.845982,2.71,0.139364
-0.845982,2.89,0.500467
-0.845982,3.07,2.05965
-0.845982,3.25,-0.996196
-0.845982,3.43,-0.514667
-0.845982,3.61,-0.246224
-0.845982,3.79,0.0483165
-0.845982,3.97,0.536492
-0.845982,4.15,1.49421
-0.845982,4.33,3.05984
-0.845982,4.51,3.64968
-0.845982,4.69,2.48376
-0.845982,4.87,1.39206
-0.845982,5.05,0.738496
-0.845982,5.23,0.334776
-0.845982,5.41,0.0463621
-0.845982,5.59,-0.201608
-0.845982,5.77,-0.460453
-0.845982,5.95,-0.781403
-0.845982,6.13,-1.23557
-0.845982,6.31,-1.93157
-0.845982,6.49,-2.98175
-0.845982,6.67,-4.19032
-0.845982,6.85,-4.53835
-0.845982,7.03,-3.57665
-0.845982,7.21,-2.39322
-0.845982,7.39,-1.57066
-0.845982,7.57,-1.06798
-0.845982,7.75,-0.760342
-0.845982,7.93,-0.565231
-0.845982,8.11,-0.436233
-0.845982,8.29,-0.347766
-0.845982,8.47,-0.285082
-0.845982,8.65,-0.23941
-0.845982,8.83,-0.205332
-0.845982,9.01,-0.179406
-0.845982,9.19,-0.159347
-0.845982,9.37,-0.143587
-0.845982,9.55,-0.13105
-0.845982,9.73,-0.120971
-0.845982,9.91,-0.112796
-0.838694,1.09,0.0321865
-0.838694,1.27,0.182772
-0.838694,1.45,-0.175018
-0.838694,1.63,0.904908
-0.838694,1.81,0.0599813
-0.838694,1.99,-0.206443
-0.838694,2.17,0.00636389
-0.838694,2.35,0.929512
-0.838694,2.53,0.0257522
-0.838694,2.71,0.136552
-0.838694,2.89,0.456941
-0.838694,3.07,1.56144
-0.838694,3.25,-0.526087
-0.838694,3.43,-0.210744
-0.838694,3.61,0.0275417
-0.838694,3.79,0.350862
-0.838694,3.97,0.962258
-0.838694,4.15,2.42289
-0.838694,4.33,5.48504
-0.838694,4.51,3.54753
-0.838694,4.69,0.519049
-0.838694,4.87,-0.436516
-0.838694,5.05,-0.807406
-0.838694,5.23,-1.02004
-0.838694,5.41,-1.19361
-0.838694,5.59,-1.3729
-0.838694,5.77,-1.58081
-0.838694,5.95,-1.83333
-0.838694,6.13,-2.13565
-0.838694,6.31,-2.46369
-0.838694,6.49,-2.72475
-0.838694,6.67,-2.73469
-0.838694,6.85,-2.35145
-0.838694,7.03,-1.70228
-0.838694,7.21,-1.06962
-0.838694,7.39,-0.603176
-0.838694,7.57,-0.301825
-0.838694,7.75,-0.117116
-0.838694,7.93,-0.00585343
-0.838694,8.11,0.0608865
-0.838694,8.29,0.100452
-0.838694,8.47,0.123357
-0.838694,8.65,0.135927
-0.838694,8.83,0.142016
-0.838694,9.01,0.144051
-0.838694,9.19,0.143521
-0.838694,9.37,0.14136
-0.838694,9.55,0.138195
-0.838694,9.73,0.134438
-0.838694,9.91,0.130361
-0.831406,1.09,0.0164566
-0.831406,1.27,-0.0220825
-0.831406,1.45,-0.0247425
-0.831406,1.63,0.263187
-0.831406,1.81,0.0501122
-0.831406,1.99,-0.129434
-0.831406,2.17,-0.0253566
-0.831406,2.35,0.91069
-0.831406,2.53,0.00752249
-0.831406,2.71,0.114515
-0.831406,2.89,0.427668
-0.831406,3.07,0.384365
-0.831406,3.25,-0.323126
-0.831406,3.43,-0.112892
-0.831406,3.61,0.0787784
-0.831406,3.79,0.367335
-0.831406,3.97,0.968025
-0.831406,4.15,2.71284
-0.831406,4.33,5.94402
-0.831406,4.51,0.213329
-0.831406,4.69,-0.934818
-0.831406,4.87,-1.11777
-0.831406,5.05,-1.17932
-0.831406,5.23,-1.23226
-0.831406,5.41,-1.29922
-0.831406,5.59,-1.38653
-0.831406,5.77,-1.49503
-0.831406,5.95,-1.62175
-0.831406,6.13,-1.75269
-0.831406,6.31,-1.8514
-0.831406,6.49,-1.84727
-0.831406,6.67,-1.65107
-0.831406,6.85,-1.24016
-0.831406,7.03,-0.730686
-0.831406,7.21,-0.284331
-0.831406,7.39,0.0247396
-0.831406,7.57,0.209067
-0.831406,7.75,0.308076
-0.831406,7.93,0.355467
-0.831406,8.11,0.373498
-0.831406,8.29,0.375115
-0.831406,8.47,0.367894
-0.831406,8.65,0.356155
-0.831406,8.83,0.342346
-0.831406,9.01,0.327908
-0.831406,9.19,0.313592
-0.831406,9.37,0.299768
-0.831406,9.55,0.28665
-0.831406,9.73,0.274335
-0.831406,9.91,0.262852
-0.824117,1.09,-0.0126014
-0.824117,1.27,-0.00566113
-0.824117,1.45,-0.0083519
-0.824117,1.63,-0.178378
-0.824117,1.81,0.0590743
-0.824117,1.99,-0.120905
-0.824117,2.17,-0.0237391
-0.824117,2.35,0.690462
-0.824117,2.53,0.01633
-0.824117,2.71,0.119238
-0.824117,2.89,0.455069
-0.824117,3.07,-0.544034
-0.824117,3.25,-0.271816
-0.824117,3.43,-0.085665
-0.824117,3.61,0.0945914
-0.824117,3.79,0.381473
-0.824117,3.97,1.02017
-0.824117,4.15,3.0702
-0.824117,4.33,4.03056
-0.824117,4.51,-0.489263
-0.824117,4.69,-0.997597
-0.824117,4.87,-1.07108
-0.824117,5.05,-1.10168
-0.824117,5.23,-1.14045
-0.824117,5.41,-1.19663
-0.824117,5.59,-1.27208
-0.824117,5.77,-1.36505
-0.824117,5.95,-1.46953
-0.824117,6.13,-1.56747
-0.824117,6.31,-1.61806
-0.824117,6.49,-1.55202
-0.824117,6.67,-1.30116
-0.824117,6.85,-0.883014
-0.824117,7.03,-0.42855
-0.824117,7.21,-0.065966
-0.824117,7.39,0.167837
-0.824117,7.57,0.298229
-0.824117,7.75,0.362146
-0.824117,7.93,0.387467
-0.824117,8.11,0.391681
-0.824117,8.29,0.38461
-0.824117,8.47,0.371883
-0.824117,8.65,0.356639
-0.824117,8.83,0.340603
-0.824117,9.01,0.324756
-0.824117,9.19,0.309571
-0.824117,9.37,0.295245
-0.824117,9.55,0.281873
-0.824117,9.73,0.269473
-0.824117,9.91,0.258018
-0.816829,1.09,-0.143567
-0.816829,1.27,-0.00168722
-0.816829,1.45,0.00150427
-0.816829,1.63,-0.142017
-0.816829,1.81,0.0685165
-0.816829,1.99,-0.10596
-0.816829,2.17,-0.0227023
-0.816829,2.35,0.154684
-0.816829,2.53,0.0220606
-0.816829,2.71,0.120472
-0.816829,2.89,0.478171
-0.816829,3.07,-0.6111
-0.816829,3.25,-0.22448
-0.816829,3.43,-0.0621321
-0.816829,3.61,0.10634
-0.816829,3.79,0.390178
-0.816829,3.97,1.07113
-0.816829,4.15,3.46873
-0.816829,4.33,1.59975
-0.816829,4.51,-0.800936
-0.816829,4.69,-0.979918
-0.816829,4.87,-0.9952
-0.816829,5.05,-1.008
-0.816829,5.23,-1.03689
-0.816829,5.41,-1.08368
-0.816829,5.59,-1.14735
-0.816829,5.77,-1.22415
-0.816829,5.95,-1.30538
-0.816829,6.13,-1.36965
-0.816829,6.31,-1.37376
-0.816829,6.49,-1.25427
-0.816829,6.67,-0.968201
-0.816829,6.85,-0.566158
-0.816829,7.03,-0.177543
-0.816829,7.21,0.105951
-0.816829,7.39,0.275225
-0.816829,7.57,0.361533
-0.816829,7.75,0.397529
-0.816829,7.93,0.405626
-0.816829,8.11,0.399261
-0.816829,8.29,0.385695
-0.816829,8.47,0.368988
-0.816829,8.65,0.35133
-0.816829,8.83,0.333869
-0.816829,9.01,0.317221
-0.816829,9.19,0.301638
-0.816829,9.37,0.287183
-0.816829,9.55,0.273858
-0.816829,9.73,0.261619
-0.816829,9.91,0.250398
-0.809541,1.09,-0.140835
-0.809541,1.27,-0.00373882
-0.809541,1.45,0.00642416
-0.809541,1.63,-0.0987596
-0.809541,1.81,0.0803353
-0.809541,1.99,-0.0909538
-0.809541,2.17,-0.0225675
-0.809541,2.35,0.0246085
-0.809541,2.53,0.0247071
-0.809541,2.71,0.117747
-0.809541,2.89,0.482069
-0.809541,3.07,-0.503794
-0.809541,3.25,-0.182141
-0.809541,3.43,-0.0426144
-0.809541,3.61,0.112858
-0.809541,3.79,0.390366
-0.809541,3.97,1.11368
-0.809541,4.15,3.70812
-0.809541,4.33,-0.00548336
-0.809541,4.51,-0.889743
-0.809541,4.69,-0.91181
-0.809541,4.87,-0.898242
-0.809541,5.05,-0.901007
-0.809541,5.23,-0.922449
-0.809541,5.41,-0.960355
-0.809541,5.59,-1.0119
-0.809541,5.77,-1.07171
-0.809541,5.95,-1.12888
-0.809541,6.13,-1.15961
-0.809541,6.31,-1.12082
-0.809541,6.49,-0.959218
-0.809541,6.67,-0.658509
-0.809541,6.85,-0.291937
-0.809541,7.03,0.0256354
-0.809541,7.21,0.237022
-0.809541,7.39,0.351923
-0.809541,7.57,0.402624
-0.809541,7.75,0.416669
-0.809541,7.93,0.41154
-0.809541,8.11,0.397272
-0.809541,8.29,0.379034
-0.809541,8.47,0.359626
-0.809541,8.65,0.340479
-0.809541,8.83,0.322281
-0.809541,9.01,0.305357
-0.809541,9.19,0.289788
-0.809541,9.37,0.275533
-0.809541,9.55,0.262523
-0.809541,9.73,0.250666
-0.809541,9.91,0.239865
-0.802253,1.09,-0.0248652
-0.802253,1.27,-0.00633604
-0.802253,1.45,0.00749476
-0.802253,1.63,-0.0657664
-0.802253,1.81,0.0933161
-0.802253,1.99,-0.0758948
-0.802253,2.17,-0.018492
-0.802253,2.35,0.00178909
-0.802253,2.53,0.0263883
-0.802253,2.71,0.113359
-0.802253,2.89,0.40384
-0.802253,3.07,-0.393502
-0.802253,3.25,-0.145788
-0.802253,3.43,-0.0255061
-0.802253,3.61,0.11846
-0.802253,3.79,0.391512
-0.802253,3.97,1.17152
-0.802253,4.15,3.27483
-0.802253,4.33,-0.590576
-0.802253,4.51,-0.838222
-0.802253,4.69,-0.808342
-0.802253,4.87,-0.78789
-0.802253,5.05,-0.788199
-0.802253,5.23,-0.805944
-0.802253,5.41,-0.837593
-0.802253,5.59,-0.879502
-0.802253,5.77,-0.92527
-0.802253,5.95,-0.962352
-0.802253,6.13,-0.965448
-0.802253,6.31,-0.893209
-0.802253,6.49,-0.704652
-0.802253,6.67,-0.408338
-0.802253,6.85,-0.0896269
-0.802253,7.03,0.158745
-0.802253,7.21,0.308914
-0.802253,7.39,0.381559
-0.802253,7.57,0.406563
-0.802253,7.75,0.405994
-0.802253,7.93,0.392949
-0.802253,8.11,0.37465
-0.802253,8.29,0.354625
-0.802253,8.47,0.33471
-0.802253,8.65,0.315779
-0.802253,8.83,0.2982
-0.802253,9.01,0.282095
-0.802253,9.19,0.267438
-0.802253,9.37,0.25413
-0.802253,9.55,0.242062
-0.802253,9.73,0.231121
-0.802253,9.91,0.221196
-0.794965,1.09,-0.00574328
-0.794965,1.27,-0.00910933
-0.794965,1.45,0.00535899
-0.794965,1.63,-0.0445757
-0.794965,1.81,0.103063
-0.794965,1.99,-0.0622074
-0.794965,2.17,-0.0121968
-0.794965,2.35,-0.00283732
-0.794965,2.53,0.0261525
-0.794965,2.71,0.105226
-0.794965,2.89,-0.0368381
-0.794965,3.07,-0.299839
-0.794965,3.25,-0.114115
-0.794965,3.43,-0.0115432
-0.794965,3.61,0.120149
-0.794965,3.79,0.386116
-0.794965,3.97,1.22319
-0.794965,4.15,1.62837
-0.794965,4.33,-0.737609
-0.794965,4.51,-0.741698
-0.794965,4.69,-0.695778
-0.794965,4.87,-0.67487
-0.794965,5.05,-0.674295
-0.794965,5.23,-0.688712
-0.794965,5.41,-0.714126
-0.794965,5.59,-0.746379
-0.794965,5.77,-0.778297
-0.794965,5.95,-0.796179
-0.794965,6.13,-0.774354
-0.794965,6.31,-0.675585
-0.794965,6.49,-0.473702
-0.794965,6.67,-0.198406
-0.794965,6.85,0.064317
-0.794965,7.03,0.248067
-0.794965,7.21,0.347292
-0.794965,7.39,0.387242
-0.794965,7.57,0.393496
-0.794965,7.75,0.382946
-0.794965,7.93,0.365024
-0.794965,8.11,0.34471
-0.794965,8.29,0.324265
-0.794965,8.47,0.304799
-0.794965,8.65,0.286774
-0.794965,8.83,0.270319
-0.794965,9.01,0.255419
-0.794965,9.19,0.241974
-0.794965,9.37,0.229848
-0.794965,9.55,0.218911
-0.794965,9.73,0.20904
-0.794965,9.91,0.200119
-0.787677,1.09,-0.00252669
-0.787677,1.27,-0.0108293
-0.787677,1.45,0.000694522
-0.787677,1.63,-0.0306981
-0.787677,1.81,0.071164
-0.787677,1.99,-0.049826
-0.787677,2.17,-0.00231899
-0.787677,2.35,-0.00356149
-0.787677,2.53,0.0241363
-0.787677,2.71,0.0922819
-0.787677,2.89,-1.04297
-0.787677,3.07,-0.22361
-0.787677,3.25,-0.0868542
-0.787677,3.43,-0.00122691
-0.787677,3.61,0.116267
-0.787677,3.79,0.369037
-0.787677,3.97,1.23168
-0.787677,4.15,0.0157047
-0.787677,4.33,-0.697445
-0.787677,4.51,-0.624692
-0.787677,4.69,-0.578727
-0.787677,4.87,-0.560088
-0.787677,5.05,-0.559065
-0.787677,5.23,-0.570043
-0.787677,5.41,-0.589
-0.787677,5.59,-0.611491
-0.787677,5.77,-0.629863
-0.787677,5.95,-0.629921
-0.787677,6.13,-0.587061
-0.787677,6.31,-0.470582
-0.787677,6.49,-0.270137
-0.787677,6.67,-0.0301133
-0.787677,6.85,0.173107
-0.787677,7.03,0.299276
-0.787677,7.21,0.357563
-0.787677,7.39,0.373109
-0.787677,7.57,0.366352
-0.787677,7.75,0.349569
-0.787677,7.93,0.329202
-0.787677,8.11,0.308478
-0.787677,8.29,0.288704
-0.787677,8.47,0.27045
-0.787677,8.65,0.253877
-0.787677,8.83,0.238955
-0.787677,9.01,0.225569
-0.787677,9.19,0.213577
-0.787677,9.37,0.202825
-0.787677,9.55,0.193173
-0.787677,9.73,0.184496
-0.787677,9.91,0.176682
-0.780389,1.09,-0.00207548
-0.780389,1.27,-0.00951984
-0.780389,1.45,-0.00573973
-0.780389,1.63,-0.0210386
-0.780389,1.81,-0.229144
-0.780389,1.99,-0.038272
-0.780389,2.17,0.0168368
-0.780389,2.35,-0.00319981
-0.780389,2.53,0.0209424
-0.780389,2.71,0.0738711
-0.780389,2.89,-0.969614
-0.780389,3.07,-0.162112
-0.780389,3.25,-0.0635011
-0.780389,3.43,0.00597102
-0.780389,3.61,0.107503
-0.780389,3.79,0.339961
-0.780389,3.97,1.1214
-0.780389,4.15,-0.548343
-0.780389,4.33,-0.578968
-0.780389,4.51,-0.499189
-0.780389,4.69,-0.460978
-0.780389,4.87,-0.446109
-0.780389,5.05,-0.445044
-0.780389,5.23,-0.452834
-0.780389,5.41,-0.465752
-0.780389,5.59,-0.479325
-0.780389,5.77,-0.485833
-0.780389,5.95,-0.471398
-0.780389,6.13,-0.413955
-0.780389,6.31,-0.291099
-0.780389,6.49,-0.107084
-0.780389,6.67,0.0872839
-0.780389,6.85,0.23245
-0.780389,7.03,0.310532
-0.780389,7.21,0.338232
-0.780389,7.39,0.337395
-0.780389,7.57,0.323138
-0.780389,7.75,0.303799
-0.780389,7.93,0.283458
-0.780389,8.11,0.264025
-0.780389,8.29,0.246127
-0.780389,8.47,0.229963
-0.780389,8.65,0.215503
-0.780389,8.83,0.202619
-0.780389,9.01,0.191146
-0.780389,9.19,0.180925
-0.780389,9.37,0.171806
-0.780389,9.55,0.163653
-0.780389,9.73,0.156348
-0.780389,9.91,0.149788
-0.773101,1.09,-0.00278735
-0.773101,1.27,-0.00484633
-0.773101,1.45,-0.0136694
-0.773101,1.63,-0.0133266
-0.773101,1.81,-0.245952
-0.773101,1.99,-0.0268988
-0.773101,2.17,0.066884
-0.773101,2.35,-0.00232731
-0.773101,2.53,0.0172741
-0.773101,2.71,0.048928
-0.773101,2.89,-0.534847
-0.773101,3.07,-0.112761
-0.773101,3.25,-0.0433516
-0.773101,3.43,0.011483
-0.773101,3.61,0.0969536
-0.773101,3.79,0.305525
-0.773101,3.97,0.767008
-0.773101,4.15,-0.544597
-0.773101,4.33,-0.440095
-0.773101,4.51,-0.377832
-0.773101,4.69,-0.350047
-0.773101,4.87,-0.33949
-0.773101,5.05,-0.338807
-0.773101,5.23,-0.344116
-0.773101,5.41,-0.352191
-0.773101,5.59,-0.358808
-0.773101,5.77,-0.35662
-0.773101,5.95,-0.332863
-0.773101,6.13,-0.269189
-0.773101,6.31,-0.152138
-0.773101,6.49,0.00285093
-0.773101,6.67,0.147117
-0.773101,6.85,0.241148
-0.773101,7.03,0.283065
-0.773101,7.21,0.290953
-0.773101,7.39,0.281548
-0.773101,7.57,0.265046
-0.773101,7.75,0.246636
-0.773101,7.93,0.228667
-0.773101,8.11,0.212143
-0.773101,8.29,0.197267
-0.773101,8.47,0.184028
-0.773101,8.65,0.172304
-0.773101,8.83,0.161931
-0.773101,9.01,0.152742
-0.773101,9.19,0.144587
-0.773101,9.37,0.137336
-0.773101,9.55,0.130871
-0.773101,9.73,0.125093
-0.773101,9.91,0.119916
-0.765813,1.09,-0.00385523
-0.765813,1.27,0.00481214
-0.765813,1.45,-0.0228235
-0.765813,1.63,-0.00787332
-0.765813,1.81,-0.112874
-0.765813,1.99,-0.016647
-0.765813,2.17,0.156182
-0.765813,2.35,-0.00161217
-0.765813,2.53,0.0127756
-0.765813,2.71,0.014143
-0.765813,2.89,-0.276117
-0.765813,3.07,-0.0724956
-0.765813,3.25,-0.0267532
-0.765813,3.43,0.0134241
-0.765813,3.61,0.0798964
-0.765813,3.79,0.249937
-0.765813,3.97,0.0870237
-0.765813,4.15,-0.401038
-0.765813,4.33,-0.304641
-0.765813,4.51,-0.262704
-0.765813,4.69,-0.244377
-0.765813,4.87,-0.237417
-0.765813,5.05,-0.236805
-0.765813,5.23,-0.239729
-0.765813,5.41,-0.243571
-0.765813,5.59,-0.244645
-0.765813,5.77,-0.23656
-0.765813,5.95,-0.208712
-0.765813,6.13,-0.147772
-0.765813,6.31,-0.048913
-0.765813,6.49,0.0668773
-0.765813,6.67,0.161043
-0.765813,6.85,0.213185
-0.765813,7.03,0.230002
-0.765813,7.21,0.226643
-0.765813,7.39,0.214284
-0.765813,7.57,0.199017
-0.765813,7.75,0.183685
-0.765813,7.93,0.169439
-0.765813,8.11,0.156694
-0.765813,8.29,0.145418
-0.765813,8.47,0.135499
-0.765813,8.65,0.126786
-0.765813,8.83,0.119123
-0.765813,9.01,0.112363
-0.765813,9.19,0.106384
-0.765813,9.37,0.101083
-0.765813,9.55,0.096369
-0.765813,9.73,0.0921654
-0.765813,9.91,0.0884073
-0.758525,1.09,-0.00450901
-0.758525,1.27,0.0232243
-0.758525,1.45,-0.0315158
-0.758525,1.63,-0.00407113
-0.758525,1.81,-0.0491646
-0.758525,1.99,-0.00800609
-0.758525,2.17,0.0706999
-0.758525,2.35,-0.000986756
-0.758525,2.53,0.00770219
-0.758525,2.71,-0.0298692
-0.758525,2.89,-0.127667
-0.758525,3.07,-0.0394567
-0.758525,3.25,-0.013664
-0.758525,3.43,0.0112395
-0.758525,3.61,0.0545168
-0.758525,3.79,0.162948
-0.758525,3.97,-0.259963
-0.758525,4.15,-0.234154
-0.758525,4.33,-0.176927
-0.758525,4.51,-0.153666
-0.758525,4.69,-0.143453
-0.758525,4.87,-0.139447
-0.758525,5.05,-0.138782
-0.758525,5.23,-0.139706
-0.758525,5.41,-0.140392
-0.758525,5.59,-0.138114
-0.758525,5.77,-0.128222
-0.758525,5.95,-0.103471
-0.758525,6.13,-0.0563517
-0.758525,6.31,0.011706
-0.758525,6.49,0.0817846
-0.758525,6.67,0.130683
-0.758525,6.85,0.152224
-0.758525,7.03,0.154594
-0.758525,7.21,0.147478
-0.758525,7.39,0.136881
-0.758525,7.57,0.125734
-0.758525,7.75,0.115261
-0.758525,7.93,0.105867
-0.758525,8.11,0.0976384
-0.758525,8.29,0.0904586
-0.758525,8.47,0.0842034
-0.758525,8.65,0.0787468
-0.758525,8.83,0.0739736
-0.758525,9.01,0.069778
-0.758525,9.19,0.0660777
-0.758525,9.37,0.0628064
-0.758525,9.55,0.0599045
-0.758525,9.73,0.0573224
-0.758525,9.91,0.0550186
-0.751237,1.09,-0.00338181
-0.751237,1.27,0.0464448
-0.751237,1.45,-0.029846
-0.751237,1.63,-0.00128198
-0.751237,1.81,-0.0140651
-0.751237,1.99,-0.00187076
-0.751237,2.17,0.00883077
-0.751237,2.35,-0.00035595
-0.751237,2.53,0.00263109
-0.751237,2.71,-0.0540466
-0.751237,2.89,-0.0366407
-0.751237,3.07,-0.0127302
-0.751237,3.25,-0.00400101
-0.751237,3.43,0.00515665
-0.751237,3.61,0.0215669
-0.751237,3.79,0.0518844
-0.751237,3.97,-0.128467
-0.751237,4.15,-0.0792345
-0.751237,4.33,-0.0606977
-0.751237,4.51,-0.0531347
-0.751237,4.69,-0.0497374
-0.751237,4.87,-0.0483091
-0.751237,5.05,-0.0478786
-0.751237,5.23,-0.0477831
-0.751237,5.41,-0.0472523
-0.751237,5.59,-0.0450922
-0.751237,5.77,-0.0393158
-0.751237,5.95,-0.0270817
-0.751237,6.13,-0.00624741
-0.751237,6.31,0.0205509
-0.751237,6.49,0.0445016
-0.751237,6.67,0.0583338
-0.751237,6.85,0.0623149
-0.751237,7.03,0.0604938
-0.751237,7.21,0.0562727
-0.751237,7.39,0.0514647
-0.751237,7.57,0.046853
-0.751237,7.75,0.0427114
-0.751237,7.93,0.039092
-0.751237,8.11,0.0359729
-0.751237,8.29,0.0332814
-0.751237,8.47,0.030955
-0.751237,8.65,0.0289374
-0.751237,8.83,0.0271804
-0.751237,9.01,0.0256409
-0.751237,9.19,0.0242866
-0.751237,9.37,0.0230922
-0.751237,9.55,0.0220351
-0.751237,9.73,0.0210964
-0.751237,9.91,0.0202604
-0.743949,1.09,0
-0.743949,1.27,0
-0.743949,1.45,0
-0.743949,1.63,0
-0.743949,1.81,0
-0.743949,1.99,0
-0.743949,2.17,0
-0.743949,2.35,0
-0.743949,2.53,0
-0.743949,2.71,0
-0.743949,2.89,0
-0.743949,3.07,0
-0.743949,3.25,0
-0.743949,3.43,0
-0.743949,3.61,0
-0.743949,3.79,0
-0.743949,3.97,0
-0.743949,4.15,0
-0.743949,4.33,0
-0.743949,4.51,0
-0.743949,4.69,0
-0.743949,4.87,0
-0.743949,5.05,0
-0.743949,5.23,0
-0.743949,5.41,0
-0.743949,5.59,0
-0.743949,5.77,0
-0.743949,5.95,0
-0.743949,6.13,0
-0.743949,6.31,0
-0.743949,6.49,0
-0.743949,6.67,0
-0.743949,6.85,0
-0.743949,7.03,0
-0.743949,7.21,0
-0.743949,7.39,0
-0.743949,7.57,0
-0.743949,7.75,0
-0.743949,7.93,0
-0.743949,8.11,0
-0.743949,8.29,0
-0.743949,8.47,0
-0.743949,8.65,0
-0.743949,8.83,0
-0.743949,9.01,0
-0.743949,9.19,0
-0.743949,9.37,0
-0.743949,9.55,0
-0.743949,9.73,0
-0.743949,9.91,0
-0.736661,1.09,0
-0.736661,1.27,0
-0.736661,1.45,0
-0.736661,1.63,0
-0.736661,1.81,0
-0.736661,1.99,0
-0.736661,2.17,0
-0.736661,2.35,0
-0.736661,2.53,0
-0.736661,2.71,0
-0.736661,2.89,0
-0.736661,3.07,0
-0.736661,3.25,0
-0.736661,3.43,0
-0.736661,3.61,0
-0.736661,3.79,0
-0.736661,3.97,0
-0.736661,4.15,0
-0.736661,4.33,0
-0.736661,4.51,0
-0.736661,4.69,0
-0.736661,4.87,0
-0.736661,5.05,0
-0.736661,5.23,0
-0.736661,5.41,0
-0.736661,5.59,0
-0.736661,5.77,0
-0.736661,5.95,0
-0.736661,6.13,0
-0.736661,6.31,0
-0.736661,6.49,0
-0.736661,6.67,0
-0.736661,6.85,0
-0.736661,7.03,0
-0.736661,7.21,0
-0.736661,7.39,0
-0.736661,7.57,0
-0.736661,7.75,0
-0.736661,7.93,0
-0.736661,8.11,0
-0.736661,8.29,0
-0.736661,8.47,0
-0.736661,8.65,0
-0.736661,8.83,0
-0.736661,9.01,0
-0.736661,9.19,0
-0.736661,9.37,0
-0.736661,9.55,0
-0.736661,9.73,0
-0.736661,9.91,0
-0.729373,1.09,0
-0.729373,1.27,0
-0.729373,1.45,0
-0.729373,1.63,0
-0.729373,1.81,0
-0.729373,1.99,0
-0.729373,2.17,0
-0.729373,2.35,0
-0.729373,2.53,0
-0.729373,2.71,0
-0.729373,2.89,0
-0.729373,3.07,0
-0.729373,3.25,0
-0.729373,3.43,0
-0.729373,3.61,0
-0.729373,3.79,0
-0.729373,3.97,0
-0.729373,4.15,0
-0.729373,4.33,0
-0.729373,4.51,0
-0.729373,4.69,0
-0.729373,4.87,0
-0.729373,5.05,0
-0.729373,5.23,0
-0.729373,5.41,0
-0.729373,5.59,0
-0.729373,5.77,0
-0.729373,5.95,0
-0.729373,6.13,0
-0.729373,6.31,0
-0.729373,6.49,0
-0.729373,6.67,0
-0.729373,6.85,0
-0.729373,7.03,0
-0.729373,7.21,0
-0.729373,7.39,0
-0.729373,7.57,0
-0.729373,7.75,0
-0.729373,7.93,0
-0.729373,8.11,0
-0.729373,8.29,0
-0.729373,8.47,0
-0.729373,8.65,0
-0.729373,8.83,0
-0.729373,9.01,0
-0.729373,9.19,0
-0.729373,9.37,0
-0.729373,9.55,0
-0.729373,9.73,0
-0.729373,9.91,0
-0.722085,1.09,0
-0.722085,1.27,0
-0.722085,1.45,0
-0.722085,1.63,0
-0.722085,1.81,0
-0.722085,1.99,0
-0.722085,2.17,0
-0.722085,2.35,0
-0.722085,2.53,0
-0.722085,2.71,0
-0.722085,2.89,0
-0.722085,3.07,0
-0.722085,3.25,0
-0.722085,3.43,0
-0.722085,3.61,0
-0.722085,3.79,0
-0.722085,3.97,0
-0.722085,4.15,0
-0.722085,4.33,0
-0.722085,4.51,0
-0.722085,4.69,0
-0.722085,4.87,0
-0.722085,5.05,0
-0.722085,5.23,0
-0.722085,5.41,0
-0.722085,5.59,0
-0.722085,5.77,0
-0.722085,5.95,0
-0.722085,6.13,0
-0.722085,6.31,0
-0.722085,6.49,0
-0.722085,6.67,0
-0.722085,6.85,0
-0.722085,7.03,0
-0.722085,7.21,0
-0.722085,7.39,0
-0.722085,7.57,0
-0.722085,7.75,0
-0.722085,7.93,0
-0.722085,8.11,0
-0.722085,8.29,0
-0.722085,8.47,0
-0.722085,8.65,0
-0.722085,8.83,0
-0.722085,9.01,0
-0.722085,9.19,0
-0.722085,9.37,0
-0.722085,9.55,0
-0.722085,9.73,0
-0.722085,9.91,0
-0.714797,1.09,0
-0.714797,1.27,0
-0.714797,1.45,0
-0.714797,1.63,0
-0.714797,1.81,0
-0.714797,1.99,0
-0.714797,2.17,0
-0.714797,2.35,0
-0.714797,2.53,0
-0.714797,2.71,0
-0.714797,2.89,0
-0.714797,3.07,0
-0.714797,3.25,0
-0.714797,3.43,0
-0.714797,3.61,0
-0.714797,3.79,0
-0.714797,3.97,0
-0.714797,4.15,0
-0.714797,4.33,0
-0.714797,4.51,0
-0.714797,4.69,0
-0.714797,4.87,0
-0.714797,5.05,0
-0.714797,5.23,0
-0.714797,5.41,0
-0.714797,5.59,0
-0.714797,5.77,0
-0.714797,5.95,0
-0.714797,6.13,0
-0.714797,6.31,0
-0.714797,6.49,0
-0.714797,6.67,0
-0.714797,6.85,0
-0.714797,7.03,0
-0.714797,7.21,0
-0.714797,7.39,0
-0.714797,7.57,0
-0.714797,7.75,0
-0.714797,7.93,0
-0.714797,8.11,0
-0.714797,8.29,0
-0.714797,8.47,0
-0.714797,8.65,0
-0.714797,8.83,0
-0.714797,9.01,0
-0.714797,9.19,0
-0.714797,9.37,0
-0.714797,9.55,0
-0.714797,9.73,0
-0.714797,9.91,0
-0.707509,1.09,0
-0.707509,1.27,0
-0.707509,1.45,0
-0.707509,1.63,0
-0.707509,1.81,0
-0.707509,1.99,0
-0.707509,2.17,0
-0.707509,2.35,0
-0.707509,2.53,0
-0.707509,2.71,0
-0.707509,2.89,0
-0.707509,3.07,0
-0.707509,3.25,0
-0.707509,3.43,0
-0.707509,3.61,0
-0.707509,3.79,0
-0.707509,3.97,0
-0.707509,4.15,0
-0.707509,4.33,0
-0.707509,4.51,0
-0.707509,4.69,0
-0.707509,4.87,0
-0.707509,5.05,0
-0.707509,5.23,0
-0.707509,5.41,0
-0.707509,5.59,0
-0.707509,5.77,0
-0.707509,5.95,0
-0.707509,6.13,0
-0.707509,6.31,0
-0.707509,6.49,0
-0.707509,6.67,0
-0.707509,6.85,0
-0.707509,7.03,0
-0.707509,7.21,0
-0.707509,7.39,0
-0.707509,7.57,0
-0.707509,7.75,0
-0.707509,7.93,0
-0.707509,8.11,0
-0.707509,8.29,0
-0.707509,8.47,0
-0.707509,8.65,0
-0.707509,8.83,0
-0.707509,9.01,0
-0.707509,9.19,0
-0.707509,9.37,0
-0.707509,9.55,0
-0.707509,9.73,0
-0.707509,9.91,0
-0.700221,1.09,0
-0.700221,1.27,0
-0.700221,1.45,0
-0.700221,1.63,0
-0.700221,1.81,0
-0.700221,1.99,0
-0.700221,2.17,0
-0.700221,2.35,0
-0.700221,2.53,0
-0.700221,2.71,0
-0.700221,2.89,0
-0.700221,3.07,0
-0.700221,3.25,0
-0.700221,3.43,0
-0.700221,3.61,0
-0.700221,3.79,0
-0.700221,3.97,0
-0.700221,4.15,0
-0.700221,4.33,0
-0.700221,4.51,0
-0.700221,4.69,0
-0.700221,4.87,0
-0.700221,5.05,0
-0.700221,5.23,0
-0.700221,5.41,0
-0.700221,5.59,0
-0.700221,5.77,0
-0.700221,5.95,0
-0.700221,6.13,0
-0.700221,6.31,0
-0.700221,6.49,0
-0.700221,6.67,0
-0.700221,6.85,0
-0.700221,7.03,0
-0.700221,7.21,0
-0.700221,7.39,0
-0.700221,7.57,0
-0.700221,7.75,0
-0.700221,7.93,0
-0.700221,8.11,0
-0.700221,8.29,0
-0.700221,8.47,0
-0.700221,8.65,0
-0.700221,8.83,0
-0.700221,9.01,0
-0.700221,9.19,0
-0.700221,9.37,0
-0.700221,9.55,0
-0.700221,9.73,0
-0.700221,9.91,0
-0.692933,1.09,0
-0.692933,1.27,0
-0.692933,1.45,0
-0.692933,1.63,0
-0.692933,1.81,0
-0.692933,1.99,0
-0.692933,2.17,0
-0.692933,2.35,0
-0.692933,2.53,0
-0.692933,2.71,0
-0.692933,2.89,0
-0.692933,3.07,0
-0.692933,3.25,0
-0.692933,3.43,0
-0.692933,3.61,0
-0.692933,3.79,0
-0.692933,3.97,0
-0.692933,4.15,0
-0.692933,4.33,0
-0.692933,4.51,0
-0.692933,4.69,0
-0.692933,4.87,0
-0.692933,5.05,0
-0.692933,5.23,0
-0.692933,5.41,0
-0.692933,5.59,0
-0.692933,5.77,0
-0.692933,5.95,0
-0.692933,6.13,0
-0.692933,6.31,0
-0.692933,6.49,0
-0.692933,6.67,0
-0.692933,6.85,0
-0.692933,7.03,0
-0.692933,7.21,0
-0.692933,7.39,0
-0.692933,7.57,0
-0.692933,7.75,0
-0.692933,7.93,0
-0.692933,8.11,0
-0.692933,8.29,0
-0.692933,8.47,0
-0.692933,8.65,0
-0.692933,8.83,0
-0.692933,9.01,0
-0.692933,9.19,0
-0.692933,9.37,0
-0.692933,9.55,0
-0.692933,9.73,0
-0.692933,9.91,0
-0.685645,1.09,0
-0.685645,1.27,0
-0.685645,1.45,0
-0.685645,1.63,0
-0.685645,1.81,0
-0.685645,1.99,0
-0.685645,2.17,0
-0.685645,2.35,0
-0.685645,2.53,0
-0.685645,2.71,0
-0.685645,2.89,0
-0.685645,3.07,0
-0.685645,3.25,0
-0.685645,3.43,0
-0.685645,3.61,0
-0.685645,3.79,0
-0.685645,3.97,0
-0.685645,4.15,0
-0.685645,4.33,0
-0.685645,4.51,0
-0.685645,4.69,0
-0.685645,4.87,0
-0.685645,5.05,0
-0.685645,5.23,0
-0.685645,5.41,0
-0.685645,5.59,0
-0.685645,5.77,0
-0.685645,5.95,0
-0.685645,6.13,0
-0.685645,6.31,0
-0.685645,6.49,0
-0.685645,6.67,0
-0.685645,6.85,0
-0.685645,7.03,0
-0.685645,7.21,0
-0.685645,7.39,0
-0.685645,7.57,0
-0.685645,7.75,0
-0.685645,7.93,0
-0.685645,8.11,0
-0.685645,8.29,0
-0.685645,8.47,0
-0.685645,8.65,0
-0.685645,8.83,0
-0.685645,9.01,0
-0.685645,9.19,0
-0.685645,9.37,0
-0.685645,9.55,0
-0.685645,9.73,0
-0.685645,9.91,0
-0.678356,1.09,0
-0.678356,1.27,0
-0.678356,1.45,0
-0.678356,1.63,0
-0.678356,1.81,0
-0.678356,1.99,0
-0.678356,2.17,0
-0.678356,2.35,0
-0.678356,2.53,0
-0.678356,2.71,0
-0.678356,2.89,0
-0.678356,3.07,0
-0.678356,3.25,0
-0.678356,3.43,0
-0.678356,3.61,0
-0.678356,3.79,0
-0.678356,3.97,0
-0.678356,4.15,0
-0.678356,4.33,0
-0.678356,4.51,0
-0.678356,4.69,0
-0.678356,4.87,0
-0.678356,5.05,0
-0.678356,5.23,0
-0.678356,5.41,0
-0.678356,5.59,0
-0.678356,5.77,0
-0.678356,5.95,0
-0.678356,6.13,0
-0.678356,6.31,0
-0.678356,6.49,0
-0.678356,6.67,0
-0.678356,6.85,0
-0.678356,7.03,0
-0.678356,7.21,0
-0.678356,7.39,0
-0.678356,7.57,0
-0.678356,7.75,0
-0.678356,7.93,0
-0.678356,8.11,0
-0.678356,8.29,0
-0.678356,8.47,0
-0.678356,8.65,0
-0.678356,8.83,0
-0.678356,9.01,0
-0.678356,9.19,0
-0.678356,9.37,0
-0.678356,9.55,0
-0.678356,9.73,0
-0.678356,9.91,0
-0.671068,1.09,0
-0.671068,1.27,0
-0.671068,1.45,0
-0.671068,1.63,0
-0.671068,1.81,0
-0.671068,1.99,0
-0.671068,2.17,0
-0.671068,2.35,0
-0.671068,2.53,0
-0.671068,2.71,0
-0.671068,2.89,0
-0.671068,3.07,0
-0.671068,3.25,0
-0.671068,3.43,0
-0.671068,3.61,0
-0.671068,3.79,0
-0.671068,3.97,0
-0.671068,4.15,0
-0.671068,4.33,0
-0.671068,4.51,0
-0.671068,4.69,0
-0.671068,4.87,0
-0.671068,5.05,0
-0.671068,5.23,0
-0.671068,5.41,0
-0.671068,5.59,0
-0.671068,5.77,0
-0.671068,5.95,0
-0.671068,6.13,0
-0.671068,6.31,0
-0.671068,6.49,0
-0.671068,6.67,0
-0.671068,6.85,0
-0.671068,7.03,0
-0.671068,7.21,0
-0.671068,7.39,0
-0.671068,7.57,0
-0.671068,7.75,0
-0.671068,7.93,0
-0.671068,8.11,0
-0.671068,8.29,0
-0.671068,8.47,0
-0.671068,8.65,0
-0.671068,8.83,0
-0.671068,9.01,0
-0.671068,9.19,0
-0.671068,9.37,0
-0.671068,9.55,0
-0.671068,9.73,0
-0.671068,9.91,0
-0.66378,1.09,0
-0.66378,1.27,0
-0.66378,1.45,0
-0.66378,1.63,0
-0.66378,1.81,0
-0.66378,1.99,0
-0.66378,2.17,0
-0.66378,2.35,0
-0.66378,2.53,0
-0.66378,2.71,0
-0.66378,2.89,0
-0.66378,3.07,0
-0.66378,3.25,0
-0.66378,3.43,0
-0.66378,3.61,0
-0.66378,3.79,0
-0.66378,3.97,0
-0.66378,4.15,0
-0.66378,4.33,0
-0.66378,4.51,0
-0.66378,4.69,0
-0.66378,4.87,0
-0.66378,5.05,0
-0.66378,5.23,0
-0.66378,5.41,0
-0.66378,5.59,0
-0.66378,5.77,0
-0.66378,5.95,0
-0.66378,6.13,0
-0.66378,6.31,0
-0.66378,6.49,0
-0.66378,6.67,0
-0.66378,6.85,0
-0.66378,7.03,0
-0.66378,7.21,0
-0.66378,7.39,0
-0.66378,7.57,0
-0.66378,7.75,0
-0.66378,7.93,0
-0.66378,8.11,0
-0.66378,8.29,0
-0.66378,8.47,0
-0.66378,8.65,0
-0.66378,8.83,0
-0.66378,9.01,0
-0.66378,9.19,0
-0.66378,9.37,0
-0.66378,9.55,0
-0.66378,9.73,0
-0.66378,9.91,0
-0.656492,1.09,0
-0.656492,1.27,0
-0.656492,1.45,0
-0.656492,1.63,0
-0.656492,1.81,0
-0.656492,1.99,0
-0.656492,2.17,0
-0.656492,2.35,0
-0.656492,2.53,0
-0.656492,2.71,0
-0.656492,2.89,0
-0.656492,3.07,0
-0.656492,3.25,0
-0.656492,3.43,0
-0.656492,3.61,0
-0.656492,3.79,0
-0.656492,3.97,0
-0.656492,4.15,0
-0.656492,4.33,0
-0.656492,4.51,0
-0.656492,4.69,0
-0.656492,4.87,0
-0.656492,5.05,0
-0.656492,5.23,0
-0.656492,5.41,0
-0.656492,5.59,0
-0.656492,5.77,0
-0.656492,5.95,0
-0.656492,6.13,0
-0.656492,6.31,0
-0.656492,6.49,0
-0.656492,6.67,0
-0.656492,6.85,0
-0.656492,7.03,0
-0.656492,7.21,0
-0.656492,7.39,0
-0.656492,7.57,0
-0.656492,7.75,0
-0.656492,7.93,0
-0.656492,8.11,0
-0.656492,8.29,0
-0.656492,8.47,0
-0.656492,8.65,0
-0.656492,8.83,0
-0.656492,9.01,0
-0.656492,9.19,0
-0.656492,9.37,0
-0.656492,9.55,0
-0.656492,9.73,0
-0.656492,9.91,0
-0.649204,1.09,0
-0.649204,1.27,0
-0.649204,1.45,0
-0.649204,1.63,0
-0.649204,1.81,0
-0.649204,1.99,0
-0.649204,2.17,0
-0.649204,2.35,0
-0.649204,2.53,0
-0.649204,2.71,0
-0.649204,2.89,0
-0.649204,3.07,0
-0.649204,3.25,0
-0.649204,3.43,0
-0.649204,3.61,0
-0.649204,3.79,0
-0.649204,3.97,0
-0.649204,4.15,0
-0.649204,4.33,0
-0.649204,4.51,0
-0.649204,4.69,0
-0.649204,4.87,0
-0.649204,5.05,0
-0.649204,5.23,0
-0.649204,5.41,0
-0.649204,5.59,0
-0.649204,5.77,0
-0.649204,5.95,0
-0.649204,6.13,0
-0.649204,6.31,0
-0.649204,6.49,0
-0.649204,6.67,0
-0.649204,6.85,0
-0.649204,7.03,0
-0.649204,7.21,0
-0.649204,7.39,0
-0.649204,7.57,0
-0.649204,7.75,0
-0.649204,7.93,0
-0.649204,8.11,0
-0.649204,8.29,0
-0.649204,8.47,0
-0.649204,8.65,0
-0.649204,8.83,0
-0.649204,9.01,0
-0.649204,9.19,0
-0.649204,9.37,0
-0.649204,9.55,0
-0.649204,9.73,0
-0.649204,9.91,0
-0.641916,1.09,0
-0.641916,1.27,0
-0.641916,1.45,0
-0.641916,1.63,0
-0.641916,1.81,0
-0.641916,1.99,0
-0.641916,2.17,0
-0.641916,2.35,0
-0.641916,2.53,0
-0.641916,2.71,0
-0.641916,2.89,0
-0.641916,3.07,0
-0.641916,3.25,0
-0.641916,3.43,0
-0.641916,3.61,0
-0.641916,3.79,0
-0.641916,3.97,0
-0.641916,4.15,0
-0.641916,4.33,0
-0.641916,4.51,0
-0.641916,4.69,0
-0.641916,4.87,0
-0.641916,5.05,0
-0.641916,5.23,0
-0.641916,5.41,0
-0.641916,5.59,0
-0.641916,5.77,0
-0.641916,5.95,0
-0.641916,6.13,0
-0.641916,6.31,0
-0.641916,6.49,0
-0.641916,6.67,0
-0.641916,6.85,0
-0.641916,7.03,0
-0.641916,7.21,0
-0.641916,7.39,0
-0.641916,7.57,0
-0.641916,7.75,0
-0.641916,7.93,0
-0.641916,8.11,0
-0.641916,8.29,0
-0.641916,8.47,0
-0.641916,8.65,0
-0.641916,8.83,0
-0.641916,9.01,0
-0.641916,9.19,0
-0.641916,9.37,0
-0.641916,9.55,0
-0.641916,9.73,0
-0.641916,9.91,0
-0.634628,1.09,0
-0.634628,1.27,0
-0.634628,1.45,0
-0.634628,1.63,0
-0.634628,1.81,0
-0.634628,1.99,0
-0.634628,2.17,0
-0.634628,2.35,0
-0.634628,2.53,0
-0.634628,2.71,0
-0.634628,2.89,0
-0.634628,3.07,0
-0.634628,3.25,0
-0.634628,3.43,0
-0.634628,3.61,0
-0.634628,3.79,0
-0.634628,3.97,0
-0.634628,4.15,0
-0.634628,4.33,0
-0.634628,4.51,0
-0.634628,4.69,0
-0.634628,4.87,0
-0.634628,5.05,0
-0.634628,5.23,0
-0.634628,5.41,0
-0.634628,5.59,0
-0.634628,5.77,0
-0.634628,5.95,0
-0.634628,6.13,0
-0.634628,6.31,0
-0.634628,6.49,0
-0.634628,6.67,0
-0.634628,6.85,0
-0.634628,7.03,0
-0.634628,7.21,0
-0.634628,7.39,0
-0.634628,7.57,0
-0.634628,7.75,0
-0.634628,7.93,0
-0.634628,8.11,0
-0.634628,8.29,0
-0.634628,8.47,0
-0.634628,8.65,0
-0.634628,8.83,0
-0.634628,9.01,0
-0.634628,9.19,0
-0.634628,9.37,0
-0.634628,9.55,0
-0.634628,9.73,0
-0.634628,9.91,0
-0.62734,1.09,0
-0.62734,1.27,0
-0.62734,1.45,0
-0.62734,1.63,0
-0.62734,1.81,0
-0.62734,1.99,0
-0.62734,2.17,0
-0.62734,2.35,0
-0.62734,2.53,0
-0.62734,2.71,0
-0.62734,2.89,0
-0.62734,3.07,0
-0.62734,3.25,0
-0.62734,3.43,0
-0.62734,3.61,0
-0.62734,3.79,0
-0.62734,3.97,0
-0.62734,4.15,0
-0.62734,4.33,0
-0.62734,4.51,0
-0.62734,4.69,0
-0.62734,4.87,0
-0.62734,5.05,0
-0.62734,5.23,0
-0.62734,5.41,0
-0.62734,5.59,0
-0.62734,5.77,0
-0.62734,5.95,0
-0.62734,6.13,0
-0.62734,6.31,0
-0.62734,6.49,0
-0.62734,6.67,0
-0.62734,6.85,0
-0.62734,7.03,0
-0.62734,7.21,0
-0.62734,7.39,0
-0.62734,7.57,0
-0.62734,7.75,0
-0.62734,7.93,0
-0.62734,8.11,0
-0.62734,8.29,0
-0.62734,8.47,0
-0.62734,8.65,0
-0.62734,8.83,0
-0.62734,9.01,0
-0.62734,9.19,0
-0.62734,9.37,0
-0.62734,9.55,0
-0.62734,9.73,0
-0.62734,9.91,0
