-0.984455,1.09,0
-0.984455,1.27,0
-0.984455,1.45,0
-0.984455,1.63,0
-0.984455,1.81,0
-0.984455,1.99,0
-0.984455,2.17,0
-0.984455,2.35,0
-0.984455,2.53,0
-0.984455,2.71,0
-0.984455,2.89,0
-0.984455,3.07,0
-0.984455,3.25,0
-0.984455,3.43,0
-0.984455,3.61,0
-0.984455,3.79,0
-0.984455,3.97,0
-0.984455,4.15,0
-0.984455,4.33,0
-0.984455,4.51,0
-0.984455,4.69,0
-0.984455,4.87,0
-0.984455,5.05,0
-0.984455,5.23,0
-0.984455,5.41,0
-0.984455,5.59,0
-0.984455,5.77,0
-0.984455,5.95,0
-0.984455,6.13,0
-0.984455,6.31,0
-0.984455,6.49,0
-0.984455,6.67,0
-0.984455,6.85,0
-0.984455,7.03,0
-0.984455,7.21,0
-0.984455,7.39,0
-0.984455,7.57,0
-0.984455,7.75,0
-0.984455,7.93,0
-0.984455,8.11,0
-0.984455,8.29,0
-0.984455,8.47,0
-0.984455,8.65,0
-0.984455,8.83,0
-0.984455,9.01,0
-0.984455,9.19,0
-0.984455,9.37,0
-0.984455,9.55,0
-0.984455,9.73,0
-0.984455,9.91,0
-0.977166,1.09,0
-0.977166,1.27,0
-0.977166,1.45,0
-0.977166,1.63,0
-0.977166,1.81,0
-0.977166,1.99,0
-0.977166,2.17,0
-0.977166,2.35,0
-0.977166,2.53,0
-0.977166,2.71,0
-0.977166,2.89,0
-0.977166,3.07,0
-0.977166,3.25,0
-0.977166,3.43,0
-0.977166,3.61,0
-0.977166,3.79,0
-0.977166,3.97,0
-0.977166,4.15,0
-0.977166,4.33,0
-0.977166,4.51,0
-0.977166,4.69,0
-0.977166,4.87,0
-0.977166,5.05,0
-0.977166,5.23,0
-0.977166,5.41,0
-0.977166,5.59,0
-0.977166,5.77,0
-0.977166,5.95,0
-0.977166,6.13,0
-0.977166,6.31,0
-0.977166,6.49,0
-0.977166,6.67,0
-0.977166,6.85,0
-0.977166,7.03,0
-0.977166,7.21,0
-0.977166,7.39,0
-0.977166,7.57,0
-0.977166,7.75,0
-0.977166,7.93,0
-0.977166,8.11,0
-0.977166,8.29,0
-0.977166,8.47,0
-0.977166,8.65,0
-0.977166,8.83,0
-0.977166,9.01,0
-0.977166,9.19,0
-0.977166,9.37,0
-0.977166,9.55,0
-0.977166,9.73,0
-0.977166,9.91,0
-0.969878,1.09,0
-0.969878,1.27,0
-0.969878,1.45,0
-0.969878,1.63,0
-0.969878,1.81,0
-0.969878,1.99,0
-0.969878,2.17,0
-0.969878,2.35,0
-0.969878,2.53,0
-0.969878,2.71,0
-0.969878,2.89,0
-0.969878,3.07,0
-0.969878,3.25,0
-0.969878,3.43,0
-0.969878,3.61,0
-0.969878,3.79,0
-0.969878,3.97,0
-0.969878,4.15,0
-0.969878,4.33,0
-0.969878,4.51,0
-0.969878,4.69,0
-0.969878,4.87,0
-0.969878,5.05,0
-0.969878,5.23,0
-0.969878,5.41,0
-0.969878,5.59,0
-0.969878,5.77,0
-0.969878,5.95,0
-0.969878,6.13,0
-0.969878,6.31,0
-0.969878,6.49,0
-0.969878,6.67,0
-0.969878,6.85,0
-0.969878,7.03,0
-0.969878,7.21,0
-0.969878,7.39,0
-0.969878,7.57,0
-0.969878,7.75,0
-0.969878,7.93,0
-0.969878,8.11,0
-0.969878,8.29,0
-0.969878,8.47,0
-0.969878,8.65,0
-0.969878,8.83,0
-0.969878,9.01,0
-0.969878,9.19,0
-0.969878,9.37,0
-0.969878,9.55,0
-0.969878,9.73,0
-0.969878,9.91,0
-0.96259,1.09,0
-0.96259,1.27,0
-0.96259,1.45,0
-0.96259,1.63,0
-0.96259,1.81,0
-0.96259,1.99,0
-0.96259,2.17,0
-0.96259,2.35,0
-0.96259,2.53,0
-0.96259,2.71,0
-0.96259,2.89,0
-0.96259,3.07,0
-0.96259,3.25,0
-0.96259,3.43,0
-0.96259,3.61,0
-0.96259,3.79,0
-0.96259,3.97,0
-0.96259,4.15,0
-0.96259,4.33,0
-0.96259,4.51,0
-0.96259,4.69,0
-0.96259,4.87,0
-0.96259,5.05,0
-0.96259,5.23,0
-0.96259,5.41,0
-0.96259,5.59,0
-0.96259,5.77,0
-0.96259,5.95,0
-0.96259,6.13,0
-0.96259,6.31,0
-0.96259,6.49,0
-0.96259,6.67,0
-0.96259,6.85,0
-0.96259,7.03,0
-0.96259,7.21,0
-0.96259,7.39,0
-0.96259,7.57,0
-0.96259,7.75,0
-0.96259,7.93,0
-0.96259,8.11,0
-0.96259,8.29,0
-0.96259,8.47,0
-0.96259,8.65,0
-0.96259,8.83,0
-0.96259,9.01,0
-0.96259,9.19,0
-0.96259,9.37,0
-0.96259,9.55,0
-0.96259,9.73,0
-0.96259,9.91,0
-0.955302,1.09,-0.00938772
-0.955302,1.27,-0.00417216
-0.955302,1.45,-0.0579886
-0.955302,1.63,0.0556889
-0.955302,1.81,0.0245308
-0.955302,1.99,-0.0119909
-0.955302,2.17,0.000346434
-0.955302,2.35,0.0111579
-0.955302,2.53,0.0502062
-0.955302,2.71,0.08078
-0.955302,2.89,-0.132989
-0.955302,3.07,-0.107924
-0.955302,3.25,-0.037042
-0.955302,3.43,0.082918
-0.955302,3.61,0.150204
-0.955302,3.79,0.143941
-0.955302,3.97,0.1285
-0.955302,4.15,0.125623
-0.955302,4.33,0.14585
-0.955302,4.51,0.230867
-0.955302,4.69,0.551271
-0.955302,4.87,-0.094836
-0.955302,5.05,-0.0739075
-0.955302,5.23,-0.0550295
-0.955302,5.41,-0.0453179
-0.955302,5.59,-0.040384
-0.955302,5.77,-0.0381908
-0.955302,5.95,-0.0379228
-0.955302,6.13,-0.0392894
-0.955302,6.31,-0.0423508
-0.955302,6.49,-0.0475041
-0.955302,6.67,-0.0556571
-0.955302,6.85,-0.0685791
-0.955302,7.03,-0.0898236
-0.955302,7.21,-0.126907
-0.955302,7.39,-0.195516
-0.955302,7.57,-0.317445
-0.955302,7.75,-0.432608
-0.955302,7.93,-0.342478
-0.955302,8.11,-0.18977
-0.955302,8.29,-0.104255
-0.955302,8.47,-0.0624465
-0.955302,8.65,-0.0407737
-0.955302,8.83,-0.0286001
-0.955302,9.01,-0.0212758
-0.955302,9.19,-0.0166091
-0.955302,9.37,-0.0134922
-0.955302,9.55,-0.0113326
-0.955302,9.73,-0.00979115
-0.955302,9.91,-0.00866372
-0.948014,1.09,0.00601755
-0.948014,1.27,-0.0871806
-0.948014,1.45,-0.108313
-0.948014,1.63,-0.0548309
-0.948014,1.81,0.080206
-0.948014,1.99,-0.0188544
-0.948014,2.17,0.0191922
-0.948014,2.35,0.0691892
-0.948014,2.53,0.162087
-0.948014,2.71,-0.0146796
-0.948014,2.89,-0.450407
-0.948014,3.07,-0.22926
-0.948014,3.25,0.0630906
-0.948014,3.43,0.458368
-0.948014,3.61,0.58289
-0.948014,3.79,0.477673
-0.948014,3.97,0.380002
-0.948014,4.15,0.332464
-0.948014,4.33,0.329206
-0.948014,4.51,0.275529
-0.948014,4.69,-1.63074
-0.948014,4.87,-0.621739
-0.948014,5.05,-0.32859
-0.948014,5.23,-0.23293
-0.948014,5.41,-0.192187
-0.948014,5.59,-0.173836
-0.948014,5.77,-0.167132
-0.948014,5.95,-0.168206
-0.948014,6.13,-0.175744
-0.948014,6.31,-0.189906
-0.948014,6.49,-0.212118
-0.948014,6.67,-0.245635
-0.948014,6.85,-0.296536
-0.948014,7.03,-0.376234
-0.948014,7.21,-0.505965
-0.948014,7.39,-0.716774
-0.948014,7.57,-0.9899
-0.948014,7.75,-1.03284
-0.948014,7.93,-0.664363
-0.948014,8.11,-0.330293
-0.948014,8.29,-0.159211
-0.948014,8.47,-0.0783465
-0.948014,8.65,-0.0385769
-0.948014,8.83,-0.0179858
-0.948014,9.01,-0.00695309
-0.948014,9.19,-0.000942262
-0.948014,9.37,0.00231263
-0.948014,9.55,0.00398136
-0.948014,9.73,0.00471057
-0.948014,9.91,0.0048725
-0.940726,1.09,0.0332276
-0.940726,1.27,-0.0783501
-0.940726,1.45,-0.0729971
-0.940726,1.63,-0.0836433
-0.940726,1.81,0.133925
-0.940726,1.99,-0.00315388
-0.940726,2.17,0.0828843
-0.940726,2.35,0.101002
-0.940726,2.53,0.181043
-0.940726,2.71,-0.542222
-0.940726,2.89,-0.579213
-0.940726,3.07,-0.164799
-0.940726,3.25,0.336158
-0.940726,3.43,0.937628
-0.940726,3.61,0.967702
-0.940726,3.79,0.667231
-0.940726,3.97,0.433166
-0.940726,4.15,0.260731
-0.940726,4.33,-0.00623361
-0.940726,4.51,-1.40722
-0.940726,4.69,-2.37056
-0.940726,4.87,-0.877842
-0.940726,5.05,-0.492266
-0.940726,5.23,-0.359946
-0.940726,5.41,-0.305289
-0.940726,5.59,-0.28323
-0.940726,5.77,-0.278374
-0.940726,5.95,-0.285215
-0.940726,6.13,-0.302007
-0.940726,6.31,-0.329192
-0.940726,6.49,-0.369053
-0.940726,6.67,-0.426473
-0.940726,6.85,-0.509999
-0.940726,7.03,-0.634082
-0.940726,7.21,-0.819945
-0.940726,7.39,-1.0743
-0.940726,7.57,-1.26872
-0.940726,7.75,-1.04416
-0.940726,7.93,-0.531959
-0.940726,8.11,-0.190125
-0.940726,8.29,-0.0335904
-0.940726,8.47,0.0323887
-0.940726,8.65,0.0592174
-0.940726,8.83,0.0688699
-0.940726,9.01,0.0706773
-0.940726,9.19,0.0688883
-0.940726,9.37,0.0655201
-0.940726,9.55,0.0615196
-0.940726,9.73,0.0573557
-0.940726,9.91,0.0532607
-0.933438,1.09,0.0402196
-0.933438,1.27,-0.0275622
-0.933438,1.45,-0.042885
-0.933438,1.63,-0.0765249
-0.933438,1.81,0.220963
-0.933438,1.99,-0.00735942
-0.933438,2.17,0.0927233
-0.933438,2.35,0.0891577
-0.933438,2.53,0.134658
-0.933438,2.71,-0.848409
-0.933438,2.89,-0.465109
-0.933438,3.07,-0.0443946
-0.933438,3.25,0.517817
-0.933438,3.43,1.17096
-0.933438,3.61,1.03592
-0.933438,3.79,0.576155
-0.933438,3.97,0.233186
-0.933438,4.15,-0.0988304
-0.933438,4.33,-0.786346
-0.933438,4.51,-2.58279
-0.933438,4.69,-1.76158
-0.933438,4.87,-0.77578
-0.933438,5.05,-0.461905
-0.933438,5.23,-0.345521
-0.933438,5.41,-0.298093
-0.933438,5.59,-0.281134
-0.933438,5.77,-0.280648
-0.933438,5.95,-0.291515
-0.933438,6.13,-0.312153
-0.933438,6.31,-0.34304
-0.933438,6.49,-0.386349
-0.933438,6.67,-0.446461
-0.933438,6.85,-0.530461
-0.933438,7.03,-0.648429
-0.933438,7.21,-0.80811
-0.933438,7.39,-0.977611
-0.933438,7.57,-0.978099
-0.933438,7.75,-0.60709
-0.933438,7.93,-0.17697
-0.933438,8.11,0.048143
-0.933438,8.29,0.132779
-0.933438,8.47,0.157455
-0.933438,8.65,0.158998
-0.933438,8.83,0.151976
-0.933438,9.01,0.14208
-0.933438,9.19,0.13166
-0.933438,9.37,0.121678
-0.933438,9.55,0.112453
-0.933438,9.73,0.104062
-0.933438,9.91,0.096478
-0.92615,1.09,0.0315521
-0.92615,1.27,0.000516655
-0.92615,1.45,-0.0293645
-0.92615,1.63,-0.0633276
-0.92615,1.81,0.400148
-0.92615,1.99,-0.0131019
-0.92615,2.17,0.0980795
-0.92615,2.35,0.0727652
-0.92615,2.53,0.0691795
-0.92615,2.71,-0.981204
-0.92615,2.89,-0.352999
-0.92615,3.07,0.0723051
-0.92615,3.25,0.715935
-0.92615,3.43,1.41694
-0.92615,3.61,1.00039
-0.92615,3.79,0.352879
-0.92615,3.97,-0.104323
-0.92615,4.15,-0.607777
-0.92615,4.33,-1.53753
-0.92615,4.51,-2.3324
-0.92615,4.69,-1.28491
-0.92615,4.87,-0.621148
-0.92615,5.05,-0.380789
-0.92615,5.23,-0.288611
-0.92615,5.41,-0.253178
-0.92615,5.59,-0.243725
-0.92615,5.77,-0.248505
-0.92615,5.95,-0.263146
-0.92615,6.13,-0.286325
-0.92615,6.31,-0.318472
-0.92615,6.49,-0.36136
-0.92615,6.67,-0.418283
-0.92615,6.85,-0.493784
-0.92615,7.03,-0.5917
-0.92615,7.21,-0.703814
-0.92615,7.39,-0.763763
-0.92615,7.57,-0.588683
-0.92615,7.75,-0.163218
-0.92615,7.93,0.150365
-0.92615,8.11,0.264663
-0.92615,8.29,0.283411
-0.92615,8.47,0.270147
-0.92615,8.65,0.248509
-0.92615,8.83,0.226334
-0.92615,9.01,0.205942
-0.92615,9.19,0.187893
-0.92615,9.37,0.172146
-0.92615,9.55,0.15843
-0.92615,9.73,0.146448
-0.92615,9.91,0.135934
-0.918862,1.09,0.00847968
-0.918862,1.27,0.00407745
-0.918862,1.45,-0.0261791
-0.918862,1.63,-0.0557432
-0.918862,1.81,0.6072
-0.918862,1.99,-0.0178211
-0.918862,2.17,0.0651857
-0.918862,2.35,0.0547857
-0.918862,2.53,-0.0203888
-0.918862,2.71,-0.933649
-0.918862,2.89,-0.248664
-0.918862,3.07,0.187632
-0.918862,3.25,0.940768
-0.918862,3.43,1.64642
-0.918862,3.61,0.792837
-0.918862,3.79,-0.00201175
-0.918862,3.97,-0.518914
-0.918862,4.15,-1.08632
-0.918862,4.33,-1.8193
-0.918862,4.51,-1.78224
-0.918862,4.69,-0.918108
-0.918862,4.87,-0.447451
-0.918862,5.05,-0.267289
-0.918862,5.23,-0.199621
-0.918862,5.41,-0.177207
-0.918862,5.59,-0.175619
-0.918862,5.77,-0.185272
-0.918862,5.95,-0.202532
-0.918862,6.13,-0.226273
-0.918862,6.31,-0.256704
-0.918862,6.49,-0.294889
-0.918862,6.67,-0.342447
-0.918862,6.85,-0.400375
-0.918862,7.03,-0.464528
-0.918862,7.21,-0.508625
-0.918862,7.39,-0.437498
-0.918862,7.57,-0.112253
-0.918862,7.75,0.281294
-0.918862,7.93,0.443295
-0.918862,8.11,0.447664
-0.918862,8.29,0.405937
-0.918862,8.47,0.359247
-0.918862,8.65,0.317891
-0.918862,8.83,0.28326
-0.918862,9.01,0.254531
-0.918862,9.19,0.23062
-0.918862,9.37,0.210575
-0.918862,9.55,0.193602
-0.918862,9.73,0.179084
-0.918862,9.91,0.166551
-0.911574,1.09,-0.0301268
-0.911574,1.27,-0.004725
-0.911574,1.45,-0.0277595
-0.911574,1.63,-0.0517094
-0.911574,1.81,0.323958
-0.911574,1.99,-0.0181982
-0.911574,2.17,0.014748
-0.911574,2.35,0.0376008
-0.911574,2.53,-0.142467
-0.911574,2.71,-0.78875
-0.911574,2.89,-0.152315
-0.911574,3.07,0.305128
-0.911574,3.25,1.20587
-0.911574,3.43,1.77195
-0.911574,3.61,0.382111
-0.911574,3.79,-0.414442
-0.911574,3.97,-0.885899
-0.911574,4.15,-1.35463
-0.911574,4.33,-1.6962
-0.911574,4.51,-1.29389
-0.911574,4.69,-0.610792
-0.911574,4.87,-0.262616
-0.911574,5.05,-0.130097
-0.911574,5.23,-0.084902
-0.911574,5.41,-0.0749779
-0.911574,5.59,-0.0806185
-0.911574,5.77,-0.0940475
-0.911574,5.95,-0.112229
-0.911574,6.13,-0.134089
-0.911574,6.31,-0.159387
-0.911574,6.49,-0.188079
-0.911574,6.67,-0.219388
-0.911574,6.85,-0.249378
-0.911574,7.03,-0.263184
-0.911574,7.21,-0.212082
-0.911574,7.39,0.0205931
-0.911574,7.57,0.45288
-0.911574,7.75,0.70155
-0.911574,7.93,0.675812
-0.911574,8.11,0.575674
-0.911574,8.29,0.483377
-0.911574,8.47,0.411178
-0.911574,8.65,0.355974
-0.911574,8.83,0.313292
-0.911574,9.01,0.279623
-0.911574,9.19,0.252537
-0.911574,9.37,0.230367
-0.911574,9.55,0.211927
-0.911574,9.73,0.196372
-0.911574,9.91,0.18309
-0.904286,1.09,-0.111706
-0.904286,1.27,-0.0177877
-0.904286,1.45,-0.0294172
-0.904286,1.63,-0.0467552
-0.904286,1.81,0.0183367
-0.904286,1.99,-0.00981775
-0.904286,2.17,-0.0230985
-0.904286,2.35,0.0231298
-0.904286,2.53,-0.307761
-0.904286,2.71,-0.619667
-0.904286,2.89,-0.0619277
-0.904286,3.07,0.429077
-0.904286,3.25,1.52834
-0.904286,3.43,1.61022
-0.904286,3.61,-0.146557
-0.904286,3.79,-0.765182
-0.904286,3.97,-1.10497
-0.904286,4.15,-1.38624
-0.904286,4.33,-1.4024
-0.904286,4.51,-0.883189
-0.904286,4.69,-0.331008
-0.904286,4.87,-0.0663722
-0.904286,5.05,0.0273072
-0.904286,5.23,0.0520383
-0.904286,5.41,0.0503329
-0.904286,5.59,0.0384336
-0.904286,5.77,0.0226441
-0.904286,5.95,0.0055746
-0.904286,6.13,-0.0115544
-0.904286,6.31,-0.0277291
-0.904286,6.49,-0.0412023
-0.904286,6.67,-0.0476176
-0.904286,6.85,-0.0355333
-0.904286,7.03,0.0265505
-0.904286,7.21,0.220651
-0.904286,7.39,0.663137
-0.904286,7.57,1.08479
-0.904286,7.75,1.02964
-0.904286,7.93,0.802512
-0.904286,8.11,0.620834
-0.904286,8.29,0.497082
-0.904286,8.47,0.41234
-0.904286,8.65,0.35215
-0.904286,8.83,0.307723
-0.904286,9.01,0.273785
-0.904286,9.19,0.247107
-0.904286,9.37,0.225637
-0.904286,9.55,0.208012
-0.904286,9.73,0.193299
-0.904286,9.91,0.180843
-0.896998,1.09,-0.272661
-0.896998,1.27,-0.0273626
-0.896998,1.45,-0.0268645
-0.896998,1.63,-0.0369216
-0.896998,1.81,-0.0924622
-0.896998,1.99,0.0132945
-0.896998,2.17,-0.0494192
-0.896998,2.35,0.0131201
-0.896998,2.53,-0.519318
-0.896998,2.71,-0.460462
-0.896998,2.89,0.0248064
-0.896998,3.07,0.56424
-0.896998,3.25,1.92426
-0.896998,3.43,0.978303
-0.896998,3.61,-0.614617
-0.896998,3.79,-0.973636
-0.896998,3.97,-1.15986
-0.896998,4.15,-1.25634
-0.896998,4.33,-1.06362
-0.896998,4.51,-0.518551
-0.896998,4.69,-0.0578757
-0.896998,4.87,0.144444
-0.896998,5.05,0.204065
-0.896998,5.23,0.209244
-0.896998,5.41,0.196392
-0.896998,5.59,0.1791
-0.896998,5.77,0.162423
-0.896998,5.95,0.148713
-0.896998,6.13,0.139594
-0.896998,6.31,0.137349
-0.896998,6.49,0.146432
-0.896998,6.67,0.176991
-0.896998,6.85,0.253419
-0.896998,7.03,0.438183
-0.896998,7.21,0.873701
-0.896998,7.39,1.57349
-0.896998,7.57,1.64606
-0.896998,7.75,1.14525
-0.896998,7.93,0.772553
-0.896998,8.11,0.559412
-0.896998,8.29,0.433574
-0.896998,8.47,0.353798
-0.896998,8.65,0.299803
-0.896998,8.83,0.261244
-0.896998,9.01,0.232501
-0.896998,9.19,0.210321
-0.896998,9.37,0.19272
-0.896998,9.55,0.178432
-0.896998,9.73,0.166612
-0.896998,9.91,0.15668
-0.88971,1.09,-0.201315
-0.88971,1.27,-0.0251564
-0.88971,1.45,-0.0150134
-0.88971,1.63,-0.0199245
-0.88971,1.81,-0.122733
-0.88971,1.99,0.0595025
-0.88971,2.17,-0.0673278
-0.88971,2.35,0.00955912
-0.88971,2.53,-0.741221
-0.88971,2.71,-0.320917
-0.88971,2.89,0.109454
-0.88971,3.07,0.71582
-0.88971,3.25,2.37909
-0.88971,3.43,0.0482343
-0.88971,3.61,-0.898022
-0.88971,3.79,-1.03387
-0.88971,3.97,-1.08912
-0.88971,4.15,-1.03903
-0.88971,4.33,-0.716692
-0.88971,4.51,-0.169929
-0.88971,4.69,0.224424
-0.88971,4.87,0.37409
-0.88971,5.05,0.400232
-0.88971,5.23,0.384927
-0.88971,5.41,0.36046
-0.88971,5.59,0.338128
-0.88971,5.77,0.321794
-0.88971,5.95,0.313688
-0.88971,6.13,0.316176
-0.88971,6.31,0.333563
-0.88971,6.49,0.374743
-0.88971,6.67,0.459924
-0.88971,6.85,0.63862
-0.88971,7.03,1.04235
-0.88971,7.21,1.94379
-0.88971,7.39,2.72008
-0.88971,7.57,1.76046
-0.88971,7.75,0.936253
-0.88971,7.93,0.565362
-0.88971,8.11,0.388829
-0.88971,8.29,0.293866
-0.88971,8.47,0.237151
-0.88971,8.65,0.200403
-0.88971,8.83,0.175038
-0.88971,9.01,0.156643
-0.88971,9.19,0.142762
-0.88971,9.37,0.131942
-0.88971,9.55,0.123285
-0.88971,9.73,0.116208
-0.88971,9.91,0.11032
-0.882422,1.09,-0.141683
-0.882422,1.27,-0.00370986
-0.882422,1.45,0.0139713
-0.882422,1.63,0.00478224
-0.882422,1.81,-0.116491
-0.882422,1.99,0.141614
-0.882422,2.17,-0.0768222
-0.882422,2.35,0.015233
-0.882422,2.53,-0.863287
-0.882422,2.71,-0.201541
-0.882422,2.89,0.192374
-0.882422,3.07,0.889715
-0.882422,3.25,2.70774
-0.882422,3.43,-0.683704
-0.882422,3.61,-0.992524
-0.882422,3.79,-0.981514
-0.882422,3.97,-0.93726
-0.882422,4.15,-0.774703
-0.882422,4.33,-0.360534
-0.882422,4.51,0.188945
-0.882422,4.69,0.530031
-0.882422,4.87,0.626751
-0.882422,5.05,0.614848
-0.882422,5.23,0.575301
-0.882422,5.41,0.537039
-0.882422,5.59,0.508858
-0.882422,5.77,0.493219
-0.882422,5.95,0.492249
-0.882422,6.13,0.509413
-0.882422,6.31,0.552038
-0.882422,6.49,0.636094
-0.882422,6.67,0.799496
-0.882422,6.85,1.1438
-0.882422,7.03,1.97974
-0.882422,7.21,3.83695
-0.882422,7.39,3.0729
-0.882422,7.57,1.07059
-0.882422,7.75,0.436789
-0.882422,7.93,0.225835
-0.882422,8.11,0.139919
-0.882422,8.29,0.0994325
-0.882422,8.47,0.078214
-0.882422,8.65,0.0661678
-0.882422,8.83,0.0588831
-0.882422,9.01,0.054246
-0.882422,9.19,0.0511597
-0.882422,9.37,0.0490208
-0.882422,9.55,0.0474849
-0.882422,9.73,0.046346
-0.882422,9.91,0.0454771
-0.875134,1.09,-0.112515
-0.875134,1.27,0.0409392
-0.875134,1.45,0.0734496
-0.875134,1.63,0.0373194
-0.875134,1.81,-0.0892223
-0.875134,1.99,0.282631
-0.875134,2.17,-0.0762119
-0.875134,2.35,0.0345352
-0.875134,2.53,-0.780484
-0.875134,2.71,-0.100565
-0.875134,2.89,0.272659
-0.875134,3.07,1.09303
-0.875134,3.25,2.19783
-0.875134,3.43,-1.00702
-0.875134,3.61,-0.952934
-0.875134,3.79,-0.855093
-0.875134,3.97,-0.733608
-0.875134,4.15,-0.476112
-0.875134,4.33,0.0222693
-0.875134,4.51,0.585375
-0.875134,4.69,0.873465
-0.875134,4.87,0.904693
-0.875134,5.05,0.842639
-0.875134,5.23,0.770579
-0.875134,5.41,0.713294
-0.875134,5.59,0.675962
-0.875134,5.77,0.65887
-0.875134,5.95,0.663651
-0.875134,6.13,0.694767
-0.875134,6.31,0.762947
-0.875134,6.49,0.893104
-0.875134,6.67,1.14864
-0.875134,6.85,1.72448
-0.875134,7.03,3.36813
-0.875134,7.21,5.24616
-0.875134,7.39,0.817487
-0.875134,7.57,-0.0331454
-0.875134,7.75,-0.145033
-0.875134,7.93,-0.147149
-0.875134,8.11,-0.130265
-0.875134,8.29,-0.111642
-0.875134,8.47,-0.0950512
-0.875134,8.65,-0.0810397
-0.875134,8.83,-0.0693678
-0.875134,9.01,-0.0596556
-0.875134,9.19,-0.0515323
-0.875134,9.37,-0.0446869
-0.875134,9.55,-0.0388767
-0.875134,9.73,-0.0339094
-0.875134,9.91,-0.0296334
-0.867846,1.09,-0.0823308
-0.867846,1.27,0.106838
-0.867846,1.45,0.18719
-0.867846,1.63,0.0802107
-0.867846,1.81,-0.0503504
-0.867846,1.99,0.528702
-0.867846,2.17,-0.0637049
-0.867846,2.35,0.0750564
-0.867846,2.53,-0.551561
-0.867846,2.71,-0.0162661
-0.867846,2.89,0.348273
-0.867846,3.07,1.33438
-0.867846,3.25,0.367982
-0.867846,3.43,-1.0365
-0.867846,3.61,-0.832806
-0.867846,3.79,-0.680994
-0.867846,3.97,-0.491275
-0.867846,4.15,-0.137765
-0.867846,4.33,0.462087
-0.867846,4.51,1.05445
-0.867846,4.69,1.26977
-0.867846,4.87,1.20282
-0.867846,5.05,1.06624
-0.867846,5.23,0.946093
-0.867846,5.41,0.859189
-0.867846,5.59,0.804152
-0.867846,5.77,0.777051
-0.867846,5.95,0.777185
-0.867846,6.13,0.807507
-0.867846,6.31,0.877344
-0.867846,6.49,1.00906
-0.867846,6.67,1.25512
-0.867846,6.85,1.73541
-0.867846,7.03,1.87258
-0.867846,7.21,-2.02207
-0.867846,7.39,-1.34301
-0.867846,7.57,-0.855346
-0.867846,7.75,-0.6035
-0.867846,7.93,-0.45638
-0.867846,8.11,-0.361869
-0.867846,8.29,-0.296771
-0.867846,8.47,-0.249641
-0.867846,8.65,-0.214214
-0.867846,8.83,-0.18679
-0.867846,9.01,-0.165081
-0.867846,9.19,-0.147557
-0.867846,9.37,-0.133166
-0.867846,9.55,-0.121186
-0.867846,9.73,-0.111097
-0.867846,9.91,-0.102515
-0.860558,1.09,-0.0370124
-0.860558,1.27,0.184985
-0.860558,1.45,0.392009
-0.860558,1.63,0.143153
-0.860558,1.81,-0.00824263
-0.860558,1.99,0.881673
-0.860558,2.17,-0.0395516
-0.860558,2.35,0.151715
-0.860558,2.53,-0.313186
-0.860558,2.71,0.0525059
-0.860558,2.89,0.416015
-0.860558,3.07,1.62035
-0.860558,3.25,-0.984618
-0.860558,3.43,-0.918432
-0.860558,3.61,-0.66658
-0.860558,3.79,-0.472791
-0.860558,3.97,-0.210456
-0.860558,4.15,0.261864
-0.860558,4.33,1.01176
-0.860558,4.51,1.65034
-0.860558,4.69,1.72876
-0.860558,4.87,1.49238
-0.860558,5.05,1.23721
-0.860558,5.23,1.04285
-0.860558,5.41,0.907285
-0.860558,5.59,0.81596
-0.860558,5.77,0.75589
-0.860558,5.95,0.718178
-0.860558,6.13,0.693716
-0.860558,6.31,0.665808
-0.860558,6.49,0.58317
-0.860558,6.67,0.217495
-0.860558,6.85,-1.68347
-0.860558,7.03,-6.13915
-0.860558,7.21,-3.74849
-0.860558,7.39,-1.97566
-0.860558,7.57,-1.22918
-0.860558,7.75,-0.858181
-0.860558,7.93,-0.64556
-0.860558,8.11,-0.51104
-0.860558,8.29,-0.419736
-0.860558,8.47,-0.354478
-0.860558,8.65,-0.305963
-0.860558,8.83,-0.268765
-0.860558,9.01,-0.239567
-0.860558,9.19,-0.216178
-0.860558,9.37,-0.197099
-0.860558,9.55,-0.181314
-0.860558,9.73,-0.168096
-0.860558,9.91,-0.156914
-0.85327,1.09,0.0188621
-0.85327,1.27,0.240553
-0.85327,1.45,0.400361
-0.85327,1.63,0.254815
-0.85327,1.81,0.0305438
-0.85327,1.99,0.32234
-0.85327,2.17,-0.00896088
-0.85327,2.35,0.299613
-0.85327,2.53,-0.127844
-0.85327,2.71,0.105789
-0.85327,2.89,0.470537
-0.85327,3.07,1.92807
-0.85327,3.25,-1.22006
-0.85327,3.43,-0.734943
-0.85327,3.61,-0.471013
-0.85327,3.79,-0.23323
-0.85327,3.97,0.121064
-0.85327,4.15,0.769076
-0.85327,4.33,1.77962
-0.85327,4.51,2.46656
-0.85327,4.69,2.22038
-0.85327,4.87,1.66932
-0.85327,5.05,1.22935
-0.85327,5.23,0.927647
-0.85327,5.41,0.717183
-0.85327,5.59,0.557923
-0.85327,5.77,0.419095
-0.85327,5.95,0.271531
-0.85327,6.13,0.0714033
-0.85327,6.31,-0.273113
-0.85327,6.49,-0.992572
-0.85327,6.67,-2.64587
-0.85327,6.85,-5.25693
-0.85327,7.03,-5.09711
-0.85327,7.21,-3.14403
-0.85327,7.39,-1.91888
-0.85327,7.57,-1.27322
-0.85327,7.75,-0.911506
-0.85327,7.93,-0.691836
-0.85327,8.11,-0.548945
-0.85327,8.29,-0.450864
-0.85327,8.47,-0.380582
-0.85327,8.65,-0.328449
-0.85327,8.83,-0.288678
-0.85327,9.01,-0.25767
-0.85327,9.19,-0.233025
-0.85327,9.37,-0.213091
-0.85327,9.55,-0.196743
-0.85327,9.73,-0.183179
-0.85327,9.91,-0.171812
-0.845982,1.09,0.053156
-0.845982,1.27,0.217526
-0.845982,1.45,-0.323924
-0.845982,1.63,0.518769
-0.845982,1.81,0.0614221
-0.845982,1.99,-0.382355
-0.845982,2.17,0.0164075
-0.845982,2.35,0.619219
-0.845982,2.53,-0.00322722
-0.845982,2.71,0.139364
-0.845982,2.89,0.500467
-0.845982,3.07,2.05965
-0.845982,3.25,-0.996196
-0.845982,3.43,-0.514667
-0.845982,3.61,-0.246224
-0.845982,3.79,0.0483165
-0.845982,3.97,0.536492
-0.845982,4.15,1.49421
-0.845982,4.33,3.05984
-0.845982,4.51,3.64968
-0.845982,4.69,2.48376
-0.845982,4.87,1.39206
-0.845982,5.05,0.738496
-0.845982,5.23,0.334776
-0.845982,5.41,0.0463621
-0.845982,5.59,-0.201608
-0.845982,5.77,-0.460453
-0.845982,5.95,-0.781403
-0.845982,6.13,-1.23557
-0.845982,6.31,-1.93157
-0.845982,6.49,-2.98175
-0.845982,6.67,-4.19032
-0.845982,6.85,-4.53835
-0.845982,7.03,-3.57665
-0.845982,7.21,-2.39322
-0.845982,7.39,-1.57066
-0.845982,7.57,-1.06798
-0.845982,7.75,-0.760342
-0.845982,7.93,-0.565231
-0.845982,8.11,-0.436233
-0.845982,8.29,-0.347766
-0.845982,8.47,-0.285082
-0.845982,8.65,-0.23941
-0.845982,8.83,-0.205332
-0.845982,9.01,-0.179406
-0.845982,9.19,-0.159347
-0.845982,9.37,-0.143587
-0.845982,9.55,-0.13105
-0.845982,9.73,-0.120971
-0.845982,9.91,-0.112796
-0.838694,1.09,0.0684317
-0.838694,1.27,0.357262
-0.838694,1.45,-0.236914
-0.838694,1.63,1.43105
-0.838694,1.81,0.0630955
-0.838694,1.99,-0.255849
-0.838694,2.17,0.0406284
-0.838694,2.35,1.70403
-0.838694,2.53,-0.0333356
-0.838694,2.71,0.097056
-0.838694,2.89,0.465998
-0.838694,3.07,1.83143
-0.838694,3.25,-0.576399
-0.838694,3.43,-0.217663
-0.838694,3.61,0.0769929
-0.838694,3.79,0.495313
-0.838694,3.97,1.30193
-0.838694,4.15,3.24683
-0.838694,4.33,7.35901
-0.838694,4.51,4.81734
-0.838694,4.69,0.759397
-0.838694,4.87,-0.531281
-0.838694,5.05,-1.03613
-0.838694,5.23,-1.32725
-0.838694,5.41,-1.56546
-0.838694,5.59,-1.81172
-0.838694,5.77,-2.09776
-0.838694,5.95,-2.4463
-0.838694,6.13,-2.86609
-0.838694,6.31,-3.32701
-0.838694,6.49,-3.70543
-0.838694,6.67,-3.74946
-0.838694,6.85,-3.25619
-0.838694,7.03,-2.38739
-0.838694,7.21,-1.52658
-0.838694,7.39,-0.884164
-0.838694,7.57,-0.464317
-0.838694,7.75,-0.203729
-0.838694,7.93,-0.0443996
-0.838694,8.11,0.0529905
-0.838694,8.29,0.112236
-0.838694,8.47,0.147862
-0.838694,8.65,0.168671
-0.838694,8.83,0.180065
-0.838694,9.01,0.185467
-0.838694,9.19,0.187
-0.838694,9.37,0.186009
-0.838694,9.55,0.183406
-0.838694,9.73,0.179796
-0.838694,9.91,0.175584
-0.831406,1.09,0.0731399
-0.831406,1.27,-0.00720271
-0.831406,1.45,-0.0167502
-0.831406,1.63,1.26876
-0.831406,1.81,0.0425493
-0.831406,1.99,-0.105433
-0.831406,2.17,0.075118
-0.831406,2.35,2.52704
-0.831406,2.53,-0.148593
-0.831406,2.71,0.0446758
-0.831406,2.89,0.449093
-0.831406,3.07,0.74425
-0.831406,3.25,-0.313653
-0.831406,3.43,-0.0316521
-0.831406,3.61,0.274482
-0.831406,3.79,0.768518
-0.831406,3.97,1.81737
-0.831406,4.15,4.86326
-0.831406,4.33,10.369
-0.831406,4.51,0.335036
-0.831406,4.69,-1.61906
-0.831406,4.87,-1.91609
-0.831406,5.05,-2.01119
-0.831406,5.23,-2.09527
-0.831406,5.41,-2.2057
-0.831406,5.59,-2.35281
-0.831406,5.77,-2.53806
-0.831406,5.95,-2.75684
-0.831406,6.13,-2.98619
-0.831406,6.31,-3.16512
-0.831406,6.49,-3.17388
-0.831406,6.67,-2.85822
-0.831406,6.85,-2.1736
-0.831406,7.03,-1.31206
-0.831406,7.21,-0.548976
-0.831406,7.39,-0.0147042
-0.831406,7.57,0.308412
-0.831406,7.75,0.485635
-0.831406,7.93,0.57376
-0.831406,8.11,0.610662
-0.831406,8.29,0.618557
-0.831406,8.47,0.610539
-0.831406,8.65,0.594138
-0.831406,8.83,0.573668
-0.831406,9.01,0.551688
-0.831406,9.19,0.529567
-0.831406,9.37,0.508003
-0.831406,9.55,0.487416
-0.831406,9.73,0.468012
-0.831406,9.91,0.449869
-0.824117,1.09,0.0980626
-0.824117,1.27,-0.00842247
-0.824117,1.45,-0.0100805
-0.824117,1.63,-0.0255534
-0.824117,1.81,0.0596376
-0.824117,1.99,-0.110033
-0.824117,2.17,0.0885908
-0.824117,2.35,1.48631
-0.824117,2.53,-0.128861
-0.824117,2.71,0.056005
-0.824117,2.89,0.499103
-0.824117,3.07,-0.414327
-0.824117,3.25,-0.254899
-0.824117,3.43,0.00732748
-0.824117,3.61,0.310966
-0.824117,3.79,0.827453
-0.824117,3.97,1.99656
-0.824117,4.15,5.73321
-0.824117,4.33,7.27125
-0.824117,4.51,-0.929836
-0.824117,4.69,-1.80971
-0.824117,4.87,-1.92266
-0.824117,5.05,-1.9665
-0.824117,5.23,-2.02906
-0.824117,5.41,-2.12534
-0.824117,5.59,-2.2581
-0.824117,5.77,-2.42428
-0.824117,5.95,-2.61366
-0.824117,6.13,-2.79503
-0.824117,6.31,-2.89676
-0.824117,6.49,-2.79553
-0.824117,6.67,-2.36675
-0.824117,6.85,-1.6353
-0.824117,7.03,-0.829813
-0.824117,7.21,-0.179851
-0.824117,7.39,0.244734
-0.824117,7.57,0.485904
-0.824117,7.75,0.607943
-0.824117,7.93,0.66007
-0.824117,8.11,0.673453
-0.824117,8.29,0.665753
-0.824117,8.47,0.647182
-0.824117,8.65,0.623486
-0.824117,8.83,0.59787
-0.824117,9.01,0.572181
-0.824117,9.19,0.547343
-0.824117,9.37,0.52377
-0.824117,9.55,0.501682
-0.824117,9.73,0.481147
-0.824117,9.91,0.462151
-0.816829,1.09,0.171558
-0.816829,1.27,-0.0085306
-0.816829,1.45,-0.00285967
-0.816829,1.63,-0.189263
-0.816829,1.81,0.0789032
-0.816829,1.99,-0.100879
-0.816829,2.17,0.102491
-0.816829,2.35,-0.0580656
-0.816829,2.53,-0.11126
-0.816829,2.71,0.0654069
-0.816829,2.89,0.557016
-0.816829,3.07,-0.579507
-0.816829,3.25,-0.200914
-0.816829,3.43,0.0418858
-0.816829,3.61,0.342933
-0.816829,3.79,0.882565
-0.816829,3.97,2.19365
-0.816829,4.15,6.75961
-0.816829,4.33,2.92483
-0.816829,4.51,-1.56985
-0.816829,4.69,-1.86807
-0.816829,4.87,-1.87709
-0.816829,5.05,-1.88977
-0.816829,5.23,-1.93696
-0.816829,5.41,-2.02039
-0.816829,5.59,-2.13766
-0.816829,5.77,-2.28175
-0.816829,5.95,-2.437
-0.816829,6.13,-2.56436
-0.816829,6.31,-2.58406
-0.816829,6.49,-2.37716
-0.816829,6.67,-1.85957
-0.816829,6.85,-1.11954
-0.816829,7.03,-0.395474
-0.816829,7.21,0.139181
-0.816829,7.39,0.463501
-0.816829,7.57,0.633185
-0.816829,7.75,0.708064
-0.816829,7.93,0.729713
-0.816829,8.11,0.723288
-0.816829,8.29,0.702513
-0.816829,8.47,0.675145
-0.816829,8.65,0.645417
-0.816829,8.83,0.615591
-0.816829,9.01,0.586907
-0.816829,9.19,0.55991
-0.816829,9.37,0.534776
-0.816829,9.55,0.511554
-0.816829,9.73,0.490196
-0.816829,9.91,0.470605
-0.809541,1.09,0.0988203
-0.809541,1.27,-0.0113798
-0.809541,1.45,0.0020069
-0.809541,1.63,-0.164101
-0.809541,1.81,0.10314
-0.809541,1.99,-0.0891471
-0.809541,2.17,0.114854
-0.809541,2.35,-0.311803
-0.809541,2.53,-0.0944632
-0.809541,2.71,0.0736759
-0.809541,2.89,0.617357
-0.809541,3.07,-0.51075
-0.809541,3.25,-0.153193
-0.809541,3.43,0.0707638
-0.809541,3.61,0.367153
-0.809541,3.79,0.92655
-0.809541,3.97,2.39533
-0.809541,4.15,7.53383
-0.809541,4.33,-0.160135
-0.809541,4.51,-1.82783
-0.809541,4.69,-1.83152
-0.809541,4.87,-1.78472
-0.809541,5.05,-1.77852
-0.809541,5.23,-1.81347
-0.809541,5.41,-1.88359
-0.809541,5.59,-1.98277
-0.809541,5.77,-2.10053
-0.809541,5.95,-2.21598
-0.809541,6.13,-2.28333
-0.809541,6.31,-2.21876
-0.809541,6.49,-1.91683
-0.809541,6.67,-1.34142
-0.809541,6.85,-0.630617
-0.809541,7.03,-0.00778724
-0.809541,7.21,0.412286
-0.809541,7.39,0.645224
-0.809541,7.57,0.752258
-0.809541,7.75,0.786575
-0.809541,7.93,0.782287
-0.809541,8.11,0.759143
-0.809541,8.29,0.72744
-0.809541,8.47,0.692812
-0.809541,8.65,0.658189
-0.809541,8.83,0.625024
-0.809541,9.01,0.59403
-0.809541,9.19,0.565429
-0.809541,9.37,0.53919
-0.809541,9.55,0.515218
-0.809541,9.73,0.493362
-0.809541,9.91,0.473457
-0.802253,1.09,0.0181655
-0.802253,1.27,-0.0139947
-0.802253,1.45,0.0042014
-0.802253,1.63,-0.123893
-0.802253,1.81,0.131919
-0.802253,1.99,-0.0765969
-0.802253,2.17,0.139222
-0.802253,2.35,-0.295473
-0.802253,2.53,-0.081038
-0.802253,2.71,0.0804405
-0.802253,2.89,0.642722
-0.802253,3.07,-0.418148
-0.802253,3.25,-0.114067
-0.802253,3.43,0.0961707
-0.802253,3.61,0.392802
-0.802253,3.79,0.983885
-0.802253,3.97,2.67446
-0.802253,4.15,6.96599
-0.802253,4.33,-1.40296
-0.802253,4.51,-1.8361
-0.802253,4.69,-1.7362
-0.802253,4.87,-1.67449
-0.802253,5.05,-1.66429
-0.802253,5.23,-1.69491
-0.802253,5.41,-1.75751
-0.802253,5.59,-1.84397
-0.802253,5.77,-1.94102
-0.802253,5.95,-2.02296
-0.802253,6.13,-2.03762
-0.802253,6.31,-1.8987
-0.802253,6.49,-1.51859
-0.802253,6.67,-0.910308
-0.802253,6.85,-0.247771
-0.802253,7.03,0.27507
-0.802253,7.21,0.596508
-0.802253,7.39,0.756733
-0.802253,7.57,0.816705
-0.802253,7.75,0.822098
-0.802253,7.93,0.80031
-0.802253,8.11,0.766593
-0.802253,8.29,0.728509
-0.802253,8.47,0.690058
-0.802253,8.65,0.653189
-0.802253,8.83,0.618768
-0.802253,9.01,0.587129
-0.802253,9.19,0.558274
-0.802253,9.37,0.532043
-0.802253,9.55,0.508246
-0.802253,9.73,0.486674
-0.802253,9.91,0.467119
-0.794965,1.09,0.00344485
-0.794965,1.27,-0.0163889
-0.794965,1.45,0.00432362
-0.794965,1.63,-0.0939164
-0.794965,1.81,0.15505
-0.794965,1.99,-0.06411
-0.794965,2.17,0.171118
-0.794965,2.35,-0.253801
-0.794965,2.53,-0.0691082
-0.794965,2.71,0.0858735
-0.794965,2.89,0.356979
-0.794965,3.07,-0.332683
-0.794965,3.25,-0.0798089
-0.794965,3.43,0.11786
-0.794965,3.61,0.414119
-0.794965,3.79,1.03813
-0.794965,3.97,2.98677
-0.794965,4.15,3.51157
-0.794965,4.33,-1.8263
-0.794965,4.51,-1.75252
-0.794965,4.69,-1.61471
-0.794965,4.87,-1.55007
-0.794965,5.05,-1.53874
-0.794965,5.23,-1.56534
-0.794965,5.41,-1.61957
-0.794965,5.59,-1.69167
-0.794965,5.77,-1.76562
-0.794965,5.95,-1.81108
-0.794965,6.13,-1.77075
-0.794965,6.31,-1.56036
-0.794965,6.49,-1.11816
-0.794965,6.67,-0.505996
-0.794965,6.85,0.0855834
-0.794965,7.03,0.505409
-0.794965,7.21,0.737331
-0.794965,7.39,0.835724
-0.794965,7.57,0.857188
-0.794965,7.75,0.839582
-0.794965,7.93,0.804273
-0.794965,8.11,0.762674
-0.794965,8.29,0.720078
-0.794965,8.47,0.679135
-0.794965,8.65,0.641004
-0.794965,8.83,0.606071
-0.794965,9.01,0.574367
-0.794965,9.19,0.545721
-0.794965,9.37,0.519873
-0.794965,9.55,0.496561
-0.794965,9.73,0.475531
-0.794965,9.91,0.456546
-0.787677,1.09,-0.00286772
-0.787677,1.27,-0.0176511
-0.787677,1.45,0.00312197
-0.787677,1.63,-0.0721765
-0.787677,1.81,0.0763892
-0.787677,1.99,-0.0521096
-0.787677,2.17,0.210167
-0.787677,2.35,-0.214127
-0.787677,2.53,-0.0579155
-0.787677,2.71,0.0899192
-0.787677,2.89,-0.748872
-0.787677,3.07,-0.260467
-0.787677,3.25,-0.0501845
-0.787677,3.43,0.135075
-0.787677,3.61,0.428461
-0.787677,3.79,1.08109
-0.787677,3.97,3.25511
-0.787677,4.15,-0.295159
-0.787677,4.33,-1.87348
-0.787677,4.51,-1.61947
-0.787677,4.69,-1.47492
-0.787677,4.87,-1.41273
-0.787677,5.05,-1.40084
-0.787677,5.23,-1.42246
-0.787677,5.41,-1.46651
-0.787677,5.59,-1.5217
-0.787677,5.77,-1.56934
-0.787677,5.95,-1.57489
-0.787677,6.13,-1.47799
-0.787677,6.31,-1.20206
-0.787677,6.49,-0.718263
-0.787677,6.67,-0.13137
-0.787677,6.85,0.371968
-0.787677,7.03,0.690026
-0.787677,7.21,0.842083
-0.787677,7.39,0.888234
-0.787677,7.57,0.878241
-0.787677,7.75,0.842354
-0.787677,7.93,0.796627
-0.787677,8.11,0.749216
-0.787677,8.29,0.703525
-0.787677,8.47,0.6611
-0.787677,8.65,0.622444
-0.787677,8.83,0.587558
-0.787677,9.01,0.556224
-0.787677,9.19,0.528135
-0.787677,9.37,0.502952
-0.787677,9.55,0.480359
-0.787677,9.73,0.460067
-0.787677,9.91,0.441819
-0.780389,1.09,-0.00646495
-0.780389,1.27,-0.0149713
-0.780389,1.45,0.00117839
-0.780389,1.63,-0.0548622
-0.780389,1.81,-0.706547
-0.780389,1.99,-0.0407346
-0.780389,2.17,0.256771
-0.780389,2.35,-0.178203
-0.780389,2.53,-0.0467113
-0.780389,2.71,0.09258
-0.780389,2.89,-1.0364
-0.780389,3.07,-0.201909
-0.780389,3.25,-0.0254874
-0.780389,3.43,0.1477
-0.780389,3.61,0.43598
-0.780389,3.79,1.11122
-0.780389,3.97,3.24206
-0.780389,4.15,-1.85845
-0.780389,4.33,-1.74035
-0.780389,4.51,-1.45589
-0.780389,4.69,-1.32252
-0.780389,4.87,-1.26666
-0.780389,5.05,-1.25513
-0.780389,5.23,-1.2717
-0.780389,5.41,-1.30507
-0.780389,5.59,-1.34259
-0.780389,5.77,-1.36311
-0.780389,5.95,-1.3286
-0.780389,6.13,-1.17811
-0.780389,6.31,-0.848307
-0.780389,6.49,-0.347322
-0.780389,6.67,0.188207
-0.780389,6.85,0.593842
-0.780389,7.03,0.817199
-0.780389,7.21,0.901681
-0.780389,7.39,0.906388
-0.780389,7.57,0.872812
-0.780389,7.75,0.824098
-0.780389,7.93,0.771727
-0.780389,8.11,0.721171
-0.780389,8.29,0.674326
-0.780389,8.47,0.631867
-0.780389,8.65,0.593801
-0.780389,8.83,0.559837
-0.780389,9.01,0.529577
-0.780389,9.19,0.502619
-0.780389,9.37,0.478577
-0.780389,9.55,0.457102
-0.780389,9.73,0.437886
-0.780389,9.91,0.420663
-0.773101,1.09,-0.00976306
-0.773101,1.27,-0.00779911
-0.773101,1.45,0.00127025
-0.773101,1.63,-0.0411331
-0.773101,1.81,-0.749166
-0.773101,1.99,-0.0277505
-0.773101,2.17,0.302823
-0.773101,2.35,-0.149811
-0.773101,2.53,-0.0374001
-0.773101,2.71,0.0917495
-0.773101,2.89,-0.706255
-0.773101,3.07,-0.154549
-0.773101,3.25,-0.00408841
-0.773101,3.43,0.159631
-0.773101,3.61,0.446036
-0.773101,3.79,1.15105
-0.773101,3.97,2.39024
-0.773101,4.15,-2.05285
-0.773101,4.33,-1.54716
-0.773101,4.51,-1.29298
-0.773101,4.69,-1.17934
-0.773101,4.87,-1.13241
-0.773101,5.05,-1.12284
-0.773101,5.23,-1.13596
-0.773101,5.41,-1.16053
-0.773101,5.59,-1.18269
-0.773101,5.77,-1.17884
-0.773101,5.95,-1.1079
-0.773101,6.13,-0.910128
-0.773101,6.31,-0.539851
-0.773101,6.49,-0.0431249
-0.773101,6.67,0.425265
-0.773101,6.85,0.736094
-0.773101,7.03,0.880021
-0.773101,7.21,0.913351
-0.773101,7.39,0.889474
-0.773101,7.57,0.841362
-0.773101,7.75,0.786015
-0.773101,7.93,0.731275
-0.773101,8.11,0.68058
-0.773101,8.29,0.634745
-0.773101,8.47,0.59385
-0.773101,8.65,0.557576
-0.773101,8.83,0.525462
-0.773101,9.01,0.497004
-0.773101,9.19,0.471755
-0.773101,9.37,0.449323
-0.773101,9.55,0.429347
-0.773101,9.73,0.411523
-0.773101,9.91,0.395587
-0.765813,1.09,-0.013118
-0.765813,1.27,0.00514445
-0.765813,1.45,0.0041435
-0.765813,1.63,-0.030313
-0.765813,1.81,-0.415953
-0.765813,1.99,-0.0145817
-0.765813,2.17,-0.0410197
-0.765813,2.35,-0.125626
-0.765813,2.53,-0.0281447
-0.765813,2.71,0.083491
-0.765813,2.89,-0.46046
-0.765813,3.07,-0.115164
-0.765813,3.25,0.0137914
-0.765813,3.43,0.167423
-0.765813,3.61,0.448125
-0.765813,3.79,1.15626
-0.765813,3.97,-0.0968582
-0.765813,4.15,-1.86296
-0.765813,4.33,-1.34341
-0.765813,4.51,-1.1303
-0.765813,4.69,-1.03589
-0.765813,4.87,-0.996743
-0.765813,5.05,-0.988042
-0.765813,5.23,-0.99667
-0.765813,5.41,-1.01136
-0.765813,5.59,-1.01704
-0.765813,5.77,-0.98792
-0.765813,5.95,-0.881035
-0.765813,6.13,-0.641477
-0.765813,6.31,-0.24699
-0.765813,6.49,0.220982
-0.765813,6.67,0.607246
-0.765813,6.85,0.826573
-0.765813,7.03,0.903087
-0.765813,7.21,0.896681
-0.765813,7.39,0.852375
-0.765813,7.57,0.79504
-0.765813,7.75,0.736469
-0.765813,7.93,0.681582
-0.765813,8.11,0.632241
-0.765813,8.29,0.588454
-0.765813,8.47,0.549867
-0.765813,8.65,0.515939
-0.765813,8.83,0.486093
-0.765813,9.01,0.459765
-0.765813,9.19,0.436489
-0.765813,9.37,0.415877
-0.765813,9.55,0.397575
-0.765813,9.73,0.381285
-0.765813,9.91,0.366755
-0.758525,1.09,-0.0156816
-0.758525,1.27,0.0207962
-0.758525,1.45,0.0133512
-0.758525,1.63,-0.0216463
-0.758525,1.81,-0.260072
-0.758525,1.99,-0.00186937
-0.758525,2.17,-0.560939
-0.758525,2.35,-0.103914
-0.758525,2.53,-0.0183112
-0.758525,2.71,0.0561396
-0.758525,2.89,-0.30631
-0.758525,3.07,-0.0823159
-0.758525,3.25,0.0279322
-0.758525,3.43,0.169678
-0.758525,3.61,0.436806
-0.758525,3.79,1.06474
-0.758525,3.97,-2.10945
-0.758525,4.15,-1.57627
-0.758525,4.33,-1.14094
-0.758525,4.51,-0.968406
-0.758525,4.69,-0.891116
-0.758525,4.87,-0.858116
-0.758525,5.05,-0.848931
-0.758525,5.23,-0.851805
-0.758525,5.41,-0.855402
-0.758525,5.59,-0.843505
-0.758525,5.77,-0.788675
-0.758525,5.95,-0.647854
-0.758525,6.13,-0.375359
-0.758525,6.31,0.0232756
-0.758525,6.49,0.439049
-0.758525,6.67,0.734416
-0.758525,6.85,0.869882
-0.758525,7.03,0.891459
-0.758525,7.21,0.855563
-0.758525,7.39,0.797713
-0.758525,7.57,0.73552
-0.758525,7.75,0.676493
-0.758525,7.93,0.623257
-0.758525,8.11,0.576476
-0.758525,8.29,0.535577
-0.758525,8.47,0.499906
-0.758525,8.65,0.468775
-0.758525,8.83,0.441545
-0.758525,9.01,0.41762
-0.758525,9.19,0.396538
-0.758525,9.37,0.377925
-0.758525,9.55,0.361442
-0.758525,9.73,0.346807
-0.758525,9.91,0.333783
-0.751237,1.09,-0.016157
-0.751237,1.27,-0.0399555
-0.751237,1.45,0.0376152
-0.751237,1.63,-0.0138583
-0.751237,1.81,-0.176329
-0.751237,1.99,0.00937048
-0.751237,2.17,-0.411824
-0.751237,2.35,-0.083566
-0.751237,2.53,-0.0073867
-0.751237,2.71,-0.0280335
-0.751237,2.89,-0.205733
-0.751237,3.07,-0.0552583
-0.751237,3.25,0.0381959
-0.751237,3.43,0.165897
-0.751237,3.61,0.408367
-0.751237,3.79,0.747542
-0.751237,3.97,-2.28639
-0.751237,4.15,-1.28079
-0.751237,4.33,-0.945064
-0.751237,4.51,-0.809493
-0.751237,4.69,-0.747178
-0.751237,4.87,-0.719046
-0.751237,5.05,-0.708523
-0.751237,5.23,-0.705066
-0.751237,5.41,-0.69729
-0.751237,5.59,-0.668105
-0.751237,5.77,-0.58922
-0.751237,5.95,-0.419767
-0.751237,6.13,-0.127705
-0.751237,6.31,0.252234
-0.751237,6.49,0.596429
-0.751237,6.67,0.799992
-0.751237,6.85,0.863963
-0.751237,7.03,0.844347
-0.751237,7.21,0.789211
-0.751237,7.39,0.724551
-0.751237,7.57,0.6618
-0.751237,7.75,0.6051
-0.751237,7.93,0.555373
-0.751237,8.11,0.512436
-0.751237,8.29,0.475342
-0.751237,8.47,0.443263
-0.751237,8.65,0.415443
-0.751237,8.83,0.391227
-0.751237,9.01,0.370024
-0.751237,9.19,0.351392
-0.751237,9.37,0.334988
-0.751237,9.55,0.320496
-0.751237,9.73,0.307657
-0.751237,9.91,0.296257
-0.743949,1.09,-0.0080767
-0.743949,1.27,-0.332231
-0.743949,1.45,0.128203
-0.743949,1.63,-0.00753674
-0.743949,1.81,-0.122508
-0.743949,1.99,0.0215123
-0.743949,2.17,-0.278427
-0.743949,2.35,-0.0670335
-0.743949,2.53,0.00296503
-0.743949,2.71,-0.239817
-0.743949,2.89,-0.13641
-0.743949,3.07,-0.0329716
-0.743949,3.25,0.0462838
-0.743949,3.43,0.16086
-0.743949,3.61,0.374411
-0.743949,3.79,0.0539747
-0.743949,3.97,-1.81222
-0.743949,4.15,-1.01712
-0.743949,4.33,-0.770978
-0.743949,4.51,-0.667762
-0.743949,4.69,-0.618877
-0.743949,4.87,-0.595484
-0.743949,5.05,-0.584397
-0.743949,5.23,-0.576169
-0.743949,5.41,-0.559449
-0.743949,5.59,-0.516558
-0.743949,5.77,-0.4191
-0.743949,5.95,-0.230465
-0.743949,6.13,0.0644381
-0.743949,6.31,0.404514
-0.743949,6.49,0.667987
-0.743949,6.67,0.791013
-0.743949,6.85,0.803378
-0.743949,7.03,0.759876
-0.743949,7.21,0.697565
-0.743949,7.39,0.63391
-0.743949,7.57,0.57561
-0.743949,7.75,0.524503
-0.743949,7.93,0.480472
-0.743949,8.11,0.442883
-0.743949,8.29,0.410659
-0.743949,8.47,0.382942
-0.743949,8.65,0.359001
-0.743949,8.83,0.338226
-0.743949,9.01,0.320067
-0.743949,9.19,0.30413
-0.743949,9.37,0.290124
-0.743949,9.55,0.277773
-0.743949,9.73,0.266848
-0.743949,9.91,0.257164
-0.736661,1.09,0.038898
-0.736661,1.27,-0.195789
-0.736661,1.45,0.120948
-0.736661,1.63,-0.0019307
-0.736661,1.81,-0.0829999
-0.736661,1.99,0.0304249
-0.736661,2.17,-0.196556
-0.736661,2.35,-0.0517824
-0.736661,2.53,0.0144523
-0.736661,2.71,-0.317528
-0.736661,2.89,-0.0859871
-0.736661,3.07,-0.0149836
-0.736661,3.25,0.0502842
-0.736661,3.43,0.148406
-0.736661,3.61,0.311083
-0.736661,3.79,-1.17742
-0.736661,3.97,-1.32126
-0.736661,4.15,-0.781011
-0.736661,4.33,-0.606449
-0.736661,4.51,-0.530026
-0.736661,4.69,-0.492334
-0.736661,4.87,-0.472667
-0.736661,5.05,-0.460666
-0.736661,5.23,-0.447898
-0.736661,5.41,-0.423271
-0.736661,5.59,-0.369179
-0.736661,5.77,-0.258669
-0.736661,5.95,-0.0625289
-0.736661,6.13,0.214872
-0.736661,6.31,0.494297
-0.736661,6.49,0.673378
-0.736661,6.67,0.729327
-0.736661,6.85,0.706599
-0.736661,7.03,0.651382
-0.736661,7.21,0.589468
-0.736661,7.39,0.531331
-0.736661,7.57,0.480201
-0.736661,7.75,0.436383
-0.736661,7.93,0.399148
-0.736661,8.11,0.367653
-0.736661,8.29,0.340823
-0.736661,8.47,0.317848
-0.736661,8.65,0.298072
-0.736661,8.83,0.280957
-0.736661,9.01,0.266015
-0.736661,9.19,0.252916
-0.736661,9.37,0.241422
-0.736661,9.55,0.231302
-0.736661,9.73,0.222365
-0.736661,9.91,0.214456
-0.729373,1.09,0.322616
-0.729373,1.27,-0.113869
-0.729373,1.45,-0.0152459
-0.729373,1.63,0.00429726
-0.729373,1.81,-0.0511444
-0.729373,1.99,0.0313022
-0.729373,2.17,-0.13925
-0.729373,2.35,-0.0374126
-0.729373,2.53,0.0272496
-0.729373,2.71,-0.147715
-0.729373,2.89,-0.0484813
-0.729373,3.07,-0.00144892
-0.729373,3.25,0.0491371
-0.729373,3.43,0.126074
-0.729373,3.61,0.202556
-0.729373,3.79,-1.83057
-0.729373,3.97,-0.903198
-0.729373,4.15,-0.564842
-0.729373,4.33,-0.447476
-0.729373,4.51,-0.393583
-0.729373,4.69,-0.365511
-0.729373,4.87,-0.349083
-0.729373,5.05,-0.336416
-0.729373,5.23,-0.320211
-0.729373,5.41,-0.290158
-0.729373,5.59,-0.22987
-0.729373,5.77,-0.116011
-0.729373,5.95,0.0702221
-0.729373,6.13,0.306181
-0.729373,6.31,0.508936
-0.729373,6.49,0.609236
-0.729373,6.67,0.61625
-0.729373,6.85,0.575123
-0.729373,7.03,0.519316
-0.729373,7.21,0.464496
-0.729373,7.39,0.415873
-0.729373,7.57,0.374375
-0.729373,7.75,0.339431
-0.729373,7.93,0.310066
-0.729373,8.11,0.285417
-0.729373,8.29,0.264529
-0.729373,8.47,0.246714
-0.729373,8.65,0.231425
-0.729373,8.83,0.218225
-0.729373,9.01,0.206713
-0.729373,9.19,0.196629
-0.729373,9.37,0.187795
-0.729373,9.55,0.180027
-0.729373,9.73,0.173178
-0.729373,9.91,0.167124
-0.722085,1.09,0.189527
-0.722085,1.27,-0.0597706
-0.722085,1.45,-0.0376944
-0.722085,1.63,0.0151017
-0.722085,1.81,-0.0244815
-0.722085,1.99,0.0124459
-0.722085,2.17,-0.090097
-0.722085,2.35,-0.022881
-0.722085,2.53,0.0398026
-0.722085,2.71,-0.0458183
-0.722085,2.89,-0.0210391
-0.722085,3.07,0.00661953
-0.722085,3.25,0.0403112
-0.722085,3.43,0.0887263
-0.722085,3.61,0.0288236
-0.722085,3.79,-1.28991
-0.722085,3.97,-0.54203
-0.722085,4.15,-0.355306
-0.722085,4.33,-0.285332
-0.722085,4.51,-0.251318
-0.722085,4.69,-0.232157
-0.722085,4.87,-0.219184
-0.722085,5.05,-0.20696
-0.722085,5.23,-0.189799
-0.722085,5.41,-0.159268
-0.722085,5.59,-0.102202
-0.722085,5.77,-0.00183601
-0.722085,5.95,0.148576
-0.722085,6.13,0.315981
-0.722085,6.31,0.4332
-0.722085,6.49,0.468997
-0.722085,6.67,0.448141
-0.722085,6.85,0.404952
-0.722085,7.03,0.35893
-0.722085,7.21,0.31752
-0.722085,7.39,0.282359
-0.722085,7.57,0.253088
-0.722085,7.75,0.228819
-0.722085,7.93,0.208632
-0.722085,8.11,0.191813
-0.722085,8.29,0.177637
-0.722085,8.47,0.165595
-0.722085,8.65,0.155294
-0.722085,8.83,0.146425
-0.722085,9.01,0.138699
-0.722085,9.19,0.131937
-0.722085,9.37,0.126022
-0.722085,9.55,0.120829
-0.722085,9.73,0.116256
-0.722085,9.91,0.112219
-0.714797,1.09,0.00213106
-0.714797,1.27,-0.0144348
-0.714797,1.45,-0.0269895
-0.714797,1.63,0.0324188
-0.714797,1.81,-0.00413955
-0.714797,1.99,-0.0236962
-0.714797,2.17,-0.0381741
-0.714797,2.35,-0.00908994
-0.714797,2.53,0.0353723
-0.714797,2.71,-0.00365429
-0.714797,2.89,-0.00361215
-0.714797,3.07,0.00648656
-0.714797,3.25,0.0204672
-0.714797,3.43,0.0381581
-0.714797,3.61,-0.0932266
-0.714797,3.79,-0.450198
-0.714797,3.97,-0.201548
-0.714797,4.15,-0.1381
-0.714797,4.33,-0.112475
-0.714797,4.51,-0.0993006
-0.714797,4.69,-0.0912964
-0.714797,4.87,-0.0851668
-0.714797,5.05,-0.0785561
-0.714797,5.23,-0.0687134
-0.714797,5.41,-0.0514151
-0.714797,5.59,-0.0202813
-0.714797,5.77,0.0315374
-0.714797,5.95,0.102516
-0.714797,6.13,0.170487
-0.714797,6.31,0.206908
-0.714797,6.49,0.208536
-0.714797,6.67,0.191438
-0.714797,6.85,0.169303
-0.714797,7.03,0.148348
-0.714797,7.21,0.130429
-0.714797,7.39,0.115607
-0.714797,7.57,0.103449
-0.714797,7.75,0.0934562
-0.714797,7.93,0.0851912
-0.714797,8.11,0.0783329
-0.714797,8.29,0.072568
-0.714797,8.47,0.0676808
-0.714797,8.65,0.0635064
-0.714797,8.83,0.0599168
-0.714797,9.01,0.0567898
-0.714797,9.19,0.0540525
-0.714797,9.37,0.0516602
-0.714797,9.55,0.0495614
-0.714797,9.73,0.0477145
-0.714797,9.91,0.0460855
-0.707509,1.09,0
-0.707509,1.27,0
-0.707509,1.45,0
-0.707509,1.63,0
-0.707509,1.81,0
-0.707509,1.99,0
-0.707509,2.17,0
-0.707509,2.35,0
-0.707509,2.53,0
-0.707509,2.71,0
-0.707509,2.89,0
-0.707509,3.07,0
-0.707509,3.25,0
-0.707509,3.43,0
-0.707509,3.61,0
-0.707509,3.79,0
-0.707509,3.97,0
-0.707509,4.15,0
-0.707509,4.33,0
-0.707509,4.51,0
-0.707509,4.69,0
-0.707509,4.87,0
-0.707509,5.05,0
-0.707509,5.23,0
-0.707509,5.41,0
-0.707509,5.59,0
-0.707509,5.77,0
-0.707509,5.95,0
-0.707509,6.13,0
-0.707509,6.31,0
-0.707509,6.49,0
-0.707509,6.67,0
-0.707509,6.85,0
-0.707509,7.03,0
-0.707509,7.21,0
-0.707509,7.39,0
-0.707509,7.57,0
-0.707509,7.75,0
-0.707509,7.93,0
-0.707509,8.11,0
-0.707509,8.29,0
-0.707509,8.47,0
-0.707509,8.65,0
-0.707509,8.83,0
-0.707509,9.01,0
-0.707509,9.19,0
-0.707509,9.37,0
-0.707509,9.55,0
-0.707509,9.73,0
-0.707509,9.91,0
-0.700221,1.09,0
-0.700221,1.27,0
-0.700221,1.45,0
-0.700221,1.63,0
-0.700221,1.81,0
-0.700221,1.99,0
-0.700221,2.17,0
-0.700221,2.35,0
-0.700221,2.53,0
-0.700221,2.71,0
-0.700221,2.89,0
-0.700221,3.07,0
-0.700221,3.25,0
-0.700221,3.43,0
-0.700221,3.61,0
-0.700221,3.79,0
-0.700221,3.97,0
-0.700221,4.15,0
-0.700221,4.33,0
-0.700221,4.51,0
-0.700221,4.69,0
-0.700221,4.87,0
-0.700221,5.05,0
-0.700221,5.23,0
-0.700221,5.41,0
-0.700221,5.59,0
-0.700221,5.77,0
-0.700221,5.95,0
-0.700221,6.13,0
-0.700221,6.31,0
-0.700221,6.49,0
-0.700221,6.67,0
-0.700221,6.85,0
-0.700221,7.03,0
-0.700221,7.21,0
-0.700221,7.39,0
-0.700221,7.57,0
-0.700221,7.75,0
-0.700221,7.93,0
-0.700221,8.11,0
-0.700221,8.29,0
-0.700221,8.47,0
-0.700221,8.65,0
-0.700221,8.83,0
-0.700221,9.01,0
-0.700221,9.19,0
-0.700221,9.37,0
-0.700221,9.55,0
-0.700221,9.73,0
-0.700221,9.91,0
-0.692933,1.09,0
-0.692933,1.27,0
-0.692933,1.45,0
-0.692933,1.63,0
-0.692933,1.81,0
-0.692933,1.99,0
-0.692933,2.17,0
-0.692933,2.35,0
-0.692933,2.53,0
-0.692933,2.71,0
-0.692933,2.89,0
-0.692933,3.07,0
-0.692933,3.25,0
-0.692933,3.43,0
-0.692933,3.61,0
-0.692933,3.79,0
-0.692933,3.97,0
-0.692933,4.15,0
-0.692933,4.33,0
-0.692933,4.51,0
-0.692933,4.69,0
-0.692933,4.87,0
-0.692933,5.05,0
-0.692933,5.23,0
-0.692933,5.41,0
-0.692933,5.59,0
-0.692933,5.77,0
-0.692933,5.95,0
-0.692933,6.13,0
-0.692933,6.31,0
-0.692933,6.49,0
-0.692933,6.67,0
-0.692933,6.85,0
-0.692933,7.03,0
-0.692933,7.21,0
-0.692933,7.39,0
-0.692933,7.57,0
-0.692933,7.75,0
-0.692933,7.93,0
-0.692933,8.11,0
-0.692933,8.29,0
-0.692933,8.47,0
-0.692933,8.65,0
-0.692933,8.83,0
-0.692933,9.01,0
-0.692933,9.19,0
-0.692933,9.37,0
-0.692933,9.55,0
-0.692933,9.73,0
-0.692933,9.91,0
-0.685645,1.09,0
-0.685645,1.27,0
-0.685645,1.45,0
-0.685645,1.63,0
-0.685645,1.81,0
-0.685645,1.99,0
-0.685645,2.17,0
-0.685645,2.35,0
-0.685645,2.53,0
-0.685645,2.71,0
-0.685645,2.89,0
-0.685645,3.07,0
-0.685645,3.25,0
-0.685645,3.43,0
-0.685645,3.61,0
-0.685645,3.79,0
-0.685645,3.97,0
-0.685645,4.15,0
-0.685645,4.33,0
-0.685645,4.51,0
-0.685645,4.69,0
-0.685645,4.87,0
-0.685645,5.05,0
-0.685645,5.23,0
-0.685645,5.41,0
-0.685645,5.59,0
-0.685645,5.77,0
-0.685645,5.95,0
-0.685645,6.13,0
-0.685645,6.31,0
-0.685645,6.49,0
-0.685645,6.67,0
-0.685645,6.85,0
-0.685645,7.03,0
-0.685645,7.21,0
-0.685645,7.39,0
-0.685645,7.57,0
-0.685645,7.75,0
-0.685645,7.93,0
-0.685645,8.11,0
-0.685645,8.29,0
-0.685645,8.47,0
-0.685645,8.65,0
-0.685645,8.83,0
-0.685645,9.01,0
-0.685645,9.19,0
-0.685645,9.37,0
-0.685645,9.55,0
-0.685645,9.73,0
-0.685645,9.91,0
-0.678356,1.09,0
-0.678356,1.27,0
-0.678356,1.45,0
-0.678356,1.63,0
-0.678356,1.81,0
-0.678356,1.99,0
-0.678356,2.17,0
-0.678356,2.35,0
-0.678356,2.53,0
-0.678356,2.71,0
-0.678356,2.89,0
-0.678356,3.07,0
-0.678356,3.25,0
-0.678356,3.43,0
-0.678356,3.61,0
-0.678356,3.79,0
-0.678356,3.97,0
-0.678356,4.15,0
-0.678356,4.33,0
-0.678356,4.51,0
-0.678356,4.69,0
-0.678356,4.87,0
-0.678356,5.05,0
-0.678356,5.23,0
-0.678356,5.41,0
-0.678356,5.59,0
-0.678356,5.77,0
-0.678356,5.95,0
-0.678356,6.13,0
-0.678356,6.31,0
-0.678356,6.49,0
-0.678356,6.67,0
-0.678356,6.85,0
-0.678356,7.03,0
-0.678356,7.21,0
-0.678356,7.39,0
-0.678356,7.57,0
-0.678356,7.75,0
-0.678356,7.93,0
-0.678356,8.11,0
-0.678356,8.29,0
-0.678356,8.47,0
-0.678356,8.65,0
-0.678356,8.83,0
-0.678356,9.01,0
-0.678356,9.19,0
-0.678356,9.37,0
-0.678356,9.55,0
-0.678356,9.73,0
-0.678356,9.91,0
-0.671068,1.09,0
-0.671068,1.27,0
-0.671068,1.45,0
-0.671068,1.63,0
-0.671068,1.81,0
-0.671068,1.99,0
-0.671068,2.17,0
-0.671068,2.35,0
-0.671068,2.53,0
-0.671068,2.71,0
-0.671068,2.89,0
-0.671068,3.07,0
-0.671068,3.25,0
-0.671068,3.43,0
-0.671068,3.61,0
-0.671068,3.79,0
-0.671068,3.97,0
-0.671068,4.15,0
-0.671068,4.33,0
-0.671068,4.51,0
-0.671068,4.69,0
-0.671068,4.87,0
-0.671068,5.05,0
-0.671068,5.23,0
-0.671068,5.41,0
-0.671068,5.59,0
-0.671068,5.77,0
-0.671068,5.95,0
-0.671068,6.13,0
-0.671068,6.31,0
-0.671068,6.49,0
-0.671068,6.67,0
-0.671068,6.85,0
-0.671068,7.03,0
-0.671068,7.21,0
-0.671068,7.39,0
-0.671068,7.57,0
-0.671068,7.75,0
-0.671068,7.93,0
-0.671068,8.11,0
-0.671068,8.29,0
-0.671068,8.47,0
-0.671068,8.65,0
-0.671068,8.83,0
-0.671068,9.01,0
-0.671068,9.19,0
-0.671068,9.37,0
-0.671068,9.55,0
-0.671068,9.73,0
-0.671068,9.91,0
-0.66378,1.09,0
-0.66378,1.27,0
-0.66378,1.45,0
-0.66378,1.63,0
-0.66378,1.81,0
-0.66378,1.99,0
-0.66378,2.17,0
-0.66378,2.35,0
-0.66378,2.53,0
-0.66378,2.71,0
-0.66378,2.89,0
-0.66378,3.07,0
-0.66378,3.25,0
-0.66378,3.43,0
-0.66378,3.61,0
-0.66378,3.79,0
-0.66378,3.97,0
-0.66378,4.15,0
-0.66378,4.33,0
-0.66378,4.51,0
-0.66378,4.69,0
-0.66378,4.87,0
-0.66378,5.05,0
-0.66378,5.23,0
-0.66378,5.41,0
-0.66378,5.59,0
-0.66378,5.77,0
-0.66378,5.95,0
-0.66378,6.13,0
-0.66378,6.31,0
-0.66378,6.49,0
-0.66378,6.67,0
-0.66378,6.85,0
-0.66378,7.03,0
-0.66378,7.21,0
-0.66378,7.39,0
-0.66378,7.57,0
-0.66378,7.75,0
-0.66378,7.93,0
-0.66378,8.11,0
-0.66378,8.29,0
-0.66378,8.47,0
-0.66378,8.65,0
-0.66378,8.83,0
-0.66378,9.01,0
-0.66378,9.19,0
-0.66378,9.37,0
-0.66378,9.55,0
-0.66378,9.73,0
-0.66378,9.91,0
-0.656492,1.09,0
-0.656492,1.27,0
-0.656492,1.45,0
-0.656492,1.63,0
-0.656492,1.81,0
-0.656492,1.99,0
-0.656492,2.17,0
-0.656492,2.35,0
-0.656492,2.53,0
-0.656492,2.71,0
-0.656492,2.89,0
-0.656492,3.07,0
-0.656492,3.25,0
-0.656492,3.43,0
-0.656492,3.61,0
-0.656492,3.79,0
-0.656492,3.97,0
-0.656492,4.15,0
-0.656492,4.33,0
-0.656492,4.51,0
-0.656492,4.69,0
-0.656492,4.87,0
-0.656492,5.05,0
-0.656492,5.23,0
-0.656492,5.41,0
-0.656492,5.59,0
-0.656492,5.77,0
-0.656492,5.95,0
-0.656492,6.13,0
-0.656492,6.31,0
-0.656492,6.49,0
-0.656492,6.67,0
-0.656492,6.85,0
-0.656492,7.03,0
-0.656492,7.21,0
-0.656492,7.39,0
-0.656492,7.57,0
-0.656492,7.75,0
-0.656492,7.93,0
-0.656492,8.11,0
-0.656492,8.29,0
-0.656492,8.47,0
-0.656492,8.65,0
-0.656492,8.83,0
-0.656492,9.01,0
-0.656492,9.19,0
-0.656492,9.37,0
-0.656492,9.55,0
-0.656492,9.73,0
-0.656492,9.91,0
-0.649204,1.09,0
-0.649204,1.27,0
-0.649204,1.45,0
-0.649204,1.63,0
-0.649204,1.81,0
-0.649204,1.99,0
-0.649204,2.17,0
-0.649204,2.35,0
-0.649204,2.53,0
-0.649204,2.71,0
-0.649204,2.89,0
-0.649204,3.07,0
-0.649204,3.25,0
-0.649204,3.43,0
-0.649204,3.61,0
-0.649204,3.79,0
-0.649204,3.97,0
-0.649204,4.15,0
-0.649204,4.33,0
-0.649204,4.51,0
-0.649204,4.69,0
-0.649204,4.87,0
-0.649204,5.05,0
-0.649204,5.23,0
-0.649204,5.41,0
-0.649204,5.59,0
-0.649204,5.77,0
-0.649204,5.95,0
-0.649204,6.13,0
-0.649204,6.31,0
-0.649204,6.49,0
-0.649204,6.67,0
-0.649204,6.85,0
-0.649204,7.03,0
-0.649204,7.21,0
-0.649204,7.39,0
-0.649204,7.57,0
-0.649204,7.75,0
-0.649204,7.93,0
-0.649204,8.11,0
-0.649204,8.29,0
-0.649204,8.47,0
-0.649204,8.65,0
-0.649204,8.83,0
-0.649204,9.01,0
-0.649204,9.19,0
-0.649204,9.37,0
-0.649204,9.55,0
-0.649204,9.73,0
-0.649204,9.91,0
-0.641916,1.09,0
-0.641916,1.27,0
-0.641916,1.45,0
-0.641916,1.63,0
-0.641916,1.81,0
-0.641916,1.99,0
-0.641916,2.17,0
-0.641916,2.35,0
-0.641916,2.53,0
-0.641916,2.71,0
-0.641916,2.89,0
-0.641916,3.07,0
-0.641916,3.25,0
-0.641916,3.43,0
-0.641916,3.61,0
-0.641916,3.79,0
-0.641916,3.97,0
-0.641916,4.15,0
-0.641916,4.33,0
-0.641916,4.51,0
-0.641916,4.69,0
-0.641916,4.87,0
-0.641916,5.05,0
-0.641916,5.23,0
-0.641916,5.41,0
-0.641916,5.59,0
-0.641916,5.77,0
-0.641916,5.95,0
-0.641916,6.13,0
-0.641916,6.31,0
-0.641916,6.49,0
-0.641916,6.67,0
-0.641916,6.85,0
-0.641916,7.03,0
-0.641916,7.21,0
-0.641916,7.39,0
-0.641916,7.57,0
-0.641916,7.75,0
-0.641916,7.93,0
-0.641916,8.11,0
-0.641916,8.29,0
-0.641916,8.47,0
-0.641916,8.65,0
-0.641916,8.83,0
-0.641916,9.01,0
-0.641916,9.19,0
-0.641916,9.37,0
-0.641916,9.55,0
-0.641916,9.73,0
-0.641916,9.91,0
-0.634628,1.09,0
-0.634628,1.27,0
-0.634628,1.45,0
-0.634628,1.63,0
-0.634628,1.81,0
-0.634628,1.99,0
-0.634628,2.17,0
-0.634628,2.35,0
-0.634628,2.53,0
-0.634628,2.71,0
-0.634628,2.89,0
-0.634628,3.07,0
-0.634628,3.25,0
-0.634628,3.43,0
-0.634628,3.61,0
-0.634628,3.79,0
-0.634628,3.97,0
-0.634628,4.15,0
-0.634628,4.33,0
-0.634628,4.51,0
-0.634628,4.69,0
-0.634628,4.87,0
-0.634628,5.05,0
-0.634628,5.23,0
-0.634628,5.41,0
-0.634628,5.59,0
-0.634628,5.77,0
-0.634628,5.95,0
-0.634628,6.13,0
-0.634628,6.31,0
-0.634628,6.49,0
-0.634628,6.67,0
-0.634628,6.85,0
-0.634628,7.03,0
-0.634628,7.21,0
-0.634628,7.39,0
-0.634628,7.57,0
-0.634628,7.75,0
-0.634628,7.93,0
-0.634628,8.11,0
-0.634628,8.29,0
-0.634628,8.47,0
-0.634628,8.65,0
-0.634628,8.83,0
-0.634628,9.01,0
-0.634628,9.19,0
-0.634628,9.37,0
-0.634628,9.55,0
-0.634628,9.73,0
-0.634628,9.91,0
-0.62734,1.09,0
-0.62734,1.27,0
-0.62734,1.45,0
-0.62734,1.63,0
-0.62734,1.81,0
-0.62734,1.99,0
-0.62734,2.17,0
-0.62734,2.35,0
-0.62734,2.53,0
-0.62734,2.71,0
-0.62734,2.89,0
-0.62734,3.07,0
-0.62734,3.25,0
-0.62734,3.43,0
-0.62734,3.61,0
-0.62734,3.79,0
-0.62734,3.97,0
-0.62734,4.15,0
-0.62734,4.33,0
-0.62734,4.51,0
-0.62734,4.69,0
-0.62734,4.87,0
-0.62734,5.05,0
-0.62734,5.23,0
-0.62734,5.41,0
-0.62734,5.59,0
-0.62734,5.77,0
-0.62734,5.95,0
-0.62734,6.13,0
-0.62734,6.31,0
-0.62734,6.49,0
-0.62734,6.67,0
-0.62734,6.85,0
-0.62734,7.03,0
-0.62734,7.21,0
-0.62734,7.39,0
-0.62734,7.57,0
-0.62734,7.75,0
-0.62734,7.93,0
-0.62734,8.11,0
-0.62734,8.29,0
-0.62734,8.47,0
-0.62734,8.65,0
-0.62734,8.83,0
-0.62734,9.01,0
-0.62734,9.19,0
-0.62734,9.37,0
-0.62734,9.55,0
-0.62734,9.73,0
-0.62734,9.91,0
