-0.984455,1.09,0
-0.984455,1.27,0
-0.984455,1.45,0
-0.984455,1.63,0
-0.984455,1.81,0
-0.984455,1.99,0
-0.984455,2.17,0
-0.984455,2.35,0
-0.984455,2.53,0
-0.984455,2.71,0
-0.984455,2.89,0
-0.984455,3.07,0
-0.984455,3.25,0
-0.984455,3.43,0
-0.984455,3.61,0
-0.984455,3.79,0
-0.984455,3.97,0
-0.984455,4.15,0
-0.984455,4.33,0
-0.984455,4.51,0
-0.984455,4.69,0
-0.984455,4.87,0
-0.984455,5.05,0
-0.984455,5.23,0
-0.984455,5.41,0
-0.984455,5.59,0
-0.984455,5.77,0
-0.984455,5.95,0
-0.984455,6.13,0
-0.984455,6.31,0
-0.984455,6.49,0
-0.984455,6.67,0
-0.984455,6.85,0
-0.984455,7.03,0
-0.984455,7.21,0
-0.984455,7.39,0
-0.984455,7.57,0
-0.984455,7.75,0
-0.984455,7.93,0
-0.984455,8.11,0
-0.984455,8.29,0
-0.984455,8.47,0
-0.984455,8.65,0
-0.984455,8.83,0
-0.984455,9.01,0
-0.984455,9.19,0
-0.984455,9.37,0
-0.984455,9.55,0
-0.984455,9.73,0
-0.984455,9.91,0
-0.977166,1.09,0
-0.977166,1.27,0
-0.977166,1.45,0
-0.977166,1.63,0
-0.977166,1.81,0
-0.977166,1.99,0
-0.977166,2.17,0
-0.977166,2.35,0
-0.977166,2.53,0
-0.977166,2.71,0
-0.977166,2.89,0
-0.977166,3.07,0
-0.977166,3.25,0
-0.977166,3.43,0
-0.977166,3.61,0
-0.977166,3.79,0
-0.977166,3.97,0
-0.977166,4.15,0
-0.977166,4.33,0
-0.977166,4.51,0
-0.977166,4.69,0
-0.977166,4.87,0
-0.977166,5.05,0
-0.977166,5.23,0
-0.977166,5.41,0
-0.977166,5.59,0
-0.977166,5.77,0
-0.977166,5.95,0
-0.977166,6.13,0
-0.977166,6.31,0
-0.977166,6.49,0
-0.977166,6.67,0
-0.977166,6.85,0
-0.977166,7.03,0
-0.977166,7.21,0
-0.977166,7.39,0
-0.977166,7.57,0
-0.977166,7.75,0
-0.977166,7.93,0
-0.977166,8.11,0
-0.977166,8.29,0
-0.977166,8.47,0
-0.977166,8.65,0
-0.977166,8.83,0
-0.977166,9.01,0
-0.977166,9.19,0
-0.977166,9.37,0
-0.977166,9.55,0
-0.977166,9.73,0
-0.977166,9.91,0
-0.969878,1.09,0
-0.969878,1.27,0
-0.969878,1.45,0
-0.969878,1.63,0
-0.969878,1.81,0
-0.969878,1.99,0
-0.969878,2.17,0
-0.969878,2.35,0
-0.969878,2.53,0
-0.969878,2.71,0
-0.969878,2.89,0
-0.969878,3.07,0
-0.969878,3.25,0
-0.969878,3.43,0
-0.969878,3.61,0
-0.969878,3.79,0
-0.969878,3.97,0
-0.969878,4.15,0
-0.969878,4.33,0
-0.969878,4.51,0
-0.969878,4.69,0
-0.969878,4.87,0
-0.969878,5.05,0
-0.969878,5.23,0
-0.969878,5.41,0
-0.969878,5.59,0
-0.969878,5.77,0
-0.969878,5.95,0
-0.969878,6.13,0
-0.969878,6.31,0
-0.969878,6.49,0
-0.969878,6.67,0
-0.969878,6.85,0
-0.969878,7.03,0
-0.969878,7.21,0
-0.969878,7.39,0
-0.969878,7.57,0
-0.969878,7.75,0
-0.969878,7.93,0
-0.969878,8.11,0
-0.969878,8.29,0
-0.969878,8.47,0
-0.969878,8.65,0
-0.969878,8.83,0
-0.969878,9.01,0
-0.969878,9.19,0
-0.969878,9.37,0
-0.969878,9.55,0
-0.969878,9.73,0
-0.969878,9.91,0
-0.96259,1.09,0
-0.96259,1.27,0
-0.96259,1.45,0
-0.96259,1.63,0
-0.96259,1.81,0
-0.96259,1.99,0
-0.96259,2.17,0
-0.96259,2.35,0
-0.96259,2.53,0
-0.96259,2.71,0
-0.96259,2.89,0
-0.96259,3.07,0
-0.96259,3.25,0
-0.96259,3.43,0
-0.96259,3.61,0
-0.96259,3.79,0
-0.96259,3.97,0
-0.96259,4.15,0
-0.96259,4.33,0
-0.96259,4.51,0
-0.96259,4.69,0
-0.96259,4.87,0
-0.96259,5.05,0
-0.96259,5.23,0
-0.96259,5.41,0
-0.96259,5.59,0
-0.96259,5.77,0
-0.96259,5.95,0
-0.96259,6.13,0
-0.96259,6.31,0
-0.96259,6.49,0
-0.96259,6.67,0
-0.96259,6.85,0
-0.96259,7.03,0
-0.96259,7.21,0
-0.96259,7.39,0
-0.96259,7.57,0
-0.96259,7.75,0
-0.96259,7.93,0
-0.96259,8.11,0
-0.96259,8.29,0
-0.96259,8.47,0
-0.96259,8.65,0
-0.96259,8.83,0
-0.96259,9.01,0
-0.96259,9.19,0
-0.96259,9.37,0
-0.96259,9.55,0
-0.96259,9.73,0
-0.96259,9.91,0
-0.955302,1.09,0
-0.955302,1.27,0
-0.955302,1.45,0
-0.955302,1.63,0
-0.955302,1.81,0
-0.955302,1.99,0
-0.955302,2.17,0
-0.955302,2.35,0
-0.955302,2.53,0
-0.955302,2.71,0
-0.955302,2.89,0
-0.955302,3.07,0
-0.955302,3.25,0
-0.955302,3.43,0
-0.955302,3.61,0
-0.955302,3.79,0
-0.955302,3.97,0
-0.955302,4.15,0
-0.955302,4.33,0
-0.955302,4.51,0
-0.955302,4.69,0
-0.955302,4.87,0
-0.955302,5.05,0
-0.955302,5.23,0
-0.955302,5.41,0
-0.955302,5.59,0
-0.955302,5.77,0
-0.955302,5.95,0
-0.955302,6.13,0
-0.955302,6.31,0
-0.955302,6.49,0
-0.955302,6.67,0
-0.955302,6.85,0
-0.955302,7.03,0
-0.955302,7.21,0
-0.955302,7.39,0
-0.955302,7.57,0
-0.955302,7.75,0
-0.955302,7.93,0
-0.955302,8.11,0
-0.955302,8.29,0
-0.955302,8.47,0
-0.955302,8.65,0
-0.955302,8.83,0
-0.955302,9.01,0
-0.955302,9.19,0
-0.955302,9.37,0
-0.955302,9.55,0
-0.955302,9.73,0
-0.955302,9.91,0
-0.948014,1.09,-0.000300039
-0.948014,1.27,-0.00938025
-0.948014,1.45,-0.0320308
-0.948014,1.63,-0.0348419
-0.948014,1.81,0.0420766
-0.948014,1.99,-0.013872
-0.948014,2.17,0.000173104
-0.948014,2.35,0.015365
-0.948014,2.53,0.0549849
-0.948014,2.71,0.0373595
-0.948014,2.89,-0.147027
-0.948014,3.07,-0.0926021
-0.948014,3.25,-5.32807e-05
-0.948014,3.43,0.143556
-0.948014,3.61,0.20528
-0.948014,3.79,0.179281
-0.948014,3.97,0.149417
-0.948014,4.15,0.135349
-0.948014,4.33,0.137028
-0.948014,4.51,0.115897
-0.948014,4.69,-0.674933
-0.948014,4.87,-0.252692
-0.948014,5.05,-0.130117
-0.948014,5.23,-0.0897078
-0.948014,5.41,-0.0721323
-0.948014,5.59,-0.0638287
-0.948014,5.77,-0.0602994
-0.948014,5.95,-0.0598832
-0.948014,6.13,-0.0619725
-0.948014,6.31,-0.0665512
-0.948014,6.49,-0.0740898
-0.948014,6.67,-0.085738
-0.948014,6.85,-0.103688
-0.948014,7.03,-0.132107
-0.948014,7.21,-0.178858
-0.948014,7.39,-0.255812
-0.948014,7.57,-0.357877
-0.948014,7.75,-0.379842
-0.948014,7.93,-0.249928
-0.948014,8.11,-0.128102
-0.948014,8.29,-0.0644102
-0.948014,8.47,-0.033686
-0.948014,8.65,-0.018217
-0.948014,8.83,-0.00997152
-0.948014,9.01,-0.00538048
-0.948014,9.19,-0.00274219
-0.948014,9.37,-0.00119718
-0.948014,9.55,-0.00029603
-0.948014,9.73,0.00021301
-0.948014,9.91,0.000477002
-0.940726,1.09,0.0174677
-0.940726,1.27,-0.0618586
-0.940726,1.45,-0.0495281
-0.940726,1.63,-0.10622
-0.940726,1.81,0.124643
-0.940726,1.99,-0.0220048
-0.940726,2.17,0.0129071
-0.940726,2.35,0.0623602
-0.940726,2.53,0.140468
-0.940726,2.71,-0.21274
-0.940726,2.89,-0.370903
-0.940726,3.07,-0.143793
-0.940726,3.25,0.16274
-0.940726,3.43,0.56918
-0.940726,3.61,0.634705
-0.940726,3.79,0.464723
-0.940726,3.97,0.321706
-0.940726,4.15,0.214107
-0.940726,4.33,0.0411621
-0.940726,4.51,-0.927911
-0.940726,4.69,-1.68097
-0.940726,4.87,-0.626866
-0.940726,5.05,-0.346424
-0.940726,5.23,-0.247837
-0.940726,5.41,-0.205684
-0.940726,5.59,-0.187309
-0.940726,5.77,-0.181422
-0.940726,5.95,-0.183854
-0.940726,6.13,-0.193162
-0.940726,6.31,-0.209454
-0.940726,6.49,-0.234104
-0.940726,6.67,-0.270216
-0.940726,6.85,-0.323328
-0.940726,7.03,-0.40294
-0.940726,7.21,-0.523325
-0.940726,7.39,-0.690442
-0.940726,7.57,-0.824226
-0.940726,7.75,-0.690233
-0.940726,7.93,-0.362819
-0.940726,8.11,-0.139341
-0.940726,8.29,-0.0347663
-0.940726,8.47,0.0106271
-0.940726,8.65,0.0300197
-0.940726,8.83,0.0377934
-0.940726,9.01,0.0401333
-0.940726,9.19,0.0398932
-0.940726,9.37,0.0384493
-0.940726,9.55,0.036462
-0.940726,9.73,0.0342677
-0.940726,9.91,0.03204
-0.933438,1.09,0.0389917
-0.933438,1.27,-0.0263874
-0.933438,1.45,-0.0426699
-0.933438,1.63,-0.0783966
-0.933438,1.81,0.220906
-0.933438,1.99,-0.00872106
-0.933438,2.17,0.0862309
-0.933438,2.35,0.0884978
-0.933438,2.53,0.136087
-0.933438,2.71,-0.822279
-0.933438,2.89,-0.457955
-0.933438,3.07,-0.0472341
-0.933438,3.25,0.503807
-0.933438,3.43,1.14736
-0.933438,3.61,1.01912
-0.933438,3.79,0.569448
-0.933438,3.97,0.233046
-0.933438,4.15,-0.0930688
-0.933438,4.33,-0.769572
-0.933438,4.51,-2.54238
-0.933438,4.69,-1.73815
-0.933438,4.87,-0.765834
-0.933438,5.05,-0.455641
-0.933438,5.23,-0.34039
-0.933438,5.41,-0.293269
-0.933438,5.59,-0.276264
-0.933438,5.77,-0.27554
-0.933438,5.95,-0.286021
-0.933438,6.13,-0.306126
-0.933438,6.31,-0.336312
-0.933438,6.49,-0.378698
-0.933438,6.67,-0.437579
-0.933438,6.85,-0.519904
-0.933438,7.03,-0.635576
-0.933438,7.21,-0.792238
-0.933438,7.39,-0.958732
-0.933438,7.57,-0.959802
-0.933438,7.75,-0.596539
-0.933438,7.93,-0.174788
-0.933438,8.11,0.0461928
-0.933438,8.29,0.12942
-0.933438,8.47,0.153795
-0.933438,8.65,0.15544
-0.933438,8.83,0.148652
-0.933438,9.01,0.139022
-0.933438,9.19,0.128862
-0.933438,9.37,0.119121
-0.933438,9.55,0.110114
-0.933438,9.73,0.101917
-0.933438,9.91,0.0945076
-0.92615,1.09,0.0315521
-0.92615,1.27,0.000516655
-0.92615,1.45,-0.0293645
-0.92615,1.63,-0.0633276
-0.92615,1.81,0.400148
-0.92615,1.99,-0.0131019
-0.92615,2.17,0.0980795
-0.92615,2.35,0.0727652
-0.92615,2.53,0.0691795
-0.92615,2.71,-0.981204
-0.92615,2.89,-0.352999
-0.92615,3.07,0.0723051
-0.92615,3.25,0.715935
-0.92615,3.43,1.41694
-0.92615,3.61,1.00039
-0.92615,3.79,0.352879
-0.92615,3.97,-0.104323
-0.92615,4.15,-0.607777
-0.92615,4.33,-1.53753
-0.92615,4.51,-2.3324
-0.92615,4.69,-1.28491
-0.92615,4.87,-0.621148
-0.92615,5.05,-0.380789
-0.92615,5.23,-0.288611
-0.92615,5.41,-0.253178
-0.92615,5.59,-0.243725
-0.92615,5.77,-0.248505
-0.92615,5.95,-0.263146
-0.92615,6.13,-0.286325
-0.92615,6.31,-0.318472
-0.92615,6.49,-0.36136
-0.92615,6.67,-0.418283
-0.92615,6.85,-0.493784
-0.92615,7.03,-0.5917
-0.92615,7.21,-0.703814
-0.92615,7.39,-0.763763
-0.92615,7.57,-0.588683
-0.92615,7.75,-0.163218
-0.92615,7.93,0.150365
-0.92615,8.11,0.264663
-0.92615,8.29,0.283411
-0.92615,8.47,0.270147
-0.92615,8.65,0.248509
-0.92615,8.83,0.226334
-0.92615,9.01,0.205942
-0.92615,9.19,0.187893
-0.92615,9.37,0.172146
-0.92615,9.55,0.15843
-0.92615,9.73,0.146448
-0.92615,9.91,0.135934
-0.918862,1.09,0.00847968
-0.918862,1.27,0.00407745
-0.918862,1.45,-0.0261791
-0.918862,1.63,-0.0557432
-0.918862,1.81,0.6072
-0.918862,1.99,-0.0178211
-0.918862,2.17,0.0651857
-0.918862,2.35,0.0547857
-0.918862,2.53,-0.0203888
-0.918862,2.71,-0.933649
-0.918862,2.89,-0.248664
-0.918862,3.07,0.187632
-0.918862,3.25,0.940768
-0.918862,3.43,1.64642
-0.918862,3.61,0.792837
-0.918862,3.79,-0.00201175
-0.918862,3.97,-0.518914
-0.918862,4.15,-1.08632
-0.918862,4.33,-1.8193
-0.918862,4.51,-1.78224
-0.918862,4.69,-0.918108
-0.918862,4.87,-0.447451
-0.918862,5.05,-0.267289
-0.918862,5.23,-0.199621
-0.918862,5.41,-0.177207
-0.918862,5.59,-0.175619
-0.918862,5.77,-0.185272
-0.918862,5.95,-0.202532
-0.918862,6.13,-0.226273
-0.918862,6.31,-0.256704
-0.918862,6.49,-0.294889
-0.918862,6.67,-0.342447
-0.918862,6.85,-0.400375
-0.918862,7.03,-0.464528
-0.918862,7.21,-0.508625
-0.918862,7.39,-0.437498
-0.918862,7.57,-0.112253
-0.918862,7.75,0.281294
-0.918862,7.93,0.443295
-0.918862,8.11,0.447664
-0.918862,8.29,0.405937
-0.918862,8.47,0.359247
-0.918862,8.65,0.317891
-0.918862,8.83,0.28326
-0.918862,9.01,0.254531
-0.918862,9.19,0.23062
-0.918862,9.37,0.210575
-0.918862,9.55,0.193602
-0.918862,9.73,0.179084
-0.918862,9.91,0.166551
-0.911574,1.09,-0.0301268
-0.911574,1.27,-0.004725
-0.911574,1.45,-0.0277595
-0.911574,1.63,-0.0517094
-0.911574,1.81,0.323958
-0.911574,1.99,-0.0181982
-0.911574,2.17,0.014748
-0.911574,2.35,0.0376008
-0.911574,2.53,-0.142467
-0.911574,2.71,-0.78875
-0.911574,2.89,-0.152315
-0.911574,3.07,0.305128
-0.911574,3.25,1.20587
-0.911574,3.43,1.77195
-0.911574,3.61,0.382111
-0.911574,3.79,-0.414442
-0.911574,3.97,-0.885899
-0.911574,4.15,-1.35463
-0.911574,4.33,-1.6962
-0.911574,4.51,-1.29389
-0.911574,4.69,-0.610792
-0.911574,4.87,-0.262616
-0.911574,5.05,-0.130097
-0.911574,5.23,-0.084902
-0.911574,5.41,-0.0749779
-0.911574,5.59,-0.0806185
-0.911574,5.77,-0.0940475
-0.911574,5.95,-0.112229
-0.911574,6.13,-0.134089
-0.911574,6.31,-0.159387
-0.911574,6.49,-0.188079
-0.911574,6.67,-0.219388
-0.911574,6.85,-0.249378
-0.911574,7.03,-0.263184
-0.911574,7.21,-0.212082
-0.911574,7.39,0.0205931
-0.911574,7.57,0.45288
-0.911574,7.75,0.70155
-0.911574,7.93,0.675812
-0.911574,8.11,0.575674
-0.911574,8.29,0.483377
-0.911574,8.47,0.411178
-0.911574,8.65,0.355974
-0.911574,8.83,0.313292
-0.911574,9.01,0.279623
-0.911574,9.19,0.252537
-0.911574,9.37,0.230367
-0.911574,9.55,0.211927
-0.911574,9.73,0.196372
-0.911574,9.91,0.18309
-0.904286,1.09,-0.111706
-0.904286,1.27,-0.0177877
-0.904286,1.45,-0.0294172
-0.904286,1.63,-0.0467552
-0.904286,1.81,0.0183367
-0.904286,1.99,-0.00981775
-0.904286,2.17,-0.0230985
-0.904286,2.35,0.0231298
-0.904286,2.53,-0.307761
-0.904286,2.71,-0.619667
-0.904286,2.89,-0.0619277
-0.904286,3.07,0.429077
-0.904286,3.25,1.52834
-0.904286,3.43,1.61022
-0.904286,3.61,-0.146557
-0.904286,3.79,-0.765182
-0.904286,3.97,-1.10497
-0.904286,4.15,-1.38624
-0.904286,4.33,-1.4024
-0.904286,4.51,-0.883189
-0.904286,4.69,-0.331008
-0.904286,4.87,-0.0663722
-0.904286,5.05,0.0273072
-0.904286,5.23,0.0520383
-0.904286,5.41,0.0503329
-0.904286,5.59,0.0384336
-0.904286,5.77,0.0226441
-0.904286,5.95,0.0055746
-0.904286,6.13,-0.0115544
-0.904286,6.31,-0.0277291
-0.904286,6.49,-0.0412023
-0.904286,6.67,-0.0476176
-0.904286,6.85,-0.0355333
-0.904286,7.03,0.0265505
-0.904286,7.21,0.220651
-0.904286,7.39,0.663137
-0.904286,7.57,1.08479
-0.904286,7.75,1.02964
-0.904286,7.93,0.802512
-0.904286,8.11,0.620834
-0.904286,8.29,0.497082
-0.904286,8.47,0.41234
-0.904286,8.65,0.35215
-0.904286,8.83,0.307723
-0.904286,9.01,0.273785
-0.904286,9.19,0.247107
-0.904286,9.37,0.225637
-0.904286,9.55,0.208012
-0.904286,9.73,0.193299
-0.904286,9.91,0.180843
-0.896998,1.09,-0.272661
-0.896998,1.27,-0.0273626
-0.896998,1.45,-0.0268645
-0.896998,1.63,-0.0369216
-0.896998,1.81,-0.0924622
-0.896998,1.99,0.0132945
-0.896998,2.17,-0.0494192
-0.896998,2.35,0.0131201
-0.896998,2.53,-0.519318
-0.896998,2.71,-0.460462
-0.896998,2.89,0.0248064
-0.896998,3.07,0.56424
-0.896998,3.25,1.92426
-0.896998,3.43,0.978303
-0.896998,3.61,-0.614617
-0.896998,3.79,-0.973636
-0.896998,3.97,-1.15986
-0.896998,4.15,-1.25634
-0.896998,4.33,-1.06362
-0.896998,4.51,-0.518551
-0.896998,4.69,-0.0578757
-0.896998,4.87,0.144444
-0.896998,5.05,0.204065
-0.896998,5.23,0.209244
-0.896998,5.41,0.196392
-0.896998,5.59,0.1791
-0.896998,5.77,0.162423
-0.896998,5.95,0.148713
-0.896998,6.13,0.139594
-0.896998,6.31,0.137349
-0.896998,6.49,0.146432
-0.896998,6.67,0.176991
-0.896998,6.85,0.253419
-0.896998,7.03,0.438183
-0.896998,7.21,0.873701
-0.896998,7.39,1.57349
-0.896998,7.57,1.64606
-0.896998,7.75,1.14525
-0.896998,7.93,0.772553
-0.896998,8.11,0.559412
-0.896998,8.29,0.433574
-0.896998,8.47,0.353798
-0.896998,8.65,0.299803
-0.896998,8.83,0.261244
-0.896998,9.01,0.232501
-0.896998,9.19,0.210321
-0.896998,9.37,0.19272
-0.896998,9.55,0.178432
-0.896998,9.73,0.166612
-0.896998,9.91,0.15668
-0.88971,1.09,-0.201315
-0.88971,1.27,-0.0251564
-0.88971,1.45,-0.0150134
-0.88971,1.63,-0.0199245
-0.88971,1.81,-0.122733
-0.88971,1.99,0.0595025
-0.88971,2.17,-0.0673278
-0.88971,2.35,0.00955912
-0.88971,2.53,-0.741221
-0.88971,2.71,-0.320917
-0.88971,2.89,0.109454
-0.88971,3.07,0.71582
-0.88971,3.25,2.37909
-0.88971,3.43,0.0482343
-0.88971,3.61,-0.898022
-0.88971,3.79,-1.03387
-0.88971,3.97,-1.08912
-0.88971,4.15,-1.03903
-0.88971,4.33,-0.716692
-0.88971,4.51,-0.169929
-0.88971,4.69,0.224424
-0.88971,4.87,0.37409
-0.88971,5.05,0.400232
-0.88971,5.23,0.384927
-0.88971,5.41,0.36046
-0.88971,5.59,0.338128
-0.88971,5.77,0.321794
-0.88971,5.95,0.313688
-0.88971,6.13,0.316176
-0.88971,6.31,0.333563
-0.88971,6.49,0.374743
-0.88971,6.67,0.459924
-0.88971,6.85,0.63862
-0.88971,7.03,1.04235
-0.88971,7.21,1.94379
-0.88971,7.39,2.72008
-0.88971,7.57,1.76046
-0.88971,7.75,0.936253
-0.88971,7.93,0.565362
-0.88971,8.11,0.388829
-0.88971,8.29,0.293866
-0.88971,8.47,0.237151
-0.88971,8.65,0.200403
-0.88971,8.83,0.175038
-0.88971,9.01,0.156643
-0.88971,9.19,0.142762
-0.88971,9.37,0.131942
-0.88971,9.55,0.123285
-0.88971,9.73,0.116208
-0.88971,9.91,0.11032
-0.882422,1.09,-0.141683
-0.882422,1.27,-0.00370986
-0.882422,1.45,0.0139713
-0.882422,1.63,0.00478224
-0.882422,1.81,-0.116491
-0.882422,1.99,0.141614
-0.882422,2.17,-0.0768222
-0.882422,2.35,0.015233
-0.882422,2.53,-0.863287
-0.882422,2.71,-0.201541
-0.882422,2.89,0.192374
-0.882422,3.07,0.889715
-0.882422,3.25,2.70774
-0.882422,3.43,-0.683704
-0.882422,3.61,-0.992524
-0.882422,3.79,-0.981514
-0.882422,3.97,-0.93726
-0.882422,4.15,-0.774703
-0.882422,4.33,-0.360534
-0.882422,4.51,0.188945
-0.882422,4.69,0.530031
-0.882422,4.87,0.626751
-0.882422,5.05,0.614848
-0.882422,5.23,0.575301
-0.882422,5.41,0.537039
-0.882422,5.59,0.508858
-0.882422,5.77,0.493219
-0.882422,5.95,0.492249
-0.882422,6.13,0.509413
-0.882422,6.31,0.552038
-0.882422,6.49,0.636094
-0.882422,6.67,0.799496
-0.882422,6.85,1.1438
-0.882422,7.03,1.97974
-0.882422,7.21,3.83695
-0.882422,7.39,3.0729
-0.882422,7.57,1.07059
-0.882422,7.75,0.436789
-0.882422,7.93,0.225835
-0.882422,8.11,0.139919
-0.882422,8.29,0.0994325
-0.882422,8.47,0.078214
-0.882422,8.65,0.0661678
-0.882422,8.83,0.0588831
-0.882422,9.01,0.054246
-0.882422,9.19,0.0511597
-0.882422,9.37,0.0490208
-0.882422,9.55,0.0474849
-0.882422,9.73,0.046346
-0.882422,9.91,0.0454771
-0.875134,1.09,-0.112515
-0.875134,1.27,0.0409392
-0.875134,1.45,0.0734496
-0.875134,1.63,0.0373194
-0.875134,1.81,-0.0892223
-0.875134,1.99,0.282631
-0.875134,2.17,-0.0762119
-0.875134,2.35,0.0345352
-0.875134,2.53,-0.780484
-0.875134,2.71,-0.100565
-0.875134,2.89,0.272659
-0.875134,3.07,1.09303
-0.875134,3.25,2.19783
-0.875134,3.43,-1.00702
-0.875134,3.61,-0.952934
-0.875134,3.79,-0.855093
-0.875134,3.97,-0.733608
-0.875134,4.15,-0.476112
-0.875134,4.33,0.0222693
-0.875134,4.51,0.585375
-0.875134,4.69,0.873465
-0.875134,4.87,0.904693
-0.875134,5.05,0.842639
-0.875134,5.23,0.770579
-0.875134,5.41,0.713294
-0.875134,5.59,0.675962
-0.875134,5.77,0.65887
-0.875134,5.95,0.663651
-0.875134,6.13,0.694767
-0.875134,6.31,0.762947
-0.875134,6.49,0.893104
-0.875134,6.67,1.14864
-0.875134,6.85,1.72448
-0.875134,7.03,3.36813
-0.875134,7.21,5.24616
-0.875134,7.39,0.817487
-0.875134,7.57,-0.0331454
-0.875134,7.75,-0.145033
-0.875134,7.93,-0.147149
-0.875134,8.11,-0.130265
-0.875134,8.29,-0.111642
-0.875134,8.47,-0.0950512
-0.875134,8.65,-0.0810397
-0.875134,8.83,-0.0693678
-0.875134,9.01,-0.0596556
-0.875134,9.19,-0.0515323
-0.875134,9.37,-0.0446869
-0.875134,9.55,-0.0388767
-0.875134,9.73,-0.0339094
-0.875134,9.91,-0.0296334
-0.867846,1.09,-0.0823308
-0.867846,1.27,0.106838
-0.867846,1.45,0.18719
-0.867846,1.63,0.0802107
-0.867846,1.81,-0.0503504
-0.867846,1.99,0.528702
-0.867846,2.17,-0.0637049
-0.867846,2.35,0.0750564
-0.867846,2.53,-0.551561
-0.867846,2.71,-0.0162661
-0.867846,2.89,0.348273
-0.867846,3.07,1.33438
-0.867846,3.25,0.367982
-0.867846,3.43,-1.0365
-0.867846,3.61,-0.832806
-0.867846,3.79,-0.680994
-0.867846,3.97,-0.491275
-0.867846,4.15,-0.137765
-0.867846,4.33,0.462087
-0.867846,4.51,1.05445
-0.867846,4.69,1.26977
-0.867846,4.87,1.20282
-0.867846,5.05,1.06624
-0.867846,5.23,0.946093
-0.867846,5.41,0.859189
-0.867846,5.59,0.804152
-0.867846,5.77,0.777051
-0.867846,5.95,0.777185
-0.867846,6.13,0.807507
-0.867846,6.31,0.877344
-0.867846,6.49,1.00906
-0.867846,6.67,1.25512
-0.867846,6.85,1.73541
-0.867846,7.03,1.87258
-0.867846,7.21,-2.02207
-0.867846,7.39,-1.34301
-0.867846,7.57,-0.855346
-0.867846,7.75,-0.6035
-0.867846,7.93,-0.45638
-0.867846,8.11,-0.361869
-0.867846,8.29,-0.296771
-0.867846,8.47,-0.249641
-0.867846,8.65,-0.214214
-0.867846,8.83,-0.18679
-0.867846,9.01,-0.165081
-0.867846,9.19,-0.147557
-0.867846,9.37,-0.133166
-0.867846,9.55,-0.121186
-0.867846,9.73,-0.111097
-0.867846,9.91,-0.102515
-0.860558,1.09,-0.0370124
-0.860558,1.27,0.184985
-0.860558,1.45,0.392009
-0.860558,1.63,0.143153
-0.860558,1.81,-0.00824263
-0.860558,1.99,0.881673
-0.860558,2.17,-0.0395516
-0.860558,2.35,0.151715
-0.860558,2.53,-0.313186
-0.860558,2.71,0.0525059
-0.860558,2.89,0.416015
-0.860558,3.07,1.62035
-0.860558,3.25,-0.984618
-0.860558,3.43,-0.918432
-0.860558,3.61,-0.66658
-0.860558,3.79,-0.472791
-0.860558,3.97,-0.210456
-0.860558,4.15,0.261864
-0.860558,4.33,1.01176
-0.860558,4.51,1.65034
-0.860558,4.69,1.72876
-0.860558,4.87,1.49238
-0.860558,5.05,1.23721
-0.860558,5.23,1.04285
-0.860558,5.41,0.907285
-0.860558,5.59,0.81596
-0.860558,5.77,0.75589
-0.860558,5.95,0.718178
-0.860558,6.13,0.693716
-0.860558,6.31,0.665808
-0.860558,6.49,0.58317
-0.860558,6.67,0.217495
-0.860558,6.85,-1.68347
-0.860558,7.03,-6.13915
-0.860558,7.21,-3.74849
-0.860558,7.39,-1.97566
-0.860558,7.57,-1.22918
-0.860558,7.75,-0.858181
-0.860558,7.93,-0.64556
-0.860558,8.11,-0.51104
-0.860558,8.29,-0.419736
-0.860558,8.47,-0.354478
-0.860558,8.65,-0.305963
-0.860558,8.83,-0.268765
-0.860558,9.01,-0.239567
-0.860558,9.19,-0.216178
-0.860558,9.37,-0.197099
-0.860558,9.55,-0.181314
-0.860558,9.73,-0.168096
-0.860558,9.91,-0.156914
-0.85327,1.09,0.0188621
-0.85327,1.27,0.240553
-0.85327,1.45,0.400361
-0.85327,1.63,0.254815
-0.85327,1.81,0.0305438
-0.85327,1.99,0.32234
-0.85327,2.17,-0.00896088
-0.85327,2.35,0.299613
-0.85327,2.53,-0.127844
-0.85327,2.71,0.105789
-0.85327,2.89,0.470537
-0.85327,3.07,1.92807
-0.85327,3.25,-1.22006
-0.85327,3.43,-0.734943
-0.85327,3.61,-0.471013
-0.85327,3.79,-0.23323
-0.85327,3.97,0.121064
-0.85327,4.15,0.769076
-0.85327,4.33,1.77962
-0.85327,4.51,2.46656
-0.85327,4.69,2.22038
-0.85327,4.87,1.66932
-0.85327,5.05,1.22935
-0.85327,5.23,0.927647
-0.85327,5.41,0.717183
-0.85327,5.59,0.557923
-0.85327,5.77,0.419095
-0.85327,5.95,0.271531
-0.85327,6.13,0.0714033
-0.85327,6.31,-0.273113
-0.85327,6.49,-0.992572
-0.85327,6.67,-2.64587
-0.85327,6.85,-5.25693
-0.85327,7.03,-5.09711
-0.85327,7.21,-3.14403
-0.85327,7.39,-1.91888
-0.85327,7.57,-1.27322
-0.85327,7.75,-0.911506
-0.85327,7.93,-0.691836
-0.85327,8.11,-0.548945
-0.85327,8.29,-0.450864
-0.85327,8.47,-0.380582
-0.85327,8.65,-0.328449
-0.85327,8.83,-0.288678
-0.85327,9.01,-0.25767
-0.85327,9.19,-0.233025
-0.85327,9.37,-0.213091
-0.85327,9.55,-0.196743
-0.85327,9.73,-0.183179
-0.85327,9.91,-0.171812
-0.845982,1.09,0.053156
-0.845982,1.27,0.217526
-0.845982,1.45,-0.323924
-0.845982,1.63,0.518769
-0.845982,1.81,0.0614221
-0.845982,1.99,-0.382355
-0.845982,2.17,0.0164075
-0.845982,2.35,0.619219
-0.845982,2.53,-0.00322722
-0.845982,2.71,0.139364
-0.845982,2.89,0.500467
-0.845982,3.07,2.05965
-0.845982,3.25,-0.996196
-0.845982,3.43,-0.514667
-0.845982,3.61,-0.246224
-0.845982,3.79,0.0483165
-0.845982,3.97,0.536492
-0.845982,4.15,1.49421
-0.845982,4.33,3.05984
-0.845982,4.51,3.64968
-0.845982,4.69,2.48376
-0.845982,4.87,1.39206
-0.845982,5.05,0.738496
-0.845982,5.23,0.334776
-0.845982,5.41,0.0463621
-0.845982,5.59,-0.201608
-0.845982,5.77,-0.460453
-0.845982,5.95,-0.781403
-0.845982,6.13,-1.23557
-0.845982,6.31,-1.93157
-0.845982,6.49,-2.98175
-0.845982,6.67,-4.19032
-0.845982,6.85,-4.53835
-0.845982,7.03,-3.57665
-0.845982,7.21,-2.39322
-0.845982,7.39,-1.57066
-0.845982,7.57,-1.06798
-0.845982,7.75,-0.760342
-0.845982,7.93,-0.565231
-0.845982,8.11,-0.436233
-0.845982,8.29,-0.347766
-0.845982,8.47,-0.285082
-0.845982,8.65,-0.23941
-0.845982,8.83,-0.205332
-0.845982,9.01,-0.179406
-0.845982,9.19,-0.159347
-0.845982,9.37,-0.143587
-0.845982,9.55,-0.13105
-0.845982,9.73,-0.120971
-0.845982,9.91,-0.112796
-0.838694,1.09,0.0468317
-0.838694,1.27,0.365737
-0.838694,1.45,-0.242372
-0.838694,1.63,1.30461
-0.838694,1.81,0.0607596
-0.838694,1.99,-0.256434
-0.838694,2.17,0.0282412
-0.838694,2.35,1.44991
-0.838694,2.53,-0.00811945
-0.838694,2.71,0.111216
-0.838694,2.89,0.459459
-0.838694,3.07,1.68704
-0.838694,3.25,-0.559753
-0.838694,3.43,-0.215485
-0.838694,3.61,0.0586379
-0.838694,3.79,0.442196
-0.838694,3.97,1.17751
-0.838694,4.15,2.94597
-0.838694,4.33,6.67702
-0.838694,4.51,4.35752
-0.838694,4.69,0.673789
-0.838694,4.87,-0.495522
-0.838694,5.05,-0.952
-0.838694,5.23,-1.21482
-0.838694,5.41,-1.42972
-0.838694,5.59,-1.65179
-0.838694,5.77,-1.90959
-0.838694,5.95,-2.22341
-0.838694,6.13,-2.60072
-0.838694,6.31,-3.0136
-0.838694,6.49,-3.34966
-0.838694,6.67,-3.38157
-0.838694,6.85,-2.9284
-0.838694,7.03,-2.13934
-0.838694,7.21,-1.36126
-0.838694,7.39,-0.782596
-0.838694,7.57,-0.405652
-0.838694,7.75,-0.172521
-0.838694,7.93,-0.0305732
-0.838694,8.11,0.0557408
-0.838694,8.29,0.10788
-0.838694,8.47,0.138916
-0.838694,8.65,0.156756
-0.838694,8.83,0.166242
-0.838694,9.01,0.170434
-0.838694,9.19,0.171229
-0.838694,9.37,0.169821
-0.838694,9.55,0.16702
-0.838694,9.73,0.163362
-0.838694,9.91,0.159204
-0.831406,1.09,0.0452606
-0.831406,1.27,-0.000460551
-0.831406,1.45,-0.0204834
-0.831406,1.63,1.20851
-0.831406,1.81,0.0398004
-0.831406,1.99,-0.112606
-0.831406,2.17,0.0570509
-0.831406,2.35,2.26544
-0.831406,2.53,-0.117222
-0.831406,2.71,0.0569773
-0.831406,2.89,0.439699
-0.831406,3.07,0.645355
-0.831406,3.25,-0.314616
-0.831406,3.43,-0.0470639
-0.831406,3.61,0.235977
-0.831406,3.79,0.688815
-0.831406,3.97,1.64804
-0.831406,4.15,4.4338
-0.831406,4.33,9.48302
-0.831406,4.51,0.308672
-0.831406,4.69,-1.48378
-0.831406,4.87,-1.75785
-0.831406,5.05,-1.84624
-0.831406,5.23,-1.92417
-0.831406,5.41,-2.02603
-0.831406,5.59,-2.16136
-0.831406,5.77,-2.33149
-0.831406,5.95,-2.53214
-0.831406,6.13,-2.74212
-0.831406,6.31,-2.90529
-0.831406,6.49,-2.91162
-0.831406,6.67,-2.61969
-0.831406,6.85,-1.98926
-0.831406,7.03,-1.19733
-0.831406,7.21,-0.496824
-0.831406,7.39,-0.00701296
-0.831406,7.57,0.288723
-0.831406,7.75,0.450531
-0.831406,7.93,0.530641
-0.831406,8.11,0.563841
-0.831406,8.29,0.570516
-0.831406,8.47,0.562672
-0.831406,8.65,0.547206
-0.831406,8.83,0.528062
-0.831406,9.01,0.507581
-0.831406,9.19,0.487009
-0.831406,9.37,0.46698
-0.831406,9.55,0.447873
-0.831406,9.73,0.429874
-0.831406,9.91,0.413051
-0.824117,1.09,0.0406242
-0.824117,1.27,-0.00160108
-0.824117,1.45,-0.012341
-0.824117,1.63,0.0160186
-0.824117,1.81,0.0558663
-0.824117,1.99,-0.115956
-0.824117,2.17,0.0667165
-0.824117,2.35,1.41319
-0.824117,2.53,-0.0984084
-0.824117,2.71,0.0678997
-0.824117,2.89,0.48518
-0.824117,3.07,-0.458297
-0.824117,3.25,-0.258873
-0.824117,3.43,-0.0113747
-0.824117,3.61,0.267608
-0.824117,3.79,0.738177
-0.824117,3.97,1.80131
-0.824117,4.15,5.20122
-0.824117,4.33,6.62389
-0.824117,4.51,-0.842512
-0.824117,4.69,-1.64834
-0.824117,4.87,-1.75353
-0.824117,5.05,-1.79486
-0.824117,5.23,-1.85282
-0.824117,5.41,-1.94127
-0.824117,5.59,-2.06279
-0.824117,5.77,-2.21458
-0.824117,5.95,-2.38728
-0.824117,6.13,-2.55227
-0.824117,6.31,-2.64401
-0.824117,6.49,-2.54985
-0.824117,6.67,-2.15634
-0.824117,6.85,-1.48685
-0.824117,7.03,-0.750718
-0.824117,7.21,-0.157493
-0.824117,7.39,0.229452
-0.824117,7.57,0.448784
-0.824117,7.75,0.559379
-0.824117,7.93,0.60624
-0.824117,8.11,0.617834
-0.824117,8.29,0.610274
-0.824117,8.47,0.59287
-0.824117,8.65,0.570853
-0.824117,8.83,0.547136
-0.824117,9.01,0.523396
-0.824117,9.19,0.500468
-0.824117,9.37,0.478724
-0.824117,9.55,0.45836
-0.824117,9.73,0.439434
-0.824117,9.91,0.421928
-0.816829,1.09,-0.0150091
-0.816829,1.27,-0.00186857
-0.816829,1.45,-0.0055602
-0.816829,1.63,-0.146532
-0.816829,1.81,0.0734228
-0.816829,1.99,-0.107159
-0.816829,2.17,0.0763479
-0.816829,2.35,0.0340983
-0.816829,2.53,-0.0818172
-0.816829,2.71,0.0767422
-0.816829,2.89,0.535271
-0.816829,3.07,-0.600419
-0.816829,3.25,-0.207638
-0.816829,3.43,0.0199103
-0.816829,3.61,0.294497
-0.816829,3.79,0.782775
-0.816829,3.97,1.96738
-0.816829,4.15,6.09902
-0.816829,4.33,2.66121
-0.816829,4.51,-1.41519
-0.816829,4.69,-1.69013
-0.816829,4.87,-1.70075
-0.816829,5.05,-1.71369
-0.816829,5.23,-1.75743
-0.816829,5.41,-1.83372
-0.816829,5.59,-1.94046
-0.816829,5.77,-2.0713
-0.816829,5.95,-2.21196
-0.816829,6.13,-2.3269
-0.816829,6.31,-2.34363
-0.816829,6.49,-2.1542
-0.816829,6.67,-1.68268
-0.816829,6.85,-1.0098
-0.816829,7.03,-0.352332
-0.816829,7.21,0.132491
-0.816829,7.39,0.426069
-0.816829,7.57,0.579235
-0.816829,7.75,0.646421
-0.816829,7.93,0.665399
-0.816829,8.11,0.659
-0.816829,8.29,0.639665
-0.816829,8.47,0.61442
-0.816829,8.65,0.587092
-0.816829,8.83,0.559723
-0.816829,9.01,0.533429
-0.816829,9.19,0.508698
-0.816829,9.37,0.485683
-0.816829,9.55,0.464425
-0.816829,9.73,0.444876
-0.816829,9.91,0.426944
-0.809541,1.09,-0.0732523
-0.809541,1.27,-0.00487893
-0.809541,1.45,-0.00181141
-0.809541,1.63,-0.128668
-0.809541,1.81,0.0946126
-0.809541,1.99,-0.0962777
-0.809541,2.17,0.0845112
-0.809541,2.35,-0.212505
-0.809541,2.53,-0.0667123
-0.809541,2.71,0.0839138
-0.809541,2.89,0.581209
-0.809541,3.07,-0.52289
-0.809541,3.25,-0.162302
-0.809541,3.43,0.0459716
-0.809541,3.61,0.314447
-0.809541,3.79,0.817479
-0.809541,3.97,2.13727
-0.809541,4.15,6.77073
-0.809541,4.33,-0.124808
-0.809541,4.51,-1.63918
-0.809541,4.69,-1.64758
-0.809541,4.87,-1.60794
-0.809541,5.05,-1.60388
-0.809541,5.23,-1.63641
-0.809541,5.41,-1.70035
-0.809541,5.59,-1.79028
-0.809541,5.77,-1.89673
-0.809541,5.95,-2.00079
-0.809541,6.13,-2.06104
-0.809541,6.31,-2.0017
-0.809541,6.49,-1.72763
-0.809541,6.67,-1.2066
-0.809541,6.85,-0.563852
-0.809541,7.03,-0.00132427
-0.809541,7.21,0.377554
-0.809541,7.39,0.58721
-0.809541,7.57,0.683147
-0.809541,7.75,0.713483
-0.809541,7.93,0.709044
-0.809541,8.11,0.687664
-0.809541,8.29,0.658628
-0.809541,8.47,0.62701
-0.809541,8.65,0.595445
-0.809541,8.83,0.565237
-0.809541,9.01,0.53702
-0.809541,9.19,0.510991
-0.809541,9.37,0.487117
-0.809541,9.55,0.465306
-0.809541,9.73,0.445422
-0.809541,9.91,0.427312
-0.802253,1.09,-0.0238746
-0.802253,1.27,-0.00759102
-0.802253,1.45,-0.000888433
-0.802253,1.63,-0.0937953
-0.802253,1.81,0.116177
-0.802253,1.99,-0.084641
-0.802253,2.17,0.103046
-0.802253,2.35,-0.210432
-0.802253,2.53,-0.0543809
-0.802253,2.71,0.0896433
-0.802253,2.89,0.572789
-0.802253,3.07,-0.42687
-0.802253,3.25,-0.125003
-0.802253,3.43,0.0686619
-0.802253,3.61,0.335076
-0.802253,3.79,0.862486
-0.802253,3.97,2.37107
-0.802253,4.15,6.23474
-0.802253,4.33,-1.23507
-0.802253,4.51,-1.63481
-0.802253,4.69,-1.55017
-0.802253,4.87,-1.49735
-0.802253,5.05,-1.48967
-0.802253,5.23,-1.51805
-0.802253,5.41,-1.57474
-0.802253,5.59,-1.65257
-0.802253,5.77,-1.73963
-0.802253,5.95,-1.81284
-0.802253,6.13,-1.82534
-0.802253,6.31,-1.69972
-0.802253,6.49,-1.35758
-0.802253,6.67,-0.811033
-0.802253,6.85,-0.216491
-0.802253,7.03,0.252096
-0.802253,7.21,0.539691
-0.802253,7.39,0.682616
-0.802253,7.57,0.735682
-0.802253,7.75,0.739898
-0.802253,7.93,0.719836
-0.802253,8.11,0.689162
-0.802253,8.29,0.654642
-0.802253,8.47,0.619847
-0.802253,8.65,0.586516
-0.802253,8.83,0.555415
-0.802253,9.01,0.526838
-0.802253,9.19,0.500781
-0.802253,9.37,0.477096
-0.802253,9.55,0.455608
-0.802253,9.73,0.436129
-0.802253,9.91,0.418469
-0.794965,1.09,-0.0135255
-0.794965,1.27,-0.0103178
-0.794965,1.45,-0.00208095
-0.794965,1.63,-0.0675661
-0.794965,1.81,0.120302
-0.794965,1.99,-0.0731163
-0.794965,2.17,0.128475
-0.794965,2.35,-0.181009
-0.794965,2.53,-0.0436517
-0.794965,2.71,0.0935115
-0.794965,2.89,0.208053
-0.794965,3.07,-0.340016
-0.794965,3.25,-0.0924472
-0.794965,3.43,0.0876584
-0.794965,3.61,0.351177
-0.794965,3.79,0.903085
-0.794965,3.97,2.62893
-0.794965,4.15,3.14828
-0.794965,4.33,-1.60178
-0.794965,4.51,-1.54734
-0.794965,4.69,-1.42934
-0.794965,4.87,-1.3742
-0.794965,5.05,-1.3655
-0.794965,5.23,-1.39001
-0.794965,5.41,-1.43876
-0.794965,5.59,-1.50312
-0.794965,5.77,-1.56887
-0.794965,5.95,-1.60897
-0.794965,6.13,-1.57241
-0.794965,6.31,-1.38425
-0.794965,6.49,-0.989835
-0.794965,6.67,-0.444614
-0.794965,6.85,0.0816268
-0.794965,7.03,0.454542
-0.794965,7.21,0.660085
-0.794965,7.39,0.746845
-0.794965,7.57,0.765262
-0.794965,7.75,0.749032
-0.794965,7.93,0.717151
-0.794965,8.11,0.679757
-0.794965,8.29,0.641538
-0.794965,8.47,0.60484
-0.794965,8.65,0.570683
-0.794965,8.83,0.539401
-0.794965,9.01,0.511018
-0.794965,9.19,0.485374
-0.794965,9.37,0.462236
-0.794965,9.55,0.441368
-0.794965,9.73,0.422539
-0.794965,9.91,0.40554
-0.787677,1.09,-0.0121805
-0.787677,1.27,-0.012364
-0.787677,1.45,-0.00463602
-0.787677,1.63,-0.0486847
-0.787677,1.81,-0.0234906
-0.787677,1.99,-0.062134
-0.787677,2.17,0.162189
-0.787677,2.35,-0.15084
-0.787677,2.53,-0.033882
-0.787677,2.71,0.0950736
-0.787677,2.89,-0.963004
-0.787677,3.07,-0.267329
-0.787677,3.25,-0.0644896
-0.787677,3.43,0.102155
-0.787677,3.61,0.360145
-0.787677,3.79,0.931378
-0.787677,3.97,2.84146
-0.787677,4.15,-0.213185
-0.787677,4.33,-1.62916
-0.787677,4.51,-1.41543
-0.787677,4.69,-1.29227
-0.787677,4.87,-1.23967
-0.787677,5.05,-1.23049
-0.787677,5.23,-1.25034
-0.787677,5.41,-1.28961
-0.787677,5.59,-1.33844
-0.787677,5.77,-1.38035
-0.787677,5.95,-1.38488
-0.787677,6.13,-1.29886
-0.787677,6.31,-1.05491
-0.787677,6.49,-0.627886
-0.787677,6.67,-0.110507
-0.787677,6.85,0.332658
-0.787677,7.03,0.612209
-0.787677,7.21,0.745411
-0.787677,7.39,0.785365
-0.787677,7.57,0.775961
-0.787677,7.75,0.74385
-0.787677,7.93,0.703157
-0.787677,8.11,0.661052
-0.787677,8.29,0.620517
-0.787677,8.47,0.582902
-0.787677,8.65,0.54864
-0.787677,8.83,0.517726
-0.787677,9.01,0.489964
-0.787677,9.19,0.465075
-0.787677,9.37,0.442762
-0.787677,9.55,0.422741
-0.787677,9.73,0.404756
-0.787677,9.91,0.38858
-0.780389,1.09,-0.0126377
-0.780389,1.27,-0.0116238
-0.780389,1.45,-0.00794337
-0.780389,1.63,-0.0342633
-0.780389,1.81,-0.964239
-0.780389,1.99,-0.0516116
-0.780389,2.17,0.212681
-0.780389,2.35,-0.12368
-0.780389,2.53,-0.0248531
-0.780389,2.71,0.0935887
-0.780389,2.89,-1.15143
-0.780389,3.07,-0.208414
-0.780389,3.25,-0.0409764
-0.780389,3.43,0.112845
-0.780389,3.61,0.363669
-0.780389,3.79,0.949291
-0.780389,3.97,2.81518
-0.780389,4.15,-1.57698
-0.780389,4.33,-1.50095
-0.780389,4.51,-1.26096
-0.780389,4.69,-1.14816
-0.780389,4.87,-1.10136
-0.780389,5.05,-1.09249
-0.780389,5.23,-1.10771
-0.780389,5.41,-1.13729
-0.780389,5.59,-1.17026
-0.780389,5.77,-1.18814
-0.780389,5.95,-1.1577
-0.780389,6.13,-1.02571
-0.780389,6.31,-0.736979
-0.780389,6.49,-0.298887
-0.780389,6.67,0.168923
-0.780389,6.85,0.52281
-0.780389,7.03,0.717254
-0.780389,7.21,0.790378
-0.780389,7.39,0.793901
-0.780389,7.57,0.764083
-0.780389,7.75,0.721131
-0.780389,7.93,0.675059
-0.780389,8.11,0.630628
-0.780389,8.29,0.589482
-0.780389,8.47,0.5522
-0.780389,8.65,0.518781
-0.780389,8.83,0.488966
-0.780389,9.01,0.462403
-0.780389,9.19,0.438737
-0.780389,9.37,0.41763
-0.780389,9.55,0.398773
-0.780389,9.73,0.381896
-0.780389,9.91,0.366766
-0.773101,1.09,-0.0143694
-0.773101,1.27,-0.00853361
-0.773101,1.45,-0.00937012
-0.773101,1.63,-0.0227876
-0.773101,1.81,-0.867864
-0.773101,1.99,-0.0395825
-0.773101,2.17,0.306781
-0.773101,2.35,-0.101599
-0.773101,2.53,-0.0172944
-0.773101,2.71,0.0863215
-0.773101,2.89,-0.756365
-0.773101,3.07,-0.160911
-0.773101,3.25,-0.0207619
-0.773101,3.43,0.122355
-0.773101,3.61,0.368101
-0.773101,3.79,0.972181
-0.773101,3.97,2.07369
-0.773101,4.15,-1.73212
-0.773101,4.33,-1.31776
-0.773101,4.51,-1.10542
-0.773101,4.69,-1.01054
-0.773101,4.87,-0.971783
-0.773101,5.05,-0.964559
-0.773101,5.23,-0.97651
-0.773101,5.41,-0.998051
-0.773101,5.59,-1.01728
-0.773101,5.77,-1.01385
-0.773101,5.95,-0.952322
-0.773101,6.13,-0.781218
-0.773101,6.31,-0.461327
-0.773101,6.49,-0.0326694
-0.773101,6.67,0.371065
-0.773101,6.85,0.638544
-0.773101,7.03,0.761966
-0.773101,7.21,0.79006
-0.773101,7.39,0.768922
-0.773101,7.57,0.726987
-0.773101,7.75,0.678899
-0.773101,7.93,0.631401
-0.773101,8.11,0.587442
-0.773101,8.29,0.547714
-0.773101,8.47,0.512274
-0.773101,8.65,0.480844
-0.773101,8.83,0.453017
-0.773101,9.01,0.428359
-0.773101,9.19,0.40648
-0.773101,9.37,0.387037
-0.773101,9.55,0.369722
-0.773101,9.73,0.354268
-0.773101,9.91,0.340447
-0.765813,1.09,-0.0167742
-0.765813,1.27,-0.00525325
-0.765813,1.45,-0.00765181
-0.765813,1.63,-0.0142944
-0.765813,1.81,-0.456121
-0.765813,1.99,-0.0273178
-0.765813,2.17,0.238207
-0.765813,2.35,-0.0828333
-0.765813,2.53,-0.0101872
-0.765813,2.71,0.0664572
-0.765813,2.89,-0.484035
-0.765813,3.07,-0.121509
-0.765813,3.25,-0.00400096
-0.765813,3.43,0.127798
-0.765813,3.61,0.364651
-0.765813,3.79,0.963021
-0.765813,3.97,-0.0276027
-0.765813,4.15,-1.55141
-0.765813,4.33,-1.12647
-0.765813,4.51,-0.951016
-0.765813,4.69,-0.87346
-0.765813,4.87,-0.841668
-0.765813,5.05,-0.83515
-0.765813,5.23,-0.842994
-0.765813,5.41,-0.855732
-0.765813,5.59,-0.860595
-0.765813,5.77,-0.835701
-0.765813,5.95,-0.74458
-0.765813,6.13,-0.54069
-0.765813,6.31,-0.205356
-0.765813,6.49,0.191988
-0.765813,6.67,0.519501
-0.765813,6.85,0.705025
-0.765813,7.03,0.769281
-0.765813,7.21,0.763236
-0.765813,7.39,0.72513
-0.765813,7.57,0.676066
-0.765813,7.75,0.626032
-0.765813,7.93,0.579184
-0.765813,8.11,0.53709
-0.765813,8.29,0.499743
-0.765813,8.47,0.466837
-0.765813,8.65,0.437905
-0.765813,8.83,0.412454
-0.765813,9.01,0.390001
-0.765813,9.19,0.37015
-0.765813,9.37,0.352567
-0.765813,9.55,0.336952
-0.765813,9.73,0.323049
-0.765813,9.91,0.310645
-0.758525,1.09,-0.0187761
-0.758525,1.27,-0.0174948
-0.758525,1.45,0.00239491
-0.758525,1.63,-0.00824543
-0.758525,1.81,-0.276383
-0.758525,1.99,-0.0154225
-0.758525,2.17,-0.181014
-0.758525,2.35,-0.0660498
-0.758525,2.53,-0.00312104
-0.758525,2.71,0.0159775
-0.758525,2.89,-0.317774
-0.758525,3.07,-0.08875
-0.758525,3.25,0.00906206
-0.758525,3.43,0.127853
-0.758525,3.61,0.348506
-0.758525,3.79,0.871086
-0.758525,3.97,-1.68839
-0.758525,4.15,-1.28791
-0.758525,4.33,-0.937418
-0.758525,4.51,-0.798176
-0.758525,4.69,-0.73599
-0.758525,4.87,-0.709739
-0.758525,5.05,-0.702821
-0.758525,5.23,-0.705634
-0.758525,5.41,-0.708822
-0.758525,5.59,-0.698919
-0.758525,5.77,-0.653101
-0.758525,5.95,-0.535567
-0.758525,6.13,-0.308417
-0.758525,6.31,0.0235046
-0.758525,6.49,0.369274
-0.758525,6.67,0.61448
-0.758525,6.85,0.726499
-0.758525,7.03,0.743808
-0.758525,7.21,0.713413
-0.758525,7.39,0.664866
-0.758525,7.57,0.612797
-0.758525,7.75,0.563429
-0.758525,7.93,0.518929
-0.758525,8.11,0.479838
-0.758525,8.29,0.445667
-0.758525,8.47,0.415865
-0.758525,8.65,0.389857
-0.758525,8.83,0.367107
-0.758525,9.01,0.347117
-0.758525,9.19,0.3295
-0.758525,9.37,0.313943
-0.758525,9.55,0.300163
-0.758525,9.73,0.287924
-0.758525,9.91,0.27703
-0.751237,1.09,-0.0193985
-0.751237,1.27,-0.182968
-0.751237,1.45,0.0381982
-0.751237,1.63,-0.00398621
-0.751237,1.81,-0.18261
-0.751237,1.99,-0.00462661
-0.751237,2.17,-0.19523
-0.751237,2.35,-0.0511017
-0.751237,2.53,0.00383211
-0.751237,2.71,-0.117456
-0.751237,2.89,-0.210574
-0.751237,3.07,-0.0616652
-0.751237,3.25,0.0187177
-0.751237,3.43,0.122983
-0.751237,3.61,0.318636
-0.751237,3.79,0.601565
-0.751237,3.97,-1.8101
-0.751237,4.15,-1.02442
-0.751237,4.33,-0.759439
-0.751237,4.51,-0.652402
-0.751237,4.69,-0.603381
-0.751237,4.87,-0.581472
-0.751237,5.05,-0.57351
-0.751237,5.23,-0.571051
-0.751237,5.41,-0.564889
-0.751237,5.59,-0.541135
-0.751237,5.77,-0.476771
-0.751237,5.95,-0.33857
-0.751237,6.13,-0.10057
-0.751237,6.31,0.208744
-0.751237,6.49,0.488617
-0.751237,6.67,0.653774
-0.751237,6.85,0.705265
-0.751237,7.03,0.688797
-0.751237,7.21,0.643522
-0.751237,7.39,0.590585
-0.751237,7.57,0.539269
-0.751237,7.75,0.492928
-0.751237,7.93,0.452299
-0.751237,8.11,0.417223
-0.751237,8.29,0.386923
-0.751237,8.47,0.360719
-0.751237,8.65,0.337993
-0.751237,8.83,0.318209
-0.751237,9.01,0.300885
-0.751237,9.19,0.285659
-0.751237,9.37,0.27225
-0.751237,9.55,0.260402
-0.751237,9.73,0.249902
-0.751237,9.91,0.240575
-0.743949,1.09,-0.0130513
-0.743949,1.27,-0.459735
-0.743949,1.45,0.205549
-0.743949,1.63,-0.00162666
-0.743949,1.81,-0.123818
-0.743949,1.99,0.00702164
-0.743949,2.17,-0.14321
-0.743949,2.35,-0.038781
-0.743949,2.53,0.00987516
-0.743949,2.71,-0.417415
-0.743949,2.89,-0.137602
-0.743949,3.07,-0.039388
-0.743949,3.25,0.0259816
-0.743949,3.43,0.116099
-0.743949,3.61,0.282626
-0.743949,3.79,0.0521374
-0.743949,3.97,-1.39089
-0.743949,4.15,-0.786368
-0.743949,4.33,-0.598496
-0.743949,4.51,-0.519749
-0.743949,4.69,-0.482582
-0.743949,4.87,-0.46493
-0.743949,5.05,-0.456654
-0.743949,5.23,-0.450426
-0.743949,5.41,-0.437361
-0.743949,5.59,-0.403575
-0.743949,5.77,-0.326756
-0.743949,5.95,-0.178179
-0.743949,6.13,0.0538772
-0.743949,6.31,0.321175
-0.743949,6.49,0.527919
-0.743949,6.67,0.624081
-0.743949,6.85,0.633264
-0.743949,7.03,0.598626
-0.743949,7.21,0.549304
-0.743949,7.39,0.499005
-0.743949,7.57,0.452974
-0.743949,7.75,0.412641
-0.743949,7.93,0.377899
-0.743949,8.11,0.348245
-0.743949,8.29,0.322825
-0.743949,8.47,0.300959
-0.743949,8.65,0.282071
-0.743949,8.83,0.265679
-0.743949,9.01,0.251348
-0.743949,9.19,0.23877
-0.743949,9.37,0.227713
-0.743949,9.55,0.217959
-0.743949,9.73,0.20933
-0.743949,9.91,0.201677
-0.736661,1.09,0.0264802
-0.736661,1.27,-0.208356
-0.736661,1.45,0.338914
-0.736661,1.63,-0.00127773
-0.736661,1.81,-0.081368
-0.736661,1.99,0.0162081
-0.736661,2.17,-0.102695
-0.736661,2.35,-0.0277428
-0.736661,2.53,0.0155674
-0.736661,2.71,-0.47232
-0.736661,2.89,-0.0848697
-0.736661,3.07,-0.0214475
-0.736661,3.25,0.0292549
-0.736661,3.43,0.102286
-0.736661,3.61,0.222888
-0.736661,3.79,-0.847517
-0.736661,3.97,-0.964333
-0.736661,4.15,-0.573238
-0.736661,4.33,-0.446674
-0.736661,4.51,-0.391306
-0.736661,4.69,-0.364071
-0.736661,4.87,-0.349912
-0.736661,5.05,-0.341252
-0.736661,5.23,-0.331865
-0.736661,5.41,-0.313504
-0.736661,5.59,-0.273049
-0.736661,5.77,-0.190415
-0.736661,5.95,-0.043889
-0.736661,6.13,0.163111
-0.736661,6.31,0.371325
-0.736661,6.49,0.504435
-0.736661,6.67,0.545638
-0.736661,6.85,0.52823
-0.736661,7.03,0.486696
-0.736661,7.21,0.440258
-0.736661,7.39,0.396703
-0.736661,7.57,0.358422
-0.736661,7.75,0.325625
-0.736661,7.93,0.297762
-0.736661,8.11,0.274196
-0.736661,8.29,0.254121
-0.736661,8.47,0.23693
-0.736661,8.65,0.222132
-0.736661,8.83,0.209323
-0.736661,9.01,0.198139
-0.736661,9.19,0.188332
-0.736661,9.37,0.179726
-0.736661,9.55,0.172146
-0.736661,9.73,0.165449
-0.736661,9.91,0.159521
-0.729373,1.09,0.273301
-0.729373,1.27,-0.104083
-0.729373,1.45,0.0808567
-0.729373,1.63,-0.0023742
-0.729373,1.81,-0.0477051
-0.729373,1.99,0.0193968
-0.729373,2.17,-0.0698055
-0.729373,2.35,-0.0177538
-0.729373,2.53,0.0202224
-0.729373,2.71,-0.20447
-0.729373,2.89,-0.0458613
-0.729373,3.07,-0.00801244
-0.729373,3.25,0.0275152
-0.729373,3.43,0.0795278
-0.729373,3.61,0.131667
-0.729373,3.79,-1.21097
-0.729373,3.97,-0.601445
-0.729373,4.15,-0.377784
-0.729373,4.33,-0.300166
-0.729373,4.51,-0.264547
-0.729373,4.69,-0.246017
-0.729373,4.87,-0.235164
-0.729373,5.05,-0.226722
-0.729373,5.23,-0.21577
-0.729373,5.41,-0.195321
-0.729373,5.59,-0.154253
-0.729373,5.77,-0.076742
-0.729373,5.95,0.0498997
-0.729373,6.13,0.210145
-0.729373,6.31,0.347584
-0.729373,6.49,0.415279
-0.729373,6.67,0.419624
-0.729373,6.85,0.391359
-0.729373,7.03,0.353214
-0.729373,7.21,0.315808
-0.729373,7.39,0.282658
-0.729373,7.57,0.254378
-0.729373,7.75,0.230572
-0.729373,7.93,0.210569
-0.729373,8.11,0.19378
-0.729373,8.29,0.179554
-0.729373,8.47,0.167419
-0.729373,8.65,0.157004
-0.729373,8.83,0.148012
-0.729373,9.01,0.140168
-0.729373,9.19,0.133296
-0.729373,9.37,0.127273
-0.729373,9.55,0.121977
-0.729373,9.73,0.117305
-0.729373,9.91,0.113174
-0.722085,1.09,0.164484
-0.722085,1.27,-0.0448031
-0.722085,1.45,0.00929095
-0.722085,1.63,-0.00209681
-0.722085,1.81,-0.0201665
-0.722085,1.99,0.00971939
-0.722085,2.17,-0.0382247
-0.722085,2.35,-0.00853896
-0.722085,2.53,0.0207107
-0.722085,2.71,-0.0576938
-0.722085,2.89,-0.0175542
-0.722085,3.07,1.00744e-05
-0.722085,3.25,0.0188681
-0.722085,3.43,0.0450722
-0.722085,3.61,0.0132548
-0.722085,3.79,-0.690091
-0.722085,3.97,-0.291026
-0.722085,4.15,-0.1914
-0.722085,4.33,-0.154076
-0.722085,4.51,-0.13594
-0.722085,4.69,-0.125723
-0.722085,4.87,-0.118779
-0.722085,5.05,-0.112176
-0.722085,5.23,-0.102821
-0.722085,5.41,-0.086112
-0.722085,5.59,-0.0548594
-0.722085,5.77,8.24562e-05
-0.722085,5.95,0.0823479
-0.722085,6.13,0.173797
-0.722085,6.31,0.237692
-0.722085,6.49,0.257033
-0.722085,6.67,0.245435
-0.722085,6.85,0.221679
-0.722085,7.03,0.196417
-0.722085,7.21,0.173707
-0.722085,7.39,0.154433
-0.722085,7.57,0.138393
-0.722085,7.75,0.125095
-0.722085,7.93,0.114035
-0.722085,8.11,0.104821
-0.722085,8.29,0.0970539
-0.722085,8.47,0.0904561
-0.722085,8.65,0.0848114
-0.722085,8.83,0.0799505
-0.722085,9.01,0.0757157
-0.722085,9.19,0.0720083
-0.722085,9.37,0.0687648
-0.722085,9.55,0.0659162
-0.722085,9.73,0.0634067
-0.722085,9.91,0.0611907
-0.714797,1.09,0
-0.714797,1.27,0
-0.714797,1.45,0
-0.714797,1.63,0
-0.714797,1.81,0
-0.714797,1.99,0
-0.714797,2.17,0
-0.714797,2.35,0
-0.714797,2.53,0
-0.714797,2.71,0
-0.714797,2.89,0
-0.714797,3.07,0
-0.714797,3.25,0
-0.714797,3.43,0
-0.714797,3.61,0
-0.714797,3.79,0
-0.714797,3.97,0
-0.714797,4.15,0
-0.714797,4.33,0
-0.714797,4.51,0
-0.714797,4.69,0
-0.714797,4.87,0
-0.714797,5.05,0
-0.714797,5.23,0
-0.714797,5.41,0
-0.714797,5.59,0
-0.714797,5.77,0
-0.714797,5.95,0
-0.714797,6.13,0
-0.714797,6.31,0
-0.714797,6.49,0
-0.714797,6.67,0
-0.714797,6.85,0
-0.714797,7.03,0
-0.714797,7.21,0
-0.714797,7.39,0
-0.714797,7.57,0
-0.714797,7.75,0
-0.714797,7.93,0
-0.714797,8.11,0
-0.714797,8.29,0
-0.714797,8.47,0
-0.714797,8.65,0
-0.714797,8.83,0
-0.714797,9.01,0
-0.714797,9.19,0
-0.714797,9.37,0
-0.714797,9.55,0
-0.714797,9.73,0
-0.714797,9.91,0
-0.707509,1.09,0
-0.707509,1.27,0
-0.707509,1.45,0
-0.707509,1.63,0
-0.707509,1.81,0
-0.707509,1.99,0
-0.707509,2.17,0
-0.707509,2.35,0
-0.707509,2.53,0
-0.707509,2.71,0
-0.707509,2.89,0
-0.707509,3.07,0
-0.707509,3.25,0
-0.707509,3.43,0
-0.707509,3.61,0
-0.707509,3.79,0
-0.707509,3.97,0
-0.707509,4.15,0
-0.707509,4.33,0
-0.707509,4.51,0
-0.707509,4.69,0
-0.707509,4.87,0
-0.707509,5.05,0
-0.707509,5.23,0
-0.707509,5.41,0
-0.707509,5.59,0
-0.707509,5.77,0
-0.707509,5.95,0
-0.707509,6.13,0
-0.707509,6.31,0
-0.707509,6.49,0
-0.707509,6.67,0
-0.707509,6.85,0
-0.707509,7.03,0
-0.707509,7.21,0
-0.707509,7.39,0
-0.707509,7.57,0
-0.707509,7.75,0
-0.707509,7.93,0
-0.707509,8.11,0
-0.707509,8.29,0
-0.707509,8.47,0
-0.707509,8.65,0
-0.707509,8.83,0
-0.707509,9.01,0
-0.707509,9.19,0
-0.707509,9.37,0
-0.707509,9.55,0
-0.707509,9.73,0
-0.707509,9.91,0
-0.700221,1.09,0
-0.700221,1.27,0
-0.700221,1.45,0
-0.700221,1.63,0
-0.700221,1.81,0
-0.700221,1.99,0
-0.700221,2.17,0
-0.700221,2.35,0
-0.700221,2.53,0
-0.700221,2.71,0
-0.700221,2.89,0
-0.700221,3.07,0
-0.700221,3.25,0
-0.700221,3.43,0
-0.700221,3.61,0
-0.700221,3.79,0
-0.700221,3.97,0
-0.700221,4.15,0
-0.700221,4.33,0
-0.700221,4.51,0
-0.700221,4.69,0
-0.700221,4.87,0
-0.700221,5.05,0
-0.700221,5.23,0
-0.700221,5.41,0
-0.700221,5.59,0
-0.700221,5.77,0
-0.700221,5.95,0
-0.700221,6.13,0
-0.700221,6.31,0
-0.700221,6.49,0
-0.700221,6.67,0
-0.700221,6.85,0
-0.700221,7.03,0
-0.700221,7.21,0
-0.700221,7.39,0
-0.700221,7.57,0
-0.700221,7.75,0
-0.700221,7.93,0
-0.700221,8.11,0
-0.700221,8.29,0
-0.700221,8.47,0
-0.700221,8.65,0
-0.700221,8.83,0
-0.700221,9.01,0
-0.700221,9.19,0
-0.700221,9.37,0
-0.700221,9.55,0
-0.700221,9.73,0
-0.700221,9.91,0
-0.692933,1.09,0
-0.692933,1.27,0
-0.692933,1.45,0
-0.692933,1.63,0
-0.692933,1.81,0
-0.692933,1.99,0
-0.692933,2.17,0
-0.692933,2.35,0
-0.692933,2.53,0
-0.692933,2.71,0
-0.692933,2.89,0
-0.692933,3.07,0
-0.692933,3.25,0
-0.692933,3.43,0
-0.692933,3.61,0
-0.692933,3.79,0
-0.692933,3.97,0
-0.692933,4.15,0
-0.692933,4.33,0
-0.692933,4.51,0
-0.692933,4.69,0
-0.692933,4.87,0
-0.692933,5.05,0
-0.692933,5.23,0
-0.692933,5.41,0
-0.692933,5.59,0
-0.692933,5.77,0
-0.692933,5.95,0
-0.692933,6.13,0
-0.692933,6.31,0
-0.692933,6.49,0
-0.692933,6.67,0
-0.692933,6.85,0
-0.692933,7.03,0
-0.692933,7.21,0
-0.692933,7.39,0
-0.692933,7.57,0
-0.692933,7.75,0
-0.692933,7.93,0
-0.692933,8.11,0
-0.692933,8.29,0
-0.692933,8.47,0
-0.692933,8.65,0
-0.692933,8.83,0
-0.692933,9.01,0
-0.692933,9.19,0
-0.692933,9.37,0
-0.692933,9.55,0
-0.692933,9.73,0
-0.692933,9.91,0
-0.685645,1.09,0
-0.685645,1.27,0
-0.685645,1.45,0
-0.685645,1.63,0
-0.685645,1.81,0
-0.685645,1.99,0
-0.685645,2.17,0
-0.685645,2.35,0
-0.685645,2.53,0
-0.685645,2.71,0
-0.685645,2.89,0
-0.685645,3.07,0
-0.685645,3.25,0
-0.685645,3.43,0
-0.685645,3.61,0
-0.685645,3.79,0
-0.685645,3.97,0
-0.685645,4.15,0
-0.685645,4.33,0
-0.685645,4.51,0
-0.685645,4.69,0
-0.685645,4.87,0
-0.685645,5.05,0
-0.685645,5.23,0
-0.685645,5.41,0
-0.685645,5.59,0
-0.685645,5.77,0
-0.685645,5.95,0
-0.685645,6.13,0
-0.685645,6.31,0
-0.685645,6.49,0
-0.685645,6.67,0
-0.685645,6.85,0
-0.685645,7.03,0
-0.685645,7.21,0
-0.685645,7.39,0
-0.685645,7.57,0
-0.685645,7.75,0
-0.685645,7.93,0
-0.685645,8.11,0
-0.685645,8.29,0
-0.685645,8.47,0
-0.685645,8.65,0
-0.685645,8.83,0
-0.685645,9.01,0
-0.685645,9.19,0
-0.685645,9.37,0
-0.685645,9.55,0
-0.685645,9.73,0
-0.685645,9.91,0
-0.678356,1.09,0
-0.678356,1.27,0
-0.678356,1.45,0
-0.678356,1.63,0
-0.678356,1.81,0
-0.678356,1.99,0
-0.678356,2.17,0
-0.678356,2.35,0
-0.678356,2.53,0
-0.678356,2.71,0
-0.678356,2.89,0
-0.678356,3.07,0
-0.678356,3.25,0
-0.678356,3.43,0
-0.678356,3.61,0
-0.678356,3.79,0
-0.678356,3.97,0
-0.678356,4.15,0
-0.678356,4.33,0
-0.678356,4.51,0
-0.678356,4.69,0
-0.678356,4.87,0
-0.678356,5.05,0
-0.678356,5.23,0
-0.678356,5.41,0
-0.678356,5.59,0
-0.678356,5.77,0
-0.678356,5.95,0
-0.678356,6.13,0
-0.678356,6.31,0
-0.678356,6.49,0
-0.678356,6.67,0
-0.678356,6.85,0
-0.678356,7.03,0
-0.678356,7.21,0
-0.678356,7.39,0
-0.678356,7.57,0
-0.678356,7.75,0
-0.678356,7.93,0
-0.678356,8.11,0
-0.678356,8.29,0
-0.678356,8.47,0
-0.678356,8.65,0
-0.678356,8.83,0
-0.678356,9.01,0
-0.678356,9.19,0
-0.678356,9.37,0
-0.678356,9.55,0
-0.678356,9.73,0
-0.678356,9.91,0
-0.671068,1.09,0
-0.671068,1.27,0
-0.671068,1.45,0
-0.671068,1.63,0
-0.671068,1.81,0
-0.671068,1.99,0
-0.671068,2.17,0
-0.671068,2.35,0
-0.671068,2.53,0
-0.671068,2.71,0
-0.671068,2.89,0
-0.671068,3.07,0
-0.671068,3.25,0
-0.671068,3.43,0
-0.671068,3.61,0
-0.671068,3.79,0
-0.671068,3.97,0
-0.671068,4.15,0
-0.671068,4.33,0
-0.671068,4.51,0
-0.671068,4.69,0
-0.671068,4.87,0
-0.671068,5.05,0
-0.671068,5.23,0
-0.671068,5.41,0
-0.671068,5.59,0
-0.671068,5.77,0
-0.671068,5.95,0
-0.671068,6.13,0
-0.671068,6.31,0
-0.671068,6.49,0
-0.671068,6.67,0
-0.671068,6.85,0
-0.671068,7.03,0
-0.671068,7.21,0
-0.671068,7.39,0
-0.671068,7.57,0
-0.671068,7.75,0
-0.671068,7.93,0
-0.671068,8.11,0
-0.671068,8.29,0
-0.671068,8.47,0
-0.671068,8.65,0
-0.671068,8.83,0
-0.671068,9.01,0
-0.671068,9.19,0
-0.671068,9.37,0
-0.671068,9.55,0
-0.671068,9.73,0
-0.671068,9.91,0
-0.66378,1.09,0
-0.66378,1.27,0
-0.66378,1.45,0
-0.66378,1.63,0
-0.66378,1.81,0
-0.66378,1.99,0
-0.66378,2.17,0
-0.66378,2.35,0
-0.66378,2.53,0
-0.66378,2.71,0
-0.66378,2.89,0
-0.66378,3.07,0
-0.66378,3.25,0
-0.66378,3.43,0
-0.66378,3.61,0
-0.66378,3.79,0
-0.66378,3.97,0
-0.66378,4.15,0
-0.66378,4.33,0
-0.66378,4.51,0
-0.66378,4.69,0
-0.66378,4.87,0
-0.66378,5.05,0
-0.66378,5.23,0
-0.66378,5.41,0
-0.66378,5.59,0
-0.66378,5.77,0
-0.66378,5.95,0
-0.66378,6.13,0
-0.66378,6.31,0
-0.66378,6.49,0
-0.66378,6.67,0
-0.66378,6.85,0
-0.66378,7.03,0
-0.66378,7.21,0
-0.66378,7.39,0
-0.66378,7.57,0
-0.66378,7.75,0
-0.66378,7.93,0
-0.66378,8.11,0
-0.66378,8.29,0
-0.66378,8.47,0
-0.66378,8.65,0
-0.66378,8.83,0
-0.66378,9.01,0
-0.66378,9.19,0
-0.66378,9.37,0
-0.66378,9.55,0
-0.66378,9.73,0
-0.66378,9.91,0
-0.656492,1.09,0
-0.656492,1.27,0
-0.656492,1.45,0
-0.656492,1.63,0
-0.656492,1.81,0
-0.656492,1.99,0
-0.656492,2.17,0
-0.656492,2.35,0
-0.656492,2.53,0
-0.656492,2.71,0
-0.656492,2.89,0
-0.656492,3.07,0
-0.656492,3.25,0
-0.656492,3.43,0
-0.656492,3.61,0
-0.656492,3.79,0
-0.656492,3.97,0
-0.656492,4.15,0
-0.656492,4.33,0
-0.656492,4.51,0
-0.656492,4.69,0
-0.656492,4.87,0
-0.656492,5.05,0
-0.656492,5.23,0
-0.656492,5.41,0
-0.656492,5.59,0
-0.656492,5.77,0
-0.656492,5.95,0
-0.656492,6.13,0
-0.656492,6.31,0
-0.656492,6.49,0
-0.656492,6.67,0
-0.656492,6.85,0
-0.656492,7.03,0
-0.656492,7.21,0
-0.656492,7.39,0
-0.656492,7.57,0
-0.656492,7.75,0
-0.656492,7.93,0
-0.656492,8.11,0
-0.656492,8.29,0
-0.656492,8.47,0
-0.656492,8.65,0
-0.656492,8.83,0
-0.656492,9.01,0
-0.656492,9.19,0
-0.656492,9.37,0
-0.656492,9.55,0
-0.656492,9.73,0
-0.656492,9.91,0
-0.649204,1.09,0
-0.649204,1.27,0
-0.649204,1.45,0
-0.649204,1.63,0
-0.649204,1.81,0
-0.649204,1.99,0
-0.649204,2.17,0
-0.649204,2.35,0
-0.649204,2.53,0
-0.649204,2.71,0
-0.649204,2.89,0
-0.649204,3.07,0
-0.649204,3.25,0
-0.649204,3.43,0
-0.649204,3.61,0
-0.649204,3.79,0
-0.649204,3.97,0
-0.649204,4.15,0
-0.649204,4.33,0
-0.649204,4.51,0
-0.649204,4.69,0
-0.649204,4.87,0
-0.649204,5.05,0
-0.649204,5.23,0
-0.649204,5.41,0
-0.649204,5.59,0
-0.649204,5.77,0
-0.649204,5.95,0
-0.649204,6.13,0
-0.649204,6.31,0
-0.649204,6.49,0
-0.649204,6.67,0
-0.649204,6.85,0
-0.649204,7.03,0
-0.649204,7.21,0
-0.649204,7.39,0
-0.649204,7.57,0
-0.649204,7.75,0
-0.649204,7.93,0
-0.649204,8.11,0
-0.649204,8.29,0
-0.649204,8.47,0
-0.649204,8.65,0
-0.649204,8.83,0
-0.649204,9.01,0
-0.649204,9.19,0
-0.649204,9.37,0
-0.649204,9.55,0
-0.649204,9.73,0
-0.649204,9.91,0
-0.641916,1.09,0
-0.641916,1.27,0
-0.641916,1.45,0
-0.641916,1.63,0
-0.641916,1.81,0
-0.641916,1.99,0
-0.641916,2.17,0
-0.641916,2.35,0
-0.641916,2.53,0
-0.641916,2.71,0
-0.641916,2.89,0
-0.641916,3.07,0
-0.641916,3.25,0
-0.641916,3.43,0
-0.641916,3.61,0
-0.641916,3.79,0
-0.641916,3.97,0
-0.641916,4.15,0
-0.641916,4.33,0
-0.641916,4.51,0
-0.641916,4.69,0
-0.641916,4.87,0
-0.641916,5.05,0
-0.641916,5.23,0
-0.641916,5.41,0
-0.641916,5.59,0
-0.641916,5.77,0
-0.641916,5.95,0
-0.641916,6.13,0
-0.641916,6.31,0
-0.641916,6.49,0
-0.641916,6.67,0
-0.641916,6.85,0
-0.641916,7.03,0
-0.641916,7.21,0
-0.641916,7.39,0
-0.641916,7.57,0
-0.641916,7.75,0
-0.641916,7.93,0
-0.641916,8.11,0
-0.641916,8.29,0
-0.641916,8.47,0
-0.641916,8.65,0
-0.641916,8.83,0
-0.641916,9.01,0
-0.641916,9.19,0
-0.641916,9.37,0
-0.641916,9.55,0
-0.641916,9.73,0
-0.641916,9.91,0
-0.634628,1.09,0
-0.634628,1.27,0
-0.634628,1.45,0
-0.634628,1.63,0
-0.634628,1.81,0
-0.634628,1.99,0
-0.634628,2.17,0
-0.634628,2.35,0
-0.634628,2.53,0
-0.634628,2.71,0
-0.634628,2.89,0
-0.634628,3.07,0
-0.634628,3.25,0
-0.634628,3.43,0
-0.634628,3.61,0
-0.634628,3.79,0
-0.634628,3.97,0
-0.634628,4.15,0
-0.634628,4.33,0
-0.634628,4.51,0
-0.634628,4.69,0
-0.634628,4.87,0
-0.634628,5.05,0
-0.634628,5.23,0
-0.634628,5.41,0
-0.634628,5.59,0
-0.634628,5.77,0
-0.634628,5.95,0
-0.634628,6.13,0
-0.634628,6.31,0
-0.634628,6.49,0
-0.634628,6.67,0
-0.634628,6.85,0
-0.634628,7.03,0
-0.634628,7.21,0
-0.634628,7.39,0
-0.634628,7.57,0
-0.634628,7.75,0
-0.634628,7.93,0
-0.634628,8.11,0
-0.634628,8.29,0
-0.634628,8.47,0
-0.634628,8.65,0
-0.634628,8.83,0
-0.634628,9.01,0
-0.634628,9.19,0
-0.634628,9.37,0
-0.634628,9.55,0
-0.634628,9.73,0
-0.634628,9.91,0
-0.62734,1.09,0
-0.62734,1.27,0
-0.62734,1.45,0
-0.62734,1.63,0
-0.62734,1.81,0
-0.62734,1.99,0
-0.62734,2.17,0
-0.62734,2.35,0
-0.62734,2.53,0
-0.62734,2.71,0
-0.62734,2.89,0
-0.62734,3.07,0
-0.62734,3.25,0
-0.62734,3.43,0
-0.62734,3.61,0
-0.62734,3.79,0
-0.62734,3.97,0
-0.62734,4.15,0
-0.62734,4.33,0
-0.62734,4.51,0
-0.62734,4.69,0
-0.62734,4.87,0
-0.62734,5.05,0
-0.62734,5.23,0
-0.62734,5.41,0
-0.62734,5.59,0
-0.62734,5.77,0
-0.62734,5.95,0
-0.62734,6.13,0
-0.62734,6.31,0
-0.62734,6.49,0
-0.62734,6.67,0
-0.62734,6.85,0
-0.62734,7.03,0
-0.62734,7.21,0
-0.62734,7.39,0
-0.62734,7.57,0
-0.62734,7.75,0
-0.62734,7.93,0
-0.62734,8.11,0
-0.62734,8.29,0
-0.62734,8.47,0
-0.62734,8.65,0
-0.62734,8.83,0
-0.62734,9.01,0
-0.62734,9.19,0
-0.62734,9.37,0
-0.62734,9.55,0
-0.62734,9.73,0
-0.62734,9.91,0
