-0.984455,1.09,0
-0.984455,1.27,0
-0.984455,1.45,0
-0.984455,1.63,0
-0.984455,1.81,0
-0.984455,1.99,0
-0.984455,2.17,0
-0.984455,2.35,0
-0.984455,2.53,0
-0.984455,2.71,0
-0.984455,2.89,0
-0.984455,3.07,0
-0.984455,3.25,0
-0.984455,3.43,0
-0.984455,3.61,0
-0.984455,3.79,0
-0.984455,3.97,0
-0.984455,4.15,0
-0.984455,4.33,0
-0.984455,4.51,0
-0.984455,4.69,0
-0.984455,4.87,0
-0.984455,5.05,0
-0.984455,5.23,0
-0.984455,5.41,0
-0.984455,5.59,0
-0.984455,5.77,0
-0.984455,5.95,0
-0.984455,6.13,0
-0.984455,6.31,0
-0.984455,6.49,0
-0.984455,6.67,0
-0.984455,6.85,0
-0.984455,7.03,0
-0.984455,7.21,0
-0.984455,7.39,0
-0.984455,7.57,0
-0.984455,7.75,0
-0.984455,7.93,0
-0.984455,8.11,0
-0.984455,8.29,0
-0.984455,8.47,0
-0.984455,8.65,0
-0.984455,8.83,0
-0.984455,9.01,0
-0.984455,9.19,0
-0.984455,9.37,0
-0.984455,9.55,0
-0.984455,9.73,0
-0.984455,9.91,0
-0.977166,1.09,0
-0.977166,1.27,0
-0.977166,1.45,0
-0.977166,1.63,0
-0.977166,1.81,0
-0.977166,1.99,0
-0.977166,2.17,0
-0.977166,2.35,0
-0.977166,2.53,0
-0.977166,2.71,0
-0.977166,2.89,0
-0.977166,3.07,0
-0.977166,3.25,0
-0.977166,3.43,0
-0.977166,3.61,0
-0.977166,3.79,0
-0.977166,3.97,0
-0.977166,4.15,0
-0.977166,4.33,0
-0.977166,4.51,0
-0.977166,4.69,0
-0.977166,4.87,0
-0.977166,5.05,0
-0.977166,5.23,0
-0.977166,5.41,0
-0.977166,5.59,0
-0.977166,5.77,0
-0.977166,5.95,0
-0.977166,6.13,0
-0.977166,6.31,0
-0.977166,6.49,0
-0.977166,6.67,0
-0.977166,6.85,0
-0.977166,7.03,0
-0.977166,7.21,0
-0.977166,7.39,0
-0.977166,7.57,0
-0.977166,7.75,0
-0.977166,7.93,0
-0.977166,8.11,0
-0.977166,8.29,0
-0.977166,8.47,0
-0.977166,8.65,0
-0.977166,8.83,0
-0.977166,9.01,0
-0.977166,9.19,0
-0.977166,9.37,0
-0.977166,9.55,0
-0.977166,9.73,0
-0.977166,9.91,0
-0.969878,1.09,0
-0.969878,1.27,0
-0.969878,1.45,0
-0.969878,1.63,0
-0.969878,1.81,0
-0.969878,1.99,0
-0.969878,2.17,0
-0.969878,2.35,0
-0.969878,2.53,0
-0.969878,2.71,0
-0.969878,2.89,0
-0.969878,3.07,0
-0.969878,3.25,0
-0.969878,3.43,0
-0.969878,3.61,0
-0.969878,3.79,0
-0.969878,3.97,0
-0.969878,4.15,0
-0.969878,4.33,0
-0.969878,4.51,0
-0.969878,4.69,0
-0.969878,4.87,0
-0.969878,5.05,0
-0.969878,5.23,0
-0.969878,5.41,0
-0.969878,5.59,0
-0.969878,5.77,0
-0.969878,5.95,0
-0.969878,6.13,0
-0.969878,6.31,0
-0.969878,6.49,0
-0.969878,6.67,0
-0.969878,6.85,0
-0.969878,7.03,0
-0.969878,7.21,0
-0.969878,7.39,0
-0.969878,7.57,0
-0.969878,7.75,0
-0.969878,7.93,0
-0.969878,8.11,0
-0.969878,8.29,0
-0.969878,8.47,0
-0.969878,8.65,0
-0.969878,8.83,0
-0.969878,9.01,0
-0.969878,9.19,0
-0.969878,9.37,0
-0.969878,9.55,0
-0.969878,9.73,0
-0.969878,9.91,0
-0.96259,1.09,0
-0.96259,1.27,0
-0.96259,1.45,0
-0.96259,1.63,0
-0.96259,1.81,0
-0.96259,1.99,0
-0.96259,2.17,0
-0.96259,2.35,0
-0.96259,2.53,0
-0.96259,2.71,0
-0.96259,2.89,0
-0.96259,3.07,0
-0.96259,3.25,0
-0.96259,3.43,0
-0.96259,3.61,0
-0.96259,3.79,0
-0.96259,3.97,0
-0.96259,4.15,0
-0.96259,4.33,0
-0.96259,4.51,0
-0.96259,4.69,0
-0.96259,4.87,0
-0.96259,5.05,0
-0.96259,5.23,0
-0.96259,5.41,0
-0.96259,5.59,0
-0.96259,5.77,0
-0.96259,5.95,0
-0.96259,6.13,0
-0.96259,6.31,0
-0.96259,6.49,0
-0.96259,6.67,0
-0.96259,6.85,0
-0.96259,7.03,0
-0.96259,7.21,0
-0.96259,7.39,0
-0.96259,7.57,0
-0.96259,7.75,0
-0.96259,7.93,0
-0.96259,8.11,0
-0.96259,8.29,0
-0.96259,8.47,0
-0.96259,8.65,0
-0.96259,8.83,0
-0.96259,9.01,0
-0.96259,9.19,0
-0.96259,9.37,0
-0.96259,9.55,0
-0.96259,9.73,0
-0.96259,9.91,0
-0.955302,1.09,0
-0.955302,1.27,0
-0.955302,1.45,0
-0.955302,1.63,0
-0.955302,1.81,0
-0.955302,1.99,0
-0.955302,2.17,0
-0.955302,2.35,0
-0.955302,2.53,0
-0.955302,2.71,0
-0.955302,2.89,0
-0.955302,3.07,0
-0.955302,3.25,0
-0.955302,3.43,0
-0.955302,3.61,0
-0.955302,3.79,0
-0.955302,3.97,0
-0.955302,4.15,0
-0.955302,4.33,0
-0.955302,4.51,0
-0.955302,4.69,0
-0.955302,4.87,0
-0.955302,5.05,0
-0.955302,5.23,0
-0.955302,5.41,0
-0.955302,5.59,0
-0.955302,5.77,0
-0.955302,5.95,0
-0.955302,6.13,0
-0.955302,6.31,0
-0.955302,6.49,0
-0.955302,6.67,0
-0.955302,6.85,0
-0.955302,7.03,0
-0.955302,7.21,0
-0.955302,7.39,0
-0.955302,7.57,0
-0.955302,7.75,0
-0.955302,7.93,0
-0.955302,8.11,0
-0.955302,8.29,0
-0.955302,8.47,0
-0.955302,8.65,0
-0.955302,8.83,0
-0.955302,9.01,0
-0.955302,9.19,0
-0.955302,9.37,0
-0.955302,9.55,0
-0.955302,9.73,0
-0.955302,9.91,0
-0.948014,1.09,0
-0.948014,1.27,0
-0.948014,1.45,0
-0.948014,1.63,0
-0.948014,1.81,0
-0.948014,1.99,0
-0.948014,2.17,0
-0.948014,2.35,0
-0.948014,2.53,0
-0.948014,2.71,0
-0.948014,2.89,0
-0.948014,3.07,0
-0.948014,3.25,0
-0.948014,3.43,0
-0.948014,3.61,0
-0.948014,3.79,0
-0.948014,3.97,0
-0.948014,4.15,0
-0.948014,4.33,0
-0.948014,4.51,0
-0.948014,4.69,0
-0.948014,4.87,0
-0.948014,5.05,0
-0.948014,5.23,0
-0.948014,5.41,0
-0.948014,5.59,0
-0.948014,5.77,0
-0.948014,5.95,0
-0.948014,6.13,0
-0.948014,6.31,0
-0.948014,6.49,0
-0.948014,6.67,0
-0.948014,6.85,0
-0.948014,7.03,0
-0.948014,7.21,0
-0.948014,7.39,0
-0.948014,7.57,0
-0.948014,7.75,0
-0.948014,7.93,0
-0.948014,8.11,0
-0.948014,8.29,0
-0.948014,8.47,0
-0.948014,8.65,0
-0.948014,8.83,0
-0.948014,9.01,0
-0.948014,9.19,0
-0.948014,9.37,0
-0.948014,9.55,0
-0.948014,9.73,0
-0.948014,9.91,0
-0.940726,1.09,0
-0.940726,1.27,0
-0.940726,1.45,0
-0.940726,1.63,0
-0.940726,1.81,0
-0.940726,1.99,0
-0.940726,2.17,0
-0.940726,2.35,0
-0.940726,2.53,0
-0.940726,2.71,0
-0.940726,2.89,0
-0.940726,3.07,0
-0.940726,3.25,0
-0.940726,3.43,0
-0.940726,3.61,0
-0.940726,3.79,0
-0.940726,3.97,0
-0.940726,4.15,0
-0.940726,4.33,0
-0.940726,4.51,0
-0.940726,4.69,0
-0.940726,4.87,0
-0.940726,5.05,0
-0.940726,5.23,0
-0.940726,5.41,0
-0.940726,5.59,0
-0.940726,5.77,0
-0.940726,5.95,0
-0.940726,6.13,0
-0.940726,6.31,0
-0.940726,6.49,0
-0.940726,6.67,0
-0.940726,6.85,0
-0.940726,7.03,0
-0.940726,7.21,0
-0.940726,7.39,0
-0.940726,7.57,0
-0.940726,7.75,0
-0.940726,7.93,0
-0.940726,8.11,0
-0.940726,8.29,0
-0.940726,8.47,0
-0.940726,8.65,0
-0.940726,8.83,0
-0.940726,9.01,0
-0.940726,9.19,0
-0.940726,9.37,0
-0.940726,9.55,0
-0.940726,9.73,0
-0.940726,9.91,0
-0.933438,1.09,0
-0.933438,1.27,0
-0.933438,1.45,0
-0.933438,1.63,0
-0.933438,1.81,0
-0.933438,1.99,0
-0.933438,2.17,0
-0.933438,2.35,0
-0.933438,2.53,0
-0.933438,2.71,0
-0.933438,2.89,0
-0.933438,3.07,0
-0.933438,3.25,0
-0.933438,3.43,0
-0.933438,3.61,0
-0.933438,3.79,0
-0.933438,3.97,0
-0.933438,4.15,0
-0.933438,4.33,0
-0.933438,4.51,0
-0.933438,4.69,0
-0.933438,4.87,0
-0.933438,5.05,0
-0.933438,5.23,0
-0.933438,5.41,0
-0.933438,5.59,0
-0.933438,5.77,0
-0.933438,5.95,0
-0.933438,6.13,0
-0.933438,6.31,0
-0.933438,6.49,0
-0.933438,6.67,0
-0.933438,6.85,0
-0.933438,7.03,0
-0.933438,7.21,0
-0.933438,7.39,0
-0.933438,7.57,0
-0.933438,7.75,0
-0.933438,7.93,0
-0.933438,8.11,0
-0.933438,8.29,0
-0.933438,8.47,0
-0.933438,8.65,0
-0.933438,8.83,0
-0.933438,9.01,0
-0.933438,9.19,0
-0.933438,9.37,0
-0.933438,9.55,0
-0.933438,9.73,0
-0.933438,9.91,0
-0.92615,1.09,0
-0.92615,1.27,0
-0.92615,1.45,0
-0.92615,1.63,0
-0.92615,1.81,0
-0.92615,1.99,0
-0.92615,2.17,0
-0.92615,2.35,0
-0.92615,2.53,0
-0.92615,2.71,0
-0.92615,2.89,0
-0.92615,3.07,0
-0.92615,3.25,0
-0.92615,3.43,0
-0.92615,3.61,0
-0.92615,3.79,0
-0.92615,3.97,0
-0.92615,4.15,0
-0.92615,4.33,0
-0.92615,4.51,0
-0.92615,4.69,0
-0.92615,4.87,0
-0.92615,5.05,0
-0.92615,5.23,0
-0.92615,5.41,0
-0.92615,5.59,0
-0.92615,5.77,0
-0.92615,5.95,0
-0.92615,6.13,0
-0.92615,6.31,0
-0.92615,6.49,0
-0.92615,6.67,0
-0.92615,6.85,0
-0.92615,7.03,0
-0.92615,7.21,0
-0.92615,7.39,0
-0.92615,7.57,0
-0.92615,7.75,0
-0.92615,7.93,0
-0.92615,8.11,0
-0.92615,8.29,0
-0.92615,8.47,0
-0.92615,8.65,0
-0.92615,8.83,0
-0.92615,9.01,0
-0.92615,9.19,0
-0.92615,9.37,0
-0.92615,9.55,0
-0.92615,9.73,0
-0.92615,9.91,0
-0.918862,1.09,0
-0.918862,1.27,0
-0.918862,1.45,0
-0.918862,1.63,0
-0.918862,1.81,0
-0.918862,1.99,0
-0.918862,2.17,0
-0.918862,2.35,0
-0.918862,2.53,0
-0.918862,2.71,0
-0.918862,2.89,0
-0.918862,3.07,0
-0.918862,3.25,0
-0.918862,3.43,0
-0.918862,3.61,0
-0.918862,3.79,0
-0.918862,3.97,0
-0.918862,4.15,0
-0.918862,4.33,0
-0.918862,4.51,0
-0.918862,4.69,0
-0.918862,4.87,0
-0.918862,5.05,0
-0.918862,5.23,0
-0.918862,5.41,0
-0.918862,5.59,0
-0.918862,5.77,0
-0.918862,5.95,0
-0.918862,6.13,0
-0.918862,6.31,0
-0.918862,6.49,0
-0.918862,6.67,0
-0.918862,6.85,0
-0.918862,7.03,0
-0.918862,7.21,0
-0.918862,7.39,0
-0.918862,7.57,0
-0.918862,7.75,0
-0.918862,7.93,0
-0.918862,8.11,0
-0.918862,8.29,0
-0.918862,8.47,0
-0.918862,8.65,0
-0.918862,8.83,0
-0.918862,9.01,0
-0.918862,9.19,0
-0.918862,9.37,0
-0.918862,9.55,0
-0.918862,9.73,0
-0.918862,9.91,0
-0.911574,1.09,0
-0.911574,1.27,0
-0.911574,1.45,0
-0.911574,1.63,0
-0.911574,1.81,0
-0.911574,1.99,0
-0.911574,2.17,0
-0.911574,2.35,0
-0.911574,2.53,0
-0.911574,2.71,0
-0.911574,2.89,0
-0.911574,3.07,0
-0.911574,3.25,0
-0.911574,3.43,0
-0.911574,3.61,0
-0.911574,3.79,0
-0.911574,3.97,0
-0.911574,4.15,0
-0.911574,4.33,0
-0.911574,4.51,0
-0.911574,4.69,0
-0.911574,4.87,0
-0.911574,5.05,0
-0.911574,5.23,0
-0.911574,5.41,0
-0.911574,5.59,0
-0.911574,5.77,0
-0.911574,5.95,0
-0.911574,6.13,0
-0.911574,6.31,0
-0.911574,6.49,0
-0.911574,6.67,0
-0.911574,6.85,0
-0.911574,7.03,0
-0.911574,7.21,0
-0.911574,7.39,0
-0.911574,7.57,0
-0.911574,7.75,0
-0.911574,7.93,0
-0.911574,8.11,0
-0.911574,8.29,0
-0.911574,8.47,0
-0.911574,8.65,0
-0.911574,8.83,0
-0.911574,9.01,0
-0.911574,9.19,0
-0.911574,9.37,0
-0.911574,9.55,0
-0.911574,9.73,0
-0.911574,9.91,0
-0.904286,1.09,0
-0.904286,1.27,0
-0.904286,1.45,0
-0.904286,1.63,0
-0.904286,1.81,0
-0.904286,1.99,0
-0.904286,2.17,0
-0.904286,2.35,0
-0.904286,2.53,0
-0.904286,2.71,0
-0.904286,2.89,0
-0.904286,3.07,0
-0.904286,3.25,0
-0.904286,3.43,0
-0.904286,3.61,0
-0.904286,3.79,0
-0.904286,3.97,0
-0.904286,4.15,0
-0.904286,4.33,0
-0.904286,4.51,0
-0.904286,4.69,0
-0.904286,4.87,0
-0.904286,5.05,0
-0.904286,5.23,0
-0.904286,5.41,0
-0.904286,5.59,0
-0.904286,5.77,0
-0.904286,5.95,0
-0.904286,6.13,0
-0.904286,6.31,0
-0.904286,6.49,0
-0.904286,6.67,0
-0.904286,6.85,0
-0.904286,7.03,0
-0.904286,7.21,0
-0.904286,7.39,0
-0.904286,7.57,0
-0.904286,7.75,0
-0.904286,7.93,0
-0.904286,8.11,0
-0.904286,8.29,0
-0.904286,8.47,0
-0.904286,8.65,0
-0.904286,8.83,0
-0.904286,9.01,0
-0.904286,9.19,0
-0.904286,9.37,0
-0.904286,9.55,0
-0.904286,9.73,0
-0.904286,9.91,0
-0.896998,1.09,-0.0350763
-0.896998,1.27,-0.00234737
-0.896998,1.45,0.000707794
-0.896998,1.63,-0.0036079
-0.896998,1.81,-0.0167202
-0.896998,1.99,0.00297648
-0.896998,2.17,-0.00212307
-0.896998,2.35,0.00170935
-0.896998,2.53,0.0049157
-0.896998,2.71,-0.0208876
-0.896998,2.89,-0.00655622
-0.896998,3.07,0.0152374
-0.896998,3.25,0.0806936
-0.896998,3.43,0.0603144
-0.896998,3.61,-0.0202362
-0.896998,3.79,-0.0443303
-0.896998,3.97,-0.0597979
-0.896998,4.15,-0.0721609
-0.896998,4.33,-0.0697443
-0.896998,4.51,-0.0430205
-0.896998,4.69,-0.0145672
-0.896998,4.87,0.000846146
-0.896998,5.05,0.00737111
-0.896998,5.23,0.00989737
-0.896998,5.41,0.0107894
-0.896998,5.59,0.0110648
-0.896998,5.77,0.0111758
-0.896998,5.95,0.0113695
-0.896998,6.13,0.011829
-0.896998,6.31,0.0127709
-0.896998,6.49,0.0145505
-0.896998,6.67,0.0178803
-0.896998,6.85,0.0243202
-0.896998,7.03,0.0374848
-0.896998,7.21,0.0642902
-0.896998,7.39,0.0993094
-0.896998,7.57,0.0908677
-0.896998,7.75,0.056882
-0.896998,7.93,0.0354935
-0.896998,8.11,0.0243268
-0.896998,8.29,0.0181685
-0.896998,8.47,0.0144764
-0.896998,8.65,0.0120929
-0.896998,8.83,0.0104587
-0.896998,9.01,0.0092828
-0.896998,9.19,0.00840292
-0.896998,9.37,0.00772319
-0.896998,9.55,0.00718424
-0.896998,9.73,0.00674764
-0.896998,9.91,0.00638761
-0.88971,1.09,-0.118115
-0.88971,1.27,-0.00513218
-0.88971,1.45,0.00569711
-0.88971,1.63,-0.0111708
-0.88971,1.81,-0.067058
-0.88971,1.99,0.0365763
-0.88971,2.17,-0.0195145
-0.88971,2.35,0.0162657
-0.88971,2.53,-0.021577
-0.88971,2.71,-0.0897817
-0.88971,2.89,-0.00986513
-0.88971,3.07,0.124717
-0.88971,3.25,0.551589
-0.88971,3.43,0.0755746
-0.88971,3.61,-0.197293
-0.88971,3.79,-0.258274
-0.88971,3.97,-0.296728
-0.88971,4.15,-0.311493
-0.88971,4.33,-0.251577
-0.88971,4.51,-0.109081
-0.88971,4.69,0.014016
-0.88971,4.87,0.0733925
-0.88971,5.05,0.0943596
-0.88971,5.23,0.0996963
-0.88971,5.41,0.0997922
-0.88971,5.59,0.0989037
-0.88971,5.77,0.0988494
-0.88971,5.95,0.100763
-0.88971,6.13,0.105727
-0.88971,6.31,0.11537
-0.88971,6.49,0.132714
-0.88971,6.67,0.1642
-0.88971,6.85,0.224831
-0.88971,7.03,0.352038
-0.88971,7.21,0.611889
-0.88971,7.39,0.779398
-0.88971,7.57,0.453572
-0.88971,7.75,0.217265
-0.88971,7.93,0.11973
-0.88971,8.11,0.0765848
-0.88971,8.29,0.0549374
-0.88971,8.47,0.0428515
-0.88971,8.65,0.0355135
-0.88971,8.83,0.0307531
-0.88971,9.01,0.0274976
-0.88971,9.19,0.0251719
-0.88971,9.37,0.0234482
-0.88971,9.55,0.0221316
-0.88971,9.73,0.0211002
-0.88971,9.91,0.0202749
-0.882422,1.09,-0.0975897
-0.882422,1.27,0.00741714
-0.882422,1.45,0.0147514
-0.882422,1.63,-0.0045213
-0.882422,1.81,-0.0807267
-0.882422,1.99,0.115233
-0.882422,2.17,-0.0380003
-0.882422,2.35,0.0398752
-0.882422,2.53,-0.148681
-0.882422,2.71,-0.117164
-0.882422,2.89,0.0279062
-0.882422,3.07,0.309908
-0.882422,3.25,1.16111
-0.882422,3.43,-0.222113
-0.882422,3.61,-0.412877
-0.882422,3.79,-0.440722
-0.882422,3.97,-0.45118
-0.882422,4.15,-0.411606
-0.882422,4.33,-0.251117
-0.882422,4.51,0.00093882
-0.882422,4.69,0.182994
-0.882422,4.87,0.254094
-0.882422,5.05,0.267786
-0.882422,5.23,0.262508
-0.882422,5.41,0.253998
-0.882422,5.59,0.248028
-0.882422,5.77,0.246835
-0.882422,5.95,0.252176
-0.882422,6.13,0.266319
-0.882422,6.31,0.293404
-0.882422,6.49,0.341901
-0.882422,6.67,0.431228
-0.882422,6.85,0.611873
-0.882422,7.03,1.03185
-0.882422,7.21,1.89728
-0.882422,7.39,1.38631
-0.882422,7.57,0.417182
-0.882422,7.75,0.136912
-0.882422,7.93,0.0524285
-0.882422,8.11,0.0221681
-0.882422,8.29,0.0102757
-0.882422,8.47,0.00553661
-0.882422,8.65,0.00385353
-0.882422,8.83,0.00354639
-0.882422,9.01,0.00386797
-0.882422,9.19,0.00446566
-0.882422,9.37,0.00516717
-0.882422,9.55,0.00588796
-0.882422,9.73,0.00658706
-0.882422,9.91,0.00724592
-0.875134,1.09,-0.0791661
-0.875134,1.27,0.0390892
-0.875134,1.45,0.0364943
-0.875134,1.63,0.0156224
-0.875134,1.81,-0.0657668
-0.875134,1.99,0.261933
-0.875134,2.17,-0.0491771
-0.875134,2.35,0.0699711
-0.875134,2.53,-0.303937
-0.875134,2.71,-0.102448
-0.875134,2.89,0.104062
-0.875134,3.07,0.578336
-0.875134,3.25,1.39172
-0.875134,3.43,-0.553968
-0.875134,3.61,-0.570755
-0.875134,3.79,-0.539938
-0.875134,3.97,-0.492881
-0.875134,4.15,-0.363886
-0.875134,4.33,-0.0765613
-0.875134,4.51,0.281034
-0.875134,4.69,0.49025
-0.875134,4.87,0.537994
-0.875134,5.05,0.518698
-0.875134,5.23,0.486409
-0.875134,5.41,0.459429
-0.875134,5.59,0.442884
-0.875134,5.77,0.438129
-0.875134,5.95,0.447023
-0.875134,6.13,0.473115
-0.875134,6.31,0.524039
-0.875134,6.49,0.616846
-0.875134,6.67,0.793997
-0.875134,6.85,1.1832
-0.875134,7.03,2.25435
-0.875134,7.21,3.26388
-0.875134,7.39,0.360597
-0.875134,7.57,-0.122892
-0.875134,7.75,-0.163213
-0.875134,7.93,-0.147347
-0.875134,8.11,-0.125873
-0.875134,8.29,-0.106747
-0.875134,8.47,-0.0909511
-0.875134,8.65,-0.0780934
-0.875134,8.83,-0.0675979
-0.875134,9.01,-0.058967
-0.875134,9.19,-0.0517982
-0.875134,9.37,-0.0457807
-0.875134,9.55,-0.0406825
-0.875134,9.73,-0.0363258
-0.875134,9.91,-0.0325732
-0.867846,1.09,-0.0646238
-0.867846,1.27,0.0947749
-0.867846,1.45,0.101293
-0.867846,1.63,0.0511668
-0.867846,1.81,-0.0345108
-0.867846,1.99,0.521303
-0.867846,2.17,-0.0486098
-0.867846,2.35,0.108507
-0.867846,2.53,-0.353744
-0.867846,2.71,-0.0520659
-0.867846,2.89,0.21138
-0.867846,3.07,0.93722
-0.867846,3.25,0.382866
-0.867846,3.43,-0.754935
-0.867846,3.61,-0.632685
-0.867846,3.79,-0.53746
-0.867846,3.97,-0.412804
-0.867846,4.15,-0.164099
-0.867846,4.33,0.281666
-0.867846,4.51,0.746605
-0.867846,4.69,0.939169
-0.867846,4.87,0.911449
-0.867846,5.05,0.821775
-0.867846,5.23,0.738929
-0.867846,5.41,0.6785
-0.867846,5.59,0.641061
-0.867846,5.77,0.624551
-0.867846,5.95,0.629099
-0.867846,6.13,0.657567
-0.867846,6.31,0.717831
-0.867846,6.49,0.828098
-0.867846,6.67,1.02996
-0.867846,6.85,1.41181
-0.867846,7.03,1.40512
-0.867846,7.21,-1.84574
-0.867846,7.39,-1.17579
-0.867846,7.57,-0.743451
-0.867846,7.75,-0.523703
-0.867846,7.93,-0.3961
-0.867846,8.11,-0.314335
-0.867846,8.29,-0.258074
-0.867846,8.47,-0.217351
-0.867846,8.65,-0.186729
-0.867846,8.83,-0.163009
-0.867846,9.01,-0.144214
-0.867846,9.19,-0.129027
-0.867846,9.37,-0.11654
-0.867846,9.55,-0.106133
-0.867846,9.73,-0.0973566
-0.867846,9.91,-0.0898815
-0.860558,1.09,-0.0336084
-0.860558,1.27,0.17625
-0.860558,1.45,0.280167
-0.860558,1.63,0.115866
-0.860558,1.81,0.000497863
-0.860558,1.99,0.891226
-0.860558,2.17,-0.0342917
-0.860558,2.35,0.169937
-0.860558,2.53,-0.273826
-0.860558,2.71,0.0220269
-0.860558,2.89,0.337707
-0.860558,3.07,1.39054
-0.860558,3.25,-0.818801
-0.860558,3.43,-0.804049
-0.860558,3.61,-0.594977
-0.860558,3.79,-0.432781
-0.860558,3.97,-0.209741
-0.860558,4.15,0.199684
-0.860558,4.33,0.861799
-0.860558,4.51,1.44015
-0.860558,4.69,1.52805
-0.860558,4.87,1.331
-0.860558,5.05,1.11132
-0.860558,5.23,0.942413
-0.860558,5.41,0.824272
-0.860558,5.59,0.744856
-0.860558,5.77,0.693065
-0.860558,5.95,0.661244
-0.860558,6.13,0.641406
-0.860558,6.31,0.618575
-0.860558,6.49,0.546056
-0.860558,6.67,0.214448
-0.860558,6.85,-1.53098
-0.860558,7.03,-5.65693
-0.860558,7.21,-3.46913
-0.860558,7.39,-1.83283
-0.860558,7.57,-1.14208
-0.860558,7.75,-0.798222
-0.860558,7.93,-0.600887
-0.860558,8.11,-0.475894
-0.860558,8.29,-0.390969
-0.860558,8.47,-0.330212
-0.860558,8.65,-0.285002
-0.860558,8.83,-0.250308
-0.860558,9.01,-0.223054
-0.860558,9.19,-0.201204
-0.860558,9.37,-0.183366
-0.860558,9.55,-0.168597
-0.860558,9.73,-0.15622
-0.860558,9.91,-0.145741
-0.85327,1.09,0.0175303
-0.85327,1.27,0.278708
-0.85327,1.45,0.114776
-0.85327,1.63,0.23507
-0.85327,1.81,0.0226397
-0.85327,1.99,0.324093
-0.85327,2.17,0.00133673
-0.85327,2.35,0.199555
-0.85327,2.53,-0.135117
-0.85327,2.71,0.116999
-0.85327,2.89,0.452341
-0.85327,3.07,1.7731
-0.85327,3.25,-1.10613
-0.85327,3.43,-0.650522
-0.85327,3.61,-0.406727
-0.85327,3.79,-0.189662
-0.85327,3.97,0.128159
-0.85327,4.15,0.699573
-0.85327,4.33,1.57496
-0.85327,4.51,2.14852
-0.85327,4.69,1.90996
-0.85327,4.87,1.41964
-0.85327,5.05,1.03377
-0.85327,5.23,0.770899
-0.85327,5.41,0.588084
-0.85327,5.59,0.449848
-0.85327,5.77,0.329324
-0.85327,5.95,0.201328
-0.85327,6.13,0.0284638
-0.85327,6.31,-0.266963
-0.85327,6.49,-0.878615
-0.85327,6.67,-2.27112
-0.85327,6.85,-4.44129
-0.85327,7.03,-4.2638
-0.85327,7.21,-2.61232
-0.85327,7.39,-1.5868
-0.85327,7.57,-1.04936
-0.85327,7.75,-0.749535
-0.85327,7.93,-0.568082
-0.85327,8.11,-0.450406
-0.85327,8.29,-0.369853
-0.85327,8.47,-0.312276
-0.85327,8.65,-0.269667
-0.85327,8.83,-0.237234
-0.85327,9.01,-0.212
-0.85327,9.19,-0.191987
-0.85327,9.37,-0.175832
-0.85327,9.55,-0.162611
-0.85327,9.73,-0.151663
-0.85327,9.91,-0.142508
-0.845982,1.09,0.0354853
-0.845982,1.27,0.38105
-0.845982,1.45,-0.383482
-0.845982,1.63,0.406932
-0.845982,1.81,0.0274067
-0.845982,1.99,-0.105187
-0.845982,2.17,0.0180381
-0.845982,2.35,0.205341
-0.845982,2.53,-0.00167606
-0.845982,2.71,0.158762
-0.845982,2.89,0.45397
-0.845982,3.07,1.72885
-0.845982,3.25,-0.771879
-0.845982,3.43,-0.382697
-0.845982,3.61,-0.170766
-0.845982,3.79,0.0533495
-0.845982,3.97,0.412306
-0.845982,4.15,1.09632
-0.845982,4.33,2.17721
-0.845982,4.51,2.52264
-0.845982,4.69,1.66085
-0.845982,4.87,0.890125
-0.845982,5.05,0.437631
-0.845982,5.23,0.161459
-0.845982,5.41,-0.0344743
-0.845982,5.59,-0.202395
-0.845982,5.77,-0.377265
-0.845982,5.95,-0.59324
-0.845982,6.13,-0.896681
-0.845982,6.31,-1.35662
-0.845982,6.49,-2.03941
-0.845982,6.67,-2.80126
-0.845982,6.85,-2.97284
-0.845982,7.03,-2.30036
-0.845982,7.21,-1.51402
-0.845982,7.39,-0.979143
-0.845982,7.57,-0.65732
-0.845982,7.75,-0.462987
-0.845982,7.93,-0.341262
-0.845982,8.11,-0.26174
-0.845982,8.29,-0.207852
-0.845982,8.47,-0.170126
-0.845982,8.65,-0.142974
-0.845982,8.83,-0.122969
-0.845982,9.01,-0.10795
-0.845982,9.19,-0.0964917
-0.845982,9.37,-0.0876226
-0.845982,9.55,-0.0806801
-0.845982,9.73,-0.0751962
-0.845982,9.91,-0.0708345
-0.838694,1.09,0.0136751
-0.838694,1.27,0.147217
-0.838694,1.45,-0.143401
-0.838694,1.63,0.656971
-0.838694,1.81,0.0092097
-0.838694,1.99,-0.0282623
-0.838694,2.17,-0.00509166
-0.838694,2.35,0.172672
-0.838694,2.53,0.0454143
-0.838694,2.71,0.136036
-0.838694,2.89,0.378234
-0.838694,3.07,1.40297
-0.838694,3.25,-0.375441
-0.838694,3.43,-0.163298
-0.838694,3.61,-0.00973431
-0.838694,3.79,0.189055
-0.838694,3.97,0.555379
-0.838694,4.15,1.41709
-0.838694,4.33,3.19033
-0.838694,4.51,2.00351
-0.838694,4.69,0.237395
-0.838694,4.87,-0.310238
-0.838694,5.05,-0.519844
-0.838694,5.23,-0.639284
-0.838694,5.41,-0.73701
-0.838694,5.59,-0.838373
-0.838694,5.77,-0.955982
-0.838694,5.95,-1.09825
-0.838694,6.13,-1.26684
-0.838694,6.31,-1.44585
-0.838694,6.49,-1.57968
-0.838694,6.67,-1.56263
-0.838694,6.85,-1.3196
-0.838694,7.03,-0.93273
-0.838694,7.21,-0.566212
-0.838694,7.39,-0.301754
-0.838694,7.57,-0.134473
-0.838694,7.75,-0.0343503
-0.838694,7.93,0.0242109
-0.838694,8.11,0.0579907
-0.838694,8.29,0.0768975
-0.838694,8.47,0.0868577
-0.838694,8.65,0.091391
-0.838694,8.83,0.0926134
-0.838694,9.01,0.0918401
-0.838694,9.19,0.0898626
-0.838694,9.37,0.0871654
-0.838694,9.55,0.0840699
-0.838694,9.73,0.0807815
-0.838694,9.91,0.0774314
-0.831406,1.09,-0.00638537
-0.831406,1.27,0.0108661
-0.831406,1.45,-0.022316
-0.831406,1.63,0.0582093
-0.831406,1.81,0.00413777
-0.831406,1.99,-0.0262152
-0.831406,2.17,-0.0197682
-0.831406,2.35,-0.0218495
-0.831406,2.53,0.0213966
-0.831406,2.71,0.0992616
-0.831406,2.89,0.332309
-0.831406,3.07,0.498597
-0.831406,3.25,-0.238415
-0.831406,3.43,-0.11023
-0.831406,3.61,-0.000712569
-0.831406,3.79,0.156076
-0.831406,3.97,0.475997
-0.831406,4.15,1.39988
-0.831406,4.33,3.11028
-0.831406,4.51,0.0801806
-0.831406,4.69,-0.527706
-0.831406,4.87,-0.625239
-0.831406,5.05,-0.658743
-0.831406,5.23,-0.687889
-0.831406,5.41,-0.724597
-0.831406,5.59,-0.772128
-0.831406,5.77,-0.830708
-0.831406,5.95,-0.898373
-0.831406,6.13,-0.966934
-0.831406,6.31,-1.01575
-0.831406,6.49,-1.00571
-0.831406,6.67,-0.888718
-0.831406,6.85,-0.655109
-0.831406,7.03,-0.3715
-0.831406,7.21,-0.126915
-0.831406,7.39,0.0397211
-0.831406,7.57,0.137056
-0.831406,7.75,0.187678
-0.831406,7.93,0.210426
-0.831406,8.11,0.217566
-0.831406,8.29,0.216154
-0.831406,8.47,0.210271
-0.831406,8.65,0.202215
-0.831406,8.83,0.19327
-0.831406,9.01,0.184177
-0.831406,9.19,0.175311
-0.831406,9.37,0.166842
-0.831406,9.55,0.158865
-0.831406,9.73,0.151415
-0.831406,9.91,0.144491
-0.824117,1.09,-0.0437234
-0.824117,1.27,0.0152429
-0.824117,1.45,-0.00564086
-0.824117,1.63,-0.193353
-0.824117,1.81,0.00712765
-0.824117,1.99,-0.0314665
-0.824117,2.17,-0.0187913
-0.824117,2.35,-0.160537
-0.824117,2.53,0.0243224
-0.824117,2.71,0.0935179
-0.824117,2.89,0.329776
-0.824117,3.07,-0.26912
-0.824117,3.25,-0.190185
-0.824117,3.43,-0.0850465
-0.824117,3.61,0.00901492
-0.824117,3.79,0.151488
-0.824117,3.97,0.462902
-0.824117,4.15,1.45734
-0.824117,4.33,1.92251
-0.824117,4.51,-0.267851
-0.824117,4.69,-0.514451
-0.824117,4.87,-0.550648
-0.824117,5.05,-0.56632
-0.824117,5.23,-0.586154
-0.824117,5.41,-0.614561
-0.824117,5.59,-0.652326
-0.824117,5.77,-0.69835
-0.824117,5.95,-0.749275
-0.824117,6.13,-0.795499
-0.824117,6.31,-0.815851
-0.824117,6.49,-0.775178
-0.824117,6.67,-0.640171
-0.824117,6.85,-0.422375
-0.824117,7.03,-0.190125
-0.824117,7.21,-0.00788615
-0.824117,7.39,0.107376
-0.824117,7.57,0.169879
-0.824117,7.75,0.198979
-0.824117,7.93,0.20899
-0.824117,8.11,0.208772
-0.824117,8.29,0.203236
-0.824117,8.47,0.195161
-0.824117,8.65,0.186071
-0.824117,8.83,0.176788
-0.824117,9.01,0.167768
-0.824117,9.19,0.159216
-0.824117,9.37,0.151207
-0.824117,9.55,0.143769
-0.824117,9.73,0.136896
-0.824117,9.91,0.13056
-0.816829,1.09,-0.184873
-0.816829,1.27,0.0124488
-0.816829,1.45,0.00274084
-0.816829,1.63,-0.117399
-0.816829,1.81,0.0102638
-0.816829,1.99,-0.0280928
-0.816829,2.17,-0.0184615
-0.816829,2.35,-0.0897646
-0.816829,2.53,0.023877
-0.816829,2.71,0.0840476
-0.816829,2.89,0.318478
-0.816829,3.07,-0.333683
-0.816829,3.25,-0.145779
-0.816829,3.43,-0.0633392
-0.816829,3.61,0.0150443
-0.816829,3.79,0.140948
-0.816829,3.97,0.438043
-0.816829,4.15,1.47957
-0.816829,4.33,0.66732
-0.816829,4.51,-0.374745
-0.816829,4.69,-0.452715
-0.816829,4.87,-0.459926
-0.816829,5.05,-0.46628
-0.816829,5.23,-0.479794
-0.816829,5.41,-0.501166
-0.816829,5.59,-0.529837
-0.816829,5.77,-0.563903
-0.816829,5.95,-0.599116
-0.816829,6.13,-0.625297
-0.816829,6.31,-0.622359
-0.816829,6.49,-0.561471
-0.816829,6.67,-0.424397
-0.816829,6.85,-0.236539
-0.816829,7.03,-0.0582057
-0.816829,7.21,0.0695344
-0.816829,7.39,0.143984
-0.816829,7.57,0.180411
-0.816829,7.75,0.194153
-0.816829,7.93,0.195556
-0.816829,8.11,0.190737
-0.816829,8.29,0.182951
-0.816829,8.47,0.173993
-0.816829,8.65,0.16481
-0.816829,8.83,0.155884
-0.816829,9.01,0.147464
-0.816829,9.19,0.139637
-0.816829,9.37,0.132412
-0.816829,9.55,0.125774
-0.816829,9.73,0.119689
-0.816829,9.91,0.114118
-0.809541,1.09,-0.138541
-0.809541,1.27,0.00710692
-0.809541,1.45,0.00646695
-0.809541,1.63,-0.0684997
-0.809541,1.81,0.0146147
-0.809541,1.99,-0.0225253
-0.809541,2.17,-0.0182445
-0.809541,2.35,-0.0396527
-0.809541,2.53,0.0205249
-0.809541,2.71,0.0705489
-0.809541,2.89,0.289216
-0.809541,3.07,-0.252414
-0.809541,3.25,-0.105893
-0.809541,3.43,-0.0450127
-0.809541,3.61,0.0168144
-0.809541,3.79,0.12225
-0.809541,3.97,0.393092
-0.809541,4.15,1.36177
-0.809541,4.33,-0.0234765
-0.809541,4.51,-0.353883
-0.809541,4.69,-0.362635
-0.809541,4.87,-0.358221
-0.809541,5.05,-0.360032
-0.809541,5.23,-0.368915
-0.809541,5.41,-0.383981
-0.809541,5.59,-0.404048
-0.809541,5.77,-0.426846
-0.809541,5.95,-0.447823
-0.809541,6.13,-0.457249
-0.809541,6.31,-0.437853
-0.809541,6.49,-0.368859
-0.809541,6.67,-0.245157
-0.809541,6.85,-0.0974699
-0.809541,7.03,0.0282039
-0.809541,7.21,0.110118
-0.809541,7.39,0.153214
-0.809541,7.57,0.170925
-0.809541,7.75,0.174407
-0.809541,7.93,0.170626
-0.809541,8.11,0.163523
-0.809541,8.29,0.155095
-0.809541,8.47,0.146402
-0.809541,8.65,0.137969
-0.809541,8.83,0.130037
-0.809541,9.01,0.12271
-0.809541,9.19,0.116001
-0.809541,9.37,0.109877
-0.809541,9.55,0.104298
-0.809541,9.73,0.0992203
-0.809541,9.91,0.0945965
-0.802253,1.09,-0.0186719
-0.802253,1.27,0.00199446
-0.802253,1.45,0.00674621
-0.802253,1.63,-0.0374095
-0.802253,1.81,0.0186392
-0.802253,1.99,-0.0161949
-0.802253,2.17,-0.0172097
-0.802253,2.35,-0.0159269
-0.802253,2.53,0.0165701
-0.802253,2.71,0.0550261
-0.802253,2.89,0.218484
-0.802253,3.07,-0.165187
-0.802253,3.25,-0.0708782
-0.802253,3.43,-0.0286407
-0.802253,3.61,0.0174056
-0.802253,3.79,0.101141
-0.802253,3.97,0.337387
-0.802253,4.15,0.973481
-0.802253,4.33,-0.1942
-0.802253,4.51,-0.269401
-0.802253,4.69,-0.260791
-0.802253,4.87,-0.255112
-0.802253,5.05,-0.255786
-0.802253,5.23,-0.261782
-0.802253,5.41,-0.271969
-0.802253,5.59,-0.285124
-0.802253,5.77,-0.299069
-0.802253,5.95,-0.309579
-0.802253,6.13,-0.308282
-0.802253,6.31,-0.281778
-0.802253,6.49,-0.217306
-0.802253,6.67,-0.118798
-0.802253,6.85,-0.0148914
-0.802253,7.03,0.0645151
-0.802253,7.21,0.111269
-0.802253,7.39,0.132787
-0.802253,7.57,0.139083
-0.802253,7.75,0.137388
-0.802253,7.93,0.131928
-0.802253,8.11,0.124994
-0.802253,8.29,0.117682
-0.802253,8.47,0.110546
-0.802253,8.65,0.10384
-0.802253,8.83,0.0976567
-0.802253,9.01,0.0920199
-0.802253,9.19,0.0869065
-0.802253,9.37,0.0822734
-0.802253,9.55,0.0780774
-0.802253,9.73,0.0742751
-0.802253,9.91,0.0708258
-0.794965,1.09,-0.00281164
-0.794965,1.27,-0.00152601
-0.794965,1.45,0.00488805
-0.794965,1.63,-0.0183248
-0.794965,1.81,0.0220594
-0.794965,1.99,-0.00988589
-0.794965,2.17,-0.0148464
-0.794965,2.35,-0.00586062
-0.794965,2.53,0.0110107
-0.794965,2.71,0.0360233
-0.794965,2.89,0.0438136
-0.794965,3.07,-0.0905986
-0.794965,3.25,-0.0403438
-0.794965,3.43,-0.0152892
-0.794965,3.61,0.0140536
-0.794965,3.79,0.0711045
-0.794965,3.97,0.248946
-0.794965,4.15,0.336967
-0.794965,4.33,-0.165626
-0.794965,4.51,-0.167029
-0.794965,4.69,-0.157663
-0.794965,4.87,-0.153593
-0.794965,5.05,-0.153853
-0.794965,5.23,-0.157298
-0.794965,5.41,-0.163033
-0.794965,5.59,-0.170082
-0.794965,5.77,-0.176737
-0.794965,5.95,-0.179767
-0.794965,6.13,-0.173219
-0.794965,6.31,-0.148657
-0.794965,6.49,-0.10055
-0.794965,6.67,-0.036452
-0.794965,6.85,0.0235512
-0.794965,7.03,0.0645823
-0.794965,7.21,0.0859487
-0.794965,7.39,0.0938001
-0.794965,7.57,0.0941279
-0.794965,7.75,0.0908126
-0.794965,7.93,0.0859842
-0.794965,8.11,0.0807472
-0.794965,8.29,0.0755879
-0.794965,8.47,0.0707357
-0.794965,8.65,0.066277
-0.794965,8.83,0.0622278
-0.794965,9.01,0.0585736
-0.794965,9.19,0.0552835
-0.794965,9.37,0.0523203
-0.794965,9.55,0.0496494
-0.794965,9.73,0.0472384
-0.794965,9.91,0.0450584
-0.787677,1.09,-0.000340064
-0.787677,1.27,-0.00199567
-0.787677,1.45,0.00188518
-0.787677,1.63,-0.00566099
-0.787677,1.81,0.0191965
-0.787677,1.99,-0.0036751
-0.787677,2.17,-0.00864603
-0.787677,2.35,-0.00149978
-0.787677,2.53,0.00428858
-0.787677,2.71,0.0139851
-0.787677,2.89,-0.110643
-0.787677,3.07,-0.0302049
-0.787677,3.25,-0.0139844
-0.787677,3.43,-0.00494369
-0.787677,3.61,0.00640401
-0.787677,3.79,0.0300168
-0.787677,3.97,0.110271
-0.787677,4.15,-0.000273927
-0.787677,4.33,-0.0676547
-0.787677,4.51,-0.0613018
-0.787677,4.69,-0.057256
-0.787677,4.87,-0.0557013
-0.787677,5.05,-0.0557656
-0.787677,5.23,-0.056928
-0.787677,5.41,-0.0587963
-0.787677,5.59,-0.0609151
-0.787677,5.77,-0.0624915
-0.787677,5.95,-0.0620658
-0.787677,6.13,-0.0571506
-0.787677,6.31,-0.0447273
-0.787677,6.49,-0.02397
-0.787677,6.67,0.000389719
-0.787677,6.85,0.0206078
-0.787677,7.03,0.0328178
-0.787677,7.21,0.0381481
-0.787677,7.39,0.039234
-0.787677,7.57,0.0381598
-0.787677,7.75,0.0361555
-0.787677,7.93,0.0338542
-0.787677,8.11,0.0315663
-0.787677,8.29,0.0294116
-0.787677,8.47,0.0274384
-0.787677,8.65,0.0256565
-0.787677,8.83,0.0240574
-0.787677,9.01,0.0226264
-0.787677,9.19,0.0213459
-0.787677,9.37,0.0201987
-0.787677,9.55,0.019169
-0.787677,9.73,0.0182427
-0.787677,9.91,0.0174077
-0.780389,1.09,0
-0.780389,1.27,0
-0.780389,1.45,0
-0.780389,1.63,0
-0.780389,1.81,0
-0.780389,1.99,0
-0.780389,2.17,0
-0.780389,2.35,0
-0.780389,2.53,0
-0.780389,2.71,0
-0.780389,2.89,0
-0.780389,3.07,0
-0.780389,3.25,0
-0.780389,3.43,0
-0.780389,3.61,0
-0.780389,3.79,0
-0.780389,3.97,0
-0.780389,4.15,0
-0.780389,4.33,0
-0.780389,4.51,0
-0.780389,4.69,0
-0.780389,4.87,0
-0.780389,5.05,0
-0.780389,5.23,0
-0.780389,5.41,0
-0.780389,5.59,0
-0.780389,5.77,0
-0.780389,5.95,0
-0.780389,6.13,0
-0.780389,6.31,0
-0.780389,6.49,0
-0.780389,6.67,0
-0.780389,6.85,0
-0.780389,7.03,0
-0.780389,7.21,0
-0.780389,7.39,0
-0.780389,7.57,0
-0.780389,7.75,0
-0.780389,7.93,0
-0.780389,8.11,0
-0.780389,8.29,0
-0.780389,8.47,0
-0.780389,8.65,0
-0.780389,8.83,0
-0.780389,9.01,0
-0.780389,9.19,0
-0.780389,9.37,0
-0.780389,9.55,0
-0.780389,9.73,0
-0.780389,9.91,0
-0.773101,1.09,0
-0.773101,1.27,0
-0.773101,1.45,0
-0.773101,1.63,0
-0.773101,1.81,0
-0.773101,1.99,0
-0.773101,2.17,0
-0.773101,2.35,0
-0.773101,2.53,0
-0.773101,2.71,0
-0.773101,2.89,0
-0.773101,3.07,0
-0.773101,3.25,0
-0.773101,3.43,0
-0.773101,3.61,0
-0.773101,3.79,0
-0.773101,3.97,0
-0.773101,4.15,0
-0.773101,4.33,0
-0.773101,4.51,0
-0.773101,4.69,0
-0.773101,4.87,0
-0.773101,5.05,0
-0.773101,5.23,0
-0.773101,5.41,0
-0.773101,5.59,0
-0.773101,5.77,0
-0.773101,5.95,0
-0.773101,6.13,0
-0.773101,6.31,0
-0.773101,6.49,0
-0.773101,6.67,0
-0.773101,6.85,0
-0.773101,7.03,0
-0.773101,7.21,0
-0.773101,7.39,0
-0.773101,7.57,0
-0.773101,7.75,0
-0.773101,7.93,0
-0.773101,8.11,0
-0.773101,8.29,0
-0.773101,8.47,0
-0.773101,8.65,0
-0.773101,8.83,0
-0.773101,9.01,0
-0.773101,9.19,0
-0.773101,9.37,0
-0.773101,9.55,0
-0.773101,9.73,0
-0.773101,9.91,0
-0.765813,1.09,0
-0.765813,1.27,0
-0.765813,1.45,0
-0.765813,1.63,0
-0.765813,1.81,0
-0.765813,1.99,0
-0.765813,2.17,0
-0.765813,2.35,0
-0.765813,2.53,0
-0.765813,2.71,0
-0.765813,2.89,0
-0.765813,3.07,0
-0.765813,3.25,0
-0.765813,3.43,0
-0.765813,3.61,0
-0.765813,3.79,0
-0.765813,3.97,0
-0.765813,4.15,0
-0.765813,4.33,0
-0.765813,4.51,0
-0.765813,4.69,0
-0.765813,4.87,0
-0.765813,5.05,0
-0.765813,5.23,0
-0.765813,5.41,0
-0.765813,5.59,0
-0.765813,5.77,0
-0.765813,5.95,0
-0.765813,6.13,0
-0.765813,6.31,0
-0.765813,6.49,0
-0.765813,6.67,0
-0.765813,6.85,0
-0.765813,7.03,0
-0.765813,7.21,0
-0.765813,7.39,0
-0.765813,7.57,0
-0.765813,7.75,0
-0.765813,7.93,0
-0.765813,8.11,0
-0.765813,8.29,0
-0.765813,8.47,0
-0.765813,8.65,0
-0.765813,8.83,0
-0.765813,9.01,0
-0.765813,9.19,0
-0.765813,9.37,0
-0.765813,9.55,0
-0.765813,9.73,0
-0.765813,9.91,0
-0.758525,1.09,0
-0.758525,1.27,0
-0.758525,1.45,0
-0.758525,1.63,0
-0.758525,1.81,0
-0.758525,1.99,0
-0.758525,2.17,0
-0.758525,2.35,0
-0.758525,2.53,0
-0.758525,2.71,0
-0.758525,2.89,0
-0.758525,3.07,0
-0.758525,3.25,0
-0.758525,3.43,0
-0.758525,3.61,0
-0.758525,3.79,0
-0.758525,3.97,0
-0.758525,4.15,0
-0.758525,4.33,0
-0.758525,4.51,0
-0.758525,4.69,0
-0.758525,4.87,0
-0.758525,5.05,0
-0.758525,5.23,0
-0.758525,5.41,0
-0.758525,5.59,0
-0.758525,5.77,0
-0.758525,5.95,0
-0.758525,6.13,0
-0.758525,6.31,0
-0.758525,6.49,0
-0.758525,6.67,0
-0.758525,6.85,0
-0.758525,7.03,0
-0.758525,7.21,0
-0.758525,7.39,0
-0.758525,7.57,0
-0.758525,7.75,0
-0.758525,7.93,0
-0.758525,8.11,0
-0.758525,8.29,0
-0.758525,8.47,0
-0.758525,8.65,0
-0.758525,8.83,0
-0.758525,9.01,0
-0.758525,9.19,0
-0.758525,9.37,0
-0.758525,9.55,0
-0.758525,9.73,0
-0.758525,9.91,0
-0.751237,1.09,0
-0.751237,1.27,0
-0.751237,1.45,0
-0.751237,1.63,0
-0.751237,1.81,0
-0.751237,1.99,0
-0.751237,2.17,0
-0.751237,2.35,0
-0.751237,2.53,0
-0.751237,2.71,0
-0.751237,2.89,0
-0.751237,3.07,0
-0.751237,3.25,0
-0.751237,3.43,0
-0.751237,3.61,0
-0.751237,3.79,0
-0.751237,3.97,0
-0.751237,4.15,0
-0.751237,4.33,0
-0.751237,4.51,0
-0.751237,4.69,0
-0.751237,4.87,0
-0.751237,5.05,0
-0.751237,5.23,0
-0.751237,5.41,0
-0.751237,5.59,0
-0.751237,5.77,0
-0.751237,5.95,0
-0.751237,6.13,0
-0.751237,6.31,0
-0.751237,6.49,0
-0.751237,6.67,0
-0.751237,6.85,0
-0.751237,7.03,0
-0.751237,7.21,0
-0.751237,7.39,0
-0.751237,7.57,0
-0.751237,7.75,0
-0.751237,7.93,0
-0.751237,8.11,0
-0.751237,8.29,0
-0.751237,8.47,0
-0.751237,8.65,0
-0.751237,8.83,0
-0.751237,9.01,0
-0.751237,9.19,0
-0.751237,9.37,0
-0.751237,9.55,0
-0.751237,9.73,0
-0.751237,9.91,0
-0.743949,1.09,0
-0.743949,1.27,0
-0.743949,1.45,0
-0.743949,1.63,0
-0.743949,1.81,0
-0.743949,1.99,0
-0.743949,2.17,0
-0.743949,2.35,0
-0.743949,2.53,0
-0.743949,2.71,0
-0.743949,2.89,0
-0.743949,3.07,0
-0.743949,3.25,0
-0.743949,3.43,0
-0.743949,3.61,0
-0.743949,3.79,0
-0.743949,3.97,0
-0.743949,4.15,0
-0.743949,4.33,0
-0.743949,4.51,0
-0.743949,4.69,0
-0.743949,4.87,0
-0.743949,5.05,0
-0.743949,5.23,0
-0.743949,5.41,0
-0.743949,5.59,0
-0.743949,5.77,0
-0.743949,5.95,0
-0.743949,6.13,0
-0.743949,6.31,0
-0.743949,6.49,0
-0.743949,6.67,0
-0.743949,6.85,0
-0.743949,7.03,0
-0.743949,7.21,0
-0.743949,7.39,0
-0.743949,7.57,0
-0.743949,7.75,0
-0.743949,7.93,0
-0.743949,8.11,0
-0.743949,8.29,0
-0.743949,8.47,0
-0.743949,8.65,0
-0.743949,8.83,0
-0.743949,9.01,0
-0.743949,9.19,0
-0.743949,9.37,0
-0.743949,9.55,0
-0.743949,9.73,0
-0.743949,9.91,0
-0.736661,1.09,0
-0.736661,1.27,0
-0.736661,1.45,0
-0.736661,1.63,0
-0.736661,1.81,0
-0.736661,1.99,0
-0.736661,2.17,0
-0.736661,2.35,0
-0.736661,2.53,0
-0.736661,2.71,0
-0.736661,2.89,0
-0.736661,3.07,0
-0.736661,3.25,0
-0.736661,3.43,0
-0.736661,3.61,0
-0.736661,3.79,0
-0.736661,3.97,0
-0.736661,4.15,0
-0.736661,4.33,0
-0.736661,4.51,0
-0.736661,4.69,0
-0.736661,4.87,0
-0.736661,5.05,0
-0.736661,5.23,0
-0.736661,5.41,0
-0.736661,5.59,0
-0.736661,5.77,0
-0.736661,5.95,0
-0.736661,6.13,0
-0.736661,6.31,0
-0.736661,6.49,0
-0.736661,6.67,0
-0.736661,6.85,0
-0.736661,7.03,0
-0.736661,7.21,0
-0.736661,7.39,0
-0.736661,7.57,0
-0.736661,7.75,0
-0.736661,7.93,0
-0.736661,8.11,0
-0.736661,8.29,0
-0.736661,8.47,0
-0.736661,8.65,0
-0.736661,8.83,0
-0.736661,9.01,0
-0.736661,9.19,0
-0.736661,9.37,0
-0.736661,9.55,0
-0.736661,9.73,0
-0.736661,9.91,0
-0.729373,1.09,0
-0.729373,1.27,0
-0.729373,1.45,0
-0.729373,1.63,0
-0.729373,1.81,0
-0.729373,1.99,0
-0.729373,2.17,0
-0.729373,2.35,0
-0.729373,2.53,0
-0.729373,2.71,0
-0.729373,2.89,0
-0.729373,3.07,0
-0.729373,3.25,0
-0.729373,3.43,0
-0.729373,3.61,0
-0.729373,3.79,0
-0.729373,3.97,0
-0.729373,4.15,0
-0.729373,4.33,0
-0.729373,4.51,0
-0.729373,4.69,0
-0.729373,4.87,0
-0.729373,5.05,0
-0.729373,5.23,0
-0.729373,5.41,0
-0.729373,5.59,0
-0.729373,5.77,0
-0.729373,5.95,0
-0.729373,6.13,0
-0.729373,6.31,0
-0.729373,6.49,0
-0.729373,6.67,0
-0.729373,6.85,0
-0.729373,7.03,0
-0.729373,7.21,0
-0.729373,7.39,0
-0.729373,7.57,0
-0.729373,7.75,0
-0.729373,7.93,0
-0.729373,8.11,0
-0.729373,8.29,0
-0.729373,8.47,0
-0.729373,8.65,0
-0.729373,8.83,0
-0.729373,9.01,0
-0.729373,9.19,0
-0.729373,9.37,0
-0.729373,9.55,0
-0.729373,9.73,0
-0.729373,9.91,0
-0.722085,1.09,0
-0.722085,1.27,0
-0.722085,1.45,0
-0.722085,1.63,0
-0.722085,1.81,0
-0.722085,1.99,0
-0.722085,2.17,0
-0.722085,2.35,0
-0.722085,2.53,0
-0.722085,2.71,0
-0.722085,2.89,0
-0.722085,3.07,0
-0.722085,3.25,0
-0.722085,3.43,0
-0.722085,3.61,0
-0.722085,3.79,0
-0.722085,3.97,0
-0.722085,4.15,0
-0.722085,4.33,0
-0.722085,4.51,0
-0.722085,4.69,0
-0.722085,4.87,0
-0.722085,5.05,0
-0.722085,5.23,0
-0.722085,5.41,0
-0.722085,5.59,0
-0.722085,5.77,0
-0.722085,5.95,0
-0.722085,6.13,0
-0.722085,6.31,0
-0.722085,6.49,0
-0.722085,6.67,0
-0.722085,6.85,0
-0.722085,7.03,0
-0.722085,7.21,0
-0.722085,7.39,0
-0.722085,7.57,0
-0.722085,7.75,0
-0.722085,7.93,0
-0.722085,8.11,0
-0.722085,8.29,0
-0.722085,8.47,0
-0.722085,8.65,0
-0.722085,8.83,0
-0.722085,9.01,0
-0.722085,9.19,0
-0.722085,9.37,0
-0.722085,9.55,0
-0.722085,9.73,0
-0.722085,9.91,0
-0.714797,1.09,0
-0.714797,1.27,0
-0.714797,1.45,0
-0.714797,1.63,0
-0.714797,1.81,0
-0.714797,1.99,0
-0.714797,2.17,0
-0.714797,2.35,0
-0.714797,2.53,0
-0.714797,2.71,0
-0.714797,2.89,0
-0.714797,3.07,0
-0.714797,3.25,0
-0.714797,3.43,0
-0.714797,3.61,0
-0.714797,3.79,0
-0.714797,3.97,0
-0.714797,4.15,0
-0.714797,4.33,0
-0.714797,4.51,0
-0.714797,4.69,0
-0.714797,4.87,0
-0.714797,5.05,0
-0.714797,5.23,0
-0.714797,5.41,0
-0.714797,5.59,0
-0.714797,5.77,0
-0.714797,5.95,0
-0.714797,6.13,0
-0.714797,6.31,0
-0.714797,6.49,0
-0.714797,6.67,0
-0.714797,6.85,0
-0.714797,7.03,0
-0.714797,7.21,0
-0.714797,7.39,0
-0.714797,7.57,0
-0.714797,7.75,0
-0.714797,7.93,0
-0.714797,8.11,0
-0.714797,8.29,0
-0.714797,8.47,0
-0.714797,8.65,0
-0.714797,8.83,0
-0.714797,9.01,0
-0.714797,9.19,0
-0.714797,9.37,0
-0.714797,9.55,0
-0.714797,9.73,0
-0.714797,9.91,0
-0.707509,1.09,0
-0.707509,1.27,0
-0.707509,1.45,0
-0.707509,1.63,0
-0.707509,1.81,0
-0.707509,1.99,0
-0.707509,2.17,0
-0.707509,2.35,0
-0.707509,2.53,0
-0.707509,2.71,0
-0.707509,2.89,0
-0.707509,3.07,0
-0.707509,3.25,0
-0.707509,3.43,0
-0.707509,3.61,0
-0.707509,3.79,0
-0.707509,3.97,0
-0.707509,4.15,0
-0.707509,4.33,0
-0.707509,4.51,0
-0.707509,4.69,0
-0.707509,4.87,0
-0.707509,5.05,0
-0.707509,5.23,0
-0.707509,5.41,0
-0.707509,5.59,0
-0.707509,5.77,0
-0.707509,5.95,0
-0.707509,6.13,0
-0.707509,6.31,0
-0.707509,6.49,0
-0.707509,6.67,0
-0.707509,6.85,0
-0.707509,7.03,0
-0.707509,7.21,0
-0.707509,7.39,0
-0.707509,7.57,0
-0.707509,7.75,0
-0.707509,7.93,0
-0.707509,8.11,0
-0.707509,8.29,0
-0.707509,8.47,0
-0.707509,8.65,0
-0.707509,8.83,0
-0.707509,9.01,0
-0.707509,9.19,0
-0.707509,9.37,0
-0.707509,9.55,0
-0.707509,9.73,0
-0.707509,9.91,0
-0.700221,1.09,0
-0.700221,1.27,0
-0.700221,1.45,0
-0.700221,1.63,0
-0.700221,1.81,0
-0.700221,1.99,0
-0.700221,2.17,0
-0.700221,2.35,0
-0.700221,2.53,0
-0.700221,2.71,0
-0.700221,2.89,0
-0.700221,3.07,0
-0.700221,3.25,0
-0.700221,3.43,0
-0.700221,3.61,0
-0.700221,3.79,0
-0.700221,3.97,0
-0.700221,4.15,0
-0.700221,4.33,0
-0.700221,4.51,0
-0.700221,4.69,0
-0.700221,4.87,0
-0.700221,5.05,0
-0.700221,5.23,0
-0.700221,5.41,0
-0.700221,5.59,0
-0.700221,5.77,0
-0.700221,5.95,0
-0.700221,6.13,0
-0.700221,6.31,0
-0.700221,6.49,0
-0.700221,6.67,0
-0.700221,6.85,0
-0.700221,7.03,0
-0.700221,7.21,0
-0.700221,7.39,0
-0.700221,7.57,0
-0.700221,7.75,0
-0.700221,7.93,0
-0.700221,8.11,0
-0.700221,8.29,0
-0.700221,8.47,0
-0.700221,8.65,0
-0.700221,8.83,0
-0.700221,9.01,0
-0.700221,9.19,0
-0.700221,9.37,0
-0.700221,9.55,0
-0.700221,9.73,0
-0.700221,9.91,0
-0.692933,1.09,0
-0.692933,1.27,0
-0.692933,1.45,0
-0.692933,1.63,0
-0.692933,1.81,0
-0.692933,1.99,0
-0.692933,2.17,0
-0.692933,2.35,0
-0.692933,2.53,0
-0.692933,2.71,0
-0.692933,2.89,0
-0.692933,3.07,0
-0.692933,3.25,0
-0.692933,3.43,0
-0.692933,3.61,0
-0.692933,3.79,0
-0.692933,3.97,0
-0.692933,4.15,0
-0.692933,4.33,0
-0.692933,4.51,0
-0.692933,4.69,0
-0.692933,4.87,0
-0.692933,5.05,0
-0.692933,5.23,0
-0.692933,5.41,0
-0.692933,5.59,0
-0.692933,5.77,0
-0.692933,5.95,0
-0.692933,6.13,0
-0.692933,6.31,0
-0.692933,6.49,0
-0.692933,6.67,0
-0.692933,6.85,0
-0.692933,7.03,0
-0.692933,7.21,0
-0.692933,7.39,0
-0.692933,7.57,0
-0.692933,7.75,0
-0.692933,7.93,0
-0.692933,8.11,0
-0.692933,8.29,0
-0.692933,8.47,0
-0.692933,8.65,0
-0.692933,8.83,0
-0.692933,9.01,0
-0.692933,9.19,0
-0.692933,9.37,0
-0.692933,9.55,0
-0.692933,9.73,0
-0.692933,9.91,0
-0.685645,1.09,0
-0.685645,1.27,0
-0.685645,1.45,0
-0.685645,1.63,0
-0.685645,1.81,0
-0.685645,1.99,0
-0.685645,2.17,0
-0.685645,2.35,0
-0.685645,2.53,0
-0.685645,2.71,0
-0.685645,2.89,0
-0.685645,3.07,0
-0.685645,3.25,0
-0.685645,3.43,0
-0.685645,3.61,0
-0.685645,3.79,0
-0.685645,3.97,0
-0.685645,4.15,0
-0.685645,4.33,0
-0.685645,4.51,0
-0.685645,4.69,0
-0.685645,4.87,0
-0.685645,5.05,0
-0.685645,5.23,0
-0.685645,5.41,0
-0.685645,5.59,0
-0.685645,5.77,0
-0.685645,5.95,0
-0.685645,6.13,0
-0.685645,6.31,0
-0.685645,6.49,0
-0.685645,6.67,0
-0.685645,6.85,0
-0.685645,7.03,0
-0.685645,7.21,0
-0.685645,7.39,0
-0.685645,7.57,0
-0.685645,7.75,0
-0.685645,7.93,0
-0.685645,8.11,0
-0.685645,8.29,0
-0.685645,8.47,0
-0.685645,8.65,0
-0.685645,8.83,0
-0.685645,9.01,0
-0.685645,9.19,0
-0.685645,9.37,0
-0.685645,9.55,0
-0.685645,9.73,0
-0.685645,9.91,0
-0.678356,1.09,0
-0.678356,1.27,0
-0.678356,1.45,0
-0.678356,1.63,0
-0.678356,1.81,0
-0.678356,1.99,0
-0.678356,2.17,0
-0.678356,2.35,0
-0.678356,2.53,0
-0.678356,2.71,0
-0.678356,2.89,0
-0.678356,3.07,0
-0.678356,3.25,0
-0.678356,3.43,0
-0.678356,3.61,0
-0.678356,3.79,0
-0.678356,3.97,0
-0.678356,4.15,0
-0.678356,4.33,0
-0.678356,4.51,0
-0.678356,4.69,0
-0.678356,4.87,0
-0.678356,5.05,0
-0.678356,5.23,0
-0.678356,5.41,0
-0.678356,5.59,0
-0.678356,5.77,0
-0.678356,5.95,0
-0.678356,6.13,0
-0.678356,6.31,0
-0.678356,6.49,0
-0.678356,6.67,0
-0.678356,6.85,0
-0.678356,7.03,0
-0.678356,7.21,0
-0.678356,7.39,0
-0.678356,7.57,0
-0.678356,7.75,0
-0.678356,7.93,0
-0.678356,8.11,0
-0.678356,8.29,0
-0.678356,8.47,0
-0.678356,8.65,0
-0.678356,8.83,0
-0.678356,9.01,0
-0.678356,9.19,0
-0.678356,9.37,0
-0.678356,9.55,0
-0.678356,9.73,0
-0.678356,9.91,0
-0.671068,1.09,0
-0.671068,1.27,0
-0.671068,1.45,0
-0.671068,1.63,0
-0.671068,1.81,0
-0.671068,1.99,0
-0.671068,2.17,0
-0.671068,2.35,0
-0.671068,2.53,0
-0.671068,2.71,0
-0.671068,2.89,0
-0.671068,3.07,0
-0.671068,3.25,0
-0.671068,3.43,0
-0.671068,3.61,0
-0.671068,3.79,0
-0.671068,3.97,0
-0.671068,4.15,0
-0.671068,4.33,0
-0.671068,4.51,0
-0.671068,4.69,0
-0.671068,4.87,0
-0.671068,5.05,0
-0.671068,5.23,0
-0.671068,5.41,0
-0.671068,5.59,0
-0.671068,5.77,0
-0.671068,5.95,0
-0.671068,6.13,0
-0.671068,6.31,0
-0.671068,6.49,0
-0.671068,6.67,0
-0.671068,6.85,0
-0.671068,7.03,0
-0.671068,7.21,0
-0.671068,7.39,0
-0.671068,7.57,0
-0.671068,7.75,0
-0.671068,7.93,0
-0.671068,8.11,0
-0.671068,8.29,0
-0.671068,8.47,0
-0.671068,8.65,0
-0.671068,8.83,0
-0.671068,9.01,0
-0.671068,9.19,0
-0.671068,9.37,0
-0.671068,9.55,0
-0.671068,9.73,0
-0.671068,9.91,0
-0.66378,1.09,0
-0.66378,1.27,0
-0.66378,1.45,0
-0.66378,1.63,0
-0.66378,1.81,0
-0.66378,1.99,0
-0.66378,2.17,0
-0.66378,2.35,0
-0.66378,2.53,0
-0.66378,2.71,0
-0.66378,2.89,0
-0.66378,3.07,0
-0.66378,3.25,0
-0.66378,3.43,0
-0.66378,3.61,0
-0.66378,3.79,0
-0.66378,3.97,0
-0.66378,4.15,0
-0.66378,4.33,0
-0.66378,4.51,0
-0.66378,4.69,0
-0.66378,4.87,0
-0.66378,5.05,0
-0.66378,5.23,0
-0.66378,5.41,0
-0.66378,5.59,0
-0.66378,5.77,0
-0.66378,5.95,0
-0.66378,6.13,0
-0.66378,6.31,0
-0.66378,6.49,0
-0.66378,6.67,0
-0.66378,6.85,0
-0.66378,7.03,0
-0.66378,7.21,0
-0.66378,7.39,0
-0.66378,7.57,0
-0.66378,7.75,0
-0.66378,7.93,0
-0.66378,8.11,0
-0.66378,8.29,0
-0.66378,8.47,0
-0.66378,8.65,0
-0.66378,8.83,0
-0.66378,9.01,0
-0.66378,9.19,0
-0.66378,9.37,0
-0.66378,9.55,0
-0.66378,9.73,0
-0.66378,9.91,0
-0.656492,1.09,0
-0.656492,1.27,0
-0.656492,1.45,0
-0.656492,1.63,0
-0.656492,1.81,0
-0.656492,1.99,0
-0.656492,2.17,0
-0.656492,2.35,0
-0.656492,2.53,0
-0.656492,2.71,0
-0.656492,2.89,0
-0.656492,3.07,0
-0.656492,3.25,0
-0.656492,3.43,0
-0.656492,3.61,0
-0.656492,3.79,0
-0.656492,3.97,0
-0.656492,4.15,0
-0.656492,4.33,0
-0.656492,4.51,0
-0.656492,4.69,0
-0.656492,4.87,0
-0.656492,5.05,0
-0.656492,5.23,0
-0.656492,5.41,0
-0.656492,5.59,0
-0.656492,5.77,0
-0.656492,5.95,0
-0.656492,6.13,0
-0.656492,6.31,0
-0.656492,6.49,0
-0.656492,6.67,0
-0.656492,6.85,0
-0.656492,7.03,0
-0.656492,7.21,0
-0.656492,7.39,0
-0.656492,7.57,0
-0.656492,7.75,0
-0.656492,7.93,0
-0.656492,8.11,0
-0.656492,8.29,0
-0.656492,8.47,0
-0.656492,8.65,0
-0.656492,8.83,0
-0.656492,9.01,0
-0.656492,9.19,0
-0.656492,9.37,0
-0.656492,9.55,0
-0.656492,9.73,0
-0.656492,9.91,0
-0.649204,1.09,0
-0.649204,1.27,0
-0.649204,1.45,0
-0.649204,1.63,0
-0.649204,1.81,0
-0.649204,1.99,0
-0.649204,2.17,0
-0.649204,2.35,0
-0.649204,2.53,0
-0.649204,2.71,0
-0.649204,2.89,0
-0.649204,3.07,0
-0.649204,3.25,0
-0.649204,3.43,0
-0.649204,3.61,0
-0.649204,3.79,0
-0.649204,3.97,0
-0.649204,4.15,0
-0.649204,4.33,0
-0.649204,4.51,0
-0.649204,4.69,0
-0.649204,4.87,0
-0.649204,5.05,0
-0.649204,5.23,0
-0.649204,5.41,0
-0.649204,5.59,0
-0.649204,5.77,0
-0.649204,5.95,0
-0.649204,6.13,0
-0.649204,6.31,0
-0.649204,6.49,0
-0.649204,6.67,0
-0.649204,6.85,0
-0.649204,7.03,0
-0.649204,7.21,0
-0.649204,7.39,0
-0.649204,7.57,0
-0.649204,7.75,0
-0.649204,7.93,0
-0.649204,8.11,0
-0.649204,8.29,0
-0.649204,8.47,0
-0.649204,8.65,0
-0.649204,8.83,0
-0.649204,9.01,0
-0.649204,9.19,0
-0.649204,9.37,0
-0.649204,9.55,0
-0.649204,9.73,0
-0.649204,9.91,0
-0.641916,1.09,0
-0.641916,1.27,0
-0.641916,1.45,0
-0.641916,1.63,0
-0.641916,1.81,0
-0.641916,1.99,0
-0.641916,2.17,0
-0.641916,2.35,0
-0.641916,2.53,0
-0.641916,2.71,0
-0.641916,2.89,0
-0.641916,3.07,0
-0.641916,3.25,0
-0.641916,3.43,0
-0.641916,3.61,0
-0.641916,3.79,0
-0.641916,3.97,0
-0.641916,4.15,0
-0.641916,4.33,0
-0.641916,4.51,0
-0.641916,4.69,0
-0.641916,4.87,0
-0.641916,5.05,0
-0.641916,5.23,0
-0.641916,5.41,0
-0.641916,5.59,0
-0.641916,5.77,0
-0.641916,5.95,0
-0.641916,6.13,0
-0.641916,6.31,0
-0.641916,6.49,0
-0.641916,6.67,0
-0.641916,6.85,0
-0.641916,7.03,0
-0.641916,7.21,0
-0.641916,7.39,0
-0.641916,7.57,0
-0.641916,7.75,0
-0.641916,7.93,0
-0.641916,8.11,0
-0.641916,8.29,0
-0.641916,8.47,0
-0.641916,8.65,0
-0.641916,8.83,0
-0.641916,9.01,0
-0.641916,9.19,0
-0.641916,9.37,0
-0.641916,9.55,0
-0.641916,9.73,0
-0.641916,9.91,0
-0.634628,1.09,0
-0.634628,1.27,0
-0.634628,1.45,0
-0.634628,1.63,0
-0.634628,1.81,0
-0.634628,1.99,0
-0.634628,2.17,0
-0.634628,2.35,0
-0.634628,2.53,0
-0.634628,2.71,0
-0.634628,2.89,0
-0.634628,3.07,0
-0.634628,3.25,0
-0.634628,3.43,0
-0.634628,3.61,0
-0.634628,3.79,0
-0.634628,3.97,0
-0.634628,4.15,0
-0.634628,4.33,0
-0.634628,4.51,0
-0.634628,4.69,0
-0.634628,4.87,0
-0.634628,5.05,0
-0.634628,5.23,0
-0.634628,5.41,0
-0.634628,5.59,0
-0.634628,5.77,0
-0.634628,5.95,0
-0.634628,6.13,0
-0.634628,6.31,0
-0.634628,6.49,0
-0.634628,6.67,0
-0.634628,6.85,0
-0.634628,7.03,0
-0.634628,7.21,0
-0.634628,7.39,0
-0.634628,7.57,0
-0.634628,7.75,0
-0.634628,7.93,0
-0.634628,8.11,0
-0.634628,8.29,0
-0.634628,8.47,0
-0.634628,8.65,0
-0.634628,8.83,0
-0.634628,9.01,0
-0.634628,9.19,0
-0.634628,9.37,0
-0.634628,9.55,0
-0.634628,9.73,0
-0.634628,9.91,0
-0.62734,1.09,0
-0.62734,1.27,0
-0.62734,1.45,0
-0.62734,1.63,0
-0.62734,1.81,0
-0.62734,1.99,0
-0.62734,2.17,0
-0.62734,2.35,0
-0.62734,2.53,0
-0.62734,2.71,0
-0.62734,2.89,0
-0.62734,3.07,0
-0.62734,3.25,0
-0.62734,3.43,0
-0.62734,3.61,0
-0.62734,3.79,0
-0.62734,3.97,0
-0.62734,4.15,0
-0.62734,4.33,0
-0.62734,4.51,0
-0.62734,4.69,0
-0.62734,4.87,0
-0.62734,5.05,0
-0.62734,5.23,0
-0.62734,5.41,0
-0.62734,5.59,0
-0.62734,5.77,0
-0.62734,5.95,0
-0.62734,6.13,0
-0.62734,6.31,0
-0.62734,6.49,0
-0.62734,6.67,0
-0.62734,6.85,0
-0.62734,7.03,0
-0.62734,7.21,0
-0.62734,7.39,0
-0.62734,7.57,0
-0.62734,7.75,0
-0.62734,7.93,0
-0.62734,8.11,0
-0.62734,8.29,0
-0.62734,8.47,0
-0.62734,8.65,0
-0.62734,8.83,0
-0.62734,9.01,0
-0.62734,9.19,0
-0.62734,9.37,0
-0.62734,9.55,0
-0.62734,9.73,0
-0.62734,9.91,0
