-0.984455,1.09,0
-0.984455,1.27,0
-0.984455,1.45,0
-0.984455,1.63,0
-0.984455,1.81,0
-0.984455,1.99,0
-0.984455,2.17,0
-0.984455,2.35,0
-0.984455,2.53,0
-0.984455,2.71,0
-0.984455,2.89,0
-0.984455,3.07,0
-0.984455,3.25,0
-0.984455,3.43,0
-0.984455,3.61,0
-0.984455,3.79,0
-0.984455,3.97,0
-0.984455,4.15,0
-0.984455,4.33,0
-0.984455,4.51,0
-0.984455,4.69,0
-0.984455,4.87,0
-0.984455,5.05,0
-0.984455,5.23,0
-0.984455,5.41,0
-0.984455,5.59,0
-0.984455,5.77,0
-0.984455,5.95,0
-0.984455,6.13,0
-0.984455,6.31,0
-0.984455,6.49,0
-0.984455,6.67,0
-0.984455,6.85,0
-0.984455,7.03,0
-0.984455,7.21,0
-0.984455,7.39,0
-0.984455,7.57,0
-0.984455,7.75,0
-0.984455,7.93,0
-0.984455,8.11,0
-0.984455,8.29,0
-0.984455,8.47,0
-0.984455,8.65,0
-0.984455,8.83,0
-0.984455,9.01,0
-0.984455,9.19,0
-0.984455,9.37,0
-0.984455,9.55,0
-0.984455,9.73,0
-0.984455,9.91,0
-0.977166,1.09,0
-0.977166,1.27,0
-0.977166,1.45,0
-0.977166,1.63,0
-0.977166,1.81,0
-0.977166,1.99,0
-0.977166,2.17,0
-0.977166,2.35,0
-0.977166,2.53,0
-0.977166,2.71,0
-0.977166,2.89,0
-0.977166,3.07,0
-0.977166,3.25,0
-0.977166,3.43,0
-0.977166,3.61,0
-0.977166,3.79,0
-0.977166,3.97,0
-0.977166,4.15,0
-0.977166,4.33,0
-0.977166,4.51,0
-0.977166,4.69,0
-0.977166,4.87,0
-0.977166,5.05,0
-0.977166,5.23,0
-0.977166,5.41,0
-0.977166,5.59,0
-0.977166,5.77,0
-0.977166,5.95,0
-0.977166,6.13,0
-0.977166,6.31,0
-0.977166,6.49,0
-0.977166,6.67,0
-0.977166,6.85,0
-0.977166,7.03,0
-0.977166,7.21,0
-0.977166,7.39,0
-0.977166,7.57,0
-0.977166,7.75,0
-0.977166,7.93,0
-0.977166,8.11,0
-0.977166,8.29,0
-0.977166,8.47,0
-0.977166,8.65,0
-0.977166,8.83,0
-0.977166,9.01,0
-0.977166,9.19,0
-0.977166,9.37,0
-0.977166,9.55,0
-0.977166,9.73,0
-0.977166,9.91,0
-0.969878,1.09,0
-0.969878,1.27,0
-0.969878,1.45,0
-0.969878,1.63,0
-0.969878,1.81,0
-0.969878,1.99,0
-0.969878,2.17,0
-0.969878,2.35,0
-0.969878,2.53,0
-0.969878,2.71,0
-0.969878,2.89,0
-0.969878,3.07,0
-0.969878,3.25,0
-0.969878,3.43,0
-0.969878,3.61,0
-0.969878,3.79,0
-0.969878,3.97,0
-0.969878,4.15,0
-0.969878,4.33,0
-0.969878,4.51,0
-0.969878,4.69,0
-0.969878,4.87,0
-0.969878,5.05,0
-0.969878,5.23,0
-0.969878,5.41,0
-0.969878,5.59,0
-0.969878,5.77,0
-0.969878,5.95,0
-0.969878,6.13,0
-0.969878,6.31,0
-0.969878,6.49,0
-0.969878,6.67,0
-0.969878,6.85,0
-0.969878,7.03,0
-0.969878,7.21,0
-0.969878,7.39,0
-0.969878,7.57,0
-0.969878,7.75,0
-0.969878,7.93,0
-0.969878,8.11,0
-0.969878,8.29,0
-0.969878,8.47,0
-0.969878,8.65,0
-0.969878,8.83,0
-0.969878,9.01,0
-0.969878,9.19,0
-0.969878,9.37,0
-0.969878,9.55,0
-0.969878,9.73,0
-0.969878,9.91,0
-0.96259,1.09,0
-0.96259,1.27,0
-0.96259,1.45,0
-0.96259,1.63,0
-0.96259,1.81,0
-0.96259,1.99,0
-0.96259,2.17,0
-0.96259,2.35,0
-0.96259,2.53,0
-0.96259,2.71,0
-0.96259,2.89,0
-0.96259,3.07,0
-0.96259,3.25,0
-0.96259,3.43,0
-0.96259,3.61,0
-0.96259,3.79,0
-0.96259,3.97,0
-0.96259,4.15,0
-0.96259,4.33,0
-0.96259,4.51,0
-0.96259,4.69,0
-0.96259,4.87,0
-0.96259,5.05,0
-0.96259,5.23,0
-0.96259,5.41,0
-0.96259,5.59,0
-0.96259,5.77,0
-0.96259,5.95,0
-0.96259,6.13,0
-0.96259,6.31,0
-0.96259,6.49,0
-0.96259,6.67,0
-0.96259,6.85,0
-0.96259,7.03,0
-0.96259,7.21,0
-0.96259,7.39,0
-0.96259,7.57,0
-0.96259,7.75,0
-0.96259,7.93,0
-0.96259,8.11,0
-0.96259,8.29,0
-0.96259,8.47,0
-0.96259,8.65,0
-0.96259,8.83,0
-0.96259,9.01,0
-0.96259,9.19,0
-0.96259,9.37,0
-0.96259,9.55,0
-0.96259,9.73,0
-0.96259,9.91,0
-0.955302,1.09,-0.0116256
-0.955302,1.27,-0.00887165
-0.955302,1.45,-0.0808995
-0.955302,1.63,0.0768373
-0.955302,1.81,0.0316395
-0.955302,1.99,-0.0153529
-0.955302,2.17,0.00129441
-0.955302,2.35,0.0175539
-0.955302,2.53,0.0703122
-0.955302,2.71,0.104999
-0.955302,2.89,-0.186356
-0.955302,3.07,-0.145962
-0.955302,3.25,-0.0460901
-0.955302,3.43,0.117712
-0.955302,3.61,0.206237
-0.955302,3.79,0.195208
-0.955302,3.97,0.172969
-0.955302,4.15,0.168349
-0.955302,4.33,0.195219
-0.955302,4.51,0.310147
-0.955302,4.69,0.756637
-0.955302,4.87,-0.121497
-0.955302,5.05,-0.0978737
-0.955302,5.23,-0.0736069
-0.955302,5.41,-0.0610328
-0.955302,5.59,-0.0546779
-0.955302,5.77,-0.0519229
-0.955302,5.95,-0.0517192
-0.955302,6.13,-0.0537003
-0.955302,6.31,-0.0579637
-0.955302,6.49,-0.0650575
-0.955302,6.67,-0.0762202
-0.955302,6.85,-0.0938557
-0.955302,7.03,-0.122783
-0.955302,7.21,-0.173175
-0.955302,7.39,-0.266215
-0.955302,7.57,-0.431106
-0.955302,7.75,-0.585761
-0.955302,7.93,-0.462221
-0.955302,8.11,-0.255243
-0.955302,8.29,-0.139735
-0.955302,8.47,-0.083412
-0.955302,8.65,-0.0542888
-0.955302,8.83,-0.0379723
-0.955302,9.01,-0.0281817
-0.955302,9.19,-0.0219612
-0.955302,9.37,-0.017819
-0.955302,9.55,-0.0149584
-0.955302,9.73,-0.0129235
-0.955302,9.91,-0.0114408
-0.948014,1.09,0.00862206
-0.948014,1.27,-0.0822805
-0.948014,1.45,-0.119098
-0.948014,1.63,-0.0447291
-0.948014,1.81,0.0825633
-0.948014,1.99,-0.015752
-0.948014,2.17,0.0295999
-0.948014,2.35,0.080074
-0.948014,2.53,0.178603
-0.948014,2.71,-0.0474382
-0.948014,2.89,-0.509733
-0.948014,3.07,-0.248421
-0.948014,3.25,0.0843623
-0.948014,3.43,0.523562
-0.948014,3.61,0.65217
-0.948014,3.79,0.527968
-0.948014,3.97,0.416069
-0.948014,4.15,0.361338
-0.948014,4.33,0.356042
-0.948014,4.51,0.297187
-0.948014,4.69,-1.76652
-0.948014,4.87,-0.676088
-0.948014,5.05,-0.359293
-0.948014,5.23,-0.256163
-0.948014,5.41,-0.212454
-0.948014,5.59,-0.192996
-0.948014,5.77,-0.186179
-0.948014,5.95,-0.18785
-0.948014,6.13,-0.196621
-0.948014,6.31,-0.212716
-0.948014,6.49,-0.237748
-0.948014,6.67,-0.275361
-0.948014,6.85,-0.332328
-0.948014,7.03,-0.421341
-0.948014,7.21,-0.565949
-0.948014,7.39,-0.800362
-0.948014,7.57,-1.1027
-0.948014,7.75,-1.14681
-0.948014,7.93,-0.734421
-0.948014,8.11,-0.362879
-0.948014,8.29,-0.173361
-0.948014,8.47,-0.0841421
-0.948014,8.65,-0.0404716
-0.948014,8.83,-0.0179978
-0.948014,9.01,-0.00605679
-0.948014,9.19,0.000369369
-0.948014,9.37,0.0037816
-0.948014,9.55,0.00546766
-0.948014,9.73,0.00613751
-0.948014,9.91,0.00619859
-0.940726,1.09,0.0332276
-0.940726,1.27,-0.0783501
-0.940726,1.45,-0.0729971
-0.940726,1.63,-0.0836433
-0.940726,1.81,0.133925
-0.940726,1.99,-0.00315388
-0.940726,2.17,0.0828843
-0.940726,2.35,0.101002
-0.940726,2.53,0.181043
-0.940726,2.71,-0.542222
-0.940726,2.89,-0.579213
-0.940726,3.07,-0.164799
-0.940726,3.25,0.336158
-0.940726,3.43,0.937628
-0.940726,3.61,0.967702
-0.940726,3.79,0.667231
-0.940726,3.97,0.433166
-0.940726,4.15,0.260731
-0.940726,4.33,-0.00623361
-0.940726,4.51,-1.40722
-0.940726,4.69,-2.37056
-0.940726,4.87,-0.877842
-0.940726,5.05,-0.492266
-0.940726,5.23,-0.359946
-0.940726,5.41,-0.305289
-0.940726,5.59,-0.28323
-0.940726,5.77,-0.278374
-0.940726,5.95,-0.285215
-0.940726,6.13,-0.302007
-0.940726,6.31,-0.329192
-0.940726,6.49,-0.369053
-0.940726,6.67,-0.426473
-0.940726,6.85,-0.509999
-0.940726,7.03,-0.634082
-0.940726,7.21,-0.819945
-0.940726,7.39,-1.0743
-0.940726,7.57,-1.26872
-0.940726,7.75,-1.04416
-0.940726,7.93,-0.531959
-0.940726,8.11,-0.190125
-0.940726,8.29,-0.0335904
-0.940726,8.47,0.0323887
-0.940726,8.65,0.0592174
-0.940726,8.83,0.0688699
-0.940726,9.01,0.0706773
-0.940726,9.19,0.0688883
-0.940726,9.37,0.0655201
-0.940726,9.55,0.0615196
-0.940726,9.73,0.0573557
-0.940726,9.91,0.0532607
-0.933438,1.09,0.0402196
-0.933438,1.27,-0.0275622
-0.933438,1.45,-0.042885
-0.933438,1.63,-0.0765249
-0.933438,1.81,0.220963
-0.933438,1.99,-0.00735942
-0.933438,2.17,0.0927233
-0.933438,2.35,0.0891577
-0.933438,2.53,0.134658
-0.933438,2.71,-0.848409
-0.933438,2.89,-0.465109
-0.933438,3.07,-0.0443946
-0.933438,3.25,0.517817
-0.933438,3.43,1.17096
-0.933438,3.61,1.03592
-0.933438,3.79,0.576155
-0.933438,3.97,0.233186
-0.933438,4.15,-0.0988304
-0.933438,4.33,-0.786346
-0.933438,4.51,-2.58279
-0.933438,4.69,-1.76158
-0.933438,4.87,-0.77578
-0.933438,5.05,-0.461905
-0.933438,5.23,-0.345521
-0.933438,5.41,-0.298093
-0.933438,5.59,-0.281134
-0.933438,5.77,-0.280648
-0.933438,5.95,-0.291515
-0.933438,6.13,-0.312153
-0.933438,6.31,-0.34304
-0.933438,6.49,-0.386349
-0.933438,6.67,-0.446461
-0.933438,6.85,-0.530461
-0.933438,7.03,-0.648429
-0.933438,7.21,-0.80811
-0.933438,7.39,-0.977611
-0.933438,7.57,-0.978099
-0.933438,7.75,-0.60709
-0.933438,7.93,-0.17697
-0.933438,8.11,0.048143
-0.933438,8.29,0.132779
-0.933438,8.47,0.157455
-0.933438,8.65,0.158998
-0.933438,8.83,0.151976
-0.933438,9.01,0.14208
-0.933438,9.19,0.13166
-0.933438,9.37,0.121678
-0.933438,9.55,0.112453
-0.933438,9.73,0.104062
-0.933438,9.91,0.096478
-0.92615,1.09,0.0315521
-0.92615,1.27,0.000516655
-0.92615,1.45,-0.0293645
-0.92615,1.63,-0.0633276
-0.92615,1.81,0.400148
-0.92615,1.99,-0.0131019
-0.92615,2.17,0.0980795
-0.92615,2.35,0.0727652
-0.92615,2.53,0.0691795
-0.92615,2.71,-0.981204
-0.92615,2.89,-0.352999
-0.92615,3.07,0.0723051
-0.92615,3.25,0.715935
-0.92615,3.43,1.41694
-0.92615,3.61,1.00039
-0.92615,3.79,0.352879
-0.92615,3.97,-0.104323
-0.92615,4.15,-0.607777
-0.92615,4.33,-1.53753
-0.92615,4.51,-2.3324
-0.92615,4.69,-1.28491
-0.92615,4.87,-0.621148
-0.92615,5.05,-0.380789
-0.92615,5.23,-0.288611
-0.92615,5.41,-0.253178
-0.92615,5.59,-0.243725
-0.92615,5.77,-0.248505
-0.92615,5.95,-0.263146
-0.92615,6.13,-0.286325
-0.92615,6.31,-0.318472
-0.92615,6.49,-0.36136
-0.92615,6.67,-0.418283
-0.92615,6.85,-0.493784
-0.92615,7.03,-0.5917
-0.92615,7.21,-0.703814
-0.92615,7.39,-0.763763
-0.92615,7.57,-0.588683
-0.92615,7.75,-0.163218
-0.92615,7.93,0.150365
-0.92615,8.11,0.264663
-0.92615,8.29,0.283411
-0.92615,8.47,0.270147
-0.92615,8.65,0.248509
-0.92615,8.83,0.226334
-0.92615,9.01,0.205942
-0.92615,9.19,0.187893
-0.92615,9.37,0.172146
-0.92615,9.55,0.15843
-0.92615,9.73,0.146448
-0.92615,9.91,0.135934
-0.918862,1.09,0.00847968
-0.918862,1.27,0.00407745
-0.918862,1.45,-0.0261791
-0.918862,1.63,-0.0557432
-0.918862,1.81,0.6072
-0.918862,1.99,-0.0178211
-0.918862,2.17,0.0651857
-0.918862,2.35,0.0547857
-0.918862,2.53,-0.0203888
-0.918862,2.71,-0.933649
-0.918862,2.89,-0.248664
-0.918862,3.07,0.187632
-0.918862,3.25,0.940768
-0.918862,3.43,1.64642
-0.918862,3.61,0.792837
-0.918862,3.79,-0.00201175
-0.918862,3.97,-0.518914
-0.918862,4.15,-1.08632
-0.918862,4.33,-1.8193
-0.918862,4.51,-1.78224
-0.918862,4.69,-0.918108
-0.918862,4.87,-0.447451
-0.918862,5.05,-0.267289
-0.918862,5.23,-0.199621
-0.918862,5.41,-0.177207
-0.918862,5.59,-0.175619
-0.918862,5.77,-0.185272
-0.918862,5.95,-0.202532
-0.918862,6.13,-0.226273
-0.918862,6.31,-0.256704
-0.918862,6.49,-0.294889
-0.918862,6.67,-0.342447
-0.918862,6.85,-0.400375
-0.918862,7.03,-0.464528
-0.918862,7.21,-0.508625
-0.918862,7.39,-0.437498
-0.918862,7.57,-0.112253
-0.918862,7.75,0.281294
-0.918862,7.93,0.443295
-0.918862,8.11,0.447664
-0.918862,8.29,0.405937
-0.918862,8.47,0.359247
-0.918862,8.65,0.317891
-0.918862,8.83,0.28326
-0.918862,9.01,0.254531
-0.918862,9.19,0.23062
-0.918862,9.37,0.210575
-0.918862,9.55,0.193602
-0.918862,9.73,0.179084
-0.918862,9.91,0.166551
-0.911574,1.09,-0.0301268
-0.911574,1.27,-0.004725
-0.911574,1.45,-0.0277595
-0.911574,1.63,-0.0517094
-0.911574,1.81,0.323958
-0.911574,1.99,-0.0181982
-0.911574,2.17,0.014748
-0.911574,2.35,0.0376008
-0.911574,2.53,-0.142467
-0.911574,2.71,-0.78875
-0.911574,2.89,-0.152315
-0.911574,3.07,0.305128
-0.911574,3.25,1.20587
-0.911574,3.43,1.77195
-0.911574,3.61,0.382111
-0.911574,3.79,-0.414442
-0.911574,3.97,-0.885899
-0.911574,4.15,-1.35463
-0.911574,4.33,-1.6962
-0.911574,4.51,-1.29389
-0.911574,4.69,-0.610792
-0.911574,4.87,-0.262616
-0.911574,5.05,-0.130097
-0.911574,5.23,-0.084902
-0.911574,5.41,-0.0749779
-0.911574,5.59,-0.0806185
-0.911574,5.77,-0.0940475
-0.911574,5.95,-0.112229
-0.911574,6.13,-0.134089
-0.911574,6.31,-0.159387
-0.911574,6.49,-0.188079
-0.911574,6.67,-0.219388
-0.911574,6.85,-0.249378
-0.911574,7.03,-0.263184
-0.911574,7.21,-0.212082
-0.911574,7.39,0.0205931
-0.911574,7.57,0.45288
-0.911574,7.75,0.70155
-0.911574,7.93,0.675812
-0.911574,8.11,0.575674
-0.911574,8.29,0.483377
-0.911574,8.47,0.411178
-0.911574,8.65,0.355974
-0.911574,8.83,0.313292
-0.911574,9.01,0.279623
-0.911574,9.19,0.252537
-0.911574,9.37,0.230367
-0.911574,9.55,0.211927
-0.911574,9.73,0.196372
-0.911574,9.91,0.18309
-0.904286,1.09,-0.111706
-0.904286,1.27,-0.0177877
-0.904286,1.45,-0.0294172
-0.904286,1.63,-0.0467552
-0.904286,1.81,0.0183367
-0.904286,1.99,-0.00981775
-0.904286,2.17,-0.0230985
-0.904286,2.35,0.0231298
-0.904286,2.53,-0.307761
-0.904286,2.71,-0.619667
-0.904286,2.89,-0.0619277
-0.904286,3.07,0.429077
-0.904286,3.25,1.52834
-0.904286,3.43,1.61022
-0.904286,3.61,-0.146557
-0.904286,3.79,-0.765182
-0.904286,3.97,-1.10497
-0.904286,4.15,-1.38624
-0.904286,4.33,-1.4024
-0.904286,4.51,-0.883189
-0.904286,4.69,-0.331008
-0.904286,4.87,-0.0663722
-0.904286,5.05,0.0273072
-0.904286,5.23,0.0520383
-0.904286,5.41,0.0503329
-0.904286,5.59,0.0384336
-0.904286,5.77,0.0226441
-0.904286,5.95,0.0055746
-0.904286,6.13,-0.0115544
-0.904286,6.31,-0.0277291
-0.904286,6.49,-0.0412023
-0.904286,6.67,-0.0476176
-0.904286,6.85,-0.0355333
-0.904286,7.03,0.0265505
-0.904286,7.21,0.220651
-0.904286,7.39,0.663137
-0.904286,7.57,1.08479
-0.904286,7.75,1.02964
-0.904286,7.93,0.802512
-0.904286,8.11,0.620834
-0.904286,8.29,0.497082
-0.904286,8.47,0.41234
-0.904286,8.65,0.35215
-0.904286,8.83,0.307723
-0.904286,9.01,0.273785
-0.904286,9.19,0.247107
-0.904286,9.37,0.225637
-0.904286,9.55,0.208012
-0.904286,9.73,0.193299
-0.904286,9.91,0.180843
-0.896998,1.09,-0.272661
-0.896998,1.27,-0.0273626
-0.896998,1.45,-0.0268645
-0.896998,1.63,-0.0369216
-0.896998,1.81,-0.0924622
-0.896998,1.99,0.0132945
-0.896998,2.17,-0.0494192
-0.896998,2.35,0.0131201
-0.896998,2.53,-0.519318
-0.896998,2.71,-0.460462
-0.896998,2.89,0.0248064
-0.896998,3.07,0.56424
-0.896998,3.25,1.92426
-0.896998,3.43,0.978303
-0.896998,3.61,-0.614617
-0.896998,3.79,-0.973636
-0.896998,3.97,-1.15986
-0.896998,4.15,-1.25634
-0.896998,4.33,-1.06362
-0.896998,4.51,-0.518551
-0.896998,4.69,-0.0578757
-0.896998,4.87,0.144444
-0.896998,5.05,0.204065
-0.896998,5.23,0.209244
-0.896998,5.41,0.196392
-0.896998,5.59,0.1791
-0.896998,5.77,0.162423
-0.896998,5.95,0.148713
-0.896998,6.13,0.139594
-0.896998,6.31,0.137349
-0.896998,6.49,0.146432
-0.896998,6.67,0.176991
-0.896998,6.85,0.253419
-0.896998,7.03,0.438183
-0.896998,7.21,0.873701
-0.896998,7.39,1.57349
-0.896998,7.57,1.64606
-0.896998,7.75,1.14525
-0.896998,7.93,0.772553
-0.896998,8.11,0.559412
-0.896998,8.29,0.433574
-0.896998,8.47,0.353798
-0.896998,8.65,0.299803
-0.896998,8.83,0.261244
-0.896998,9.01,0.232501
-0.896998,9.19,0.210321
-0.896998,9.37,0.19272
-0.896998,9.55,0.178432
-0.896998,9.73,0.166612
-0.896998,9.91,0.15668
-0.88971,1.09,-0.201315
-0.88971,1.27,-0.0251564
-0.88971,1.45,-0.0150134
-0.88971,1.63,-0.0199245
-0.88971,1.81,-0.122733
-0.88971,1.99,0.0595025
-0.88971,2.17,-0.0673278
-0.88971,2.35,0.00955912
-0.88971,2.53,-0.741221
-0.88971,2.71,-0.320917
-0.88971,2.89,0.109454
-0.88971,3.07,0.71582
-0.88971,3.25,2.37909
-0.88971,3.43,0.0482343
-0.88971,3.61,-0.898022
-0.88971,3.79,-1.03387
-0.88971,3.97,-1.08912
-0.88971,4.15,-1.03903
-0.88971,4.33,-0.716692
-0.88971,4.51,-0.169929
-0.88971,4.69,0.224424
-0.88971,4.87,0.37409
-0.88971,5.05,0.400232
-0.88971,5.23,0.384927
-0.88971,5.41,0.36046
-0.88971,5.59,0.338128
-0.88971,5.77,0.321794
-0.88971,5.95,0.313688
-0.88971,6.13,0.316176
-0.88971,6.31,0.333563
-0.88971,6.49,0.374743
-0.88971,6.67,0.459924
-0.88971,6.85,0.63862
-0.88971,7.03,1.04235
-0.88971,7.21,1.94379
-0.88971,7.39,2.72008
-0.88971,7.57,1.76046
-0.88971,7.75,0.936253
-0.88971,7.93,0.565362
-0.88971,8.11,0.388829
-0.88971,8.29,0.293866
-0.88971,8.47,0.237151
-0.88971,8.65,0.200403
-0.88971,8.83,0.175038
-0.88971,9.01,0.156643
-0.88971,9.19,0.142762
-0.88971,9.37,0.131942
-0.88971,9.55,0.123285
-0.88971,9.73,0.116208
-0.88971,9.91,0.11032
-0.882422,1.09,-0.141683
-0.882422,1.27,-0.00370986
-0.882422,1.45,0.0139713
-0.882422,1.63,0.00478224
-0.882422,1.81,-0.116491
-0.882422,1.99,0.141614
-0.882422,2.17,-0.0768222
-0.882422,2.35,0.015233
-0.882422,2.53,-0.863287
-0.882422,2.71,-0.201541
-0.882422,2.89,0.192374
-0.882422,3.07,0.889715
-0.882422,3.25,2.70774
-0.882422,3.43,-0.683704
-0.882422,3.61,-0.992524
-0.882422,3.79,-0.981514
-0.882422,3.97,-0.93726
-0.882422,4.15,-0.774703
-0.882422,4.33,-0.360534
-0.882422,4.51,0.188945
-0.882422,4.69,0.530031
-0.882422,4.87,0.626751
-0.882422,5.05,0.614848
-0.882422,5.23,0.575301
-0.882422,5.41,0.537039
-0.882422,5.59,0.508858
-0.882422,5.77,0.493219
-0.882422,5.95,0.492249
-0.882422,6.13,0.509413
-0.882422,6.31,0.552038
-0.882422,6.49,0.636094
-0.882422,6.67,0.799496
-0.882422,6.85,1.1438
-0.882422,7.03,1.97974
-0.882422,7.21,3.83695
-0.882422,7.39,3.0729
-0.882422,7.57,1.07059
-0.882422,7.75,0.436789
-0.882422,7.93,0.225835
-0.882422,8.11,0.139919
-0.882422,8.29,0.0994325
-0.882422,8.47,0.078214
-0.882422,8.65,0.0661678
-0.882422,8.83,0.0588831
-0.882422,9.01,0.054246
-0.882422,9.19,0.0511597
-0.882422,9.37,0.0490208
-0.882422,9.55,0.0474849
-0.882422,9.73,0.046346
-0.882422,9.91,0.0454771
-0.875134,1.09,-0.112515
-0.875134,1.27,0.0409392
-0.875134,1.45,0.0734496
-0.875134,1.63,0.0373194
-0.875134,1.81,-0.0892223
-0.875134,1.99,0.282631
-0.875134,2.17,-0.0762119
-0.875134,2.35,0.0345352
-0.875134,2.53,-0.780484
-0.875134,2.71,-0.100565
-0.875134,2.89,0.272659
-0.875134,3.07,1.09303
-0.875134,3.25,2.19783
-0.875134,3.43,-1.00702
-0.875134,3.61,-0.952934
-0.875134,3.79,-0.855093
-0.875134,3.97,-0.733608
-0.875134,4.15,-0.476112
-0.875134,4.33,0.0222693
-0.875134,4.51,0.585375
-0.875134,4.69,0.873465
-0.875134,4.87,0.904693
-0.875134,5.05,0.842639
-0.875134,5.23,0.770579
-0.875134,5.41,0.713294
-0.875134,5.59,0.675962
-0.875134,5.77,0.65887
-0.875134,5.95,0.663651
-0.875134,6.13,0.694767
-0.875134,6.31,0.762947
-0.875134,6.49,0.893104
-0.875134,6.67,1.14864
-0.875134,6.85,1.72448
-0.875134,7.03,3.36813
-0.875134,7.21,5.24616
-0.875134,7.39,0.817487
-0.875134,7.57,-0.0331454
-0.875134,7.75,-0.145033
-0.875134,7.93,-0.147149
-0.875134,8.11,-0.130265
-0.875134,8.29,-0.111642
-0.875134,8.47,-0.0950512
-0.875134,8.65,-0.0810397
-0.875134,8.83,-0.0693678
-0.875134,9.01,-0.0596556
-0.875134,9.19,-0.0515323
-0.875134,9.37,-0.0446869
-0.875134,9.55,-0.0388767
-0.875134,9.73,-0.0339094
-0.875134,9.91,-0.0296334
-0.867846,1.09,-0.0823308
-0.867846,1.27,0.106838
-0.867846,1.45,0.18719
-0.867846,1.63,0.0802107
-0.867846,1.81,-0.0503504
-0.867846,1.99,0.528702
-0.867846,2.17,-0.0637049
-0.867846,2.35,0.0750564
-0.867846,2.53,-0.551561
-0.867846,2.71,-0.0162661
-0.867846,2.89,0.348273
-0.867846,3.07,1.33438
-0.867846,3.25,0.367982
-0.867846,3.43,-1.0365
-0.867846,3.61,-0.832806
-0.867846,3.79,-0.680994
-0.867846,3.97,-0.491275
-0.867846,4.15,-0.137765
-0.867846,4.33,0.462087
-0.867846,4.51,1.05445
-0.867846,4.69,1.26977
-0.867846,4.87,1.20282
-0.867846,5.05,1.06624
-0.867846,5.23,0.946093
-0.867846,5.41,0.859189
-0.867846,5.59,0.804152
-0.867846,5.77,0.777051
-0.867846,5.95,0.777185
-0.867846,6.13,0.807507
-0.867846,6.31,0.877344
-0.867846,6.49,1.00906
-0.867846,6.67,1.25512
-0.867846,6.85,1.73541
-0.867846,7.03,1.87258
-0.867846,7.21,-2.02207
-0.867846,7.39,-1.34301
-0.867846,7.57,-0.855346
-0.867846,7.75,-0.6035
-0.867846,7.93,-0.45638
-0.867846,8.11,-0.361869
-0.867846,8.29,-0.296771
-0.867846,8.47,-0.249641
-0.867846,8.65,-0.214214
-0.867846,8.83,-0.18679
-0.867846,9.01,-0.165081
-0.867846,9.19,-0.147557
-0.867846,9.37,-0.133166
-0.867846,9.55,-0.121186
-0.867846,9.73,-0.111097
-0.867846,9.91,-0.102515
-0.860558,1.09,-0.0370124
-0.860558,1.27,0.184985
-0.860558,1.45,0.392009
-0.860558,1.63,0.143153
-0.860558,1.81,-0.00824263
-0.860558,1.99,0.881673
-0.860558,2.17,-0.0395516
-0.860558,2.35,0.151715
-0.860558,2.53,-0.313186
-0.860558,2.71,0.0525059
-0.860558,2.89,0.416015
-0.860558,3.07,1.62035
-0.860558,3.25,-0.984618
-0.860558,3.43,-0.918432
-0.860558,3.61,-0.66658
-0.860558,3.79,-0.472791
-0.860558,3.97,-0.210456
-0.860558,4.15,0.261864
-0.860558,4.33,1.01176
-0.860558,4.51,1.65034
-0.860558,4.69,1.72876
-0.860558,4.87,1.49238
-0.860558,5.05,1.23721
-0.860558,5.23,1.04285
-0.860558,5.41,0.907285
-0.860558,5.59,0.81596
-0.860558,5.77,0.75589
-0.860558,5.95,0.718178
-0.860558,6.13,0.693716
-0.860558,6.31,0.665808
-0.860558,6.49,0.58317
-0.860558,6.67,0.217495
-0.860558,6.85,-1.68347
-0.860558,7.03,-6.13915
-0.860558,7.21,-3.74849
-0.860558,7.39,-1.97566
-0.860558,7.57,-1.22918
-0.860558,7.75,-0.858181
-0.860558,7.93,-0.64556
-0.860558,8.11,-0.51104
-0.860558,8.29,-0.419736
-0.860558,8.47,-0.354478
-0.860558,8.65,-0.305963
-0.860558,8.83,-0.268765
-0.860558,9.01,-0.239567
-0.860558,9.19,-0.216178
-0.860558,9.37,-0.197099
-0.860558,9.55,-0.181314
-0.860558,9.73,-0.168096
-0.860558,9.91,-0.156914
-0.85327,1.09,0.0188621
-0.85327,1.27,0.240553
-0.85327,1.45,0.400361
-0.85327,1.63,0.254815
-0.85327,1.81,0.0305438
-0.85327,1.99,0.32234
-0.85327,2.17,-0.00896088
-0.85327,2.35,0.299613
-0.85327,2.53,-0.127844
-0.85327,2.71,0.105789
-0.85327,2.89,0.470537
-0.85327,3.07,1.92807
-0.85327,3.25,-1.22006
-0.85327,3.43,-0.734943
-0.85327,3.61,-0.471013
-0.85327,3.79,-0.23323
-0.85327,3.97,0.121064
-0.85327,4.15,0.769076
-0.85327,4.33,1.77962
-0.85327,4.51,2.46656
-0.85327,4.69,2.22038
-0.85327,4.87,1.66932
-0.85327,5.05,1.22935
-0.85327,5.23,0.927647
-0.85327,5.41,0.717183
-0.85327,5.59,0.557923
-0.85327,5.77,0.419095
-0.85327,5.95,0.271531
-0.85327,6.13,0.0714033
-0.85327,6.31,-0.273113
-0.85327,6.49,-0.992572
-0.85327,6.67,-2.64587
-0.85327,6.85,-5.25693
-0.85327,7.03,-5.09711
-0.85327,7.21,-3.14403
-0.85327,7.39,-1.91888
-0.85327,7.57,-1.27322
-0.85327,7.75,-0.911506
-0.85327,7.93,-0.691836
-0.85327,8.11,-0.548945
-0.85327,8.29,-0.450864
-0.85327,8.47,-0.380582
-0.85327,8.65,-0.328449
-0.85327,8.83,-0.288678
-0.85327,9.01,-0.25767
-0.85327,9.19,-0.233025
-0.85327,9.37,-0.213091
-0.85327,9.55,-0.196743
-0.85327,9.73,-0.183179
-0.85327,9.91,-0.171812
-0.845982,1.09,0.053156
-0.845982,1.27,0.217526
-0.845982,1.45,-0.323924
-0.845982,1.63,0.518769
-0.845982,1.81,0.0614221
-0.845982,1.99,-0.382355
-0.845982,2.17,0.0164075
-0.845982,2.35,0.619219
-0.845982,2.53,-0.00322722
-0.845982,2.71,0.139364
-0.845982,2.89,0.500467
-0.845982,3.07,2.05965
-0.845982,3.25,-0.996196
-0.845982,3.43,-0.514667
-0.845982,3.61,-0.246224
-0.845982,3.79,0.0483165
-0.845982,3.97,0.536492
-0.845982,4.15,1.49421
-0.845982,4.33,3.05984
-0.845982,4.51,3.64968
-0.845982,4.69,2.48376
-0.845982,4.87,1.39206
-0.845982,5.05,0.738496
-0.845982,5.23,0.334776
-0.845982,5.41,0.0463621
-0.845982,5.59,-0.201608
-0.845982,5.77,-0.460453
-0.845982,5.95,-0.781403
-0.845982,6.13,-1.23557
-0.845982,6.31,-1.93157
-0.845982,6.49,-2.98175
-0.845982,6.67,-4.19032
-0.845982,6.85,-4.53835
-0.845982,7.03,-3.57665
-0.845982,7.21,-2.39322
-0.845982,7.39,-1.57066
-0.845982,7.57,-1.06798
-0.845982,7.75,-0.760342
-0.845982,7.93,-0.565231
-0.845982,8.11,-0.436233
-0.845982,8.29,-0.347766
-0.845982,8.47,-0.285082
-0.845982,8.65,-0.23941
-0.845982,8.83,-0.205332
-0.845982,9.01,-0.179406
-0.845982,9.19,-0.159347
-0.845982,9.37,-0.143587
-0.845982,9.55,-0.13105
-0.845982,9.73,-0.120971
-0.845982,9.91,-0.112796
-0.838694,1.09,0.0725078
-0.838694,1.27,0.353263
-0.838694,1.45,-0.236804
-0.838694,1.63,1.44602
-0.838694,1.81,0.0644986
-0.838694,1.99,-0.257094
-0.838694,2.17,0.0423408
-0.838694,2.35,1.74541
-0.838694,2.53,-0.0374858
-0.838694,2.71,0.0951215
-0.838694,2.89,0.468216
-0.838694,3.07,1.8588
-0.838694,3.25,-0.580284
-0.838694,3.43,-0.218498
-0.838694,3.61,0.0799794
-0.838694,3.79,0.504558
-0.838694,3.97,1.32387
-0.838694,4.15,3.30006
-0.838694,4.33,7.47969
-0.838694,4.51,4.8986
-0.838694,4.69,0.774459
-0.838694,4.87,-0.537637
-0.838694,5.05,-1.05099
-0.838694,5.23,-1.34706
-0.838694,5.41,-1.58933
-0.838694,5.59,-1.83979
-0.838694,5.77,-2.13073
-0.838694,5.95,-2.48528
-0.838694,6.13,-2.91243
-0.838694,6.31,-3.38163
-0.838694,6.49,-3.76732
-0.838694,6.67,-3.81333
-0.838694,6.85,-3.31297
-0.838694,7.03,-2.43025
-0.838694,7.21,-1.55506
-0.838694,7.39,-0.901595
-0.838694,7.57,-0.47433
-0.838694,7.75,-0.209008
-0.838694,7.93,-0.0466893
-0.838694,8.11,0.0525994
-0.838694,8.29,0.113058
-0.838694,8.47,0.149464
-0.838694,8.65,0.170775
-0.838694,8.83,0.182489
-0.838694,9.01,0.18809
-0.838694,9.19,0.189743
-0.838694,9.37,0.188817
-0.838694,9.55,0.186241
-0.838694,9.73,0.182634
-0.838694,9.91,0.178408
-0.831406,1.09,0.0782855
-0.831406,1.27,-0.00671798
-0.831406,1.45,-0.0177662
-0.831406,1.63,1.27666
-0.831406,1.81,0.0440796
-0.831406,1.99,-0.105732
-0.831406,2.17,0.0774391
-0.831406,2.35,2.56863
-0.831406,2.53,-0.153354
-0.831406,2.71,0.043142
-0.831406,2.89,0.451786
-0.831406,3.07,0.761045
-0.831406,3.25,-0.314224
-0.831406,3.43,-0.0293991
-0.831406,3.61,0.280878
-0.831406,3.79,0.782165
-0.831406,3.97,1.84672
-0.831406,4.15,4.93825
-0.831406,4.33,10.5249
-0.831406,4.51,0.340309
-0.831406,4.69,-1.64243
-0.831406,4.87,-1.94361
-0.831406,5.05,-2.03994
-0.831406,5.23,-2.12512
-0.831406,5.41,-2.23706
-0.831406,5.59,-2.38623
-0.831406,5.77,-2.57413
-0.831406,5.95,-2.79607
-0.831406,6.13,-3.0288
-0.831406,6.31,-3.21047
-0.831406,6.49,-3.21964
-0.831406,6.67,-2.89982
-0.831406,6.85,-2.20572
-0.831406,7.03,-1.33202
-0.831406,7.21,-0.558024
-0.831406,7.39,-0.0160001
-0.831406,7.57,0.311885
-0.831406,7.75,0.491789
-0.831406,7.93,0.581305
-0.831406,8.11,0.618846
-0.831406,8.29,0.626948
-0.831406,8.47,0.618894
-0.831406,8.65,0.602327
-0.831406,8.83,0.581621
-0.831406,9.01,0.559377
-0.831406,9.19,0.536982
-0.831406,9.37,0.515148
-0.831406,9.55,0.4943
-0.831406,9.73,0.474649
-0.831406,9.91,0.456275
-0.824117,1.09,0.10807
-0.824117,1.27,-0.00816005
-0.824117,1.45,-0.0111702
-0.824117,1.63,-0.0298106
-0.824117,1.81,0.061491
-0.824117,1.99,-0.110383
-0.824117,2.17,0.0915345
-0.824117,2.35,1.49893
-0.824117,2.53,-0.133489
-0.824117,2.71,0.0545665
-0.824117,2.89,0.502746
-0.824117,3.07,-0.408257
-0.824117,3.25,-0.254877
-0.824117,3.43,0.0101765
-0.824117,3.61,0.318216
-0.824117,3.79,0.842769
-0.824117,3.97,2.03043
-0.824117,4.15,5.82617
-0.824117,4.33,7.38561
-0.824117,4.51,-0.944569
-0.824117,4.69,-1.83767
-0.824117,4.87,-1.95208
-0.824117,5.05,-1.99641
-0.824117,5.23,-2.05979
-0.824117,5.41,-2.15745
-0.824117,5.59,-2.29218
-0.824117,5.77,-2.46087
-0.824117,5.95,-2.65316
-0.824117,6.13,-2.83739
-0.824117,6.31,-2.94084
-0.824117,6.49,-2.83835
-0.824117,6.67,-2.4034
-0.824117,6.85,-1.66113
-0.824117,7.03,-0.843541
-0.824117,7.21,-0.183687
-0.824117,7.39,0.247452
-0.824117,7.57,0.49242
-0.824117,7.75,0.616445
-0.824117,7.93,0.669481
-0.824117,8.11,0.683169
-0.824117,8.29,0.675438
-0.824117,8.47,0.656658
-0.824117,8.65,0.632666
-0.824117,8.83,0.606715
-0.824117,9.01,0.580683
-0.824117,9.19,0.555508
-0.824117,9.37,0.531613
-0.824117,9.55,0.509223
-0.824117,9.73,0.488406
-0.824117,9.91,0.469148
-0.816829,1.09,0.199583
-0.816829,1.27,-0.00835114
-0.816829,1.45,-0.00373951
-0.816829,1.63,-0.194161
-0.816829,1.81,0.081235
-0.816829,1.99,-0.10101
-0.816829,2.17,0.106139
-0.816829,2.35,-0.072131
-0.816829,2.53,-0.115749
-0.816829,2.71,0.0640865
-0.816829,2.89,0.562231
-0.816829,3.07,-0.577369
-0.816829,3.25,-0.200343
-0.816829,3.43,0.0453309
-0.816829,3.61,0.351079
-0.816829,3.79,0.899718
-0.816829,3.97,2.23294
-0.816829,4.15,6.87517
-0.816829,4.33,2.97204
-0.816829,4.51,-1.59646
-0.816829,4.69,-1.89895
-0.816829,4.87,-1.90777
-0.816829,5.05,-1.92045
-0.816829,5.23,-1.96826
-0.816829,5.41,-2.05295
-0.816829,5.59,-2.17205
-0.816829,5.77,-2.31845
-0.816829,5.95,-2.47625
-0.816829,6.13,-2.60575
-0.816829,6.31,-2.62596
-0.816829,6.49,-2.41599
-0.816829,6.67,-1.89034
-0.816829,6.85,-1.13859
-0.816829,7.03,-0.402914
-0.816829,7.21,0.140419
-0.816829,7.39,0.470086
-0.816829,7.57,0.642636
-0.816829,7.75,0.718845
-0.816829,7.93,0.740951
-0.816829,8.11,0.734513
-0.816829,8.29,0.71348
-0.816829,8.47,0.685737
-0.816829,8.65,0.655586
-0.816829,8.83,0.625329
-0.816829,9.01,0.596224
-0.816829,9.19,0.56883
-0.816829,9.37,0.543324
-0.816829,9.55,0.519757
-0.816829,9.73,0.498082
-0.816829,9.91,0.478199
-0.809541,1.09,0.117805
-0.809541,1.27,-0.0112637
-0.809541,1.45,0.00144328
-0.809541,1.63,-0.168337
-0.809541,1.81,0.106182
-0.809541,1.99,-0.0889625
-0.809541,2.17,0.119196
-0.809541,2.35,-0.327369
-0.809541,2.53,-0.0987067
-0.809541,2.71,0.0725429
-0.809541,2.89,0.625308
-0.809541,3.07,-0.509817
-0.809541,3.25,-0.152124
-0.809541,3.43,0.0747347
-0.809541,3.61,0.376059
-0.809541,3.79,0.94532
-0.809541,3.97,2.44015
-0.809541,4.15,7.6675
-0.809541,4.33,-0.165428
-0.809541,4.51,-1.86045
-0.809541,4.69,-1.86347
-0.809541,4.87,-1.81548
-0.809541,5.05,-1.80894
-0.809541,5.23,-1.84432
-0.809541,5.41,-1.91553
-0.809541,5.59,-2.01633
-0.809541,5.77,-2.13606
-0.809541,5.95,-2.25349
-0.809541,6.13,-2.32206
-0.809541,6.31,-2.25656
-0.809541,6.49,-1.94975
-0.809541,6.67,-1.36484
-0.809541,6.85,-0.642174
-0.809541,7.03,-0.0088366
-0.809541,7.21,0.418406
-0.809541,7.39,0.65539
-0.809541,7.57,0.764347
-0.809541,7.75,0.799348
-0.809541,7.93,0.795077
-0.809541,8.11,0.771619
-0.809541,8.29,0.739445
-0.809541,8.47,0.704288
-0.809541,8.65,0.669128
-0.809541,8.83,0.635444
-0.809541,9.01,0.603963
-0.809541,9.19,0.574911
-0.809541,9.37,0.548258
-0.809541,9.55,0.523906
-0.809541,9.73,0.501705
-0.809541,9.91,0.481486
-0.802253,1.09,0.0208439
-0.802253,1.27,-0.0139146
-0.802253,1.45,0.00396247
-0.802253,1.63,-0.127647
-0.802253,1.81,0.136532
-0.802253,1.99,-0.0761109
-0.802253,2.17,0.144537
-0.802253,2.35,-0.309009
-0.802253,2.53,-0.0851384
-0.802253,2.71,0.0794997
-0.802253,2.89,0.656927
-0.802253,3.07,-0.417555
-0.802253,3.25,-0.11261
-0.802253,3.43,0.100651
-0.802253,3.61,0.402606
-0.802253,3.79,1.00482
-0.802253,3.97,2.72723
-0.802253,4.15,7.09455
-0.802253,4.33,-1.43164
-0.802253,4.51,-1.87099
-0.802253,4.69,-1.76854
-0.802253,4.87,-1.70532
-0.802253,5.05,-1.6947
-0.802253,5.23,-1.72573
-0.802253,5.41,-1.78936
-0.802253,5.59,-1.87732
-0.802253,5.77,-1.97611
-0.802253,5.95,-2.05957
-0.802253,6.13,-2.07458
-0.802253,6.31,-1.93333
-0.802253,6.49,-1.54658
-0.802253,6.67,-0.927523
-0.802253,6.85,-0.253132
-0.802253,7.03,0.279155
-0.802253,7.21,0.606478
-0.802253,7.39,0.769704
-0.802253,7.57,0.830867
-0.802253,7.75,0.836454
-0.802253,7.93,0.814357
-0.802253,8.11,0.780103
-0.802253,8.29,0.741393
-0.802253,8.47,0.702299
-0.802253,8.65,0.66481
-0.802253,8.83,0.629807
-0.802253,9.01,0.597632
-0.802253,9.19,0.568287
-0.802253,9.37,0.541611
-0.802253,9.55,0.517409
-0.802253,9.73,0.49547
-0.802253,9.91,0.475584
-0.794965,1.09,0.003787
-0.794965,1.27,-0.0162897
-0.794965,1.45,0.00441353
-0.794965,1.63,-0.0973385
-0.794965,1.81,0.163491
-0.794965,1.99,-0.063322
-0.794965,2.17,0.177511
-0.794965,2.35,-0.265548
-0.794965,2.53,-0.0730523
-0.794965,2.71,0.0852156
-0.794965,2.89,0.385188
-0.794965,3.07,-0.332121
-0.794965,3.25,-0.0779854
-0.794965,3.43,0.122849
-0.794965,3.61,0.424861
-0.794965,3.79,1.06147
-0.794965,3.97,3.0491
-0.794965,4.15,3.5762
-0.794965,4.33,-1.86505
-0.794965,4.51,-1.78814
-0.794965,4.69,-1.64695
-0.794965,4.87,-1.58069
-0.794965,5.05,-1.56891
-0.794965,5.23,-1.59589
-0.794965,5.41,-1.65108
-0.794965,5.59,-1.72452
-0.794965,5.77,-1.7999
-0.794965,5.95,-1.84628
-0.794965,6.13,-1.80527
-0.794965,6.31,-1.59098
-0.794965,6.49,-1.14043
-0.794965,6.67,-0.516595
-0.794965,6.85,0.0863682
-0.794965,7.03,0.514356
-0.794965,7.21,0.750859
-0.794965,7.39,0.851264
-0.794965,7.57,0.873246
-0.794965,7.75,0.85539
-0.794965,7.93,0.819476
-0.794965,8.11,0.777138
-0.794965,8.29,0.733773
-0.794965,8.47,0.692087
-0.794965,8.65,0.653259
-0.794965,8.83,0.617687
-0.794965,9.01,0.585401
-0.794965,9.19,0.55623
-0.794965,9.37,0.529908
-0.794965,9.55,0.506169
-0.794965,9.73,0.484753
-0.794965,9.91,0.465421
-0.787677,1.09,-0.00298221
-0.787677,1.27,-0.0174413
-0.787677,1.45,0.00355232
-0.787677,1.63,-0.0753569
-0.787677,1.81,0.0971249
-0.787677,1.99,-0.0510151
-0.787677,2.17,0.217432
-0.787677,2.35,-0.224483
-0.787677,2.53,-0.0616715
-0.787677,2.71,0.0897049
-0.787677,2.89,-0.710541
-0.787677,3.07,-0.259812
-0.787677,3.25,-0.048002
-0.787677,3.43,0.140583
-0.787677,3.61,0.440177
-0.787677,3.79,1.10703
-0.787677,3.97,3.32731
-0.787677,4.15,-0.308461
-0.787677,4.33,-1.91583
-0.787677,4.51,-1.65495
-0.787677,4.69,-1.50672
-0.787677,4.87,-1.44288
-0.787677,5.05,-1.43052
-0.787677,5.23,-1.45245
-0.787677,5.41,-1.49733
-0.787677,5.59,-1.55363
-0.787677,5.77,-1.60226
-0.787677,5.95,-1.60796
-0.787677,6.13,-1.50915
-0.787677,6.31,-1.22762
-0.787677,6.49,-0.733914
-0.787677,6.67,-0.134901
-0.787677,6.85,0.378915
-0.787677,7.03,0.703668
-0.787677,7.21,0.858993
-0.787677,7.39,0.906209
-0.787677,7.57,0.896101
-0.787677,7.75,0.859546
-0.787677,7.93,0.812934
-0.787677,8.11,0.764592
-0.787677,8.29,0.717998
-0.787677,8.47,0.674731
-0.787677,8.65,0.635306
-0.787677,8.83,0.599725
-0.787677,9.01,0.567767
-0.787677,9.19,0.539117
-0.787677,9.37,0.513432
-0.787677,9.55,0.49039
-0.787677,9.73,0.469694
-0.787677,9.91,0.451084
-0.780389,1.09,-0.00658506
-0.780389,1.27,-0.0144746
-0.780389,1.45,0.00196693
-0.780389,1.63,-0.0577693
-0.780389,1.81,-0.658785
-0.780389,1.99,-0.0393516
-0.780389,2.17,0.263256
-0.780389,2.35,-0.187244
-0.780389,2.53,-0.0501622
-0.780389,2.71,0.0930806
-0.780389,2.89,-1.01658
-0.780389,3.07,-0.201152
-0.780389,3.25,-0.0230228
-0.780389,3.43,0.153595
-0.780389,3.61,0.448432
-0.780389,3.79,1.13933
-0.780389,3.97,3.31675
-0.780389,4.15,-1.90697
-0.780389,4.33,-1.78194
-0.780389,4.51,-1.48981
-0.780389,4.69,-1.35288
-0.780389,4.87,-1.29546
-0.780389,5.05,-1.28347
-0.780389,5.23,-1.30028
-0.780389,5.41,-1.3343
-0.780389,5.59,-1.37261
-0.780389,5.77,-1.39358
-0.780389,5.95,-1.35835
-0.780389,6.13,-1.20461
-0.780389,6.31,-0.867631
-0.780389,6.49,-0.35567
-0.780389,6.67,0.191664
-0.780389,6.85,0.606306
-0.780389,7.03,0.834688
-0.780389,7.21,0.921134
-0.780389,7.39,0.926034
-0.780389,7.57,0.891793
-0.780389,7.75,0.842066
-0.780389,7.93,0.788591
-0.780389,8.11,0.736963
-0.780389,8.29,0.68912
-0.780389,8.47,0.645756
-0.780389,8.65,0.606876
-0.780389,8.83,0.572187
-0.780389,9.01,0.541281
-0.780389,9.19,0.513747
-0.780389,9.37,0.489192
-0.780389,9.55,0.46726
-0.780389,9.73,0.447635
-0.780389,9.91,0.430046
-0.773101,1.09,-0.00977544
-0.773101,1.27,-0.00655024
-0.773101,1.45,0.00243674
-0.773101,1.63,-0.0438384
-0.773101,1.81,-0.728311
-0.773101,1.99,-0.0260668
-0.773101,2.17,0.300551
-0.773101,2.35,-0.157928
-0.773101,2.53,-0.0406134
-0.773101,2.71,0.093415
-0.773101,2.89,-0.697734
-0.773101,3.07,-0.153687
-0.773101,3.25,-0.00134713
-0.773101,3.43,0.166002
-0.773101,3.61,0.459522
-0.773101,3.79,1.18219
-0.773101,3.97,2.44599
-0.773101,4.15,-2.10849
-0.773101,4.33,-1.58709
-0.773101,4.51,-1.32565
-0.773101,4.69,-1.20876
-0.773101,4.87,-1.16041
-0.773101,5.05,-1.15043
-0.773101,5.23,-1.16375
-0.773101,5.41,-1.18885
-0.773101,5.59,-1.21151
-0.773101,5.77,-1.20758
-0.773101,5.95,-1.13498
-0.773101,6.13,-0.932536
-0.773101,6.31,-0.553458
-0.773101,6.49,-0.0448555
-0.773101,6.67,0.434802
-0.773101,6.85,0.753175
-0.773101,7.03,0.90066
-0.773101,7.21,0.934888
-0.773101,7.39,0.910523
-0.773101,7.57,0.861324
-0.773101,7.75,0.804705
-0.773101,7.93,0.748696
-0.773101,8.11,0.696823
-0.773101,8.29,0.64992
-0.773101,8.47,0.608071
-0.773101,8.65,0.570951
-0.773101,8.83,0.538087
-0.773101,9.01,0.508965
-0.773101,9.19,0.483128
-0.773101,9.37,0.460173
-0.773101,9.55,0.439733
-0.773101,9.73,0.421494
-0.773101,9.91,0.405189
-0.765813,1.09,-0.0129872
-0.765813,1.27,0.0083489
-0.765813,1.45,0.00560725
-0.765813,1.63,-0.0327879
-0.765813,1.81,-0.408778
-0.765813,1.99,-0.0126019
-0.765813,2.17,-0.0924453
-0.765813,2.35,-0.132951
-0.765813,2.53,-0.0310559
-0.765813,2.71,0.0872993
-0.765813,2.89,-0.456357
-0.765813,3.07,-0.11419
-0.765813,3.25,0.0167984
-0.765813,3.43,0.174264
-0.765813,3.61,0.462641
-0.765813,3.79,1.19
-0.765813,3.97,-0.108317
-0.765813,4.15,-1.91719
-0.765813,4.33,-1.38123
-0.765813,4.51,-1.16157
-0.765813,4.69,-1.06423
-0.765813,4.87,-1.02379
-0.765813,5.05,-1.01471
-0.765813,5.23,-1.02347
-0.765813,5.41,-1.0385
-0.765813,5.59,-1.0443
-0.765813,5.77,-1.01443
-0.765813,5.95,-0.904785
-0.765813,6.13,-0.658988
-0.765813,6.31,-0.254171
-0.765813,6.49,0.226121
-0.765813,6.67,0.622623
-0.765813,6.85,0.84783
-0.765813,7.03,0.926466
-0.765813,7.21,0.919985
-0.765813,7.39,0.874587
-0.765813,7.57,0.815802
-0.765813,7.75,0.755738
-0.765813,7.93,0.699445
-0.765813,8.11,0.648837
-0.765813,8.29,0.603924
-0.765813,8.47,0.564344
-0.765813,8.65,0.529543
-0.765813,8.83,0.498929
-0.765813,9.01,0.471924
-0.765813,9.19,0.448051
-0.765813,9.37,0.426909
-0.765813,9.55,0.408138
-0.765813,9.73,0.391431
-0.765813,9.91,0.376529
-0.758525,1.09,-0.0154019
-0.758525,1.27,0.030236
-0.758525,1.45,0.0146394
-0.758525,1.63,-0.0238271
-0.758525,1.81,-0.256814
-0.758525,1.99,0.000395651
-0.758525,2.17,-0.629748
-0.758525,2.35,-0.110513
-0.758525,2.53,-0.0208157
-0.758525,2.71,0.0643296
-0.758525,2.89,-0.304142
-0.758525,3.07,-0.0812234
-0.758525,3.25,0.0311983
-0.758525,3.43,0.176967
-0.758525,3.61,0.452238
-0.758525,3.79,1.09868
-0.758525,3.97,-2.18264
-0.758525,4.15,-1.62659
-0.758525,4.33,-1.17648
-0.758525,4.51,-0.998132
-0.758525,4.69,-0.918201
-0.758525,4.87,-0.884019
-0.758525,5.05,-0.874433
-0.758525,5.23,-0.87731
-0.758525,5.41,-0.88097
-0.758525,5.59,-0.868715
-0.758525,5.77,-0.8123
-0.758525,5.95,-0.667402
-0.758525,6.13,-0.386981
-0.758525,6.31,0.0233026
-0.758525,6.49,0.451288
-0.758525,6.67,0.755397
-0.758525,6.85,0.894939
-0.758525,7.03,0.917248
-0.758525,7.21,0.880382
-0.758525,7.39,0.820902
-0.758525,7.57,0.756938
-0.758525,7.75,0.696221
-0.758525,7.93,0.641458
-0.758525,8.11,0.593334
-0.758525,8.29,0.55126
-0.758525,8.47,0.514563
-0.758525,8.65,0.482537
-0.758525,8.83,0.454524
-0.758525,9.01,0.429913
-0.758525,9.19,0.408226
-0.758525,9.37,0.389079
-0.758525,9.55,0.372124
-0.758525,9.73,0.35707
-0.758525,9.91,0.343675
-0.751237,1.09,-0.0157382
-0.751237,1.27,-0.00383508
-0.751237,1.45,0.0361692
-0.751237,1.63,-0.0155667
-0.751237,1.81,-0.174646
-0.751237,1.99,0.0118577
-0.751237,2.17,-0.451386
-0.751237,2.35,-0.0893401
-0.751237,2.53,-0.00927484
-0.751237,2.71,-0.0101943
-0.751237,2.89,-0.204592
-0.751237,3.07,-0.0540788
-0.751237,3.25,0.041639
-0.751237,3.43,0.173445
-0.751237,3.61,0.424135
-0.751237,3.79,0.7733
-0.751237,3.97,-2.3696
-0.751237,4.15,-1.32563
-0.751237,4.33,-0.977528
-0.751237,4.51,-0.83696
-0.751237,4.69,-0.772313
-0.751237,4.87,-0.743086
-0.751237,5.05,-0.732108
-0.751237,5.23,-0.728468
-0.751237,5.41,-0.720402
-0.751237,5.59,-0.690259
-0.751237,5.77,-0.608829
-0.751237,5.95,-0.433908
-0.751237,6.13,-0.132397
-0.751237,6.31,0.259873
-0.751237,6.49,0.615293
-0.751237,6.67,0.825549
-0.751237,6.85,0.891688
-0.751237,7.03,0.871513
-0.751237,7.21,0.814649
-0.751237,7.39,0.747938
-0.751237,7.57,0.683188
-0.751237,7.75,0.624677
-0.751237,7.93,0.57336
-0.751237,8.11,0.529049
-0.751237,8.29,0.490769
-0.751237,8.47,0.457664
-0.751237,8.65,0.428955
-0.751237,8.83,0.403965
-0.751237,9.01,0.382085
-0.751237,9.19,0.362858
-0.751237,9.37,0.34593
-0.751237,9.55,0.330977
-0.751237,9.73,0.31773
-0.751237,9.91,0.305968
-0.743949,1.09,-0.0077536
-0.743949,1.27,-0.291768
-0.743949,1.45,0.107597
-0.743949,1.63,-0.00865161
-0.743949,1.81,-0.121556
-0.743949,1.99,0.0242218
-0.743949,2.17,-0.303545
-0.743949,2.35,-0.0721778
-0.743949,2.53,0.00176597
-0.743949,2.71,-0.203509
-0.743949,2.89,-0.135802
-0.743949,3.07,-0.0317076
-0.743949,3.25,0.0499406
-0.743949,3.43,0.168805
-0.743949,3.61,0.390637
-0.743949,3.79,0.0546137
-0.743949,3.97,-1.88607
-0.743949,4.15,-1.05756
-0.743949,4.33,-0.801193
-0.743949,4.51,-0.693678
-0.743949,4.69,-0.64273
-0.743949,4.87,-0.618322
-0.743949,5.05,-0.606735
-0.743949,5.23,-0.59815
-0.743949,5.41,-0.580783
-0.743949,5.59,-0.536294
-0.743949,5.77,-0.435221
-0.743949,5.95,-0.239582
-0.743949,6.13,0.0663034
-0.743949,6.31,0.419091
-0.743949,6.49,0.692466
-0.743949,6.67,0.820177
-0.743949,6.85,0.833091
-0.743949,7.03,0.788036
-0.743949,7.21,0.723454
-0.743949,7.39,0.657465
-0.743949,7.57,0.59702
-0.743949,7.75,0.544031
-0.743949,7.93,0.498376
-0.743949,8.11,0.459402
-0.743949,8.29,0.42599
-0.743949,8.47,0.397251
-0.743949,8.65,0.372428
-0.743949,8.83,0.350888
-0.743949,9.01,0.33206
-0.743949,9.19,0.315537
-0.743949,9.37,0.301016
-0.743949,9.55,0.288211
-0.743949,9.73,0.276886
-0.743949,9.91,0.266847
-0.736661,1.09,0.0374595
-0.736661,1.27,-0.18608
-0.736661,1.45,0.0648181
-0.736661,1.63,-0.00213538
-0.736661,1.81,-0.0824696
-0.736661,1.99,0.0331922
-0.736661,2.17,-0.214335
-0.736661,2.35,-0.056284
-0.736661,2.53,0.0142258
-0.736661,2.71,-0.283445
-0.736661,2.89,-0.0857021
-0.736661,3.07,-0.013637
-0.736661,3.25,0.0541363
-0.736661,3.43,0.156666
-0.736661,3.61,0.32679
-0.736661,3.79,-1.23506
-0.736661,3.97,-1.38398
-0.736661,4.15,-0.817499
-0.736661,4.33,-0.634486
-0.736661,4.51,-0.554352
-0.736661,4.69,-0.514813
-0.736661,4.87,-0.49417
-0.736661,5.05,-0.481576
-0.736661,5.23,-0.468209
-0.736661,5.41,-0.44248
-0.736661,5.59,-0.385999
-0.736661,5.77,-0.270613
-0.736661,5.95,-0.0657998
-0.736661,6.13,0.223906
-0.736661,6.31,0.515774
-0.736661,6.49,0.702886
-0.736661,6.67,0.761411
-0.736661,6.85,0.737753
-0.736661,7.03,0.680145
-0.736661,7.21,0.615527
-0.736661,7.39,0.554842
-0.736661,7.57,0.501468
-0.736661,7.75,0.455725
-0.736661,7.93,0.416853
-0.736661,8.11,0.383974
-0.736661,8.29,0.355963
-0.736661,8.47,0.331979
-0.736661,8.65,0.311333
-0.736661,8.83,0.293466
-0.736661,9.01,0.277869
-0.736661,9.19,0.264195
-0.736661,9.37,0.252197
-0.736661,9.55,0.241634
-0.736661,9.73,0.232306
-0.736661,9.91,0.224051
-0.729373,1.09,0.305309
-0.729373,1.27,-0.111329
-0.729373,1.45,-0.0407758
-0.729373,1.63,0.005589
-0.729373,1.81,-0.0508724
-0.729373,1.99,0.0336699
-0.729373,2.17,-0.152685
-0.729373,2.35,-0.0412282
-0.729373,2.53,0.0284619
-0.729373,2.71,-0.13289
-0.729373,2.89,-0.0483979
-0.729373,3.07,-1.89349e-05
-0.729373,3.25,0.0531581
-0.729373,3.43,0.134487
-0.729373,3.61,0.21534
-0.729373,3.79,-1.93952
-0.729373,3.97,-0.956347
-0.729373,4.15,-0.597758
-0.729373,4.33,-0.473373
-0.729373,4.51,-0.416249
-0.729373,4.69,-0.386487
-0.729373,4.87,-0.369071
-0.729373,5.05,-0.355656
-0.729373,5.23,-0.338527
-0.729373,5.41,-0.306792
-0.729373,5.59,-0.243142
-0.729373,5.77,-0.122929
-0.729373,5.95,0.0737217
-0.729373,6.13,0.322919
-0.729373,6.31,0.537097
-0.729373,6.49,0.643104
-0.729373,6.67,0.650592
-0.729373,6.85,0.607222
-0.729373,7.03,0.548333
-0.729373,7.21,0.490472
-0.729373,7.39,0.439147
-0.729373,7.57,0.395341
-0.729373,7.75,0.358452
-0.729373,7.93,0.327451
-0.729373,8.11,0.301429
-0.729373,8.29,0.279378
-0.729373,8.47,0.260571
-0.729373,8.65,0.24443
-0.729373,8.83,0.230496
-0.729373,9.01,0.218344
-0.729373,9.19,0.207699
-0.729373,9.37,0.198374
-0.729373,9.55,0.190175
-0.729373,9.73,0.182946
-0.729373,9.91,0.176557
-0.722085,1.09,0.17103
-0.722085,1.27,-0.0595553
-0.722085,1.45,-0.0506984
-0.722085,1.63,0.0190884
-0.722085,1.81,-0.0243557
-0.722085,1.99,0.012896
-0.722085,2.17,-0.100368
-0.722085,2.35,-0.0258122
-0.722085,2.53,0.0432887
-0.722085,2.71,-0.0404872
-0.722085,2.89,-0.021079
-0.722085,3.07,0.00810944
-0.722085,3.25,0.0443619
-0.722085,3.43,0.0967145
-0.722085,3.61,0.0319896
-0.722085,3.79,-1.39581
-0.722085,3.97,-0.58636
-0.722085,4.15,-0.384218
-0.722085,4.33,-0.308459
-0.722085,4.51,-0.271627
-0.722085,4.69,-0.250879
-0.722085,4.87,-0.236837
-0.722085,5.05,-0.223622
-0.722085,5.23,-0.205091
-0.722085,5.41,-0.172141
-0.722085,5.59,-0.110562
-0.722085,5.77,-0.00225278
-0.722085,5.95,0.160077
-0.722085,6.13,0.340773
-0.722085,6.31,0.46733
-0.722085,6.49,0.50602
-0.722085,6.67,0.483557
-0.722085,6.85,0.436979
-0.722085,7.03,0.387332
-0.722085,7.21,0.342656
-0.722085,7.39,0.30472
-0.722085,7.57,0.273138
-0.722085,7.75,0.246952
-0.722085,7.93,0.225171
-0.722085,8.11,0.207024
-0.722085,8.29,0.191728
-0.722085,8.47,0.178736
-0.722085,8.65,0.167621
-0.722085,8.83,0.158052
-0.722085,9.01,0.149716
-0.722085,9.19,0.142421
-0.722085,9.37,0.13604
-0.722085,9.55,0.130437
-0.722085,9.73,0.125504
-0.722085,9.91,0.121149
-0.714797,1.09,-0.00532475
-0.714797,1.27,-0.0151772
-0.714797,1.45,-0.0350729
-0.714797,1.63,0.0424192
-0.714797,1.81,-0.00409869
-0.714797,1.99,-0.0294798
-0.714797,2.17,-0.0463776
-0.714797,2.35,-0.0112213
-0.714797,2.53,0.042606
-0.714797,2.71,-0.00205038
-0.714797,2.89,-0.0037328
-0.714797,3.07,0.00805247
-0.714797,3.25,0.0246254
-0.714797,3.43,0.0456896
-0.714797,3.61,-0.110405
-0.714797,3.79,-0.535449
-0.714797,3.97,-0.239692
-0.714797,4.15,-0.164201
-0.714797,4.33,-0.133711
-0.714797,4.51,-0.118033
-0.714797,4.69,-0.10851
-0.714797,4.87,-0.101221
-0.714797,5.05,-0.0933673
-0.714797,5.23,-0.0816812
-0.714797,5.41,-0.0611477
-0.714797,5.59,-0.0241917
-0.714797,5.77,0.0373222
-0.714797,5.95,0.12159
-0.714797,6.13,0.2023
-0.714797,6.31,0.245564
-0.714797,6.49,0.247522
-0.714797,6.67,0.227241
-0.714797,6.85,0.200974
-0.714797,7.03,0.176106
-0.714797,7.21,0.154838
-0.714797,7.39,0.137245
-0.714797,7.57,0.122814
-0.714797,7.75,0.110953
-0.714797,7.93,0.101142
-0.714797,8.11,0.0930018
-0.714797,8.29,0.0861589
-0.714797,8.47,0.0803579
-0.714797,8.65,0.0754031
-0.714797,8.83,0.0711424
-0.714797,9.01,0.067431
-0.714797,9.19,0.0641822
-0.714797,9.37,0.0613428
-0.714797,9.55,0.0588518
-0.714797,9.73,0.05666
-0.714797,9.91,0.0547268
-0.707509,1.09,0
-0.707509,1.27,0
-0.707509,1.45,0
-0.707509,1.63,0
-0.707509,1.81,0
-0.707509,1.99,0
-0.707509,2.17,0
-0.707509,2.35,0
-0.707509,2.53,0
-0.707509,2.71,0
-0.707509,2.89,0
-0.707509,3.07,0
-0.707509,3.25,0
-0.707509,3.43,0
-0.707509,3.61,0
-0.707509,3.79,0
-0.707509,3.97,0
-0.707509,4.15,0
-0.707509,4.33,0
-0.707509,4.51,0
-0.707509,4.69,0
-0.707509,4.87,0
-0.707509,5.05,0
-0.707509,5.23,0
-0.707509,5.41,0
-0.707509,5.59,0
-0.707509,5.77,0
-0.707509,5.95,0
-0.707509,6.13,0
-0.707509,6.31,0
-0.707509,6.49,0
-0.707509,6.67,0
-0.707509,6.85,0
-0.707509,7.03,0
-0.707509,7.21,0
-0.707509,7.39,0
-0.707509,7.57,0
-0.707509,7.75,0
-0.707509,7.93,0
-0.707509,8.11,0
-0.707509,8.29,0
-0.707509,8.47,0
-0.707509,8.65,0
-0.707509,8.83,0
-0.707509,9.01,0
-0.707509,9.19,0
-0.707509,9.37,0
-0.707509,9.55,0
-0.707509,9.73,0
-0.707509,9.91,0
-0.700221,1.09,0
-0.700221,1.27,0
-0.700221,1.45,0
-0.700221,1.63,0
-0.700221,1.81,0
-0.700221,1.99,0
-0.700221,2.17,0
-0.700221,2.35,0
-0.700221,2.53,0
-0.700221,2.71,0
-0.700221,2.89,0
-0.700221,3.07,0
-0.700221,3.25,0
-0.700221,3.43,0
-0.700221,3.61,0
-0.700221,3.79,0
-0.700221,3.97,0
-0.700221,4.15,0
-0.700221,4.33,0
-0.700221,4.51,0
-0.700221,4.69,0
-0.700221,4.87,0
-0.700221,5.05,0
-0.700221,5.23,0
-0.700221,5.41,0
-0.700221,5.59,0
-0.700221,5.77,0
-0.700221,5.95,0
-0.700221,6.13,0
-0.700221,6.31,0
-0.700221,6.49,0
-0.700221,6.67,0
-0.700221,6.85,0
-0.700221,7.03,0
-0.700221,7.21,0
-0.700221,7.39,0
-0.700221,7.57,0
-0.700221,7.75,0
-0.700221,7.93,0
-0.700221,8.11,0
-0.700221,8.29,0
-0.700221,8.47,0
-0.700221,8.65,0
-0.700221,8.83,0
-0.700221,9.01,0
-0.700221,9.19,0
-0.700221,9.37,0
-0.700221,9.55,0
-0.700221,9.73,0
-0.700221,9.91,0
-0.692933,1.09,0
-0.692933,1.27,0
-0.692933,1.45,0
-0.692933,1.63,0
-0.692933,1.81,0
-0.692933,1.99,0
-0.692933,2.17,0
-0.692933,2.35,0
-0.692933,2.53,0
-0.692933,2.71,0
-0.692933,2.89,0
-0.692933,3.07,0
-0.692933,3.25,0
-0.692933,3.43,0
-0.692933,3.61,0
-0.692933,3.79,0
-0.692933,3.97,0
-0.692933,4.15,0
-0.692933,4.33,0
-0.692933,4.51,0
-0.692933,4.69,0
-0.692933,4.87,0
-0.692933,5.05,0
-0.692933,5.23,0
-0.692933,5.41,0
-0.692933,5.59,0
-0.692933,5.77,0
-0.692933,5.95,0
-0.692933,6.13,0
-0.692933,6.31,0
-0.692933,6.49,0
-0.692933,6.67,0
-0.692933,6.85,0
-0.692933,7.03,0
-0.692933,7.21,0
-0.692933,7.39,0
-0.692933,7.57,0
-0.692933,7.75,0
-0.692933,7.93,0
-0.692933,8.11,0
-0.692933,8.29,0
-0.692933,8.47,0
-0.692933,8.65,0
-0.692933,8.83,0
-0.692933,9.01,0
-0.692933,9.19,0
-0.692933,9.37,0
-0.692933,9.55,0
-0.692933,9.73,0
-0.692933,9.91,0
-0.685645,1.09,0
-0.685645,1.27,0
-0.685645,1.45,0
-0.685645,1.63,0
-0.685645,1.81,0
-0.685645,1.99,0
-0.685645,2.17,0
-0.685645,2.35,0
-0.685645,2.53,0
-0.685645,2.71,0
-0.685645,2.89,0
-0.685645,3.07,0
-0.685645,3.25,0
-0.685645,3.43,0
-0.685645,3.61,0
-0.685645,3.79,0
-0.685645,3.97,0
-0.685645,4.15,0
-0.685645,4.33,0
-0.685645,4.51,0
-0.685645,4.69,0
-0.685645,4.87,0
-0.685645,5.05,0
-0.685645,5.23,0
-0.685645,5.41,0
-0.685645,5.59,0
-0.685645,5.77,0
-0.685645,5.95,0
-0.685645,6.13,0
-0.685645,6.31,0
-0.685645,6.49,0
-0.685645,6.67,0
-0.685645,6.85,0
-0.685645,7.03,0
-0.685645,7.21,0
-0.685645,7.39,0
-0.685645,7.57,0
-0.685645,7.75,0
-0.685645,7.93,0
-0.685645,8.11,0
-0.685645,8.29,0
-0.685645,8.47,0
-0.685645,8.65,0
-0.685645,8.83,0
-0.685645,9.01,0
-0.685645,9.19,0
-0.685645,9.37,0
-0.685645,9.55,0
-0.685645,9.73,0
-0.685645,9.91,0
-0.678356,1.09,0
-0.678356,1.27,0
-0.678356,1.45,0
-0.678356,1.63,0
-0.678356,1.81,0
-0.678356,1.99,0
-0.678356,2.17,0
-0.678356,2.35,0
-0.678356,2.53,0
-0.678356,2.71,0
-0.678356,2.89,0
-0.678356,3.07,0
-0.678356,3.25,0
-0.678356,3.43,0
-0.678356,3.61,0
-0.678356,3.79,0
-0.678356,3.97,0
-0.678356,4.15,0
-0.678356,4.33,0
-0.678356,4.51,0
-0.678356,4.69,0
-0.678356,4.87,0
-0.678356,5.05,0
-0.678356,5.23,0
-0.678356,5.41,0
-0.678356,5.59,0
-0.678356,5.77,0
-0.678356,5.95,0
-0.678356,6.13,0
-0.678356,6.31,0
-0.678356,6.49,0
-0.678356,6.67,0
-0.678356,6.85,0
-0.678356,7.03,0
-0.678356,7.21,0
-0.678356,7.39,0
-0.678356,7.57,0
-0.678356,7.75,0
-0.678356,7.93,0
-0.678356,8.11,0
-0.678356,8.29,0
-0.678356,8.47,0
-0.678356,8.65,0
-0.678356,8.83,0
-0.678356,9.01,0
-0.678356,9.19,0
-0.678356,9.37,0
-0.678356,9.55,0
-0.678356,9.73,0
-0.678356,9.91,0
-0.671068,1.09,0
-0.671068,1.27,0
-0.671068,1.45,0
-0.671068,1.63,0
-0.671068,1.81,0
-0.671068,1.99,0
-0.671068,2.17,0
-0.671068,2.35,0
-0.671068,2.53,0
-0.671068,2.71,0
-0.671068,2.89,0
-0.671068,3.07,0
-0.671068,3.25,0
-0.671068,3.43,0
-0.671068,3.61,0
-0.671068,3.79,0
-0.671068,3.97,0
-0.671068,4.15,0
-0.671068,4.33,0
-0.671068,4.51,0
-0.671068,4.69,0
-0.671068,4.87,0
-0.671068,5.05,0
-0.671068,5.23,0
-0.671068,5.41,0
-0.671068,5.59,0
-0.671068,5.77,0
-0.671068,5.95,0
-0.671068,6.13,0
-0.671068,6.31,0
-0.671068,6.49,0
-0.671068,6.67,0
-0.671068,6.85,0
-0.671068,7.03,0
-0.671068,7.21,0
-0.671068,7.39,0
-0.671068,7.57,0
-0.671068,7.75,0
-0.671068,7.93,0
-0.671068,8.11,0
-0.671068,8.29,0
-0.671068,8.47,0
-0.671068,8.65,0
-0.671068,8.83,0
-0.671068,9.01,0
-0.671068,9.19,0
-0.671068,9.37,0
-0.671068,9.55,0
-0.671068,9.73,0
-0.671068,9.91,0
-0.66378,1.09,0
-0.66378,1.27,0
-0.66378,1.45,0
-0.66378,1.63,0
-0.66378,1.81,0
-0.66378,1.99,0
-0.66378,2.17,0
-0.66378,2.35,0
-0.66378,2.53,0
-0.66378,2.71,0
-0.66378,2.89,0
-0.66378,3.07,0
-0.66378,3.25,0
-0.66378,3.43,0
-0.66378,3.61,0
-0.66378,3.79,0
-0.66378,3.97,0
-0.66378,4.15,0
-0.66378,4.33,0
-0.66378,4.51,0
-0.66378,4.69,0
-0.66378,4.87,0
-0.66378,5.05,0
-0.66378,5.23,0
-0.66378,5.41,0
-0.66378,5.59,0
-0.66378,5.77,0
-0.66378,5.95,0
-0.66378,6.13,0
-0.66378,6.31,0
-0.66378,6.49,0
-0.66378,6.67,0
-0.66378,6.85,0
-0.66378,7.03,0
-0.66378,7.21,0
-0.66378,7.39,0
-0.66378,7.57,0
-0.66378,7.75,0
-0.66378,7.93,0
-0.66378,8.11,0
-0.66378,8.29,0
-0.66378,8.47,0
-0.66378,8.65,0
-0.66378,8.83,0
-0.66378,9.01,0
-0.66378,9.19,0
-0.66378,9.37,0
-0.66378,9.55,0
-0.66378,9.73,0
-0.66378,9.91,0
-0.656492,1.09,0
-0.656492,1.27,0
-0.656492,1.45,0
-0.656492,1.63,0
-0.656492,1.81,0
-0.656492,1.99,0
-0.656492,2.17,0
-0.656492,2.35,0
-0.656492,2.53,0
-0.656492,2.71,0
-0.656492,2.89,0
-0.656492,3.07,0
-0.656492,3.25,0
-0.656492,3.43,0
-0.656492,3.61,0
-0.656492,3.79,0
-0.656492,3.97,0
-0.656492,4.15,0
-0.656492,4.33,0
-0.656492,4.51,0
-0.656492,4.69,0
-0.656492,4.87,0
-0.656492,5.05,0
-0.656492,5.23,0
-0.656492,5.41,0
-0.656492,5.59,0
-0.656492,5.77,0
-0.656492,5.95,0
-0.656492,6.13,0
-0.656492,6.31,0
-0.656492,6.49,0
-0.656492,6.67,0
-0.656492,6.85,0
-0.656492,7.03,0
-0.656492,7.21,0
-0.656492,7.39,0
-0.656492,7.57,0
-0.656492,7.75,0
-0.656492,7.93,0
-0.656492,8.11,0
-0.656492,8.29,0
-0.656492,8.47,0
-0.656492,8.65,0
-0.656492,8.83,0
-0.656492,9.01,0
-0.656492,9.19,0
-0.656492,9.37,0
-0.656492,9.55,0
-0.656492,9.73,0
-0.656492,9.91,0
-0.649204,1.09,0
-0.649204,1.27,0
-0.649204,1.45,0
-0.649204,1.63,0
-0.649204,1.81,0
-0.649204,1.99,0
-0.649204,2.17,0
-0.649204,2.35,0
-0.649204,2.53,0
-0.649204,2.71,0
-0.649204,2.89,0
-0.649204,3.07,0
-0.649204,3.25,0
-0.649204,3.43,0
-0.649204,3.61,0
-0.649204,3.79,0
-0.649204,3.97,0
-0.649204,4.15,0
-0.649204,4.33,0
-0.649204,4.51,0
-0.649204,4.69,0
-0.649204,4.87,0
-0.649204,5.05,0
-0.649204,5.23,0
-0.649204,5.41,0
-0.649204,5.59,0
-0.649204,5.77,0
-0.649204,5.95,0
-0.649204,6.13,0
-0.649204,6.31,0
-0.649204,6.49,0
-0.649204,6.67,0
-0.649204,6.85,0
-0.649204,7.03,0
-0.649204,7.21,0
-0.649204,7.39,0
-0.649204,7.57,0
-0.649204,7.75,0
-0.649204,7.93,0
-0.649204,8.11,0
-0.649204,8.29,0
-0.649204,8.47,0
-0.649204,8.65,0
-0.649204,8.83,0
-0.649204,9.01,0
-0.649204,9.19,0
-0.649204,9.37,0
-0.649204,9.55,0
-0.649204,9.73,0
-0.649204,9.91,0
-0.641916,1.09,0
-0.641916,1.27,0
-0.641916,1.45,0
-0.641916,1.63,0
-0.641916,1.81,0
-0.641916,1.99,0
-0.641916,2.17,0
-0.641916,2.35,0
-0.641916,2.53,0
-0.641916,2.71,0
-0.641916,2.89,0
-0.641916,3.07,0
-0.641916,3.25,0
-0.641916,3.43,0
-0.641916,3.61,0
-0.641916,3.79,0
-0.641916,3.97,0
-0.641916,4.15,0
-0.641916,4.33,0
-0.641916,4.51,0
-0.641916,4.69,0
-0.641916,4.87,0
-0.641916,5.05,0
-0.641916,5.23,0
-0.641916,5.41,0
-0.641916,5.59,0
-0.641916,5.77,0
-0.641916,5.95,0
-0.641916,6.13,0
-0.641916,6.31,0
-0.641916,6.49,0
-0.641916,6.67,0
-0.641916,6.85,0
-0.641916,7.03,0
-0.641916,7.21,0
-0.641916,7.39,0
-0.641916,7.57,0
-0.641916,7.75,0
-0.641916,7.93,0
-0.641916,8.11,0
-0.641916,8.29,0
-0.641916,8.47,0
-0.641916,8.65,0
-0.641916,8.83,0
-0.641916,9.01,0
-0.641916,9.19,0
-0.641916,9.37,0
-0.641916,9.55,0
-0.641916,9.73,0
-0.641916,9.91,0
-0.634628,1.09,0
-0.634628,1.27,0
-0.634628,1.45,0
-0.634628,1.63,0
-0.634628,1.81,0
-0.634628,1.99,0
-0.634628,2.17,0
-0.634628,2.35,0
-0.634628,2.53,0
-0.634628,2.71,0
-0.634628,2.89,0
-0.634628,3.07,0
-0.634628,3.25,0
-0.634628,3.43,0
-0.634628,3.61,0
-0.634628,3.79,0
-0.634628,3.97,0
-0.634628,4.15,0
-0.634628,4.33,0
-0.634628,4.51,0
-0.634628,4.69,0
-0.634628,4.87,0
-0.634628,5.05,0
-0.634628,5.23,0
-0.634628,5.41,0
-0.634628,5.59,0
-0.634628,5.77,0
-0.634628,5.95,0
-0.634628,6.13,0
-0.634628,6.31,0
-0.634628,6.49,0
-0.634628,6.67,0
-0.634628,6.85,0
-0.634628,7.03,0
-0.634628,7.21,0
-0.634628,7.39,0
-0.634628,7.57,0
-0.634628,7.75,0
-0.634628,7.93,0
-0.634628,8.11,0
-0.634628,8.29,0
-0.634628,8.47,0
-0.634628,8.65,0
-0.634628,8.83,0
-0.634628,9.01,0
-0.634628,9.19,0
-0.634628,9.37,0
-0.634628,9.55,0
-0.634628,9.73,0
-0.634628,9.91,0
-0.62734,1.09,0
-0.62734,1.27,0
-0.62734,1.45,0
-0.62734,1.63,0
-0.62734,1.81,0
-0.62734,1.99,0
-0.62734,2.17,0
-0.62734,2.35,0
-0.62734,2.53,0
-0.62734,2.71,0
-0.62734,2.89,0
-0.62734,3.07,0
-0.62734,3.25,0
-0.62734,3.43,0
-0.62734,3.61,0
-0.62734,3.79,0
-0.62734,3.97,0
-0.62734,4.15,0
-0.62734,4.33,0
-0.62734,4.51,0
-0.62734,4.69,0
-0.62734,4.87,0
-0.62734,5.05,0
-0.62734,5.23,0
-0.62734,5.41,0
-0.62734,5.59,0
-0.62734,5.77,0
-0.62734,5.95,0
-0.62734,6.13,0
-0.62734,6.31,0
-0.62734,6.49,0
-0.62734,6.67,0
-0.62734,6.85,0
-0.62734,7.03,0
-0.62734,7.21,0
-0.62734,7.39,0
-0.62734,7.57,0
-0.62734,7.75,0
-0.62734,7.93,0
-0.62734,8.11,0
-0.62734,8.29,0
-0.62734,8.47,0
-0.62734,8.65,0
-0.62734,8.83,0
-0.62734,9.01,0
-0.62734,9.19,0
-0.62734,9.37,0
-0.62734,9.55,0
-0.62734,9.73,0
-0.62734,9.91,0
