-0.984455,1.09,0
-0.984455,1.27,0
-0.984455,1.45,0
-0.984455,1.63,0
-0.984455,1.81,0
-0.984455,1.99,0
-0.984455,2.17,0
-0.984455,2.35,0
-0.984455,2.53,0
-0.984455,2.71,0
-0.984455,2.89,0
-0.984455,3.07,0
-0.984455,3.25,0
-0.984455,3.43,0
-0.984455,3.61,0
-0.984455,3.79,0
-0.984455,3.97,0
-0.984455,4.15,0
-0.984455,4.33,0
-0.984455,4.51,0
-0.984455,4.69,0
-0.984455,4.87,0
-0.984455,5.05,0
-0.984455,5.23,0
-0.984455,5.41,0
-0.984455,5.59,0
-0.984455,5.77,0
-0.984455,5.95,0
-0.984455,6.13,0
-0.984455,6.31,0
-0.984455,6.49,0
-0.984455,6.67,0
-0.984455,6.85,0
-0.984455,7.03,0
-0.984455,7.21,0
-0.984455,7.39,0
-0.984455,7.57,0
-0.984455,7.75,0
-0.984455,7.93,0
-0.984455,8.11,0
-0.984455,8.29,0
-0.984455,8.47,0
-0.984455,8.65,0
-0.984455,8.83,0
-0.984455,9.01,0
-0.984455,9.19,0
-0.984455,9.37,0
-0.984455,9.55,0
-0.984455,9.73,0
-0.984455,9.91,0
-0.977166,1.09,0
-0.977166,1.27,0
-0.977166,1.45,0
-0.977166,1.63,0
-0.977166,1.81,0
-0.977166,1.99,0
-0.977166,2.17,0
-0.977166,2.35,0
-0.977166,2.53,0
-0.977166,2.71,0
-0.977166,2.89,0
-0.977166,3.07,0
-0.977166,3.25,0
-0.977166,3.43,0
-0.977166,3.61,0
-0.977166,3.79,0
-0.977166,3.97,0
-0.977166,4.15,0
-0.977166,4.33,0
-0.977166,4.51,0
-0.977166,4.69,0
-0.977166,4.87,0
-0.977166,5.05,0
-0.977166,5.23,0
-0.977166,5.41,0
-0.977166,5.59,0
-0.977166,5.77,0
-0.977166,5.95,0
-0.977166,6.13,0
-0.977166,6.31,0
-0.977166,6.49,0
-0.977166,6.67,0
-0.977166,6.85,0
-0.977166,7.03,0
-0.977166,7.21,0
-0.977166,7.39,0
-0.977166,7.57,0
-0.977166,7.75,0
-0.977166,7.93,0
-0.977166,8.11,0
-0.977166,8.29,0
-0.977166,8.47,0
-0.977166,8.65,0
-0.977166,8.83,0
-0.977166,9.01,0
-0.977166,9.19,0
-0.977166,9.37,0
-0.977166,9.55,0
-0.977166,9.73,0
-0.977166,9.91,0
-0.969878,1.09,0
-0.969878,1.27,0
-0.969878,1.45,0
-0.969878,1.63,0
-0.969878,1.81,0
-0.969878,1.99,0
-0.969878,2.17,0
-0.969878,2.35,0
-0.969878,2.53,0
-0.969878,2.71,0
-0.969878,2.89,0
-0.969878,3.07,0
-0.969878,3.25,0
-0.969878,3.43,0
-0.969878,3.61,0
-0.969878,3.79,0
-0.969878,3.97,0
-0.969878,4.15,0
-0.969878,4.33,0
-0.969878,4.51,0
-0.969878,4.69,0
-0.969878,4.87,0
-0.969878,5.05,0
-0.969878,5.23,0
-0.969878,5.41,0
-0.969878,5.59,0
-0.969878,5.77,0
-0.969878,5.95,0
-0.969878,6.13,0
-0.969878,6.31,0
-0.969878,6.49,0
-0.969878,6.67,0
-0.969878,6.85,0
-0.969878,7.03,0
-0.969878,7.21,0
-0.969878,7.39,0
-0.969878,7.57,0
-0.969878,7.75,0
-0.969878,7.93,0
-0.969878,8.11,0
-0.969878,8.29,0
-0.969878,8.47,0
-0.969878,8.65,0
-0.969878,8.83,0
-0.969878,9.01,0
-0.969878,9.19,0
-0.969878,9.37,0
-0.969878,9.55,0
-0.969878,9.73,0
-0.969878,9.91,0
-0.96259,1.09,0
-0.96259,1.27,0
-0.96259,1.45,0
-0.96259,1.63,0
-0.96259,1.81,0
-0.96259,1.99,0
-0.96259,2.17,0
-0.96259,2.35,0
-0.96259,2.53,0
-0.96259,2.71,0
-0.96259,2.89,0
-0.96259,3.07,0
-0.96259,3.25,0
-0.96259,3.43,0
-0.96259,3.61,0
-0.96259,3.79,0
-0.96259,3.97,0
-0.96259,4.15,0
-0.96259,4.33,0
-0.96259,4.51,0
-0.96259,4.69,0
-0.96259,4.87,0
-0.96259,5.05,0
-0.96259,5.23,0
-0.96259,5.41,0
-0.96259,5.59,0
-0.96259,5.77,0
-0.96259,5.95,0
-0.96259,6.13,0
-0.96259,6.31,0
-0.96259,6.49,0
-0.96259,6.67,0
-0.96259,6.85,0
-0.96259,7.03,0
-0.96259,7.21,0
-0.96259,7.39,0
-0.96259,7.57,0
-0.96259,7.75,0
-0.96259,7.93,0
-0.96259,8.11,0
-0.96259,8.29,0
-0.96259,8.47,0
-0.96259,8.65,0
-0.96259,8.83,0
-0.96259,9.01,0
-0.96259,9.19,0
-0.96259,9.37,0
-0.96259,9.55,0
-0.96259,9.73,0
-0.96259,9.91,0
-0.955302,1.09,-0.00594913
-0.955302,1.27,-0.000128894
-0.955302,1.45,-0.0331693
-0.955302,1.63,0.032229
-0.955302,1.81,0.0152604
-0.955302,1.99,-0.0074175
-0.955302,2.17,-1.27251e-05
-0.955302,2.35,0.00542476
-0.955302,2.53,0.0284753
-0.955302,2.71,0.0496323
-0.955302,2.89,-0.0757912
-0.955302,3.07,-0.0639944
-0.955302,3.25,-0.0238877
-0.955302,3.43,0.0465189
-0.955302,3.61,0.0876402
-0.955302,3.79,0.0851709
-0.955302,3.97,0.0766716
-0.955302,4.15,0.0753245
-0.955302,4.33,0.0875729
-0.955302,4.51,0.138074
-0.955302,4.69,0.321911
-0.955302,4.87,-0.0595822
-0.955302,5.05,-0.0448848
-0.955302,5.23,-0.0330629
-0.955302,5.41,-0.0270248
-0.955302,5.59,-0.0239409
-0.955302,5.77,-0.0225359
-0.955302,5.95,-0.0222994
-0.955302,6.13,-0.0230458
-0.955302,6.31,-0.0248033
-0.955302,6.49,-0.0278019
-0.955302,6.67,-0.0325756
-0.955302,6.85,-0.0401693
-0.955302,7.03,-0.0526866
-0.955302,7.21,-0.0745855
-0.955302,7.39,-0.115196
-0.955302,7.57,-0.187591
-0.955302,7.75,-0.256501
-0.955302,7.93,-0.203799
-0.955302,8.11,-0.113357
-0.955302,8.29,-0.0625152
-0.955302,8.47,-0.0375849
-0.955302,8.65,-0.0246255
-0.955302,8.83,-0.0173257
-0.955302,9.01,-0.0129207
-0.955302,9.19,-0.0101054
-0.955302,9.37,-0.00821893
-0.955302,9.55,-0.00690738
-0.955302,9.73,-0.00596773
-0.955302,9.91,-0.00527774
-0.948014,1.09,0.00328347
-0.948014,1.27,-0.0803088
-0.948014,1.45,-0.0927184
-0.948014,1.63,-0.0603681
-0.948014,1.81,0.0761796
-0.948014,1.99,-0.0208848
-0.948014,2.17,0.0106376
-0.948014,2.35,0.0564353
-0.948014,2.53,0.1412
-0.948014,2.71,0.0130041
-0.948014,2.89,-0.3837
-0.948014,3.07,-0.204868
-0.948014,3.25,0.0426385
-0.948014,3.43,0.386805
-0.948014,3.61,0.503782
-0.948014,3.79,0.418548
-0.948014,3.97,0.336448
-0.948014,4.15,0.296726
-0.948014,4.33,0.295366
-0.948014,4.51,0.247903
-0.948014,4.69,-1.46061
-0.948014,4.87,-0.554579
-0.948014,5.05,-0.291346
-0.948014,5.23,-0.205233
-0.948014,5.41,-0.168367
-0.948014,5.59,-0.151562
-0.948014,5.77,-0.145165
-0.948014,5.95,-0.145683
-0.948014,6.13,-0.151902
-0.948014,6.31,-0.163925
-0.948014,6.49,-0.182967
-0.948014,6.67,-0.211841
-0.948014,6.85,-0.255825
-0.948014,7.03,-0.324856
-0.948014,7.21,-0.437475
-0.948014,7.39,-0.620982
-0.948014,7.57,-0.859947
-0.948014,7.75,-0.900545
-0.948014,7.93,-0.582141
-0.948014,8.11,-0.291397
-0.948014,8.29,-0.141834
-0.948014,8.47,-0.0708244
-0.948014,8.65,-0.0357175
-0.948014,8.83,-0.0174193
-0.948014,9.01,-0.00752637
-0.948014,9.19,-0.00206623
-0.948014,9.37,0.000950173
-0.948014,9.55,0.00255259
-0.948014,9.73,0.00331197
-0.948014,9.91,0.00355807
-0.940726,1.09,0.0326406
-0.940726,1.27,-0.082405
-0.940726,1.45,-0.0733225
-0.940726,1.63,-0.085627
-0.940726,1.81,0.133584
-0.940726,1.99,-0.00429731
-0.940726,2.17,0.0778284
-0.940726,2.35,0.100102
-0.940726,2.53,0.180815
-0.940726,2.71,-0.523998
-0.940726,2.89,-0.570466
-0.940726,3.07,-0.165032
-0.940726,3.25,0.327123
-0.940726,3.43,0.920567
-0.940726,3.61,0.953337
-0.940726,3.79,0.659165
-0.940726,3.97,0.429287
-0.940726,4.15,0.259789
-0.940726,4.33,-0.00306028
-0.940726,4.51,-1.38666
-0.940726,4.69,-2.34398
-0.940726,4.87,-0.868307
-0.940726,5.05,-0.486573
-0.940726,5.23,-0.35541
-0.940726,5.41,-0.301132
-0.940726,5.59,-0.279131
-0.940726,5.77,-0.274161
-0.940726,5.95,-0.280757
-0.940726,6.13,-0.297181
-0.940726,6.31,-0.323855
-0.940726,6.49,-0.363019
-0.940726,6.67,-0.419477
-0.940726,6.85,-0.501644
-0.940726,7.03,-0.623757
-0.940726,7.21,-0.806747
-0.940726,7.39,-1.05734
-0.940726,7.57,-1.2493
-0.940726,7.75,-1.029
-0.940726,7.93,-0.52501
-0.940726,8.11,-0.188315
-0.940726,8.29,-0.0339784
-0.940726,8.47,0.0311654
-0.940726,8.65,0.0577191
-0.940726,8.83,0.067328
-0.940726,9.01,0.0691885
-0.940726,9.19,0.0674908
-0.940726,9.37,0.0642258
-0.940726,9.55,0.060329
-0.940726,9.73,0.0562644
-0.940726,9.91,0.052262
-0.933438,1.09,0.0402196
-0.933438,1.27,-0.0275622
-0.933438,1.45,-0.042885
-0.933438,1.63,-0.0765249
-0.933438,1.81,0.220963
-0.933438,1.99,-0.00735942
-0.933438,2.17,0.0927233
-0.933438,2.35,0.0891577
-0.933438,2.53,0.134658
-0.933438,2.71,-0.848409
-0.933438,2.89,-0.465109
-0.933438,3.07,-0.0443946
-0.933438,3.25,0.517817
-0.933438,3.43,1.17096
-0.933438,3.61,1.03592
-0.933438,3.79,0.576155
-0.933438,3.97,0.233186
-0.933438,4.15,-0.0988304
-0.933438,4.33,-0.786346
-0.933438,4.51,-2.58279
-0.933438,4.69,-1.76158
-0.933438,4.87,-0.77578
-0.933438,5.05,-0.461905
-0.933438,5.23,-0.345521
-0.933438,5.41,-0.298093
-0.933438,5.59,-0.281134
-0.933438,5.77,-0.280648
-0.933438,5.95,-0.291515
-0.933438,6.13,-0.312153
-0.933438,6.31,-0.34304
-0.933438,6.49,-0.386349
-0.933438,6.67,-0.446461
-0.933438,6.85,-0.530461
-0.933438,7.03,-0.648429
-0.933438,7.21,-0.80811
-0.933438,7.39,-0.977611
-0.933438,7.57,-0.978099
-0.933438,7.75,-0.60709
-0.933438,7.93,-0.17697
-0.933438,8.11,0.048143
-0.933438,8.29,0.132779
-0.933438,8.47,0.157455
-0.933438,8.65,0.158998
-0.933438,8.83,0.151976
-0.933438,9.01,0.14208
-0.933438,9.19,0.13166
-0.933438,9.37,0.121678
-0.933438,9.55,0.112453
-0.933438,9.73,0.104062
-0.933438,9.91,0.096478
-0.92615,1.09,0.0315521
-0.92615,1.27,0.000516655
-0.92615,1.45,-0.0293645
-0.92615,1.63,-0.0633276
-0.92615,1.81,0.400148
-0.92615,1.99,-0.0131019
-0.92615,2.17,0.0980795
-0.92615,2.35,0.0727652
-0.92615,2.53,0.0691795
-0.92615,2.71,-0.981204
-0.92615,2.89,-0.352999
-0.92615,3.07,0.0723051
-0.92615,3.25,0.715935
-0.92615,3.43,1.41694
-0.92615,3.61,1.00039
-0.92615,3.79,0.352879
-0.92615,3.97,-0.104323
-0.92615,4.15,-0.607777
-0.92615,4.33,-1.53753
-0.92615,4.51,-2.3324
-0.92615,4.69,-1.28491
-0.92615,4.87,-0.621148
-0.92615,5.05,-0.380789
-0.92615,5.23,-0.288611
-0.92615,5.41,-0.253178
-0.92615,5.59,-0.243725
-0.92615,5.77,-0.248505
-0.92615,5.95,-0.263146
-0.92615,6.13,-0.286325
-0.92615,6.31,-0.318472
-0.92615,6.49,-0.36136
-0.92615,6.67,-0.418283
-0.92615,6.85,-0.493784
-0.92615,7.03,-0.5917
-0.92615,7.21,-0.703814
-0.92615,7.39,-0.763763
-0.92615,7.57,-0.588683
-0.92615,7.75,-0.163218
-0.92615,7.93,0.150365
-0.92615,8.11,0.264663
-0.92615,8.29,0.283411
-0.92615,8.47,0.270147
-0.92615,8.65,0.248509
-0.92615,8.83,0.226334
-0.92615,9.01,0.205942
-0.92615,9.19,0.187893
-0.92615,9.37,0.172146
-0.92615,9.55,0.15843
-0.92615,9.73,0.146448
-0.92615,9.91,0.135934
-0.918862,1.09,0.00847968
-0.918862,1.27,0.00407745
-0.918862,1.45,-0.0261791
-0.918862,1.63,-0.0557432
-0.918862,1.81,0.6072
-0.918862,1.99,-0.0178211
-0.918862,2.17,0.0651857
-0.918862,2.35,0.0547857
-0.918862,2.53,-0.0203888
-0.918862,2.71,-0.933649
-0.918862,2.89,-0.248664
-0.918862,3.07,0.187632
-0.918862,3.25,0.940768
-0.918862,3.43,1.64642
-0.918862,3.61,0.792837
-0.918862,3.79,-0.00201175
-0.918862,3.97,-0.518914
-0.918862,4.15,-1.08632
-0.918862,4.33,-1.8193
-0.918862,4.51,-1.78224
-0.918862,4.69,-0.918108
-0.918862,4.87,-0.447451
-0.918862,5.05,-0.267289
-0.918862,5.23,-0.199621
-0.918862,5.41,-0.177207
-0.918862,5.59,-0.175619
-0.918862,5.77,-0.185272
-0.918862,5.95,-0.202532
-0.918862,6.13,-0.226273
-0.918862,6.31,-0.256704
-0.918862,6.49,-0.294889
-0.918862,6.67,-0.342447
-0.918862,6.85,-0.400375
-0.918862,7.03,-0.464528
-0.918862,7.21,-0.508625
-0.918862,7.39,-0.437498
-0.918862,7.57,-0.112253
-0.918862,7.75,0.281294
-0.918862,7.93,0.443295
-0.918862,8.11,0.447664
-0.918862,8.29,0.405937
-0.918862,8.47,0.359247
-0.918862,8.65,0.317891
-0.918862,8.83,0.28326
-0.918862,9.01,0.254531
-0.918862,9.19,0.23062
-0.918862,9.37,0.210575
-0.918862,9.55,0.193602
-0.918862,9.73,0.179084
-0.918862,9.91,0.166551
-0.911574,1.09,-0.0301268
-0.911574,1.27,-0.004725
-0.911574,1.45,-0.0277595
-0.911574,1.63,-0.0517094
-0.911574,1.81,0.323958
-0.911574,1.99,-0.0181982
-0.911574,2.17,0.014748
-0.911574,2.35,0.0376008
-0.911574,2.53,-0.142467
-0.911574,2.71,-0.78875
-0.911574,2.89,-0.152315
-0.911574,3.07,0.305128
-0.911574,3.25,1.20587
-0.911574,3.43,1.77195
-0.911574,3.61,0.382111
-0.911574,3.79,-0.414442
-0.911574,3.97,-0.885899
-0.911574,4.15,-1.35463
-0.911574,4.33,-1.6962
-0.911574,4.51,-1.29389
-0.911574,4.69,-0.610792
-0.911574,4.87,-0.262616
-0.911574,5.05,-0.130097
-0.911574,5.23,-0.084902
-0.911574,5.41,-0.0749779
-0.911574,5.59,-0.0806185
-0.911574,5.77,-0.0940475
-0.911574,5.95,-0.112229
-0.911574,6.13,-0.134089
-0.911574,6.31,-0.159387
-0.911574,6.49,-0.188079
-0.911574,6.67,-0.219388
-0.911574,6.85,-0.249378
-0.911574,7.03,-0.263184
-0.911574,7.21,-0.212082
-0.911574,7.39,0.0205931
-0.911574,7.57,0.45288
-0.911574,7.75,0.70155
-0.911574,7.93,0.675812
-0.911574,8.11,0.575674
-0.911574,8.29,0.483377
-0.911574,8.47,0.411178
-0.911574,8.65,0.355974
-0.911574,8.83,0.313292
-0.911574,9.01,0.279623
-0.911574,9.19,0.252537
-0.911574,9.37,0.230367
-0.911574,9.55,0.211927
-0.911574,9.73,0.196372
-0.911574,9.91,0.18309
-0.904286,1.09,-0.111706
-0.904286,1.27,-0.0177877
-0.904286,1.45,-0.0294172
-0.904286,1.63,-0.0467552
-0.904286,1.81,0.0183367
-0.904286,1.99,-0.00981775
-0.904286,2.17,-0.0230985
-0.904286,2.35,0.0231298
-0.904286,2.53,-0.307761
-0.904286,2.71,-0.619667
-0.904286,2.89,-0.0619277
-0.904286,3.07,0.429077
-0.904286,3.25,1.52834
-0.904286,3.43,1.61022
-0.904286,3.61,-0.146557
-0.904286,3.79,-0.765182
-0.904286,3.97,-1.10497
-0.904286,4.15,-1.38624
-0.904286,4.33,-1.4024
-0.904286,4.51,-0.883189
-0.904286,4.69,-0.331008
-0.904286,4.87,-0.0663722
-0.904286,5.05,0.0273072
-0.904286,5.23,0.0520383
-0.904286,5.41,0.0503329
-0.904286,5.59,0.0384336
-0.904286,5.77,0.0226441
-0.904286,5.95,0.0055746
-0.904286,6.13,-0.0115544
-0.904286,6.31,-0.0277291
-0.904286,6.49,-0.0412023
-0.904286,6.67,-0.0476176
-0.904286,6.85,-0.0355333
-0.904286,7.03,0.0265505
-0.904286,7.21,0.220651
-0.904286,7.39,0.663137
-0.904286,7.57,1.08479
-0.904286,7.75,1.02964
-0.904286,7.93,0.802512
-0.904286,8.11,0.620834
-0.904286,8.29,0.497082
-0.904286,8.47,0.41234
-0.904286,8.65,0.35215
-0.904286,8.83,0.307723
-0.904286,9.01,0.273785
-0.904286,9.19,0.247107
-0.904286,9.37,0.225637
-0.904286,9.55,0.208012
-0.904286,9.73,0.193299
-0.904286,9.91,0.180843
-0.896998,1.09,-0.272661
-0.896998,1.27,-0.0273626
-0.896998,1.45,-0.0268645
-0.896998,1.63,-0.0369216
-0.896998,1.81,-0.0924622
-0.896998,1.99,0.0132945
-0.896998,2.17,-0.0494192
-0.896998,2.35,0.0131201
-0.896998,2.53,-0.519318
-0.896998,2.71,-0.460462
-0.896998,2.89,0.0248064
-0.896998,3.07,0.56424
-0.896998,3.25,1.92426
-0.896998,3.43,0.978303
-0.896998,3.61,-0.614617
-0.896998,3.79,-0.973636
-0.896998,3.97,-1.15986
-0.896998,4.15,-1.25634
-0.896998,4.33,-1.06362
-0.896998,4.51,-0.518551
-0.896998,4.69,-0.0578757
-0.896998,4.87,0.144444
-0.896998,5.05,0.204065
-0.896998,5.23,0.209244
-0.896998,5.41,0.196392
-0.896998,5.59,0.1791
-0.896998,5.77,0.162423
-0.896998,5.95,0.148713
-0.896998,6.13,0.139594
-0.896998,6.31,0.137349
-0.896998,6.49,0.146432
-0.896998,6.67,0.176991
-0.896998,6.85,0.253419
-0.896998,7.03,0.438183
-0.896998,7.21,0.873701
-0.896998,7.39,1.57349
-0.896998,7.57,1.64606
-0.896998,7.75,1.14525
-0.896998,7.93,0.772553
-0.896998,8.11,0.559412
-0.896998,8.29,0.433574
-0.896998,8.47,0.353798
-0.896998,8.65,0.299803
-0.896998,8.83,0.261244
-0.896998,9.01,0.232501
-0.896998,9.19,0.210321
-0.896998,9.37,0.19272
-0.896998,9.55,0.178432
-0.896998,9.73,0.166612
-0.896998,9.91,0.15668
-0.88971,1.09,-0.201315
-0.88971,1.27,-0.0251564
-0.88971,1.45,-0.0150134
-0.88971,1.63,-0.0199245
-0.88971,1.81,-0.122733
-0.88971,1.99,0.0595025
-0.88971,2.17,-0.0673278
-0.88971,2.35,0.00955912
-0.88971,2.53,-0.741221
-0.88971,2.71,-0.320917
-0.88971,2.89,0.109454
-0.88971,3.07,0.71582
-0.88971,3.25,2.37909
-0.88971,3.43,0.0482343
-0.88971,3.61,-0.898022
-0.88971,3.79,-1.03387
-0.88971,3.97,-1.08912
-0.88971,4.15,-1.03903
-0.88971,4.33,-0.716692
-0.88971,4.51,-0.169929
-0.88971,4.69,0.224424
-0.88971,4.87,0.37409
-0.88971,5.05,0.400232
-0.88971,5.23,0.384927
-0.88971,5.41,0.36046
-0.88971,5.59,0.338128
-0.88971,5.77,0.321794
-0.88971,5.95,0.313688
-0.88971,6.13,0.316176
-0.88971,6.31,0.333563
-0.88971,6.49,0.374743
-0.88971,6.67,0.459924
-0.88971,6.85,0.63862
-0.88971,7.03,1.04235
-0.88971,7.21,1.94379
-0.88971,7.39,2.72008
-0.88971,7.57,1.76046
-0.88971,7.75,0.936253
-0.88971,7.93,0.565362
-0.88971,8.11,0.388829
-0.88971,8.29,0.293866
-0.88971,8.47,0.237151
-0.88971,8.65,0.200403
-0.88971,8.83,0.175038
-0.88971,9.01,0.156643
-0.88971,9.19,0.142762
-0.88971,9.37,0.131942
-0.88971,9.55,0.123285
-0.88971,9.73,0.116208
-0.88971,9.91,0.11032
-0.882422,1.09,-0.141683
-0.882422,1.27,-0.00370986
-0.882422,1.45,0.0139713
-0.882422,1.63,0.00478224
-0.882422,1.81,-0.116491
-0.882422,1.99,0.141614
-0.882422,2.17,-0.0768222
-0.882422,2.35,0.015233
-0.882422,2.53,-0.863287
-0.882422,2.71,-0.201541
-0.882422,2.89,0.192374
-0.882422,3.07,0.889715
-0.882422,3.25,2.70774
-0.882422,3.43,-0.683704
-0.882422,3.61,-0.992524
-0.882422,3.79,-0.981514
-0.882422,3.97,-0.93726
-0.882422,4.15,-0.774703
-0.882422,4.33,-0.360534
-0.882422,4.51,0.188945
-0.882422,4.69,0.530031
-0.882422,4.87,0.626751
-0.882422,5.05,0.614848
-0.882422,5.23,0.575301
-0.882422,5.41,0.537039
-0.882422,5.59,0.508858
-0.882422,5.77,0.493219
-0.882422,5.95,0.492249
-0.882422,6.13,0.509413
-0.882422,6.31,0.552038
-0.882422,6.49,0.636094
-0.882422,6.67,0.799496
-0.882422,6.85,1.1438
-0.882422,7.03,1.97974
-0.882422,7.21,3.83695
-0.882422,7.39,3.0729
-0.882422,7.57,1.07059
-0.882422,7.75,0.436789
-0.882422,7.93,0.225835
-0.882422,8.11,0.139919
-0.882422,8.29,0.0994325
-0.882422,8.47,0.078214
-0.882422,8.65,0.0661678
-0.882422,8.83,0.0588831
-0.882422,9.01,0.054246
-0.882422,9.19,0.0511597
-0.882422,9.37,0.0490208
-0.882422,9.55,0.0474849
-0.882422,9.73,0.046346
-0.882422,9.91,0.0454771
-0.875134,1.09,-0.112515
-0.875134,1.27,0.0409392
-0.875134,1.45,0.0734496
-0.875134,1.63,0.0373194
-0.875134,1.81,-0.0892223
-0.875134,1.99,0.282631
-0.875134,2.17,-0.0762119
-0.875134,2.35,0.0345352
-0.875134,2.53,-0.780484
-0.875134,2.71,-0.100565
-0.875134,2.89,0.272659
-0.875134,3.07,1.09303
-0.875134,3.25,2.19783
-0.875134,3.43,-1.00702
-0.875134,3.61,-0.952934
-0.875134,3.79,-0.855093
-0.875134,3.97,-0.733608
-0.875134,4.15,-0.476112
-0.875134,4.33,0.0222693
-0.875134,4.51,0.585375
-0.875134,4.69,0.873465
-0.875134,4.87,0.904693
-0.875134,5.05,0.842639
-0.875134,5.23,0.770579
-0.875134,5.41,0.713294
-0.875134,5.59,0.675962
-0.875134,5.77,0.65887
-0.875134,5.95,0.663651
-0.875134,6.13,0.694767
-0.875134,6.31,0.762947
-0.875134,6.49,0.893104
-0.875134,6.67,1.14864
-0.875134,6.85,1.72448
-0.875134,7.03,3.36813
-0.875134,7.21,5.24616
-0.875134,7.39,0.817487
-0.875134,7.57,-0.0331454
-0.875134,7.75,-0.145033
-0.875134,7.93,-0.147149
-0.875134,8.11,-0.130265
-0.875134,8.29,-0.111642
-0.875134,8.47,-0.0950512
-0.875134,8.65,-0.0810397
-0.875134,8.83,-0.0693678
-0.875134,9.01,-0.0596556
-0.875134,9.19,-0.0515323
-0.875134,9.37,-0.0446869
-0.875134,9.55,-0.0388767
-0.875134,9.73,-0.0339094
-0.875134,9.91,-0.0296334
-0.867846,1.09,-0.0823308
-0.867846,1.27,0.106838
-0.867846,1.45,0.18719
-0.867846,1.63,0.0802107
-0.867846,1.81,-0.0503504
-0.867846,1.99,0.528702
-0.867846,2.17,-0.0637049
-0.867846,2.35,0.0750564
-0.867846,2.53,-0.551561
-0.867846,2.71,-0.0162661
-0.867846,2.89,0.348273
-0.867846,3.07,1.33438
-0.867846,3.25,0.367982
-0.867846,3.43,-1.0365
-0.867846,3.61,-0.832806
-0.867846,3.79,-0.680994
-0.867846,3.97,-0.491275
-0.867846,4.15,-0.137765
-0.867846,4.33,0.462087
-0.867846,4.51,1.05445
-0.867846,4.69,1.26977
-0.867846,4.87,1.20282
-0.867846,5.05,1.06624
-0.867846,5.23,0.946093
-0.867846,5.41,0.859189
-0.867846,5.59,0.804152
-0.867846,5.77,0.777051
-0.867846,5.95,0.777185
-0.867846,6.13,0.807507
-0.867846,6.31,0.877344
-0.867846,6.49,1.00906
-0.867846,6.67,1.25512
-0.867846,6.85,1.73541
-0.867846,7.03,1.87258
-0.867846,7.21,-2.02207
-0.867846,7.39,-1.34301
-0.867846,7.57,-0.855346
-0.867846,7.75,-0.6035
-0.867846,7.93,-0.45638
-0.867846,8.11,-0.361869
-0.867846,8.29,-0.296771
-0.867846,8.47,-0.249641
-0.867846,8.65,-0.214214
-0.867846,8.83,-0.18679
-0.867846,9.01,-0.165081
-0.867846,9.19,-0.147557
-0.867846,9.37,-0.133166
-0.867846,9.55,-0.121186
-0.867846,9.73,-0.111097
-0.867846,9.91,-0.102515
-0.860558,1.09,-0.0370124
-0.860558,1.27,0.184985
-0.860558,1.45,0.392009
-0.860558,1.63,0.143153
-0.860558,1.81,-0.00824263
-0.860558,1.99,0.881673
-0.860558,2.17,-0.0395516
-0.860558,2.35,0.151715
-0.860558,2.53,-0.313186
-0.860558,2.71,0.0525059
-0.860558,2.89,0.416015
-0.860558,3.07,1.62035
-0.860558,3.25,-0.984618
-0.860558,3.43,-0.918432
-0.860558,3.61,-0.66658
-0.860558,3.79,-0.472791
-0.860558,3.97,-0.210456
-0.860558,4.15,0.261864
-0.860558,4.33,1.01176
-0.860558,4.51,1.65034
-0.860558,4.69,1.72876
-0.860558,4.87,1.49238
-0.860558,5.05,1.23721
-0.860558,5.23,1.04285
-0.860558,5.41,0.907285
-0.860558,5.59,0.81596
-0.860558,5.77,0.75589
-0.860558,5.95,0.718178
-0.860558,6.13,0.693716
-0.860558,6.31,0.665808
-0.860558,6.49,0.58317
-0.860558,6.67,0.217495
-0.860558,6.85,-1.68347
-0.860558,7.03,-6.13915
-0.860558,7.21,-3.74849
-0.860558,7.39,-1.97566
-0.860558,7.57,-1.22918
-0.860558,7.75,-0.858181
-0.860558,7.93,-0.64556
-0.860558,8.11,-0.51104
-0.860558,8.29,-0.419736
-0.860558,8.47,-0.354478
-0.860558,8.65,-0.305963
-0.860558,8.83,-0.268765
-0.860558,9.01,-0.239567
-0.860558,9.19,-0.216178
-0.860558,9.37,-0.197099
-0.860558,9.55,-0.181314
-0.860558,9.73,-0.168096
-0.860558,9.91,-0.156914
-0.85327,1.09,0.0188621
-0.85327,1.27,0.240553
-0.85327,1.45,0.400361
-0.85327,1.63,0.254815
-0.85327,1.81,0.0305438
-0.85327,1.99,0.32234
-0.85327,2.17,-0.00896088
-0.85327,2.35,0.299613
-0.85327,2.53,-0.127844
-0.85327,2.71,0.105789
-0.85327,2.89,0.470537
-0.85327,3.07,1.92807
-0.85327,3.25,-1.22006
-0.85327,3.43,-0.734943
-0.85327,3.61,-0.471013
-0.85327,3.79,-0.23323
-0.85327,3.97,0.121064
-0.85327,4.15,0.769076
-0.85327,4.33,1.77962
-0.85327,4.51,2.46656
-0.85327,4.69,2.22038
-0.85327,4.87,1.66932
-0.85327,5.05,1.22935
-0.85327,5.23,0.927647
-0.85327,5.41,0.717183
-0.85327,5.59,0.557923
-0.85327,5.77,0.419095
-0.85327,5.95,0.271531
-0.85327,6.13,0.0714033
-0.85327,6.31,-0.273113
-0.85327,6.49,-0.992572
-0.85327,6.67,-2.64587
-0.85327,6.85,-5.25693
-0.85327,7.03,-5.09711
-0.85327,7.21,-3.14403
-0.85327,7.39,-1.91888
-0.85327,7.57,-1.27322
-0.85327,7.75,-0.911506
-0.85327,7.93,-0.691836
-0.85327,8.11,-0.548945
-0.85327,8.29,-0.450864
-0.85327,8.47,-0.380582
-0.85327,8.65,-0.328449
-0.85327,8.83,-0.288678
-0.85327,9.01,-0.25767
-0.85327,9.19,-0.233025
-0.85327,9.37,-0.213091
-0.85327,9.55,-0.196743
-0.85327,9.73,-0.183179
-0.85327,9.91,-0.171812
-0.845982,1.09,0.053156
-0.845982,1.27,0.217526
-0.845982,1.45,-0.323924
-0.845982,1.63,0.518769
-0.845982,1.81,0.0614221
-0.845982,1.99,-0.382355
-0.845982,2.17,0.0164075
-0.845982,2.35,0.619219
-0.845982,2.53,-0.00322722
-0.845982,2.71,0.139364
-0.845982,2.89,0.500467
-0.845982,3.07,2.05965
-0.845982,3.25,-0.996196
-0.845982,3.43,-0.514667
-0.845982,3.61,-0.246224
-0.845982,3.79,0.0483165
-0.845982,3.97,0.536492
-0.845982,4.15,1.49421
-0.845982,4.33,3.05984
-0.845982,4.51,3.64968
-0.845982,4.69,2.48376
-0.845982,4.87,1.39206
-0.845982,5.05,0.738496
-0.845982,5.23,0.334776
-0.845982,5.41,0.0463621
-0.845982,5.59,-0.201608
-0.845982,5.77,-0.460453
-0.845982,5.95,-0.781403
-0.845982,6.13,-1.23557
-0.845982,6.31,-1.93157
-0.845982,6.49,-2.98175
-0.845982,6.67,-4.19032
-0.845982,6.85,-4.53835
-0.845982,7.03,-3.57665
-0.845982,7.21,-2.39322
-0.845982,7.39,-1.57066
-0.845982,7.57,-1.06798
-0.845982,7.75,-0.760342
-0.845982,7.93,-0.565231
-0.845982,8.11,-0.436233
-0.845982,8.29,-0.347766
-0.845982,8.47,-0.285082
-0.845982,8.65,-0.23941
-0.845982,8.83,-0.205332
-0.845982,9.01,-0.179406
-0.845982,9.19,-0.159347
-0.845982,9.37,-0.143587
-0.845982,9.55,-0.13105
-0.845982,9.73,-0.120971
-0.845982,9.91,-0.112796
-0.838694,1.09,0.0636661
-0.838694,1.27,0.360974
-0.838694,1.45,-0.237206
-0.838694,1.63,1.41091
-0.838694,1.81,0.061843
-0.838694,1.99,-0.254829
-0.838694,2.17,0.0384766
-0.838694,2.35,1.6549
-0.838694,2.53,-0.0284383
-0.838694,2.71,0.099507
-0.838694,2.89,0.463865
-0.838694,3.07,1.80083
-0.838694,3.25,-0.572281
-0.838694,3.43,-0.216874
-0.838694,3.61,0.0734564
-0.838694,3.79,0.484619
-0.838694,3.97,1.27666
-0.838694,4.15,3.1856
-0.838694,4.33,7.22023
-0.838694,4.51,4.72387
-0.838694,4.69,0.742046
-0.838694,4.87,-0.523982
-0.838694,5.05,-1.01903
-0.838694,5.23,-1.30444
-0.838694,5.41,-1.53795
-0.838694,5.59,-1.77936
-0.838694,5.77,-2.05973
-0.838694,5.95,-2.4013
-0.838694,6.13,-2.81259
-0.838694,6.31,-3.26389
-0.838694,6.49,-3.63388
-0.838694,6.67,-3.67557
-0.838694,6.85,-3.19045
-0.838694,7.03,-2.33772
-0.838694,7.21,-1.49355
-0.838694,7.39,-0.863922
-0.838694,7.57,-0.452667
-0.838694,7.75,-0.197569
-0.838694,7.93,-0.0417082
-0.838694,8.11,0.053476
-0.838694,8.29,0.111309
-0.838694,8.47,0.146027
-0.838694,8.65,0.166251
-0.838694,8.83,0.177271
-0.838694,9.01,0.182437
-0.838694,9.19,0.183829
-0.838694,9.37,0.18276
-0.838694,9.55,0.180122
-0.838694,9.73,0.176506
-0.838694,9.91,0.172309
-0.831406,1.09,0.0670898
-0.831406,1.27,-0.00727651
-0.831406,1.45,-0.0161321
-0.831406,1.63,1.25855
-0.831406,1.81,0.0411737
-0.831406,1.99,-0.105672
-0.831406,2.17,0.0721105
-0.831406,2.35,2.47727
-0.831406,2.53,-0.14281
-0.831406,2.71,0.0466946
-0.831406,2.89,0.446412
-0.831406,3.07,0.724726
-0.831406,3.25,-0.313292
-0.831406,3.43,-0.034433
-0.831406,3.61,0.266961
-0.831406,3.79,0.752644
-0.831406,3.97,1.78338
-0.831406,4.15,4.77665
-0.831406,4.33,10.1894
-0.831406,4.51,0.32921
-0.831406,4.69,-1.59197
-0.831406,4.87,-1.88427
-0.831406,5.05,-1.97797
-0.831406,5.23,-2.06079
-0.831406,5.41,-2.16948
-0.831406,5.59,-2.3142
-0.831406,5.77,-2.4964
-0.831406,5.95,-2.71152
-0.831406,6.13,-2.93698
-0.831406,6.31,-3.11274
-0.831406,6.49,-3.12102
-0.831406,6.67,-2.81016
-0.831406,6.85,-2.13647
-0.831406,7.03,-1.28897
-0.831406,7.21,-0.538503
-0.831406,7.39,-0.0131873
-0.831406,7.57,0.304417
-0.831406,7.75,0.478539
-0.831406,7.93,0.565054
-0.831406,8.11,0.601215
-0.831406,8.29,0.608868
-0.831406,8.47,0.600889
-0.831406,8.65,0.58468
-0.831406,8.83,0.56448
-0.831406,9.01,0.542804
-0.831406,9.19,0.520997
-0.831406,9.37,0.499744
-0.831406,9.55,0.479457
-0.831406,9.73,0.460338
-0.831406,9.91,0.442463
-0.824117,1.09,0.0861571
-0.824117,1.27,-0.00827006
-0.824117,1.45,-0.00933918
-0.824117,1.63,-0.0195424
-0.824117,1.81,0.0579521
-0.824117,1.99,-0.110168
-0.824117,2.17,0.0848409
-0.824117,2.35,1.47161
-0.824117,2.53,-0.123235
-0.824117,2.71,0.0579273
-0.824117,2.89,0.495395
-0.824117,3.07,-0.421984
-0.824117,3.25,-0.255202
-0.824117,3.43,0.00386388
-0.824117,3.61,0.302459
-0.824117,3.79,0.809648
-0.824117,3.97,1.95734
-0.824117,4.15,5.62587
-0.824117,4.33,7.1397
-0.824117,4.51,-0.912613
-0.824117,4.69,-1.77733
-0.824117,4.87,-1.88863
-0.824117,5.05,-1.93194
-0.824117,5.23,-1.99355
-0.824117,5.41,-2.08824
-0.824117,5.59,-2.21873
-0.824117,5.77,-2.38201
-0.824117,5.95,-2.56803
-0.824117,6.13,-2.74611
-0.824117,6.31,-2.84583
-0.824117,6.49,-2.74604
-0.824117,6.67,-2.32439
-0.824117,6.85,-1.60543
-0.824117,7.03,-0.813925
-0.824117,7.21,-0.175391
-0.824117,7.39,0.241616
-0.824117,7.57,0.478395
-0.824117,7.75,0.598135
-0.824117,7.93,0.649207
-0.824117,8.11,0.662235
-0.824117,8.29,0.654568
-0.824117,8.47,0.636235
-0.824117,8.65,0.612881
-0.824117,8.83,0.587651
-0.824117,9.01,0.562357
-0.824117,9.19,0.537905
-0.824117,9.37,0.514703
-0.824117,9.55,0.492964
-0.824117,9.73,0.472755
-0.824117,9.91,0.45406
-0.816829,1.09,0.136754
-0.816829,1.27,-0.0082882
-0.816829,1.45,-0.00233579
-0.816829,1.63,-0.182608
-0.816829,1.81,0.0767445
-0.816829,1.99,-0.101222
-0.816829,2.17,0.0979039
-0.816829,2.35,-0.0409716
-0.816829,2.53,-0.105804
-0.816829,2.71,0.0672057
-0.816829,2.89,0.55158
-0.816829,3.07,-0.582614
-0.816829,3.25,-0.201827
-0.816829,3.43,0.0377406
-0.816829,3.61,0.333391
-0.816829,3.79,0.862636
-0.816829,3.97,2.14818
-0.816829,4.15,6.62622
-0.816829,4.33,2.87079
-0.816829,4.51,-1.53896
-0.816829,4.69,-1.83232
-0.816829,4.87,-1.8416
-0.816829,5.05,-1.85431
-0.816829,5.23,-1.90079
-0.816829,5.41,-1.98278
-0.816829,5.59,-2.09792
-0.816829,5.77,-2.23935
-0.816829,5.95,-2.39166
-0.816829,6.13,-2.51652
-0.816829,6.31,-2.53565
-0.816829,6.49,-2.33228
-0.816829,6.67,-1.82399
-0.816829,6.85,-1.09749
-0.816829,7.03,-0.386842
-0.816829,7.21,0.137781
-0.816829,7.39,0.455918
-0.816829,7.57,0.622284
-0.816829,7.75,0.695621
-0.816829,7.93,0.71674
-0.816829,8.11,0.710325
-0.816829,8.29,0.689845
-0.816829,8.47,0.662909
-0.816829,8.65,0.633667
-0.816829,8.83,0.604339
-0.816829,9.01,0.576139
-0.816829,9.19,0.549601
-0.816829,9.37,0.524895
-0.816829,9.55,0.502071
-0.816829,9.73,0.481078
-0.816829,9.91,0.461822
-0.809541,1.09,0.0723157
-0.809541,1.27,-0.0110665
-0.809541,1.45,0.00218805
-0.809541,1.63,-0.158409
-0.809541,1.81,0.10024
-0.809541,1.99,-0.0898021
-0.809541,2.17,0.109439
-0.809541,2.35,-0.293047
-0.809541,2.53,-0.0893042
-0.809541,2.71,0.0752617
-0.809541,2.89,0.608855
-0.809541,3.07,-0.512346
-0.809541,3.25,-0.154654
-0.809541,3.43,0.0660216
-0.809541,3.61,0.356737
-0.809541,3.79,0.904749
-0.809541,3.97,2.34345
-0.809541,4.15,7.3796
-0.809541,4.33,-0.153654
-0.809541,4.51,-1.79002
-0.809541,4.69,-1.79454
-0.809541,4.87,-1.74914
-0.809541,5.05,-1.74336
-0.809541,5.23,-1.77781
-0.809541,5.41,-1.84668
-0.809541,5.59,-1.944
-0.809541,5.77,-2.05948
-0.809541,5.95,-2.17264
-0.809541,6.13,-2.23856
-0.809541,6.31,-2.17506
-0.809541,6.49,-1.87876
-0.809541,6.67,-1.31431
-0.809541,6.85,-0.617228
-0.809541,7.03,-0.00654202
-0.809541,7.21,0.405241
-0.809541,7.39,0.633499
-0.809541,7.57,0.738307
-0.809541,7.75,0.77183
-0.809541,7.93,0.767517
-0.809541,8.11,0.744734
-0.809541,8.29,0.713572
-0.809541,8.47,0.679554
-0.809541,8.65,0.64555
-0.809541,8.83,0.612983
-0.809541,9.01,0.58255
-0.809541,9.19,0.554469
-0.809541,9.37,0.528708
-0.809541,9.55,0.505173
-0.809541,9.73,0.483716
-0.809541,9.91,0.464173
-0.802253,1.09,0.0131909
-0.802253,1.27,-0.0136318
-0.802253,1.45,0.00402513
-0.802253,1.63,-0.118911
-0.802253,1.81,0.127334
-0.802253,1.99,-0.0775559
-0.802253,2.17,0.132653
-0.802253,2.35,-0.279237
-0.802253,2.53,-0.0760572
-0.802253,2.71,0.0818152
-0.802253,2.89,0.627127
-0.802253,3.07,-0.419254
-0.802253,3.25,-0.115953
-0.802253,3.43,0.0908511
-0.802253,3.61,0.381354
-0.802253,3.79,0.959583
-0.802253,3.97,2.61342
-0.802253,4.15,6.81785
-0.802253,4.33,-1.36956
-0.802253,4.51,-1.79569
-0.802253,4.69,-1.69879
-0.802253,4.87,-1.63884
-0.802253,5.05,-1.62913
-0.802253,5.23,-1.65929
-0.802253,5.41,-1.7207
-0.802253,5.59,-1.80542
-0.802253,5.77,-1.90046
-0.802253,5.95,-1.98065
-0.802253,6.13,-1.99488
-0.802253,6.31,-1.85866
-0.802253,6.49,-1.48622
-0.802253,6.67,-0.890378
-0.802253,6.85,-0.241537
-0.802253,7.03,0.270383
-0.802253,7.21,0.585016
-0.802253,7.39,0.741767
-0.802253,7.57,0.800357
-0.802253,7.75,0.80552
-0.802253,7.93,0.784086
-0.802253,8.11,0.750987
-0.802253,8.29,0.713625
-0.802253,8.47,0.675913
-0.802253,8.65,0.63976
-0.802253,8.83,0.60601
-0.802253,9.01,0.574989
-0.802253,9.19,0.5467
-0.802253,9.37,0.520983
-0.802253,9.55,0.497653
-0.802253,9.73,0.476503
-0.802253,9.91,0.457331
-0.794965,1.09,0.00194597
-0.794965,1.27,-0.0160354
-0.794965,1.45,0.00378387
-0.794965,1.63,-0.0894276
-0.794965,1.81,0.146223
-0.794965,1.99,-0.0653761
-0.794965,2.17,0.163269
-0.794965,2.35,-0.239768
-0.794965,2.53,-0.0643229
-0.794965,2.71,0.0869326
-0.794965,2.89,0.325196
-0.794965,3.07,-0.333672
-0.794965,3.25,-0.0820935
-0.794965,3.43,0.111964
-0.794965,3.61,0.401594
-0.794965,3.79,1.01105
-0.794965,3.97,2.9147
-0.794965,4.15,3.43745
-0.794965,4.33,-1.78133
-0.794965,4.51,-1.71128
-0.794965,4.69,-1.57741
-0.794965,4.87,-1.51466
-0.794965,5.05,-1.50385
-0.794965,5.23,-1.53003
-0.794965,5.41,-1.58316
-0.794965,5.59,-1.6537
-0.794965,5.77,-1.72601
-0.794965,5.95,-1.77039
-0.794965,6.13,-1.73083
-0.794965,6.31,-1.52494
-0.794965,6.49,-1.09237
-0.794965,6.67,-0.493705
-0.794965,6.85,0.0847177
-0.794965,7.03,0.495105
-0.794965,7.21,0.721726
-0.794965,7.39,0.817787
-0.794965,7.57,0.838646
-0.794965,7.75,0.821325
-0.794965,7.93,0.786713
-0.794965,8.11,0.745965
-0.794965,8.29,0.704254
-0.794965,8.47,0.664169
-0.794965,8.65,0.626841
-0.794965,8.83,0.592645
-0.794965,9.01,0.561612
-0.794965,9.19,0.533572
-0.794965,9.37,0.508272
-0.794965,9.55,0.485453
-0.794965,9.73,0.464868
-0.794965,9.91,0.446284
-0.787677,1.09,-0.0035271
-0.787677,1.27,-0.017408
-0.787677,1.45,0.00220702
-0.787677,1.63,-0.0680536
-0.787677,1.81,0.0535218
-0.787677,1.99,-0.0536897
-0.787677,2.17,0.201275
-0.787677,2.35,-0.201806
-0.787677,2.53,-0.0533651
-0.787677,2.71,0.0904779
-0.787677,2.89,-0.793126
-0.787677,3.07,-0.261497
-0.787677,3.25,-0.0528604
-0.787677,3.43,0.128595
-0.787677,3.61,0.414823
-0.787677,3.79,1.05102
-0.787677,3.97,3.17169
-0.787677,4.15,-0.279323
-0.787677,4.33,-1.82442
-0.787677,4.51,-1.57843
-0.787677,4.69,-1.43815
-0.787677,4.87,-1.37788
-0.787677,5.05,-1.36654
-0.787677,5.23,-1.38779
-0.787677,5.41,-1.43088
-0.787677,5.59,-1.4848
-0.787677,5.77,-1.53129
-0.787677,5.95,-1.53664
-0.787677,6.13,-1.44195
-0.787677,6.31,-1.17248
-0.787677,6.49,-0.700131
-0.787677,6.67,-0.127243
-0.787677,6.85,0.363982
-0.787677,7.03,0.674296
-0.787677,7.21,0.822568
-0.787677,7.39,0.867482
-0.787677,7.57,0.857616
-0.787677,7.75,0.822497
-0.787677,7.93,0.777789
-0.787677,8.11,0.731451
-0.787677,8.29,0.686802
-0.787677,8.47,0.645348
-0.787677,8.65,0.60758
-0.787677,8.83,0.573496
-0.787677,9.01,0.542883
-0.787677,9.19,0.515439
-0.787677,9.37,0.490836
-0.787677,9.55,0.468762
-0.787677,9.73,0.448936
-0.787677,9.91,0.431106
-0.780389,1.09,-0.00693305
-0.780389,1.27,-0.0150579
-0.780389,1.45,-0.000125356
-0.780389,1.63,-0.0511354
-0.780389,1.81,-0.761887
-0.780389,1.99,-0.0426021
-0.780389,2.17,0.248749
-0.780389,2.35,-0.167486
-0.780389,2.53,-0.0425377
-0.780389,2.71,0.0923152
-0.780389,2.89,-1.05976
-0.780389,3.07,-0.202991
-0.780389,3.25,-0.0284618
-0.780389,3.43,0.140788
-0.780389,3.61,0.421501
-0.780389,3.79,1.07865
-0.780389,3.97,3.15583
-0.780389,4.15,-1.8021
-0.780389,4.33,-1.6922
-0.780389,4.51,-1.41665
-0.780389,4.69,-1.2874
-0.780389,4.87,-1.23336
-0.780389,5.05,-1.22237
-0.780389,5.23,-1.23867
-0.780389,5.41,-1.27127
-0.780389,5.59,-1.30789
-0.780389,5.77,-1.32788
-0.780389,5.95,-1.2942
-0.780389,6.13,-1.14746
-0.780389,6.31,-0.825939
-0.780389,6.49,-0.337632
-0.780389,6.67,0.184255
-0.780389,6.85,0.579474
-0.780389,7.03,0.797019
-0.780389,7.21,0.879224
-0.780389,7.39,0.883702
-0.780389,7.57,0.850891
-0.780389,7.75,0.803343
-0.780389,7.93,0.752246
-0.780389,8.11,0.702927
-0.780389,8.29,0.657233
-0.780389,8.47,0.615819
-0.780389,8.65,0.57869
-0.780389,8.83,0.545563
-0.780389,9.01,0.51605
-0.780389,9.19,0.489755
-0.780389,9.37,0.466306
-0.780389,9.55,0.445359
-0.780389,9.73,0.426615
-0.780389,9.91,0.409814
-0.773101,1.09,-0.0102296
-0.773101,1.27,-0.00872822
-0.773101,1.45,-0.000446261
-0.773101,1.63,-0.0377044
-0.773101,1.81,-0.774226
-0.773101,1.99,-0.029922
-0.773101,2.17,0.304904
-0.773101,2.35,-0.14023
-0.773101,2.53,-0.033522
-0.773101,2.71,0.0901608
-0.773101,2.89,-0.716462
-0.773101,3.07,-0.155701
-0.773101,3.25,-0.00735776
-0.773101,3.43,0.152187
-0.773101,3.61,0.430379
-0.773101,3.79,1.11501
-0.773101,3.97,2.32606
-0.773101,4.15,-1.98837
-0.773101,4.33,-1.50096
-0.773101,4.51,-1.25519
-0.773101,4.69,-1.14533
-0.773101,4.87,-1.10004
-0.773101,5.05,-1.09094
-0.773101,5.23,-1.10384
-0.773101,5.41,-1.1278
-0.773101,5.59,-1.14938
-0.773101,5.77,-1.14562
-0.773101,5.95,-1.07659
-0.773101,6.13,-0.884202
-0.773101,6.31,-0.524089
-0.773101,6.49,-0.0410825
-0.773101,6.67,0.414284
-0.773101,6.85,0.71639
-0.773101,7.03,0.856197
-0.773101,7.21,0.888483
-0.773101,7.39,0.865166
-0.773101,7.57,0.818305
-0.773101,7.75,0.764425
-0.773101,7.93,0.711147
-0.773101,8.11,0.661812
-0.773101,8.29,0.61721
-0.773101,8.47,0.577416
-0.773101,8.65,0.542119
-0.773101,8.83,0.51087
-0.773101,9.01,0.483178
-0.773101,9.19,0.45861
-0.773101,9.37,0.43678
-0.773101,9.55,0.417341
-0.773101,9.73,0.399995
-0.773101,9.91,0.384485
-0.765813,1.09,-0.0136443
-0.765813,1.27,0.00202344
-0.765813,1.45,0.0021101
-0.765813,1.63,-0.027211
-0.765813,1.81,-0.424743
-0.765813,1.99,-0.0170493
-0.765813,2.17,0.0181259
-0.765813,2.35,-0.117021
-0.765813,2.53,-0.0246386
-0.765813,2.71,0.0794706
-0.765813,2.89,-0.465414
-0.765813,3.07,-0.116401
-0.765813,3.25,0.0102402
-0.765813,3.43,0.159457
-0.765813,3.61,0.431299
-0.765813,3.79,1.11724
-0.765813,3.97,-0.0832665
-0.765813,4.15,-1.80019
-0.765813,4.33,-1.29967
-0.765813,4.51,-1.09415
-0.765813,4.69,-1.00314
-0.765813,4.87,-0.96548
-0.765813,5.05,-0.957223
-0.765813,5.23,-0.965698
-0.765813,5.41,-0.980003
-0.765813,5.59,-0.985522
-0.765813,5.77,-0.957264
-0.765813,5.95,-0.853568
-0.765813,6.13,-0.62121
-0.765813,6.31,-0.238653
-0.765813,6.49,0.215084
-0.765813,6.67,0.589515
-0.765813,6.85,0.80204
-0.765813,7.03,0.876094
-0.765813,7.21,0.86977
-0.765813,7.39,0.82672
-0.765813,7.57,0.771056
-0.765813,7.75,0.71421
-0.765813,7.93,0.660946
-0.765813,8.11,0.613067
-0.765813,8.29,0.570579
-0.765813,8.47,0.533138
-0.765813,8.65,0.500217
-0.765813,8.83,0.471258
-0.765813,9.01,0.445712
-0.765813,9.19,0.423127
-0.765813,9.37,0.403125
-0.765813,9.55,0.385365
-0.765813,9.73,0.369556
-0.765813,9.91,0.355455
-0.758525,1.09,-0.0162824
-0.758525,1.27,0.0107348
-0.758525,1.45,0.0115362
-0.758525,1.63,-0.0189425
-0.758525,1.81,-0.264054
-0.758525,1.99,-0.00461728
-0.758525,2.17,-0.481411
-0.758525,2.35,-0.0962007
-0.758525,2.53,-0.0152998
-0.758525,2.71,0.0471624
-0.758525,2.89,-0.308919
-0.758525,3.07,-0.0836492
-0.758525,3.25,0.0241074
-0.758525,3.43,0.161216
-0.758525,3.61,0.418945
-0.758525,3.79,1.02554
-0.758525,3.97,-2.02463
-0.758525,4.15,-1.51808
-0.758525,4.33,-1.09987
-0.758525,4.51,-0.934055
-0.758525,4.69,-0.859818
-0.758525,4.87,-0.828186
-0.758525,5.05,-0.819464
-0.758525,5.23,-0.822332
-0.758525,5.41,-0.825853
-0.758525,5.59,-0.814365
-0.758525,5.77,-0.76136
-0.758525,5.95,-0.625244
-0.758525,6.13,-0.3619
-0.758525,6.31,0.023281
-0.758525,6.49,0.424944
-0.758525,6.67,0.710207
-0.758525,6.85,0.840955
-0.758525,7.03,0.86168
-0.758525,7.21,0.826899
-0.758525,7.39,0.770929
-0.758525,7.57,0.71078
-0.758525,7.75,0.653702
-0.758525,7.93,0.602228
-0.758525,8.11,0.556999
-0.758525,8.29,0.517457
-0.758525,8.47,0.48297
-0.758525,8.65,0.452872
-0.758525,8.83,0.426545
-0.758525,9.01,0.403414
-0.758525,9.19,0.383031
-0.758525,9.37,0.365034
-0.758525,9.55,0.349096
-0.758525,9.73,0.334944
-0.758525,9.91,0.32235
-0.751237,1.09,-0.0168373
-0.751237,1.27,-0.0793477
-0.751237,1.45,0.0388701
-0.751237,1.63,-0.0117599
-0.751237,1.81,-0.17832
-0.751237,1.99,0.00641873
-0.751237,2.17,-0.366218
-0.751237,2.35,-0.0768557
-0.751237,2.53,-0.00511625
-0.751237,2.71,-0.0478848
-0.751237,2.89,-0.207074
-0.751237,3.07,-0.0566543
-0.751237,3.25,0.0341931
-0.751237,3.43,0.157159
-0.751237,3.61,0.390146
-0.751237,3.79,0.717861
-0.751237,3.97,-2.19016
-0.751237,4.15,-1.22898
-0.751237,4.33,-0.907559
-0.751237,4.51,-0.777764
-0.751237,4.69,-0.718143
-0.751237,4.87,-0.691275
-0.751237,5.05,-0.681277
-0.751237,5.23,-0.678027
-0.751237,5.41,-0.670584
-0.751237,5.59,-0.642501
-0.751237,5.77,-0.566553
-0.751237,5.95,-0.40341
-0.751237,6.13,-0.122257
-0.751237,6.31,0.243438
-0.751237,6.49,0.574665
-0.751237,6.67,0.77049
-0.751237,6.85,0.831951
-0.751237,7.03,0.812975
-0.751237,7.21,0.759832
-0.751237,7.39,0.697539
-0.751237,7.57,0.637095
-0.751237,7.75,0.582485
-0.751237,7.93,0.534594
-0.751237,8.11,0.493242
-0.751237,8.29,0.457519
-0.751237,8.47,0.426624
-0.751237,8.65,0.399832
-0.751237,8.83,0.376509
-0.751237,9.01,0.356089
-0.751237,9.19,0.338143
-0.751237,9.37,0.322343
-0.751237,9.55,0.308384
-0.751237,9.73,0.296017
-0.751237,9.91,0.285035
-0.743949,1.09,-0.00867536
-0.743949,1.27,-0.375393
-0.743949,1.45,0.150506
-0.743949,1.63,-0.00616897
-0.743949,1.81,-0.123543
-0.743949,1.99,0.018356
-0.743949,2.17,-0.249624
-0.743949,2.35,-0.0610942
-0.743949,2.53,0.00441639
-0.743949,2.71,-0.280247
-0.743949,2.89,-0.137076
-0.743949,3.07,-0.0344317
-0.743949,3.25,0.0420602
-0.743949,3.43,0.151691
-0.743949,3.61,0.355697
-0.743949,3.79,0.0533743
-0.743949,3.97,-1.72692
-0.743949,4.15,-0.970417
-0.743949,4.33,-0.736089
-0.743949,4.51,-0.637837
-0.743949,4.69,-0.591333
-0.743949,4.87,-0.569109
-0.743949,5.05,-0.558597
-0.743949,5.23,-0.55078
-0.743949,5.41,-0.534804
-0.743949,5.59,-0.493756
-0.743949,5.77,-0.400467
-0.743949,5.95,-0.219918
-0.743949,6.13,0.0623041
-0.743949,6.31,0.387699
-0.743949,6.49,0.63973
-0.743949,6.67,0.757341
-0.743949,6.85,0.769067
-0.743949,7.03,0.727355
-0.743949,7.21,0.667665
-0.743949,7.39,0.606705
-0.743949,7.57,0.550881
-0.743949,7.75,0.501947
-0.743949,7.93,0.459789
-0.743949,8.11,0.423801
-0.743949,8.29,0.392949
-0.743949,8.47,0.366412
-0.743949,8.65,0.34349
-0.743949,8.83,0.323598
-0.743949,9.01,0.306211
-0.743949,9.19,0.290951
-0.743949,9.37,0.27754
-0.743949,9.55,0.265712
-0.743949,9.73,0.25525
-0.743949,9.91,0.245975
-0.736661,1.09,0.0396453
-0.736661,1.27,-0.205316
-0.736661,1.45,0.181785
-0.736661,1.63,-0.00163699
-0.736661,1.81,-0.0834708
-0.736661,1.99,0.0272501
-0.736661,2.17,-0.176293
-0.736661,2.35,-0.0466251
-0.736661,2.53,0.014763
-0.736661,2.71,-0.355037
-0.736661,2.89,-0.0862339
-0.736661,3.07,-0.0165087
-0.736661,3.25,0.045861
-0.736661,3.43,0.138901
-0.736661,3.61,0.29301
-0.736661,3.79,-1.11074
-0.736661,3.97,-1.24888
-0.736661,4.15,-0.738903
-0.736661,4.33,-0.574092
-0.736661,4.51,-0.50195
-0.736661,4.69,-0.466387
-0.736661,4.87,-0.447844
-0.736661,5.05,-0.436526
-0.736661,5.23,-0.424447
-0.736661,5.41,-0.401089
-0.736661,5.59,-0.349752
-0.736661,5.77,-0.24487
-0.736661,5.95,-0.0587433
-0.736661,6.13,0.204451
-0.736661,6.31,0.469505
-0.736661,6.49,0.639308
-0.736661,6.67,0.692279
-0.736661,6.85,0.670623
-0.736661,7.03,0.618165
-0.736661,7.21,0.559373
-0.736661,7.39,0.504177
-0.736661,7.57,0.455638
-0.736661,7.75,0.414043
-0.736661,7.93,0.378698
-0.736661,8.11,0.348803
-0.736661,8.29,0.323334
-0.736661,8.47,0.301526
-0.736661,8.65,0.282753
-0.736661,8.83,0.266507
-0.736661,9.01,0.252323
-0.736661,9.19,0.239887
-0.736661,9.37,0.228975
-0.736661,9.55,0.219367
-0.736661,9.73,0.210882
-0.736661,9.91,0.203372
-0.729373,1.09,0.335522
-0.729373,1.27,-0.115691
-0.729373,1.45,0.0120343
-0.729373,1.63,0.00290113
-0.729373,1.81,-0.0512605
-0.729373,1.99,0.0286153
-0.729373,2.17,-0.12404
-0.729373,2.35,-0.0330834
-0.729373,2.53,0.0258961
-0.729373,2.71,-0.163542
-0.729373,2.89,-0.0484596
-0.729373,3.07,-0.00304256
-0.729373,3.25,0.0445443
-0.729373,3.43,0.116422
-0.729373,3.61,0.187903
-0.729373,3.79,-1.70481
-0.729373,3.97,-0.841904
-0.729373,4.15,-0.52688
-0.729373,4.33,-0.417606
-0.729373,4.51,-0.367436
-0.729373,4.69,-0.34131
-0.729373,4.87,-0.326019
-0.729373,5.05,-0.314213
-0.729373,5.23,-0.299073
-0.729373,5.41,-0.270961
-0.729373,5.59,-0.214553
-0.729373,5.77,-0.108029
-0.729373,5.95,0.0661772
-0.729373,6.13,0.286853
-0.729373,6.31,0.476417
-0.729373,6.49,0.570127
-0.729373,6.67,0.576593
-0.729373,6.85,0.538055
-0.729373,7.03,0.485808
-0.729373,7.21,0.434499
-0.729373,7.39,0.388996
-0.729373,7.57,0.350164
-0.729373,7.75,0.317466
-0.729373,7.93,0.289989
-0.729373,8.11,0.266925
-0.729373,8.29,0.247381
-0.729373,8.47,0.230711
-0.729373,8.65,0.216405
-0.729373,8.83,0.204053
-0.729373,9.01,0.193281
-0.729373,9.19,0.183845
-0.729373,9.37,0.175577
-0.729373,9.55,0.168308
-0.729373,9.73,0.161897
-0.729373,9.91,0.156231
-0.722085,1.09,0.203711
-0.722085,1.27,-0.0591728
-0.722085,1.45,-0.0240343
-0.722085,1.63,0.0108154
-0.722085,1.81,-0.0243941
-0.722085,1.99,0.01192
-0.722085,2.17,-0.0785535
-0.722085,2.35,-0.0195998
-0.722085,2.53,0.0358611
-0.722085,2.71,-0.0510886
-0.722085,2.89,-0.0208515
-0.722085,3.07,0.00498018
-0.722085,3.25,0.0357087
-0.722085,3.43,0.0795965
-0.722085,3.61,0.0253141
-0.722085,3.79,-1.16783
-0.722085,3.97,-0.490951
-0.722085,4.15,-0.321988
-0.722085,4.33,-0.258676
-0.722085,4.51,-0.227903
-0.722085,4.69,-0.210569
-0.722085,4.87,-0.198826
-0.722085,5.05,-0.187745
-0.722085,5.23,-0.172164
-0.722085,5.41,-0.144425
-0.722085,5.59,-0.092569
-0.722085,5.77,-0.00137115
-0.722085,5.95,0.135282
-0.722085,6.13,0.287346
-0.722085,6.31,0.393786
-0.722085,6.49,0.426246
-0.722085,6.67,0.407247
-0.722085,6.85,0.367972
-0.722085,7.03,0.326135
-0.722085,7.21,0.288496
-0.722085,7.39,0.25654
-0.722085,7.57,0.229937
-0.722085,7.75,0.207881
-0.722085,7.93,0.189536
-0.722085,8.11,0.174251
-0.722085,8.29,0.161367
-0.722085,8.47,0.150424
-0.722085,8.65,0.141062
-0.722085,8.83,0.133001
-0.722085,9.01,0.125979
-0.722085,9.19,0.119833
-0.722085,9.37,0.114457
-0.722085,9.55,0.109736
-0.722085,9.73,0.105579
-0.722085,9.91,0.101909
-0.714797,1.09,0.00776776
-0.714797,1.27,-0.0128777
-0.714797,1.45,-0.0186684
-0.714797,1.63,0.022143
-0.714797,1.81,-0.00392905
-0.714797,1.99,-0.0173912
-0.714797,2.17,-0.0290284
-0.714797,2.35,-0.00675672
-0.714797,2.53,0.0272456
-0.714797,2.71,-0.00480652
-0.714797,2.89,-0.00331008
-0.714797,3.07,0.00478077
-0.714797,3.25,0.0157634
-0.714797,3.43,0.0295847
-0.714797,3.61,-0.0732593
-0.714797,3.79,-0.352031
-0.714797,3.97,-0.157631
-0.714797,4.15,-0.10804
-0.714797,4.33,-0.0880146
-0.714797,4.51,-0.0777186
-0.714797,4.69,-0.071462
-0.714797,4.87,-0.066667
-0.714797,5.05,-0.0614895
-0.714797,5.23,-0.0537742
-0.714797,5.41,-0.0402108
-0.714797,5.59,-0.0157993
-0.714797,5.77,0.0248269
-0.714797,5.95,0.080466
-0.714797,6.13,0.133736
-0.714797,6.31,0.162264
-0.714797,6.49,0.163519
-0.714797,6.67,0.150098
-0.714797,6.85,0.132735
-0.714797,7.03,0.116302
-0.714797,7.21,0.10225
-0.714797,7.39,0.0906272
-0.714797,7.57,0.0810933
-0.714797,7.75,0.0732582
-0.714797,7.93,0.0667777
-0.714797,8.11,0.0614001
-0.714797,8.29,0.0568799
-0.714797,8.47,0.0530478
-0.714797,8.65,0.0497746
-0.714797,8.83,0.0469598
-0.714797,9.01,0.0445079
-0.714797,9.19,0.0423614
-0.714797,9.37,0.0404853
-0.714797,9.55,0.0388393
-0.714797,9.73,0.0373909
-0.714797,9.91,0.0361133
-0.707509,1.09,0
-0.707509,1.27,0
-0.707509,1.45,0
-0.707509,1.63,0
-0.707509,1.81,0
-0.707509,1.99,0
-0.707509,2.17,0
-0.707509,2.35,0
-0.707509,2.53,0
-0.707509,2.71,0
-0.707509,2.89,0
-0.707509,3.07,0
-0.707509,3.25,0
-0.707509,3.43,0
-0.707509,3.61,0
-0.707509,3.79,0
-0.707509,3.97,0
-0.707509,4.15,0
-0.707509,4.33,0
-0.707509,4.51,0
-0.707509,4.69,0
-0.707509,4.87,0
-0.707509,5.05,0
-0.707509,5.23,0
-0.707509,5.41,0
-0.707509,5.59,0
-0.707509,5.77,0
-0.707509,5.95,0
-0.707509,6.13,0
-0.707509,6.31,0
-0.707509,6.49,0
-0.707509,6.67,0
-0.707509,6.85,0
-0.707509,7.03,0
-0.707509,7.21,0
-0.707509,7.39,0
-0.707509,7.57,0
-0.707509,7.75,0
-0.707509,7.93,0
-0.707509,8.11,0
-0.707509,8.29,0
-0.707509,8.47,0
-0.707509,8.65,0
-0.707509,8.83,0
-0.707509,9.01,0
-0.707509,9.19,0
-0.707509,9.37,0
-0.707509,9.55,0
-0.707509,9.73,0
-0.707509,9.91,0
-0.700221,1.09,0
-0.700221,1.27,0
-0.700221,1.45,0
-0.700221,1.63,0
-0.700221,1.81,0
-0.700221,1.99,0
-0.700221,2.17,0
-0.700221,2.35,0
-0.700221,2.53,0
-0.700221,2.71,0
-0.700221,2.89,0
-0.700221,3.07,0
-0.700221,3.25,0
-0.700221,3.43,0
-0.700221,3.61,0
-0.700221,3.79,0
-0.700221,3.97,0
-0.700221,4.15,0
-0.700221,4.33,0
-0.700221,4.51,0
-0.700221,4.69,0
-0.700221,4.87,0
-0.700221,5.05,0
-0.700221,5.23,0
-0.700221,5.41,0
-0.700221,5.59,0
-0.700221,5.77,0
-0.700221,5.95,0
-0.700221,6.13,0
-0.700221,6.31,0
-0.700221,6.49,0
-0.700221,6.67,0
-0.700221,6.85,0
-0.700221,7.03,0
-0.700221,7.21,0
-0.700221,7.39,0
-0.700221,7.57,0
-0.700221,7.75,0
-0.700221,7.93,0
-0.700221,8.11,0
-0.700221,8.29,0
-0.700221,8.47,0
-0.700221,8.65,0
-0.700221,8.83,0
-0.700221,9.01,0
-0.700221,9.19,0
-0.700221,9.37,0
-0.700221,9.55,0
-0.700221,9.73,0
-0.700221,9.91,0
-0.692933,1.09,0
-0.692933,1.27,0
-0.692933,1.45,0
-0.692933,1.63,0
-0.692933,1.81,0
-0.692933,1.99,0
-0.692933,2.17,0
-0.692933,2.35,0
-0.692933,2.53,0
-0.692933,2.71,0
-0.692933,2.89,0
-0.692933,3.07,0
-0.692933,3.25,0
-0.692933,3.43,0
-0.692933,3.61,0
-0.692933,3.79,0
-0.692933,3.97,0
-0.692933,4.15,0
-0.692933,4.33,0
-0.692933,4.51,0
-0.692933,4.69,0
-0.692933,4.87,0
-0.692933,5.05,0
-0.692933,5.23,0
-0.692933,5.41,0
-0.692933,5.59,0
-0.692933,5.77,0
-0.692933,5.95,0
-0.692933,6.13,0
-0.692933,6.31,0
-0.692933,6.49,0
-0.692933,6.67,0
-0.692933,6.85,0
-0.692933,7.03,0
-0.692933,7.21,0
-0.692933,7.39,0
-0.692933,7.57,0
-0.692933,7.75,0
-0.692933,7.93,0
-0.692933,8.11,0
-0.692933,8.29,0
-0.692933,8.47,0
-0.692933,8.65,0
-0.692933,8.83,0
-0.692933,9.01,0
-0.692933,9.19,0
-0.692933,9.37,0
-0.692933,9.55,0
-0.692933,9.73,0
-0.692933,9.91,0
-0.685645,1.09,0
-0.685645,1.27,0
-0.685645,1.45,0
-0.685645,1.63,0
-0.685645,1.81,0
-0.685645,1.99,0
-0.685645,2.17,0
-0.685645,2.35,0
-0.685645,2.53,0
-0.685645,2.71,0
-0.685645,2.89,0
-0.685645,3.07,0
-0.685645,3.25,0
-0.685645,3.43,0
-0.685645,3.61,0
-0.685645,3.79,0
-0.685645,3.97,0
-0.685645,4.15,0
-0.685645,4.33,0
-0.685645,4.51,0
-0.685645,4.69,0
-0.685645,4.87,0
-0.685645,5.05,0
-0.685645,5.23,0
-0.685645,5.41,0
-0.685645,5.59,0
-0.685645,5.77,0
-0.685645,5.95,0
-0.685645,6.13,0
-0.685645,6.31,0
-0.685645,6.49,0
-0.685645,6.67,0
-0.685645,6.85,0
-0.685645,7.03,0
-0.685645,7.21,0
-0.685645,7.39,0
-0.685645,7.57,0
-0.685645,7.75,0
-0.685645,7.93,0
-0.685645,8.11,0
-0.685645,8.29,0
-0.685645,8.47,0
-0.685645,8.65,0
-0.685645,8.83,0
-0.685645,9.01,0
-0.685645,9.19,0
-0.685645,9.37,0
-0.685645,9.55,0
-0.685645,9.73,0
-0.685645,9.91,0
-0.678356,1.09,0
-0.678356,1.27,0
-0.678356,1.45,0
-0.678356,1.63,0
-0.678356,1.81,0
-0.678356,1.99,0
-0.678356,2.17,0
-0.678356,2.35,0
-0.678356,2.53,0
-0.678356,2.71,0
-0.678356,2.89,0
-0.678356,3.07,0
-0.678356,3.25,0
-0.678356,3.43,0
-0.678356,3.61,0
-0.678356,3.79,0
-0.678356,3.97,0
-0.678356,4.15,0
-0.678356,4.33,0
-0.678356,4.51,0
-0.678356,4.69,0
-0.678356,4.87,0
-0.678356,5.05,0
-0.678356,5.23,0
-0.678356,5.41,0
-0.678356,5.59,0
-0.678356,5.77,0
-0.678356,5.95,0
-0.678356,6.13,0
-0.678356,6.31,0
-0.678356,6.49,0
-0.678356,6.67,0
-0.678356,6.85,0
-0.678356,7.03,0
-0.678356,7.21,0
-0.678356,7.39,0
-0.678356,7.57,0
-0.678356,7.75,0
-0.678356,7.93,0
-0.678356,8.11,0
-0.678356,8.29,0
-0.678356,8.47,0
-0.678356,8.65,0
-0.678356,8.83,0
-0.678356,9.01,0
-0.678356,9.19,0
-0.678356,9.37,0
-0.678356,9.55,0
-0.678356,9.73,0
-0.678356,9.91,0
-0.671068,1.09,0
-0.671068,1.27,0
-0.671068,1.45,0
-0.671068,1.63,0
-0.671068,1.81,0
-0.671068,1.99,0
-0.671068,2.17,0
-0.671068,2.35,0
-0.671068,2.53,0
-0.671068,2.71,0
-0.671068,2.89,0
-0.671068,3.07,0
-0.671068,3.25,0
-0.671068,3.43,0
-0.671068,3.61,0
-0.671068,3.79,0
-0.671068,3.97,0
-0.671068,4.15,0
-0.671068,4.33,0
-0.671068,4.51,0
-0.671068,4.69,0
-0.671068,4.87,0
-0.671068,5.05,0
-0.671068,5.23,0
-0.671068,5.41,0
-0.671068,5.59,0
-0.671068,5.77,0
-0.671068,5.95,0
-0.671068,6.13,0
-0.671068,6.31,0
-0.671068,6.49,0
-0.671068,6.67,0
-0.671068,6.85,0
-0.671068,7.03,0
-0.671068,7.21,0
-0.671068,7.39,0
-0.671068,7.57,0
-0.671068,7.75,0
-0.671068,7.93,0
-0.671068,8.11,0
-0.671068,8.29,0
-0.671068,8.47,0
-0.671068,8.65,0
-0.671068,8.83,0
-0.671068,9.01,0
-0.671068,9.19,0
-0.671068,9.37,0
-0.671068,9.55,0
-0.671068,9.73,0
-0.671068,9.91,0
-0.66378,1.09,0
-0.66378,1.27,0
-0.66378,1.45,0
-0.66378,1.63,0
-0.66378,1.81,0
-0.66378,1.99,0
-0.66378,2.17,0
-0.66378,2.35,0
-0.66378,2.53,0
-0.66378,2.71,0
-0.66378,2.89,0
-0.66378,3.07,0
-0.66378,3.25,0
-0.66378,3.43,0
-0.66378,3.61,0
-0.66378,3.79,0
-0.66378,3.97,0
-0.66378,4.15,0
-0.66378,4.33,0
-0.66378,4.51,0
-0.66378,4.69,0
-0.66378,4.87,0
-0.66378,5.05,0
-0.66378,5.23,0
-0.66378,5.41,0
-0.66378,5.59,0
-0.66378,5.77,0
-0.66378,5.95,0
-0.66378,6.13,0
-0.66378,6.31,0
-0.66378,6.49,0
-0.66378,6.67,0
-0.66378,6.85,0
-0.66378,7.03,0
-0.66378,7.21,0
-0.66378,7.39,0
-0.66378,7.57,0
-0.66378,7.75,0
-0.66378,7.93,0
-0.66378,8.11,0
-0.66378,8.29,0
-0.66378,8.47,0
-0.66378,8.65,0
-0.66378,8.83,0
-0.66378,9.01,0
-0.66378,9.19,0
-0.66378,9.37,0
-0.66378,9.55,0
-0.66378,9.73,0
-0.66378,9.91,0
-0.656492,1.09,0
-0.656492,1.27,0
-0.656492,1.45,0
-0.656492,1.63,0
-0.656492,1.81,0
-0.656492,1.99,0
-0.656492,2.17,0
-0.656492,2.35,0
-0.656492,2.53,0
-0.656492,2.71,0
-0.656492,2.89,0
-0.656492,3.07,0
-0.656492,3.25,0
-0.656492,3.43,0
-0.656492,3.61,0
-0.656492,3.79,0
-0.656492,3.97,0
-0.656492,4.15,0
-0.656492,4.33,0
-0.656492,4.51,0
-0.656492,4.69,0
-0.656492,4.87,0
-0.656492,5.05,0
-0.656492,5.23,0
-0.656492,5.41,0
-0.656492,5.59,0
-0.656492,5.77,0
-0.656492,5.95,0
-0.656492,6.13,0
-0.656492,6.31,0
-0.656492,6.49,0
-0.656492,6.67,0
-0.656492,6.85,0
-0.656492,7.03,0
-0.656492,7.21,0
-0.656492,7.39,0
-0.656492,7.57,0
-0.656492,7.75,0
-0.656492,7.93,0
-0.656492,8.11,0
-0.656492,8.29,0
-0.656492,8.47,0
-0.656492,8.65,0
-0.656492,8.83,0
-0.656492,9.01,0
-0.656492,9.19,0
-0.656492,9.37,0
-0.656492,9.55,0
-0.656492,9.73,0
-0.656492,9.91,0
-0.649204,1.09,0
-0.649204,1.27,0
-0.649204,1.45,0
-0.649204,1.63,0
-0.649204,1.81,0
-0.649204,1.99,0
-0.649204,2.17,0
-0.649204,2.35,0
-0.649204,2.53,0
-0.649204,2.71,0
-0.649204,2.89,0
-0.649204,3.07,0
-0.649204,3.25,0
-0.649204,3.43,0
-0.649204,3.61,0
-0.649204,3.79,0
-0.649204,3.97,0
-0.649204,4.15,0
-0.649204,4.33,0
-0.649204,4.51,0
-0.649204,4.69,0
-0.649204,4.87,0
-0.649204,5.05,0
-0.649204,5.23,0
-0.649204,5.41,0
-0.649204,5.59,0
-0.649204,5.77,0
-0.649204,5.95,0
-0.649204,6.13,0
-0.649204,6.31,0
-0.649204,6.49,0
-0.649204,6.67,0
-0.649204,6.85,0
-0.649204,7.03,0
-0.649204,7.21,0
-0.649204,7.39,0
-0.649204,7.57,0
-0.649204,7.75,0
-0.649204,7.93,0
-0.649204,8.11,0
-0.649204,8.29,0
-0.649204,8.47,0
-0.649204,8.65,0
-0.649204,8.83,0
-0.649204,9.01,0
-0.649204,9.19,0
-0.649204,9.37,0
-0.649204,9.55,0
-0.649204,9.73,0
-0.649204,9.91,0
-0.641916,1.09,0
-0.641916,1.27,0
-0.641916,1.45,0
-0.641916,1.63,0
-0.641916,1.81,0
-0.641916,1.99,0
-0.641916,2.17,0
-0.641916,2.35,0
-0.641916,2.53,0
-0.641916,2.71,0
-0.641916,2.89,0
-0.641916,3.07,0
-0.641916,3.25,0
-0.641916,3.43,0
-0.641916,3.61,0
-0.641916,3.79,0
-0.641916,3.97,0
-0.641916,4.15,0
-0.641916,4.33,0
-0.641916,4.51,0
-0.641916,4.69,0
-0.641916,4.87,0
-0.641916,5.05,0
-0.641916,5.23,0
-0.641916,5.41,0
-0.641916,5.59,0
-0.641916,5.77,0
-0.641916,5.95,0
-0.641916,6.13,0
-0.641916,6.31,0
-0.641916,6.49,0
-0.641916,6.67,0
-0.641916,6.85,0
-0.641916,7.03,0
-0.641916,7.21,0
-0.641916,7.39,0
-0.641916,7.57,0
-0.641916,7.75,0
-0.641916,7.93,0
-0.641916,8.11,0
-0.641916,8.29,0
-0.641916,8.47,0
-0.641916,8.65,0
-0.641916,8.83,0
-0.641916,9.01,0
-0.641916,9.19,0
-0.641916,9.37,0
-0.641916,9.55,0
-0.641916,9.73,0
-0.641916,9.91,0
-0.634628,1.09,0
-0.634628,1.27,0
-0.634628,1.45,0
-0.634628,1.63,0
-0.634628,1.81,0
-0.634628,1.99,0
-0.634628,2.17,0
-0.634628,2.35,0
-0.634628,2.53,0
-0.634628,2.71,0
-0.634628,2.89,0
-0.634628,3.07,0
-0.634628,3.25,0
-0.634628,3.43,0
-0.634628,3.61,0
-0.634628,3.79,0
-0.634628,3.97,0
-0.634628,4.15,0
-0.634628,4.33,0
-0.634628,4.51,0
-0.634628,4.69,0
-0.634628,4.87,0
-0.634628,5.05,0
-0.634628,5.23,0
-0.634628,5.41,0
-0.634628,5.59,0
-0.634628,5.77,0
-0.634628,5.95,0
-0.634628,6.13,0
-0.634628,6.31,0
-0.634628,6.49,0
-0.634628,6.67,0
-0.634628,6.85,0
-0.634628,7.03,0
-0.634628,7.21,0
-0.634628,7.39,0
-0.634628,7.57,0
-0.634628,7.75,0
-0.634628,7.93,0
-0.634628,8.11,0
-0.634628,8.29,0
-0.634628,8.47,0
-0.634628,8.65,0
-0.634628,8.83,0
-0.634628,9.01,0
-0.634628,9.19,0
-0.634628,9.37,0
-0.634628,9.55,0
-0.634628,9.73,0
-0.634628,9.91,0
-0.62734,1.09,0
-0.62734,1.27,0
-0.62734,1.45,0
-0.62734,1.63,0
-0.62734,1.81,0
-0.62734,1.99,0
-0.62734,2.17,0
-0.62734,2.35,0
-0.62734,2.53,0
-0.62734,2.71,0
-0.62734,2.89,0
-0.62734,3.07,0
-0.62734,3.25,0
-0.62734,3.43,0
-0.62734,3.61,0
-0.62734,3.79,0
-0.62734,3.97,0
-0.62734,4.15,0
-0.62734,4.33,0
-0.62734,4.51,0
-0.62734,4.69,0
-0.62734,4.87,0
-0.62734,5.05,0
-0.62734,5.23,0
-0.62734,5.41,0
-0.62734,5.59,0
-0.62734,5.77,0
-0.62734,5.95,0
-0.62734,6.13,0
-0.62734,6.31,0
-0.62734,6.49,0
-0.62734,6.67,0
-0.62734,6.85,0
-0.62734,7.03,0
-0.62734,7.21,0
-0.62734,7.39,0
-0.62734,7.57,0
-0.62734,7.75,0
-0.62734,7.93,0
-0.62734,8.11,0
-0.62734,8.29,0
-0.62734,8.47,0
-0.62734,8.65,0
-0.62734,8.83,0
-0.62734,9.01,0
-0.62734,9.19,0
-0.62734,9.37,0
-0.62734,9.55,0
-0.62734,9.73,0
-0.62734,9.91,0
