129.012,1.09,3.74787 , 3.74787 , 0
129.012,1.27,3.05188 , 3.05188 , 0
129.012,1.45,2.47404 , 2.47404 , 0
129.012,1.63,2.04047 , 2.04047 , 0
129.012,1.81,1.7718 , 1.7718 , 0
129.012,1.99,1.48458 , 1.48458 , 0
129.012,2.17,1.27767 , 1.27767 , 0
129.012,2.35,1.14215 , 1.14215 , 0
129.012,2.53,0.987735 , 0.987735 , 0
129.012,2.71,0.849927 , 0.849927 , 0
129.012,2.89,0.75709 , 0.75709 , 0
129.012,3.07,0.689717 , 0.689717 , 0
129.012,3.25,0.626904 , 0.626904 , 0
129.012,3.43,0.561304 , 0.561304 , 0
129.012,3.61,0.497135 , 0.497135 , 0
129.012,3.79,0.440208 , 0.440208 , 0
129.012,3.97,0.394868 , 0.394868 , 0
129.012,4.15,0.36043 , 0.36043 , 0
129.012,4.33,0.335925 , 0.335925 , 0
129.012,4.51,0.318427 , 0.318427 , 0
129.012,4.69,0.304926 , 0.304926 , 0
129.012,4.87,0.293983 , 0.293983 , 0
129.012,5.05,0.284049 , 0.284049 , 0
129.012,5.23,0.274129 , 0.274129 , 0
129.012,5.41,0.263902 , 0.263902 , 0
129.012,5.59,0.253197 , 0.253197 , 0
129.012,5.77,0.241868 , 0.241868 , 0
129.012,5.95,0.230203 , 0.230203 , 0
129.012,6.13,0.2184 , 0.2184 , 0
129.012,6.31,0.206621 , 0.206621 , 0
129.012,6.49,0.194704 , 0.194704 , 0
129.012,6.67,0.183136 , 0.183136 , 0
129.012,6.85,0.172014 , 0.172014 , 0
129.012,7.03,0.161404 , 0.161404 , 0
129.012,7.21,0.151327 , 0.151327 , 0
129.012,7.39,0.141816 , 0.141816 , 0
129.012,7.57,0.132889 , 0.132889 , 0
129.012,7.75,0.124539 , 0.124539 , 0
129.012,7.93,0.116752 , 0.116752 , 0
129.012,8.11,0.10949 , 0.10949 , 0
129.012,8.29,0.10274 , 0.10274 , 0
129.012,8.47,0.0964747 , 0.0964747 , 0
129.012,8.65,0.0906651 , 0.0906651 , 0
129.012,8.83,0.085281 , 0.085281 , 0
129.012,9.01,0.0802861 , 0.0802861 , 0
129.012,9.19,0.075659 , 0.075659 , 0
129.012,9.37,0.0713781 , 0.0713781 , 0
129.012,9.55,0.0674158 , 0.0674158 , 0
129.012,9.73,0.0637462 , 0.0637462 , 0
129.012,9.91,0.0603451 , 0.0603451 , 0
129.863,1.09,3.54245 , 3.54245 , 0
129.863,1.27,2.91582 , 2.91582 , 0
129.863,1.45,2.35102 , 2.35102 , 0
129.863,1.63,1.98521 , 1.98521 , 0
129.863,1.81,1.6988 , 1.6988 , 0
129.863,1.99,1.44739 , 1.44739 , 0
129.863,2.17,1.22642 , 1.22642 , 0
129.863,2.35,1.10279 , 1.10279 , 0
129.863,2.53,0.963973 , 0.963973 , 0
129.863,2.71,0.826436 , 0.826436 , 0
129.863,2.89,0.730454 , 0.730454 , 0
129.863,3.07,0.664948 , 0.664948 , 0
129.863,3.25,0.607638 , 0.607638 , 0
129.863,3.43,0.547271 , 0.547271 , 0
129.863,3.61,0.486114 , 0.486114 , 0
129.863,3.79,0.43011 , 0.43011 , 0
129.863,3.97,0.384525 , 0.384525 , 0
129.863,4.15,0.349554 , 0.349554 , 0
129.863,4.33,0.324797 , 0.324797 , 0
129.863,4.51,0.30752 , 0.30752 , 0
129.863,4.69,0.294692 , 0.294692 , 0
129.863,4.87,0.284724 , 0.284724 , 0
129.863,5.05,0.275918 , 0.275918 , 0
129.863,5.23,0.267148 , 0.267148 , 0
129.863,5.41,0.257997 , 0.257997 , 0
129.863,5.59,0.248242 , 0.248242 , 0
129.863,5.77,0.237698 , 0.237698 , 0
129.863,5.95,0.22667 , 0.22667 , 0
129.863,6.13,0.21537 , 0.21537 , 0
129.863,6.31,0.203978 , 0.203978 , 0
129.863,6.49,0.192361 , 0.192361 , 0
129.863,6.67,0.181012 , 0.181012 , 0
129.863,6.85,0.170044 , 0.170044 , 0
129.863,7.03,0.15954 , 0.15954 , 0
129.863,7.21,0.149535 , 0.149535 , 0
129.863,7.39,0.140073 , 0.140073 , 0
129.863,7.57,0.131177 , 0.131177 , 0
129.863,7.75,0.122846 , 0.122846 , 0
129.863,7.93,0.115071 , 0.115071 , 0
129.863,8.11,0.107817 , 0.107817 , 0
129.863,8.29,0.101075 , 0.101075 , 0
129.863,8.47,0.0948195 , 0.0948195 , 0
129.863,8.65,0.0890214 , 0.0890214 , 0
129.863,8.83,0.0836516 , 0.0836516 , 0
129.863,9.01,0.078678 , 0.078678 , 0
129.863,9.19,0.074078 , 0.074078 , 0
129.863,9.37,0.0698263 , 0.0698263 , 0
129.863,9.55,0.0658952 , 0.0658952 , 0
129.863,9.73,0.0622586 , 0.0622586 , 0
129.863,9.91,0.0588919 , 0.0588919 , 0
130.715,1.09,3.32981 , 3.32981 , 0
130.715,1.27,2.76081 , 2.76081 , 0
130.715,1.45,2.24277 , 2.24277 , 0
130.715,1.63,1.94274 , 1.94274 , 0
130.715,1.81,1.62351 , 1.62351 , 0
130.715,1.99,1.41396 , 1.41396 , 0
130.715,2.17,1.18181 , 1.18181 , 0
130.715,2.35,1.06211 , 1.06211 , 0
130.715,2.53,0.940207 , 0.940207 , 0
130.715,2.71,0.805846 , 0.805846 , 0
130.715,2.89,0.706177 , 0.706177 , 0
130.715,3.07,0.64057 , 0.64057 , 0
130.715,3.25,0.587522 , 0.587522 , 0
130.715,3.43,0.532306 , 0.532306 , 0
130.715,3.61,0.47472 , 0.47472 , 0
130.715,3.79,0.420289 , 0.420289 , 0
130.715,3.97,0.374923 , 0.374923 , 0
130.715,4.15,0.339652 , 0.339652 , 0
130.715,4.33,0.314679 , 0.314679 , 0
130.715,4.51,0.297541 , 0.297541 , 0
130.715,4.69,0.285246 , 0.285246 , 0
130.715,4.87,0.276104 , 0.276104 , 0
130.715,5.05,0.268286 , 0.268286 , 0
130.715,5.23,0.260544 , 0.260544 , 0
130.715,5.41,0.252369 , 0.252369 , 0
130.715,5.59,0.243484 , 0.243484 , 0
130.715,5.77,0.233666 , 0.233666 , 0
130.715,5.95,0.223228 , 0.223228 , 0
130.715,6.13,0.212394 , 0.212394 , 0
130.715,6.31,0.201358 , 0.201358 , 0
130.715,6.49,0.190019 , 0.190019 , 0
130.715,6.67,0.17887 , 0.17887 , 0
130.715,6.85,0.168041 , 0.168041 , 0
130.715,7.03,0.157632 , 0.157632 , 0
130.715,7.21,0.147691 , 0.147691 , 0
130.715,7.39,0.138271 , 0.138271 , 0
130.715,7.57,0.129399 , 0.129399 , 0
130.715,7.75,0.121084 , 0.121084 , 0
130.715,7.93,0.11332 , 0.11332 , 0
130.715,8.11,0.106073 , 0.106073 , 0
130.715,8.29,0.0993389 , 0.0993389 , 0
130.715,8.47,0.0930929 , 0.0930929 , 0
130.715,8.65,0.0873078 , 0.0873078 , 0
130.715,8.83,0.0819546 , 0.0819546 , 0
130.715,9.01,0.0770033 , 0.0770033 , 0
130.715,9.19,0.0724305 , 0.0724305 , 0
130.715,9.37,0.0682089 , 0.0682089 , 0
130.715,9.55,0.0643103 , 0.0643103 , 0
130.715,9.73,0.0607082 , 0.0607082 , 0
130.715,9.91,0.0573778 , 0.0573778 , 0
131.566,1.09,3.19284 , 3.19284 , 0
131.566,1.27,2.63098 , 2.63098 , 0
131.566,1.45,2.17346 , 2.17346 , 0
131.566,1.63,1.91193 , 1.91193 , 0
131.566,1.81,1.55901 , 1.55901 , 0
131.566,1.99,1.38551 , 1.38551 , 0
131.566,2.17,1.14885 , 1.14885 , 0
131.566,2.35,1.0241 , 1.0241 , 0
131.566,2.53,0.917278 , 0.917278 , 0
131.566,2.71,0.788847 , 0.788847 , 0
131.566,2.89,0.685917 , 0.685917 , 0
131.566,3.07,0.618595 , 0.618595 , 0
131.566,3.25,0.568163 , 0.568163 , 0
131.566,3.43,0.517411 , 0.517411 , 0
131.566,3.61,0.463505 , 0.463505 , 0
131.566,3.79,0.411033 , 0.411033 , 0
131.566,3.97,0.366224 , 0.366224 , 0
131.566,4.15,0.330844 , 0.330844 , 0
131.566,4.33,0.305671 , 0.305671 , 0
131.566,4.51,0.288566 , 0.288566 , 0
131.566,4.69,0.276641 , 0.276641 , 0
131.566,4.87,0.268152 , 0.268152 , 0
131.566,5.05,0.261162 , 0.261162 , 0
131.566,5.23,0.254304 , 0.254304 , 0
131.566,5.41,0.246996 , 0.246996 , 0
131.566,5.59,0.238904 , 0.238904 , 0
131.566,5.77,0.229767 , 0.229767 , 0
131.566,5.95,0.219892 , 0.219892 , 0
131.566,6.13,0.209504 , 0.209504 , 0
131.566,6.31,0.19881 , 0.19881 , 0
131.566,6.49,0.187747 , 0.187747 , 0
131.566,6.67,0.1768 , 0.1768 , 0
131.566,6.85,0.166114 , 0.166114 , 0
131.566,7.03,0.155803 , 0.155803 , 0
131.566,7.21,0.145929 , 0.145929 , 0
131.566,7.39,0.136553 , 0.136553 , 0
131.566,7.57,0.127712 , 0.127712 , 0
131.566,7.75,0.119417 , 0.119417 , 0
131.566,7.93,0.111669 , 0.111669 , 0
131.566,8.11,0.104428 , 0.104428 , 0
131.566,8.29,0.0977006 , 0.0977006 , 0
131.566,8.47,0.0914642 , 0.0914642 , 0
131.566,8.65,0.0856922 , 0.0856922 , 0
131.566,8.83,0.0803558 , 0.0803558 , 0
131.566,9.01,0.0754205 , 0.0754205 , 0
131.566,9.19,0.0708639 , 0.0708639 , 0
131.566,9.37,0.0666624 , 0.0666624 , 0
131.566,9.55,0.0627872 , 0.0627872 , 0
131.566,9.73,0.0592115 , 0.0592115 , 0
131.566,9.91,0.05591 , 0.05591 , 0
132.417,1.09,3.13363 , 3.13363 , 0
132.417,1.27,2.53106 , 2.53106 , 0
132.417,1.45,2.13081 , 2.13081 , 0
132.417,1.63,1.86935 , 1.86935 , 0
132.417,1.81,1.50182 , 1.50182 , 0
132.417,1.99,1.35114 , 1.35114 , 0
132.417,2.17,1.12161 , 1.12161 , 0
132.417,2.35,0.986402 , 0.986402 , 0
132.417,2.53,0.891313 , 0.891313 , 0
132.417,2.71,0.771812 , 0.771812 , 0
132.417,2.89,0.667808 , 0.667808 , 0
132.417,3.07,0.598386 , 0.598386 , 0
132.417,3.25,0.54935 , 0.54935 , 0
132.417,3.43,0.502315 , 0.502315 , 0
132.417,3.61,0.45199 , 0.45199 , 0
132.417,3.79,0.401709 , 0.401709 , 0
132.417,3.97,0.357708 , 0.357708 , 0
132.417,4.15,0.322342 , 0.322342 , 0
132.417,4.33,0.296945 , 0.296945 , 0
132.417,4.51,0.279747 , 0.279747 , 0
132.417,4.69,0.268017 , 0.268017 , 0
132.417,4.87,0.260009 , 0.260009 , 0
132.417,5.05,0.253704 , 0.253704 , 0
132.417,5.23,0.247629 , 0.247629 , 0
132.417,5.41,0.24113 , 0.24113 , 0
132.417,5.59,0.233809 , 0.233809 , 0
132.417,5.77,0.225361 , 0.225361 , 0
132.417,5.95,0.216075 , 0.216075 , 0
132.417,6.13,0.206175 , 0.206175 , 0
132.417,6.31,0.195874 , 0.195874 , 0
132.417,6.49,0.18514 , 0.18514 , 0
132.417,6.67,0.174447 , 0.174447 , 0
132.417,6.85,0.163955 , 0.163955 , 0
132.417,7.03,0.153789 , 0.153789 , 0
132.417,7.21,0.144025 , 0.144025 , 0
132.417,7.39,0.134731 , 0.134731 , 0
132.417,7.57,0.125952 , 0.125952 , 0
132.417,7.75,0.117706 , 0.117706 , 0
132.417,7.93,0.109998 , 0.109998 , 0
132.417,8.11,0.102784 , 0.102784 , 0
132.417,8.29,0.0960804 , 0.0960804 , 0
132.417,8.47,0.089868 , 0.089868 , 0
132.417,8.65,0.0841206 , 0.0841206 , 0
132.417,8.83,0.0788102 , 0.0788102 , 0
132.417,9.01,0.0738981 , 0.0738981 , 0
132.417,9.19,0.0693633 , 0.0693633 , 0
132.417,9.37,0.0651861 , 0.0651861 , 0
132.417,9.55,0.0613374 , 0.0613374 , 0
132.417,9.73,0.05779 , 0.05779 , 0
132.417,9.91,0.0545185 , 0.0545185 , 0
133.269,1.09,3.12854 , 3.12854 , 0
133.269,1.27,2.47406 , 2.47406 , 0
133.269,1.45,2.10485 , 2.10485 , 0
133.269,1.63,1.81205 , 1.81205 , 0
133.269,1.81,1.45481 , 1.45481 , 0
133.269,1.99,1.31027 , 1.31027 , 0
133.269,2.17,1.09834 , 1.09834 , 0
133.269,2.35,0.950962 , 0.950962 , 0
133.269,2.53,0.863093 , 0.863093 , 0
133.269,2.71,0.753974 , 0.753974 , 0
133.269,2.89,0.651121 , 0.651121 , 0
133.269,3.07,0.579778 , 0.579778 , 0
133.269,3.25,0.531206 , 0.531206 , 0
133.269,3.43,0.487104 , 0.487104 , 0
133.269,3.61,0.440125 , 0.440125 , 0
133.269,3.79,0.392185 , 0.392185 , 0
133.269,3.97,0.349256 , 0.349256 , 0
133.269,4.15,0.314107 , 0.314107 , 0
133.269,4.33,0.288569 , 0.288569 , 0
133.269,4.51,0.271254 , 0.271254 , 0
133.269,4.69,0.259627 , 0.259627 , 0
133.269,4.87,0.251977 , 0.251977 , 0
133.269,5.05,0.246235 , 0.246235 , 0
133.269,5.23,0.240841 , 0.240841 , 0
133.269,5.41,0.235073 , 0.235073 , 0
133.269,5.59,0.22847 , 0.22847 , 0
133.269,5.77,0.220683 , 0.220683 , 0
133.269,5.95,0.211977 , 0.211977 , 0
133.269,6.13,0.20257 , 0.20257 , 0
133.269,6.31,0.192675 , 0.192675 , 0
133.269,6.49,0.182291 , 0.182291 , 0
133.269,6.67,0.171876 , 0.171876 , 0
133.269,6.85,0.161604 , 0.161604 , 0
133.269,7.03,0.151609 , 0.151609 , 0
133.269,7.21,0.141978 , 0.141978 , 0
133.269,7.39,0.13279 , 0.13279 , 0
133.269,7.57,0.124095 , 0.124095 , 0
133.269,7.75,0.115917 , 0.115917 , 0
133.269,7.93,0.108266 , 0.108266 , 0
133.269,8.11,0.101095 , 0.101095 , 0
133.269,8.29,0.0944291 , 0.0944291 , 0
133.269,8.47,0.0882524 , 0.0882524 , 0
133.269,8.65,0.0825397 , 0.0825397 , 0
133.269,8.83,0.0772639 , 0.0772639 , 0
133.269,9.01,0.0723825 , 0.0723825 , 0
133.269,9.19,0.067876 , 0.067876 , 0
133.269,9.37,0.0637283 , 0.0637283 , 0
133.269,9.55,0.0599105 , 0.0599105 , 0
133.269,9.73,0.0563951 , 0.0563951 , 0
133.269,9.91,0.0531565 , 0.0531565 , 0
134.12,1.09,3.12221 , 3.12221 , 0
134.12,1.27,2.44939 , 2.44939 , 0
134.12,1.45,2.0798 , 2.0798 , 0
134.12,1.63,1.74272 , 1.74272 , 0
134.12,1.81,1.41731 , 1.41731 , 0
134.12,1.99,1.26329 , 1.26329 , 0
134.12,2.17,1.07632 , 1.07632 , 0
134.12,2.35,0.918496 , 0.918496 , 0
134.12,2.53,0.833799 , 0.833799 , 0
134.12,2.71,0.735327 , 0.735327 , 0
134.12,2.89,0.635272 , 0.635272 , 0
134.12,3.07,0.562069 , 0.562069 , 0
134.12,3.25,0.512885 , 0.512885 , 0
134.12,3.43,0.470752 , 0.470752 , 0
134.12,3.61,0.426839 , 0.426839 , 0
134.12,3.79,0.381575 , 0.381575 , 0
134.12,3.97,0.34036 , 0.34036 , 0
134.12,4.15,0.306103 , 0.306103 , 0
134.12,4.33,0.280971 , 0.280971 , 0
134.12,4.51,0.2639 , 0.2639 , 0
134.12,4.69,0.252555 , 0.252555 , 0
134.12,4.87,0.24529 , 0.24529 , 0
134.12,5.05,0.24003 , 0.24003 , 0
134.12,5.23,0.235166 , 0.235166 , 0
134.12,5.41,0.229944 , 0.229944 , 0
134.12,5.59,0.223861 , 0.223861 , 0
134.12,5.77,0.21654 , 0.21654 , 0
134.12,5.95,0.208234 , 0.208234 , 0
134.12,6.13,0.199158 , 0.199158 , 0
134.12,6.31,0.18953 , 0.18953 , 0
134.12,6.49,0.179378 , 0.179378 , 0
134.12,6.67,0.169146 , 0.169146 , 0
134.12,6.85,0.159017 , 0.159017 , 0
134.12,7.03,0.149135 , 0.149135 , 0
134.12,7.21,0.139596 , 0.139596 , 0
134.12,7.39,0.130483 , 0.130483 , 0
134.12,7.57,0.121853 , 0.121853 , 0
134.12,7.75,0.113734 , 0.113734 , 0
134.12,7.93,0.106138 , 0.106138 , 0
134.12,8.11,0.0990118 , 0.0990118 , 0
134.12,8.29,0.0923918 , 0.0923918 , 0
134.12,8.47,0.0862617 , 0.0862617 , 0
134.12,8.65,0.0805973 , 0.0805973 , 0
134.12,8.83,0.0753713 , 0.0753713 , 0
134.12,9.01,0.0705378 , 0.0705378 , 0
134.12,9.19,0.0660779 , 0.0660779 , 0
134.12,9.37,0.0619783 , 0.0619783 , 0
134.12,9.55,0.0582096 , 0.0582096 , 0
134.12,9.73,0.0547441 , 0.0547441 , 0
134.12,9.91,0.0515558 , 0.0515558 , 0
134.971,1.09,3.06458 , 3.06458 , 0
134.971,1.27,2.43331 , 2.43331 , 0
134.971,1.45,2.04361 , 2.04361 , 0
134.971,1.63,1.6653 , 1.6653 , 0
134.971,1.81,1.38854 , 1.38854 , 0
134.971,1.99,1.21401 , 1.21401 , 0
134.971,2.17,1.05388 , 1.05388 , 0
134.971,2.35,0.889826 , 0.889826 , 0
134.971,2.53,0.803876 , 0.803876 , 0
134.971,2.71,0.714974 , 0.714974 , 0
134.971,2.89,0.61981 , 0.61981 , 0
134.971,3.07,0.546187 , 0.546187 , 0
134.971,3.25,0.496345 , 0.496345 , 0
134.971,3.43,0.455486 , 0.455486 , 0
134.971,3.61,0.414011 , 0.414011 , 0
134.971,3.79,0.371077 , 0.371077 , 0
134.971,3.97,0.331439 , 0.331439 , 0
134.971,4.15,0.298025 , 0.298025 , 0
134.971,4.33,0.273258 , 0.273258 , 0
134.971,4.51,0.256366 , 0.256366 , 0
134.971,4.69,0.245218 , 0.245218 , 0
134.971,4.87,0.23825 , 0.23825 , 0
134.971,5.05,0.233398 , 0.233398 , 0
134.971,5.23,0.229014 , 0.229014 , 0
134.971,5.41,0.224311 , 0.224311 , 0
134.971,5.59,0.218748 , 0.218748 , 0
134.971,5.77,0.211914 , 0.211914 , 0
134.971,5.95,0.204044 , 0.204044 , 0
134.971,6.13,0.195346 , 0.195346 , 0
134.971,6.31,0.186041 , 0.186041 , 0
134.971,6.49,0.176176 , 0.176176 , 0
134.971,6.67,0.166183 , 0.166183 , 0
134.971,6.85,0.156251 , 0.156251 , 0
134.971,7.03,0.146533 , 0.146533 , 0
134.971,7.21,0.13713 , 0.13713 , 0
134.971,7.39,0.128133 , 0.128133 , 0
134.971,7.57,0.119603 , 0.119603 , 0
134.971,7.75,0.111573 , 0.111573 , 0
134.971,7.93,0.104056 , 0.104056 , 0
134.971,8.11,0.0969973 , 0.0969973 , 0
134.971,8.29,0.0904404 , 0.0904404 , 0
134.971,8.47,0.0843713 , 0.0843713 , 0
134.971,8.65,0.0787661 , 0.0787661 , 0
134.971,8.83,0.0735982 , 0.0735982 , 0
134.971,9.01,0.0688184 , 0.0688184 , 0
134.971,9.19,0.064409 , 0.064409 , 0
134.971,9.37,0.0603596 , 0.0603596 , 0
134.971,9.55,0.056641 , 0.056641 , 0
134.971,9.73,0.053225 , 0.053225 , 0
134.971,9.91,0.0500857 , 0.0500857 , 0
135.823,1.09,2.93555 , 2.93555 , 0
135.823,1.27,2.39997 , 2.39997 , 0
135.823,1.45,1.9873 , 1.9873 , 0
135.823,1.63,1.58924 , 1.58924 , 0
135.823,1.81,1.36322 , 1.36322 , 0
135.823,1.99,1.16531 , 1.16531 , 0
135.823,2.17,1.02945 , 1.02945 , 0
135.823,2.35,0.864715 , 0.864715 , 0
135.823,2.53,0.774682 , 0.774682 , 0
135.823,2.71,0.693288 , 0.693288 , 0
135.823,2.89,0.604081 , 0.604081 , 0
135.823,3.07,0.531333 , 0.531333 , 0
135.823,3.25,0.481061 , 0.481061 , 0
135.823,3.43,0.441024 , 0.441024 , 0
135.823,3.61,0.401481 , 0.401481 , 0
135.823,3.79,0.360592 , 0.360592 , 0
135.823,3.97,0.32246 , 0.32246 , 0
135.823,4.15,0.28993 , 0.28993 , 0
135.823,4.33,0.265592 , 0.265592 , 0
135.823,4.51,0.248919 , 0.248919 , 0
135.823,4.69,0.237969 , 0.237969 , 0
135.823,4.87,0.23127 , 0.23127 , 0
135.823,5.05,0.226777 , 0.226777 , 0
135.823,5.23,0.222821 , 0.222821 , 0
135.823,5.41,0.218588 , 0.218588 , 0
135.823,5.59,0.213505 , 0.213505 , 0
135.823,5.77,0.207129 , 0.207129 , 0
135.823,5.95,0.199678 , 0.199678 , 0
135.823,6.13,0.191353 , 0.191353 , 0
135.823,6.31,0.182371 , 0.182371 , 0
135.823,6.49,0.172803 , 0.172803 , 0
135.823,6.67,0.163061 , 0.163061 , 0
135.823,6.85,0.153342 , 0.153342 , 0
135.823,7.03,0.143804 , 0.143804 , 0
135.823,7.21,0.134556 , 0.134556 , 0
135.823,7.39,0.125692 , 0.125692 , 0
135.823,7.57,0.11728 , 0.11728 , 0
135.823,7.75,0.109354 , 0.109354 , 0
135.823,7.93,0.101932 , 0.101932 , 0
135.823,8.11,0.0949549 , 0.0949549 , 0
135.823,8.29,0.088474 , 0.088474 , 0
135.823,8.47,0.0824767 , 0.0824767 , 0
135.823,8.65,0.0769405 , 0.0769405 , 0
135.823,8.83,0.0718389 , 0.0718389 , 0
135.823,9.01,0.0671201 , 0.0671201 , 0
135.823,9.19,0.0627674 , 0.0627674 , 0
135.823,9.37,0.0587734 , 0.0587734 , 0
135.823,9.55,0.0551089 , 0.0551089 , 0
135.823,9.73,0.0517459 , 0.0517459 , 0
135.823,9.91,0.0486582 , 0.0486582 , 0
136.674,1.09,2.7624 , 2.7624 , 0
136.674,1.27,2.33553 , 2.33553 , 0
136.674,1.45,1.91094 , 1.91094 , 0
136.674,1.63,1.52062 , 1.52062 , 0
136.674,1.81,1.33711 , 1.33711 , 0
136.674,1.99,1.11883 , 1.11883 , 0
136.674,2.17,1.00168 , 1.00168 , 0
136.674,2.35,0.842089 , 0.842089 , 0
136.674,2.53,0.747102 , 0.747102 , 0
136.674,2.71,0.670928 , 0.670928 , 0
136.674,2.89,0.587852 , 0.587852 , 0
136.674,3.07,0.516816 , 0.516816 , 0
136.674,3.25,0.466199 , 0.466199 , 0
136.674,3.43,0.426491 , 0.426491 , 0
136.674,3.61,0.388405 , 0.388405 , 0
136.674,3.79,0.349427 , 0.349427 , 0
136.674,3.97,0.313007 , 0.313007 , 0
136.674,4.15,0.281754 , 0.281754 , 0
136.674,4.33,0.258267 , 0.258267 , 0
136.674,4.51,0.24216 , 0.24216 , 0
136.674,4.69,0.231632 , 0.231632 , 0
136.674,4.87,0.225297 , 0.225297 , 0
136.674,5.05,0.221151 , 0.221151 , 0
136.674,5.23,0.217529 , 0.217529 , 0
136.674,5.41,0.213626 , 0.213626 , 0
136.674,5.59,0.208857 , 0.208857 , 0
136.674,5.77,0.202768 , 0.202768 , 0
136.674,5.95,0.195573 , 0.195573 , 0
136.674,6.13,0.187474 , 0.187474 , 0
136.674,6.31,0.178689 , 0.178689 , 0
136.674,6.49,0.169311 , 0.169311 , 0
136.674,6.67,0.159737 , 0.159737 , 0
136.674,6.85,0.150166 , 0.150166 , 0
136.674,7.03,0.140762 , 0.140762 , 0
136.674,7.21,0.131635 , 0.131635 , 0
136.674,7.39,0.122886 , 0.122886 , 0
136.674,7.57,0.114581 , 0.114581 , 0
136.674,7.75,0.106759 , 0.106759 , 0
136.674,7.93,0.0994363 , 0.0994363 , 0
136.674,8.11,0.0925507 , 0.0925507 , 0
136.674,8.29,0.0861593 , 0.0861593 , 0
136.674,8.47,0.0802503 , 0.0802503 , 0
136.674,8.65,0.0748008 , 0.0748008 , 0
136.674,8.83,0.0697845 , 0.0697845 , 0
136.674,9.01,0.0651463 , 0.0651463 , 0
136.674,9.19,0.0608703 , 0.0608703 , 0
136.674,9.37,0.0569513 , 0.0569513 , 0
136.674,9.55,0.0533598 , 0.0533598 , 0
136.674,9.73,0.0500677 , 0.0500677 , 0
136.674,9.91,0.0470487 , 0.0470487 , 0
137.525,1.09,2.59084 , 2.59084 , 0
137.525,1.27,2.2387 , 2.2387 , 0
137.525,1.45,1.82339 , 1.82339 , 0
137.525,1.63,1.4635 , 1.4635 , 0
137.525,1.81,1.30707 , 1.30707 , 0
137.525,1.99,1.07766 , 1.07766 , 0
137.525,2.17,0.971049 , 0.971049 , 0
137.525,2.35,0.820882 , 0.820882 , 0
137.525,2.53,0.721403 , 0.721403 , 0
137.525,2.71,0.648216 , 0.648216 , 0
137.525,2.89,0.571068 , 0.571068 , 0
137.525,3.07,0.502802 , 0.502802 , 0
137.525,3.25,0.452529 , 0.452529 , 0
137.525,3.43,0.413104 , 0.413104 , 0
137.525,3.61,0.376056 , 0.376056 , 0
137.525,3.79,0.338563 , 0.338563 , 0
137.525,3.97,0.30358 , 0.30358 , 0
137.525,4.15,0.273484 , 0.273484 , 0
137.525,4.33,0.250827 , 0.250827 , 0
137.525,4.51,0.235307 , 0.235307 , 0
137.525,4.69,0.225228 , 0.225228 , 0
137.525,4.87,0.219272 , 0.219272 , 0
137.525,5.05,0.215473 , 0.215473 , 0
137.525,5.23,0.212177 , 0.212177 , 0
137.525,5.41,0.208586 , 0.208586 , 0
137.525,5.59,0.204113 , 0.204113 , 0
137.525,5.77,0.198295 , 0.198295 , 0
137.525,5.95,0.191345 , 0.191345 , 0
137.525,6.13,0.183464 , 0.183464 , 0
137.525,6.31,0.174876 , 0.174876 , 0
137.525,6.49,0.165691 , 0.165691 , 0
137.525,6.67,0.156291 , 0.156291 , 0
137.525,6.85,0.146878 , 0.146878 , 0
137.525,7.03,0.13762 , 0.13762 , 0
137.525,7.21,0.128629 , 0.128629 , 0
137.525,7.39,0.120008 , 0.120008 , 0
137.525,7.57,0.111825 , 0.111825 , 0
137.525,7.75,0.10412 , 0.10412 , 0
137.525,7.93,0.0969109 , 0.0969109 , 0
137.525,8.11,0.0901296 , 0.0901296 , 0
137.525,8.29,0.0838394 , 0.0838394 , 0
137.525,8.47,0.0780289 , 0.0780289 , 0
137.525,8.65,0.0726753 , 0.0726753 , 0
137.525,8.83,0.0677522 , 0.0677522 , 0
137.525,9.01,0.0632017 , 0.0632017 , 0
137.525,9.19,0.0590084 , 0.0590084 , 0
137.525,9.37,0.0551694 , 0.0551694 , 0
137.525,9.55,0.051655 , 0.051655 , 0
137.525,9.73,0.0484371 , 0.0484371 , 0
137.525,9.91,0.0454894 , 0.0454894 , 0
138.376,1.09,2.45886 , 2.45886 , 0
138.376,1.27,2.12501 , 2.12501 , 0
138.376,1.45,1.73474 , 1.73474 , 0
138.376,1.63,1.41867 , 1.41867 , 0
138.376,1.81,1.27134 , 1.27134 , 0
138.376,1.99,1.04188 , 1.04188 , 0
138.376,2.17,0.938696 , 0.938696 , 0
138.376,2.35,0.800355 , 0.800355 , 0
138.376,2.53,0.697841 , 0.697841 , 0
138.376,2.71,0.625757 , 0.625757 , 0
138.376,2.89,0.553717 , 0.553717 , 0
138.376,3.07,0.488857 , 0.488857 , 0
138.376,3.25,0.439682 , 0.439682 , 0
138.376,3.43,0.400775 , 0.400775 , 0
138.376,3.61,0.364573 , 0.364573 , 0
138.376,3.79,0.328225 , 0.328225 , 0
138.376,3.97,0.294377 , 0.294377 , 0
138.376,4.15,0.265237 , 0.265237 , 0
138.376,4.33,0.243302 , 0.243302 , 0
138.376,4.51,0.228324 , 0.228324 , 0
138.376,4.69,0.218682 , 0.218682 , 0
138.376,4.87,0.213106 , 0.213106 , 0
138.376,5.05,0.209661 , 0.209661 , 0
138.376,5.23,0.206696 , 0.206696 , 0
138.376,5.41,0.203423 , 0.203423 , 0
138.376,5.59,0.199251 , 0.199251 , 0
138.376,5.77,0.19371 , 0.19371 , 0
138.376,5.95,0.187012 , 0.187012 , 0
138.376,6.13,0.179361 , 0.179361 , 0
138.376,6.31,0.17098 , 0.17098 , 0
138.376,6.49,0.162 , 0.162 , 0
138.376,6.67,0.152788 , 0.152788 , 0
138.376,6.85,0.143547 , 0.143547 , 0
138.376,7.03,0.134449 , 0.134449 , 0
138.376,7.21,0.125607 , 0.125607 , 0
138.376,7.39,0.117126 , 0.117126 , 0
138.376,7.57,0.109077 , 0.109077 , 0
138.376,7.75,0.101499 , 0.101499 , 0
138.376,7.93,0.0944128 , 0.0944128 , 0
138.376,8.11,0.0877445 , 0.0877445 , 0
138.376,8.29,0.0815631 , 0.0815631 , 0
138.376,8.47,0.0758576 , 0.0758576 , 0
138.376,8.65,0.0706053 , 0.0706053 , 0
138.376,8.83,0.0657796 , 0.0657796 , 0
138.376,9.01,0.0613203 , 0.0613203 , 0
138.376,9.19,0.0572124 , 0.0572124 , 0
138.376,9.37,0.0534553 , 0.0534553 , 0
138.376,9.55,0.0500192 , 0.0500192 , 0
138.376,9.73,0.0468762 , 0.0468762 , 0
138.376,9.91,0.0439998 , 0.0439998 , 0
139.228,1.09,2.42215 , 2.42215 , 0
139.228,1.27,2.04414 , 2.04414 , 0
139.228,1.45,1.67701 , 1.67701 , 0
139.228,1.63,1.40005 , 1.40005 , 0
139.228,1.81,1.24505 , 1.24505 , 0
139.228,1.99,1.02064 , 1.02064 , 0
139.228,2.17,0.913636 , 0.913636 , 0
139.228,2.35,0.786177 , 0.786177 , 0
139.228,2.53,0.681545 , 0.681545 , 0
139.228,2.71,0.608674 , 0.608674 , 0
139.228,2.89,0.539878 , 0.539878 , 0
139.228,3.07,0.477674 , 0.477674 , 0
139.228,3.25,0.429386 , 0.429386 , 0
139.228,3.43,0.390702 , 0.390702 , 0
139.228,3.61,0.354899 , 0.354899 , 0
139.228,3.79,0.319274 , 0.319274 , 0
139.228,3.97,0.286283 , 0.286283 , 0
139.228,4.15,0.257978 , 0.257978 , 0
139.228,4.33,0.236753 , 0.236753 , 0
139.228,4.51,0.222353 , 0.222353 , 0
139.228,4.69,0.213184 , 0.213184 , 0
139.228,4.87,0.207976 , 0.207976 , 0
139.228,5.05,0.204818 , 0.204818 , 0
139.228,5.23,0.202085 , 0.202085 , 0
139.228,5.41,0.198996 , 0.198996 , 0
139.228,5.59,0.194972 , 0.194972 , 0
139.228,5.77,0.189575 , 0.189575 , 0
139.228,5.95,0.183004 , 0.183004 , 0
139.228,6.13,0.175468 , 0.175468 , 0
139.228,6.31,0.167196 , 0.167196 , 0
139.228,6.49,0.158332 , 0.158332 , 0
139.228,6.67,0.149235 , 0.149235 , 0
139.228,6.85,0.140111 , 0.140111 , 0
139.228,7.03,0.131132 , 0.131132 , 0
139.228,7.21,0.122404 , 0.122404 , 0
139.228,7.39,0.114038 , 0.114038 , 0
139.228,7.57,0.106105 , 0.106105 , 0
139.228,7.75,0.0986458 , 0.0986458 , 0
139.228,7.93,0.0916773 , 0.0916773 , 0
139.228,8.11,0.0851309 , 0.0851309 , 0
139.228,8.29,0.0790701 , 0.0790701 , 0
139.228,8.47,0.073483 , 0.073483 , 0
139.228,8.65,0.0683461 , 0.0683461 , 0
139.228,8.83,0.0636323 , 0.0636323 , 0
139.228,9.01,0.0592844 , 0.0592844 , 0
139.228,9.19,0.0552855 , 0.0552855 , 0
139.228,9.37,0.0516317 , 0.0516317 , 0
139.228,9.55,0.0482935 , 0.0482935 , 0
139.228,9.73,0.045243 , 0.045243 , 0
139.228,9.91,0.0424539 , 0.0424539 , 0
140.079,1.09,2.43604 , 2.43604 , 0
140.079,1.27,1.98449 , 1.98449 , 0
140.079,1.45,1.63764 , 1.63764 , 0
140.079,1.63,1.39059 , 1.39059 , 0
140.079,1.81,1.21912 , 1.21912 , 0
140.079,1.99,1.00569 , 1.00569 , 0
140.079,2.17,0.890861 , 0.890861 , 0
140.079,2.35,0.772777 , 0.772777 , 0
140.079,2.53,0.667957 , 0.667957 , 0
140.079,2.71,0.59375 , 0.59375 , 0
140.079,2.89,0.527022 , 0.527022 , 0
140.079,3.07,0.467174 , 0.467174 , 0
140.079,3.25,0.419984 , 0.419984 , 0
140.079,3.43,0.381627 , 0.381627 , 0
140.079,3.61,0.346077 , 0.346077 , 0
140.079,3.79,0.310919 , 0.310919 , 0
140.079,3.97,0.278577 , 0.278577 , 0
140.079,4.15,0.251005 , 0.251005 , 0
140.079,4.33,0.230483 , 0.230483 , 0
140.079,4.51,0.216709 , 0.216709 , 0
140.079,4.69,0.208075 , 0.208075 , 0
140.079,4.87,0.203274 , 0.203274 , 0
140.079,5.05,0.20041 , 0.20041 , 0
140.079,5.23,0.197883 , 0.197883 , 0
140.079,5.41,0.194924 , 0.194924 , 0
140.079,5.59,0.190978 , 0.190978 , 0
140.079,5.77,0.185649 , 0.185649 , 0
140.079,5.95,0.179132 , 0.179132 , 0
140.079,6.13,0.171642 , 0.171642 , 0
140.079,6.31,0.163419 , 0.163419 , 0
140.079,6.49,0.154617 , 0.154617 , 0
140.079,6.67,0.145593 , 0.145593 , 0
140.079,6.85,0.136555 , 0.136555 , 0
140.079,7.03,0.127673 , 0.127673 , 0
140.079,7.21,0.119044 , 0.119044 , 0
140.079,7.39,0.110783 , 0.110783 , 0
140.079,7.57,0.102963 , 0.102963 , 0
140.079,7.75,0.0956225 , 0.0956225 , 0
140.079,7.93,0.0887765 , 0.0887765 , 0
140.079,8.11,0.0823612 , 0.0823612 , 0
140.079,8.29,0.076432 , 0.076432 , 0
140.079,8.47,0.0709749 , 0.0709749 , 0
140.079,8.65,0.0659653 , 0.0659653 , 0
140.079,8.83,0.0613755 , 0.0613755 , 0
140.079,9.01,0.0571524 , 0.0571524 , 0
140.079,9.19,0.0532763 , 0.0532763 , 0
140.079,9.37,0.0497387 , 0.0497387 , 0
140.079,9.55,0.0465101 , 0.0465101 , 0
140.079,9.73,0.0435628 , 0.0435628 , 0
140.079,9.91,0.0408707 , 0.0408707 , 0
140.93,1.09,2.46642 , 2.46642 , 0
140.93,1.27,1.94329 , 1.94329 , 0
140.93,1.45,1.60911 , 1.60911 , 0
140.93,1.63,1.38206 , 1.38206 , 0
140.93,1.81,1.19056 , 1.19056 , 0
140.93,1.99,0.99194 , 0.99194 , 0
140.93,2.17,0.868894 , 0.868894 , 0
140.93,2.35,0.758278 , 0.758278 , 0
140.93,2.53,0.65496 , 0.65496 , 0
140.93,2.71,0.579543 , 0.579543 , 0
140.93,2.89,0.514066 , 0.514066 , 0
140.93,3.07,0.456376 , 0.456376 , 0
140.93,3.25,0.410714 , 0.410714 , 0
140.93,3.43,0.373166 , 0.373166 , 0
140.93,3.61,0.338066 , 0.338066 , 0
140.93,3.79,0.303279 , 0.303279 , 0
140.93,3.97,0.27132 , 0.27132 , 0
140.93,4.15,0.24418 , 0.24418 , 0
140.93,4.33,0.224106 , 0.224106 , 0
140.93,4.51,0.210783 , 0.210783 , 0
140.93,4.69,0.202587 , 0.202587 , 0
140.93,4.87,0.19816 , 0.19816 , 0
140.93,5.05,0.195603 , 0.195603 , 0
140.93,5.23,0.193325 , 0.193325 , 0
140.93,5.41,0.190554 , 0.190554 , 0
140.93,5.59,0.186749 , 0.186749 , 0
140.93,5.77,0.181551 , 0.181551 , 0
140.93,5.95,0.175145 , 0.175145 , 0
140.93,6.13,0.167753 , 0.167753 , 0
140.93,6.31,0.159625 , 0.159625 , 0
140.93,6.49,0.150923 , 0.150923 , 0
140.93,6.67,0.142004 , 0.142004 , 0
140.93,6.85,0.133077 , 0.133077 , 0
140.93,7.03,0.124313 , 0.124313 , 0
140.93,7.21,0.115799 , 0.115799 , 0
140.93,7.39,0.107656 , 0.107656 , 0
140.93,7.57,0.0999587 , 0.0999587 , 0
140.93,7.75,0.0927432 , 0.0927432 , 0
140.93,7.93,0.0860237 , 0.0860237 , 0
140.93,8.11,0.0797414 , 0.0797414 , 0
140.93,8.29,0.0739438 , 0.0739438 , 0
140.93,8.47,0.0686156 , 0.0686156 , 0
140.93,8.65,0.0637312 , 0.0637312 , 0
140.93,8.83,0.0592622 , 0.0592622 , 0
140.93,9.01,0.0551594 , 0.0551594 , 0
140.93,9.19,0.0514009 , 0.0514009 , 0
140.93,9.37,0.0479741 , 0.0479741 , 0
140.93,9.55,0.0448496 , 0.0448496 , 0
140.93,9.73,0.0419999 , 0.0419999 , 0
140.93,9.91,0.0393992 , 0.0393992 , 0
141.782,1.09,2.4902 , 2.48979 , -0.0162891
141.782,1.27,1.91875 , 1.91888 , 0.00698842
141.782,1.45,1.58937 , 1.58938 , 0.00079293
141.782,1.63,1.37074 , 1.37061 , -0.00964036
141.782,1.81,1.16159 , 1.16155 , -0.00306166
141.782,1.99,0.977872 , 0.977856 , -0.00162828
141.782,2.17,0.847901 , 0.847969 , 0.0079069
141.782,2.35,0.742753 , 0.742757 , 0.000558977
141.782,2.53,0.642235 , 0.642237 , 0.000245554
141.782,2.71,0.566155 , 0.566153 , -0.000356361
141.782,2.89,0.501276 , 0.501266 , -0.0020237
141.782,3.07,0.445276 , 0.445275 , -0.000130364
141.782,3.25,0.401223 , 0.401235 , 0.00287555
141.782,3.43,0.364771 , 0.36478 , 0.00254741
141.782,3.61,0.330317 , 0.330312 , -0.00152907
141.782,3.79,0.295935 , 0.295915 , -0.00659517
141.782,3.97,0.264292 , 0.264267 , -0.00952822
141.782,4.15,0.237495 , 0.237475 , -0.00850531
141.782,4.33,0.217803 , 0.217795 , -0.00355604
141.782,4.51,0.204896 , 0.204904 , 0.00361116
141.782,4.69,0.19713 , 0.197152 , 0.0107641
141.782,4.87,0.193086 , 0.193117 , 0.0161715
141.782,5.05,0.190849 , 0.190886 , 0.0191459
141.782,5.23,0.188828 , 0.188866 , 0.0198095
141.782,5.41,0.186249 , 0.186283 , 0.0186444
141.782,5.59,0.182581 , 0.18261 , 0.0162077
141.782,5.77,0.177502 , 0.177525 , 0.0129764
141.782,5.95,0.171193 , 0.171209 , 0.0093175
141.782,6.13,0.163885 , 0.163894 , 0.00548996
141.782,6.31,0.155836 , 0.155839 , 0.00167024
141.782,6.49,0.147222 , 0.147219 , -0.00202624
141.782,6.67,0.138397 , 0.13839 , -0.00552451
141.782,6.85,0.129574 , 0.129562 , -0.00877543
141.782,7.03,0.12092 , 0.120906 , -0.0117492
141.782,7.21,0.112519 , 0.112503 , -0.0144447
141.782,7.39,0.104493 , 0.104476 , -0.0168497
141.782,7.57,0.0969198 , 0.0969014 , -0.0189581
141.782,7.75,0.0898318 , 0.0898131 , -0.020773
141.782,7.93,0.0832421 , 0.0832236 , -0.0223019
141.782,8.11,0.0770964 , 0.0770782 , -0.0235732
141.782,8.29,0.0714345 , 0.0714169 , -0.0245837
141.782,8.47,0.0662393 , 0.0662225 , -0.0253457
141.782,8.65,0.0614843 , 0.0614684 , -0.0258746
141.782,8.83,0.0571404 , 0.0571254 , -0.0261867
141.782,9.01,0.0531616 , 0.0531477 , -0.0262952
141.782,9.19,0.0495239 , 0.0495109 , -0.0262188
141.782,9.37,0.0462108 , 0.0461988 , -0.0259791
141.782,9.55,0.0431932 , 0.0431822 , -0.0255943
141.782,9.73,0.0404437 , 0.0404335 , -0.0250824
141.782,9.91,0.0379367 , 0.0379274 , -0.0244609
142.633,1.09,2.48816 , 2.48644 , -0.0692087
142.633,1.27,1.90376 , 1.90393 , 0.0092178
142.633,1.45,1.57406 , 1.57405 , -0.000554221
142.633,1.63,1.354 , 1.3534 , -0.0442534
142.633,1.81,1.13341 , 1.1333 , -0.0093092
142.633,1.99,0.962613 , 0.962433 , -0.0186606
142.633,2.17,0.827871 , 0.828189 , 0.038453
142.633,2.35,0.726118 , 0.726148 , 0.00410538
142.633,2.53,0.629254 , 0.629246 , -0.00133531
142.633,2.71,0.55347 , 0.553476 , 0.0011966
142.633,2.89,0.488864 , 0.488844 , -0.00406727
142.633,3.07,0.433979 , 0.433991 , 0.0027352
142.633,3.25,0.39127 , 0.391328 , 0.0148092
142.633,3.43,0.355864 , 0.35591 , 0.0130026
142.633,3.61,0.322079 , 0.322061 , -0.00566864
142.633,3.79,0.288184 , 0.2881 , -0.029319
142.633,3.97,0.257027 , 0.256915 , -0.043416
142.633,4.15,0.230821 , 0.230731 , -0.0389679
142.633,4.33,0.211796 , 0.211763 , -0.0157646
142.633,4.51,0.199575 , 0.199611 , 0.0180896
142.633,4.69,0.192443 , 0.192542 , 0.0517857
142.633,4.87,0.188896 , 0.189042 , 0.0770089
142.633,5.05,0.187004 , 0.187173 , 0.0905287
142.633,5.23,0.185185 , 0.185357 , 0.0930022
142.633,5.41,0.182682 , 0.182841 , 0.0867772
142.633,5.59,0.179002 , 0.179135 , 0.0745244
142.633,5.77,0.173874 , 0.173976 , 0.0585057
142.633,5.95,0.167493 , 0.167561 , 0.0404833
142.633,6.13,0.16011 , 0.160145 , 0.0216913
142.633,6.31,0.152001 , 0.152005 , 0.00297325
142.633,6.49,0.143356 , 0.143335 , -0.0151215
142.633,6.67,0.134531 , 0.134487 , -0.0322257
142.633,6.85,0.125737 , 0.125676 , -0.048095
142.633,7.03,0.117143 , 0.117069 , -0.0625774
142.633,7.21,0.108819 , 0.108737 , -0.075671
142.633,7.39,0.100891 , 0.100803 , -0.0873062
142.633,7.57,0.093434 , 0.0933429 , -0.0974421
142.633,7.75,0.0864762 , 0.0863845 , -0.106092
142.633,7.93,0.0800269 , 0.0799363 , -0.113289
142.633,8.11,0.0740338 , 0.0739456 , -0.11916
142.633,8.29,0.0685277 , 0.068443 , -0.123701
142.633,8.47,0.0634886 , 0.0634079 , -0.126977
142.633,8.65,0.0588877 , 0.0588117 , -0.129067
142.633,8.83,0.0546942 , 0.054623 , -0.130059
142.633,9.01,0.0508647 , 0.0507985 , -0.130038
142.633,9.19,0.0473723 , 0.0473112 , -0.129101
142.633,9.37,0.0441969 , 0.0441406 , -0.12735
142.633,9.55,0.041309 , 0.0412574 , -0.124882
142.633,9.73,0.0386813 , 0.0386342 , -0.121793
142.633,9.91,0.0362884 , 0.0362455 , -0.118176
143.484,1.09,2.46139 , 2.45954 , -0.0751662
143.484,1.27,1.89709 , 1.89658 , -0.027115
143.484,1.45,1.56036 , 1.5602 , -0.0102794
143.484,1.63,1.33502 , 1.33416 , -0.0640155
143.484,1.81,1.10674 , 1.10666 , -0.00707772
143.484,1.99,0.946532 , 0.946076 , -0.0481654
143.484,2.17,0.809295 , 0.809815 , 0.0642512
143.484,2.35,0.709451 , 0.709534 , 0.0116494
143.484,2.53,0.615918 , 0.615874 , -0.00720636
143.484,2.71,0.54109 , 0.541111 , 0.0038744
143.484,2.89,0.476857 , 0.476863 , 0.00132063
143.484,3.07,0.422866 , 0.422916 , 0.0119705
143.484,3.25,0.381527 , 0.381641 , 0.0300634
143.484,3.43,0.347458 , 0.347549 , 0.0260738
143.484,3.61,0.31462 , 0.314601 , -0.0060102
143.484,3.79,0.281269 , 0.281136 , -0.0471835
143.484,3.97,0.250413 , 0.250231 , -0.0726726
143.484,4.15,0.224467 , 0.224318 , -0.0662111
143.484,4.33,0.205745 , 0.20569 , -0.0265773
143.484,4.51,0.193896 , 0.193958 , 0.032323
143.484,4.69,0.187181 , 0.187352 , 0.0912103
143.484,4.87,0.184023 , 0.184272 , 0.13517
143.484,5.05,0.182457 , 0.182746 , 0.158405
143.484,5.23,0.180894 , 0.181187 , 0.162093
143.484,5.41,0.178567 , 0.178835 , 0.150425
143.484,5.59,0.174995 , 0.17522 , 0.128132
143.484,5.77,0.169949 , 0.170117 , 0.0991904
143.484,5.95,0.163622 , 0.163731 , 0.0667328
143.484,6.13,0.156279 , 0.15633 , 0.0329374
143.484,6.31,0.14821 , 0.148209 , -0.000705098
143.484,6.49,0.139618 , 0.139572 , -0.0332288
143.484,6.67,0.130859 , 0.130775 , -0.0639702
143.484,6.85,0.122147 , 0.122034 , -0.0924808
143.484,7.03,0.113649 , 0.113515 , -0.118475
143.484,7.21,0.105431 , 0.105281 , -0.141954
143.484,7.39,0.0976176 , 0.0974587 , -0.162771
143.484,7.57,0.0902856 , 0.0901223 , -0.180837
143.484,7.75,0.0834606 , 0.0832969 , -0.196164
143.484,7.93,0.0771488 , 0.0769877 , -0.208805
143.484,8.11,0.0713011 , 0.071145 , -0.218963
143.484,8.29,0.0659408 , 0.0657913 , -0.226647
143.484,8.47,0.0610453 , 0.0609037 , -0.231981
143.484,8.65,0.0565847 , 0.0564517 , -0.235115
143.484,8.83,0.052527 , 0.0524029 , -0.236212
143.484,9.01,0.0488311 , 0.0487161 , -0.235461
143.484,9.19,0.0454679 , 0.0453619 , -0.233044
143.484,9.37,0.0424142 , 0.042317 , -0.229135
143.484,9.55,0.0396407 , 0.0395519 , -0.22392
143.484,9.73,0.03712 , 0.0370392 , -0.217584
143.484,9.91,0.034827 , 0.0347538 , -0.210303
144.336,1.09,2.41234 , 2.41177 , -0.0235245
144.336,1.27,1.89094 , 1.88942 , -0.080816
144.336,1.45,1.54654 , 1.54615 , -0.0252402
144.336,1.63,1.31333 , 1.31254 , -0.0607019
144.336,1.81,1.0816 , 1.08161 , 0.00125932
144.336,1.99,0.92944 , 0.928681 , -0.0816242
144.336,2.17,0.791439 , 0.79207 , 0.0796784
144.336,2.35,0.692911 , 0.693074 , 0.0234418
144.336,2.53,0.602323 , 0.602222 , -0.0167847
144.336,2.71,0.528967 , 0.528989 , 0.00410393
144.336,2.89,0.465278 , 0.465332 , 0.0115328
144.336,3.07,0.411925 , 0.412041 , 0.0280343
144.336,3.25,0.371763 , 0.37195 , 0.0502423
144.336,3.43,0.339081 , 0.339226 , 0.042623
144.336,3.61,0.307351 , 0.307342 , -0.00276013
144.336,3.79,0.27466 , 0.274492 , -0.0608515
144.336,3.97,0.244112 , 0.243874 , -0.0977606
144.336,4.15,0.218344 , 0.218147 , -0.0901869
144.336,4.33,0.199805 , 0.199734 , -0.0354147
144.336,4.51,0.188212 , 0.188301 , 0.0473162
144.336,4.69,0.181827 , 0.182064 , 0.130317
144.336,4.87,0.179007 , 0.179351 , 0.192043
144.336,5.05,0.17775 , 0.178149 , 0.224137
144.336,5.23,0.17645 , 0.176853 , 0.228344
144.336,5.41,0.174324 , 0.174691 , 0.210725
144.336,5.59,0.170896 , 0.171201 , 0.178052
144.336,5.77,0.165966 , 0.166192 , 0.135968
144.336,5.95,0.159727 , 0.159869 , 0.0889464
144.336,6.13,0.152455 , 0.152517 , 0.0400745
144.336,6.31,0.144453 , 0.144441 , -0.00853644
144.336,6.49,0.135936 , 0.135861 , -0.0555296
144.336,6.67,0.12726 , 0.127133 , -0.0999455
144.336,6.85,0.118642 , 0.118475 , -0.141128
144.336,7.03,0.110251 , 0.110054 , -0.178651
144.336,7.21,0.102144 , 0.101927 , -0.212522
144.336,7.39,0.0944503 , 0.0942212 , -0.242503
144.336,7.57,0.0872458 , 0.0870116 , -0.268436
144.336,7.75,0.0805543 , 0.0803204 , -0.290327
144.336,7.93,0.0743793 , 0.0741501 , -0.308242
144.336,8.11,0.0686753 , 0.0684538 , -0.322429
144.336,8.29,0.063458 , 0.0632467 , -0.332931
144.336,8.47,0.0587031 , 0.0585035 , -0.339932
144.336,8.65,0.0543792 , 0.0541923 , -0.343656
144.336,8.83,0.0504534 , 0.0502796 , -0.344352
144.336,9.01,0.0468866 , 0.0467261 , -0.342342
144.336,9.19,0.0436479 , 0.0435005 , -0.337897
144.336,9.37,0.0407114 , 0.0405766 , -0.331254
144.336,9.55,0.0380477 , 0.037925 , -0.3227
144.336,9.73,0.0356298 , 0.0355184 , -0.312516
144.336,9.91,0.0334326 , 0.033332 , -0.300975
145.187,1.09,2.34719 , 2.34852 , 0.0568053
145.187,1.27,1.87929 , 1.87705 , -0.119056
145.187,1.45,1.53024 , 1.52967 , -0.0371363
145.187,1.63,1.28906 , 1.28864 , -0.032861
145.187,1.81,1.0571 , 1.05723 , 0.0118951
145.187,1.99,0.911301 , 0.910314 , -0.108337
145.187,2.17,0.773627 , 0.774249 , 0.0803932
145.187,2.35,0.676531 , 0.676776 , 0.036198
145.187,2.53,0.588467 , 0.588293 , -0.0297096
145.187,2.71,0.517038 , 0.517033 , -0.000984461
145.187,2.89,0.454174 , 0.454286 , 0.0245736
145.187,3.07,0.401174 , 0.401382 , 0.0518692
145.187,3.25,0.361671 , 0.361946 , 0.0760913
145.187,3.43,0.329973 , 0.330174 , 0.0609668
145.187,3.61,0.29921 , 0.299213 , 0.00100732
145.187,3.79,0.267308 , 0.267115 , -0.072057
145.187,3.97,0.237401 , 0.237124 , -0.116615
145.187,4.15,0.212245 , 0.212024 , -0.104274
145.187,4.33,0.194325 , 0.194261 , -0.0326393
145.187,4.51,0.183349 , 0.183482 , 0.0727255
145.187,4.69,0.177534 , 0.177847 , 0.176048
145.187,4.87,0.175158 , 0.175597 , 0.250484
145.187,5.05,0.174197 , 0.174696 , 0.28648
145.187,5.23,0.173051 , 0.173548 , 0.287127
145.187,5.41,0.170951 , 0.171396 , 0.260581
145.187,5.59,0.167457 , 0.167818 , 0.21555
145.187,5.77,0.162421 , 0.16268 , 0.159126
145.187,5.95,0.156057 , 0.156208 , 0.0969223
145.187,6.13,0.148663 , 0.148711 , 0.0327627
145.187,6.31,0.14056 , 0.140517 , -0.0307442
145.187,6.49,0.131982 , 0.131861 , -0.0919564
145.187,6.67,0.123283 , 0.123098 , -0.149648
145.187,6.85,0.11468 , 0.114447 , -0.202982
145.187,7.03,0.106341 , 0.106074 , -0.251402
145.187,7.21,0.0983127 , 0.0980227 , -0.294952
145.187,7.39,0.0907237 , 0.0904213 , -0.333286
145.187,7.57,0.0836462 , 0.0833399 , -0.366166
145.187,7.75,0.0770985 , 0.0767951 , -0.393588
145.187,7.93,0.0710793 , 0.0707839 , -0.415632
145.187,8.11,0.0655436 , 0.0652601 , -0.432573
145.187,8.29,0.0604983 , 0.0602294 , -0.444517
145.187,8.47,0.0559153 , 0.0556627 , -0.451723
145.187,8.65,0.0517609 , 0.0515256 , -0.454508
145.187,8.83,0.048 , 0.0477824 , -0.453225
145.187,9.01,0.0445945 , 0.0443945 , -0.448375
145.187,9.19,0.0415112 , 0.0413284 , -0.440339
145.187,9.37,0.0387215 , 0.0385552 , -0.429419
145.187,9.55,0.0361958 , 0.0360452 , -0.416022
145.187,9.73,0.033907 , 0.0337712 , -0.400548
145.187,9.91,0.0318303 , 0.0317083 , -0.383382
146.038,1.09,2.27395 , 2.2767 , 0.121143
146.038,1.27,1.86657 , 1.86438 , -0.117503
146.038,1.45,1.51295 , 1.51231 , -0.0424085
146.038,1.63,1.26418 , 1.26431 , 0.0103383
146.038,1.81,1.03329 , 1.0335 , 0.0205471
146.038,1.99,0.893374 , 0.892286 , -0.121812
146.038,2.17,0.756218 , 0.756746 , 0.0698721
146.038,2.35,0.660633 , 0.660977 , 0.0521385
146.038,2.53,0.574459 , 0.574223 , -0.0410371
146.038,2.71,0.504864 , 0.504803 , -0.0122234
146.038,2.89,0.443215 , 0.443366 , 0.0340541
146.038,3.07,0.390794 , 0.3911 , 0.0782827
146.038,3.25,0.352023 , 0.352401 , 0.107602
146.038,3.43,0.321421 , 0.321694 , 0.084919
146.038,3.61,0.29176 , 0.291787 , 0.00930634
146.038,3.79,0.260677 , 0.260469 , -0.0797848
146.038,3.97,0.231267 , 0.230959 , -0.133039
146.038,4.15,0.206435 , 0.206194 , -0.11703
146.038,4.33,0.188785 , 0.188729 , -0.0293433
146.038,4.51,0.178102 , 0.178277 , 0.0983787
146.038,4.69,0.172614 , 0.172998 , 0.222049
146.038,4.87,0.170547 , 0.171075 , 0.309206
146.038,5.05,0.16985 , 0.170442 , 0.348954
146.038,5.23,0.168908 , 0.169492 , 0.345774
146.038,5.41,0.166945 , 0.167463 , 0.310022
146.038,5.59,0.163531 , 0.163943 , 0.25241
146.038,5.77,0.158548 , 0.158836 , 0.181502
146.038,5.95,0.152214 , 0.152373 , 0.10406
146.038,6.13,0.144842 , 0.144878 , 0.0246242
146.038,6.31,0.136767 , 0.136693 , -0.0537209
146.038,6.49,0.128232 , 0.128066 , -0.12908
146.038,6.67,0.119593 , 0.119354 , -0.199968
146.038,6.85,0.11107 , 0.110775 , -0.265373
146.038,7.03,0.102829 , 0.102495 , -0.324609
146.038,7.21,0.09491 , 0.0945515 , -0.377771
146.038,7.39,0.0874432 , 0.0870721 , -0.42439
146.038,7.57,0.0804995 , 0.0801258 , -0.46414
146.038,7.75,0.0740936 , 0.0737254 , -0.496999
146.038,7.93,0.0682214 , 0.0678646 , -0.523057
146.038,8.11,0.0628398 , 0.0624989 , -0.542585
146.038,8.29,0.0579486 , 0.0576266 , -0.555769
146.038,8.47,0.0535173 , 0.053216 , -0.562948
146.038,8.65,0.0495104 , 0.0492309 , -0.564534
146.038,8.83,0.0458917 , 0.0456342 , -0.560988
146.038,9.01,0.0426242 , 0.0423885 , -0.55302
146.038,9.19,0.0396732 , 0.0394585 , -0.541118
146.038,9.37,0.0370078 , 0.0368132 , -0.52564
146.038,9.55,0.0345985 , 0.034423 , -0.507122
146.038,9.73,0.0324183 , 0.0322607 , -0.486087
146.038,9.91,0.0304427 , 0.0303017 , -0.46304
146.889,1.09,2.19944 , 2.20237 , 0.133044
146.889,1.27,1.84791 , 1.84658 , -0.0722291
146.889,1.45,1.4941 , 1.49359 , -0.0342836
146.889,1.63,1.23795 , 1.23866 , 0.057223
146.889,1.81,1.00993 , 1.01018 , 0.0248436
146.889,1.99,0.875468 , 0.874436 , -0.117792
146.889,2.17,0.738717 , 0.739092 , 0.0507345
146.889,2.35,0.645 , 0.645437 , 0.0678083
146.889,2.53,0.560548 , 0.560273 , -0.0490038
146.889,2.71,0.492621 , 0.492479 , -0.0288271
146.889,2.89,0.432391 , 0.432555 , 0.037772
146.889,3.07,0.380681 , 0.381081 , 0.104922
146.889,3.25,0.342575 , 0.343067 , 0.143577
146.889,3.43,0.312987 , 0.313343 , 0.113702
146.889,3.61,0.284424 , 0.284484 , 0.0211342
146.889,3.79,0.254203 , 0.253987 , -0.0850371
146.889,3.97,0.225314 , 0.224982 , -0.147333
146.889,4.15,0.20078 , 0.200524 , -0.127546
146.889,4.33,0.183333 , 0.18329 , -0.0235583
146.889,4.51,0.172859 , 0.173077 , 0.126591
146.889,4.69,0.167621 , 0.168074 , 0.270189
146.889,4.87,0.165808 , 0.16642 , 0.369135
146.889,5.05,0.165345 , 0.166026 , 0.411427
146.889,5.23,0.164606 , 0.16527 , 0.403219
146.889,5.41,0.162798 , 0.163379 , 0.35726
146.889,5.59,0.159494 , 0.159951 , 0.286342
146.889,5.77,0.154602 , 0.154912 , 0.200493
146.889,5.95,0.148339 , 0.148498 , 0.107592
146.889,6.13,0.141028 , 0.141046 , 0.0128453
146.889,6.31,0.133013 , 0.132907 , -0.0802367
146.889,6.49,0.124552 , 0.124341 , -0.169561
146.889,6.67,0.115998 , 0.115704 , -0.253399
146.889,6.85,0.107574 , 0.107218 , -0.330583
146.889,7.03,0.0994442 , 0.0990461 , -0.40031
146.889,7.21,0.0916451 , 0.091221 , -0.462742
146.889,7.39,0.084307 , 0.0838709 , -0.517286
146.889,7.57,0.0775002 , 0.0770635 , -0.563518
146.889,7.75,0.0712368 , 0.0708084 , -0.601398
146.889,7.93,0.06551 , 0.0650966 , -0.631022
146.889,8.11,0.0602791 , 0.0598857 , -0.652634
146.889,8.29,0.0555372 , 0.055167 , -0.666522
146.889,8.47,0.0512518 , 0.0509069 , -0.673112
146.889,8.65,0.0473863 , 0.0470674 , -0.672915
146.889,8.83,0.0439033 , 0.0436107 , -0.666515
146.889,9.01,0.0407668 , 0.0404998 , -0.654855
146.889,9.19,0.0379407 , 0.0376985 , -0.638538
146.889,9.37,0.0353926 , 0.0351739 , -0.61797
146.889,9.55,0.0330929 , 0.0328964 , -0.593823
146.889,9.73,0.0310148 , 0.030839 , -0.566756
146.889,9.91,0.0291341 , 0.0289775 , -0.537398
147.741,1.09,2.13642 , 2.13956 , 0.146804
147.741,1.27,1.84863 , 1.84856 , -0.00364541
147.741,1.45,1.47234 , 1.47307 , 0.0493799
147.741,1.63,1.26177 , 1.26229 , 0.0413769
147.741,1.81,0.968914 , 0.970329 , 0.146028
147.741,1.99,0.857029 , 0.857031 , 0.000320853
147.741,2.17,0.727354 , 0.72703 , -0.0445263
147.741,2.35,0.668504 , 0.66782 , -0.1023
147.741,2.53,0.578462 , 0.578024 , -0.0758225
147.741,2.71,0.491675 , 0.491405 , -0.0550524
147.741,2.89,0.426042 , 0.426181 , 0.0325527
147.741,3.07,0.372742 , 0.373314 , 0.153274
147.741,3.25,0.328238 , 0.328856 , 0.188436
147.741,3.43,0.291901 , 0.292269 , 0.12597
147.741,3.61,0.263667 , 0.263819 , 0.0576269
147.741,3.79,0.243116 , 0.243275 , 0.0654138
147.741,3.97,0.230058 , 0.230414 , 0.15478
147.741,4.15,0.2222 , 0.222805 , 0.272487
147.741,4.33,0.217804 , 0.218584 , 0.358363
147.741,4.51,0.214374 , 0.215193 , 0.381977
147.741,4.69,0.209838 , 0.210558 , 0.343011
147.741,4.87,0.203443 , 0.203963 , 0.255746
147.741,5.05,0.194787 , 0.195056 , 0.138132
147.741,5.23,0.183966 , 0.183976 , 0.00558295
147.741,5.41,0.171656 , 0.171432 , -0.130347
147.741,5.59,0.158484 , 0.158069 , -0.261446
147.741,5.77,0.145032 , 0.144479 , -0.381421
147.741,5.95,0.131842 , 0.131201 , -0.486486
147.741,6.13,0.119301 , 0.118616 , -0.574103
147.741,6.31,0.107658 , 0.106967 , -0.642565
147.741,6.49,0.0969607 , 0.0962893 , -0.692405
147.741,6.67,0.0873575 , 0.0867267 , -0.72207
147.741,6.85,0.078838 , 0.0782609 , -0.731927
147.741,7.03,0.071348 , 0.0708322 , -0.723014
147.741,7.21,0.0647094 , 0.0642575 , -0.698441
147.741,7.39,0.058902 , 0.0585137 , -0.659325
147.741,7.57,0.0538662 , 0.0535389 , -0.607583
147.741,7.75,0.0495049 , 0.0492347 , -0.545968
147.741,7.93,0.0457269 , 0.0455087 , -0.477332
147.741,8.11,0.0424376 , 0.042266 , -0.404443
147.741,8.29,0.0395751 , 0.0394445 , -0.329882
147.741,8.47,0.0370746 , 0.0369798 , -0.2559
147.741,8.65,0.0348796 , 0.0348153 , -0.184358
147.741,8.83,0.0329415 , 0.0329031 , -0.116698
147.741,9.01,0.0312163 , 0.0311994 , -0.0539908
147.741,9.19,0.0296703 , 0.0296713 , 0.0032224
147.741,9.37,0.0282776 , 0.0282931 , 0.0546306
147.741,9.55,0.0270144 , 0.0270414 , 0.10011
147.741,9.73,0.0258607 , 0.0258968 , 0.139736
147.741,9.91,0.0248003 , 0.0248433 , 0.173734
148.592,1.09,2.14935 , 2.15275 , 0.1582
148.592,1.27,1.82769 , 1.82805 , 0.019566
148.592,1.45,1.47172 , 1.47212 , 0.0267793
148.592,1.63,1.23521 , 1.23517 , -0.00329391
148.592,1.81,0.962417 , 0.964421 , 0.208312
148.592,1.99,0.842249 , 0.842652 , 0.047883
148.592,2.17,0.712775 , 0.712508 , -0.0374539
148.592,2.35,0.673596 , 0.672464 , -0.167947
148.592,2.53,0.595606 , 0.595269 , -0.0564714
148.592,2.71,0.494074 , 0.493931 , -0.0288456
148.592,2.89,0.417773 , 0.417812 , 0.00933738
148.592,3.07,0.363776 , 0.364197 , 0.115637
148.592,3.25,0.320707 , 0.321272 , 0.176199
148.592,3.43,0.286144 , 0.286608 , 0.16196
148.592,3.61,0.261999 , 0.262394 , 0.150552
148.592,3.79,0.24805 , 0.248548 , 0.200871
148.592,3.97,0.241982 , 0.242686 , 0.290938
148.592,4.15,0.239078 , 0.239946 , 0.362994
148.592,4.33,0.236167 , 0.237054 , 0.375931
148.592,4.51,0.230716 , 0.23146 , 0.322331
148.592,4.69,0.221545 , 0.22202 , 0.214569
148.592,4.87,0.209123 , 0.209271 , 0.0707591
148.592,5.05,0.19419 , 0.194012 , -0.0913738
148.592,5.23,0.177686 , 0.177229 , -0.257104
148.592,5.41,0.160774 , 0.160107 , -0.41466
148.592,5.59,0.14427 , 0.14347 , -0.554824
148.592,5.77,0.128768 , 0.127906 , -0.669376
148.592,5.95,0.114645 , 0.113781 , -0.753666
148.592,6.13,0.102073 , 0.101251 , -0.804714
148.592,6.31,0.0910784 , 0.0903304 , -0.821304
148.592,6.49,0.0814895 , 0.0808326 , -0.806193
148.592,6.67,0.0732955 , 0.0727384 , -0.760056
148.592,6.85,0.0663428 , 0.0658869 , -0.68722
148.592,7.03,0.0604684 , 0.0601096 , -0.593335
148.592,7.21,0.0554143 , 0.055145 , -0.485919
148.592,7.39,0.051109 , 0.0509199 , -0.370127
148.592,7.57,0.0474595 , 0.0473402 , -0.251447
148.592,7.75,0.0443498 , 0.0442899 , -0.135079
148.592,7.93,0.0416812 , 0.0416707 , -0.0251534
148.592,8.11,0.0393608 , 0.0393905 , 0.0753229
148.592,8.29,0.0373312 , 0.0373926 , 0.164517
148.592,8.47,0.0355371 , 0.0356229 , 0.241521
148.592,8.65,0.0339333 , 0.0340372 , 0.30619
148.592,8.83,0.0324835 , 0.0326001 , 0.358933
148.592,9.01,0.0311574 , 0.0312823 , 0.400808
148.592,9.19,0.0299332 , 0.0300628 , 0.432821
148.592,9.37,0.0287945 , 0.0289258 , 0.455836
148.592,9.55,0.0277274 , 0.027858 , 0.470957
148.592,9.73,0.0267208 , 0.0268488 , 0.479255
148.592,9.91,0.0257663 , 0.0258904 , 0.481739
149.443,1.09,2.16609 , 2.17125 , 0.237985
149.443,1.27,1.78798 , 1.78782 , -0.0089589
149.443,1.45,1.46738 , 1.46666 , -0.0495647
149.443,1.63,1.1903 , 1.1901 , -0.0170414
149.443,1.81,0.965293 , 0.967085 , 0.185681
149.443,1.99,0.82827 , 0.828647 , 0.0455422
149.443,2.17,0.695979 , 0.696038 , 0.00845682
149.443,2.35,0.661628 , 0.660372 , -0.189747
149.443,2.53,0.60716 , 0.606805 , -0.0583789
149.443,2.71,0.501289 , 0.501325 , 0.00717817
149.443,2.89,0.413355 , 0.413416 , 0.0148701
149.443,3.07,0.356145 , 0.356407 , 0.0735301
149.443,3.25,0.314402 , 0.314838 , 0.138451
149.443,3.43,0.282058 , 0.282555 , 0.176035
149.443,3.61,0.261123 , 0.261681 , 0.213746
149.443,3.79,0.251394 , 0.252065 , 0.267007
149.443,3.97,0.249243 , 0.250016 , 0.30983
149.443,4.15,0.248498 , 0.249273 , 0.311896
149.443,4.33,0.245176 , 0.245815 , 0.26083
149.443,4.51,0.236981 , 0.237367 , 0.163095
149.443,4.69,0.223581 , 0.223653 , 0.03227
149.443,4.87,0.206421 , 0.206179 , -0.11732
149.443,5.05,0.187072 , 0.186562 , -0.272366
149.443,5.23,0.167019 , 0.166316 , -0.421125
149.443,5.41,0.147653 , 0.146837 , -0.552872
149.443,5.59,0.129808 , 0.128954 , -0.658244
149.443,5.77,0.113961 , 0.113131 , -0.728315
149.443,5.95,0.100281 , 0.0995204 , -0.758536
149.443,6.13,0.0887195 , 0.0880566 , -0.747121
149.443,6.31,0.079101 , 0.0785508 , -0.69565
149.443,6.49,0.0710821 , 0.070648 , -0.610689
149.443,6.67,0.0645223 , 0.0642008 , -0.498312
149.443,6.85,0.0591698 , 0.058952 , -0.368022
149.443,7.03,0.0547951 , 0.0546692 , -0.229644
149.443,7.21,0.0511083 , 0.0510611 , -0.0922746
149.443,7.39,0.0480118 , 0.04803 , 0.0377892
149.443,7.57,0.0454028 , 0.0454734 , 0.155606
149.443,7.75,0.0431688 , 0.0432802 , 0.258074
149.443,7.93,0.0412214 , 0.0413631 , 0.343835
149.443,8.11,0.0394779 , 0.0396409 , 0.412939
149.443,8.29,0.0379007 , 0.0380774 , 0.466199
149.443,8.47,0.0364512 , 0.0366353 , 0.505023
149.443,8.65,0.0351002 , 0.0352866 , 0.531096
149.443,8.83,0.033826 , 0.0340108 , 0.546175
149.443,9.01,0.032614 , 0.0327941 , 0.552223
149.443,9.19,0.0314536 , 0.0316269 , 0.550752
149.443,9.37,0.030337 , 0.0305017 , 0.542939
149.443,9.55,0.0292588 , 0.0294138 , 0.530014
149.443,9.73,0.0282156 , 0.0283604 , 0.513041
149.443,9.91,0.0272054 , 0.0273395 , 0.492927
150.295,1.09,2.2186 , 2.22337 , 0.215105
150.295,1.27,1.74347 , 1.74301 , -0.0266236
150.295,1.45,1.43692 , 1.43556 , -0.0948835
150.295,1.63,1.14874 , 1.1486 , -0.0124748
150.295,1.81,0.96676 , 0.967974 , 0.125548
150.295,1.99,0.810287 , 0.810368 , 0.0100558
150.295,2.17,0.683095 , 0.683295 , 0.0293909
150.295,2.35,0.639583 , 0.638543 , -0.162598
150.295,2.53,0.608797 , 0.608423 , -0.0615173
150.295,2.71,0.508524 , 0.50861 , 0.0170079
150.295,2.89,0.411755 , 0.41182 , 0.0157692
150.295,3.07,0.350196 , 0.350322 , 0.035965
150.295,3.25,0.309339 , 0.309619 , 0.0905799
150.295,3.43,0.279196 , 0.279618 , 0.151178
150.295,3.61,0.260486 , 0.261018 , 0.204172
150.295,3.79,0.25282 , 0.253417 , 0.23609
150.295,3.97,0.252009 , 0.252591 , 0.231167
150.295,4.15,0.25129 , 0.251758 , 0.185981
150.295,4.33,0.246414 , 0.246676 , 0.106515
150.295,4.51,0.235428 , 0.235437 , 0.00351397
150.295,4.69,0.218677 , 0.21843 , -0.112641
150.295,4.87,0.198263 , 0.197802 , -0.232558
150.295,5.05,0.176271 , 0.175659 , -0.347463
150.295,5.23,0.154469 , 0.153776 , -0.448918
150.295,5.41,0.134293 , 0.133584 , -0.52824
150.295,5.59,0.11649 , 0.115817 , -0.577598
150.295,5.77,0.101373 , 0.100774 , -0.589981
150.295,5.95,0.0889042 , 0.0884033 , -0.563432
150.295,6.13,0.0788426 , 0.0784485 , -0.499891
150.295,6.31,0.0708515 , 0.0705641 , -0.405528
150.295,6.49,0.0644689 , 0.0642816 , -0.290515
150.295,6.67,0.0594609 , 0.059363 , -0.16478
150.295,6.85,0.0555183 , 0.0554967 , -0.0388222
150.295,7.03,0.0523798 , 0.0524211 , 0.0788923
150.295,7.21,0.0497533 , 0.0498444 , 0.183053
150.295,7.39,0.0475362 , 0.0476649 , 0.270781
150.295,7.57,0.0456324 , 0.045788 , 0.340993
150.295,7.75,0.0439459 , 0.0441192 , 0.394232
150.295,7.93,0.0424072 , 0.0425904 , 0.431972
150.295,8.11,0.0409505 , 0.0411374 , 0.456357
150.295,8.29,0.0395606 , 0.0397462 , 0.469227
150.295,8.47,0.0382169 , 0.0383975 , 0.472536
150.295,8.65,0.0369061 , 0.0370789 , 0.468082
150.295,8.83,0.035621 , 0.0357839 , 0.457445
150.295,9.01,0.0343601 , 0.034512 , 0.442107
150.295,9.19,0.0331227 , 0.0332629 , 0.423155
150.295,9.37,0.0319078 , 0.0320359 , 0.401413
150.295,9.55,0.0307172 , 0.0308332 , 0.377658
150.295,9.73,0.029553 , 0.0296572 , 0.352525
150.295,9.91,0.0284174 , 0.0285102 , 0.326531
151.146,1.09,2.26947 , 2.27251 , 0.133731
151.146,1.27,1.70362 , 1.70315 , -0.0271965
151.146,1.45,1.38895 , 1.38778 , -0.0844709
151.146,1.63,1.11796 , 1.11789 , -0.00640177
151.146,1.81,0.964236 , 0.964808 , 0.0593164
151.146,1.99,0.786784 , 0.786683 , -0.0129439
151.146,2.17,0.672493 , 0.67263 , 0.0204646
151.146,2.35,0.613714 , 0.612988 , -0.118276
151.146,2.53,0.600752 , 0.600447 , -0.0508188
151.146,2.71,0.513021 , 0.513141 , 0.0234588
151.146,2.89,0.411791 , 0.411896 , 0.025391
151.146,3.07,0.345796 , 0.345875 , 0.0227955
151.146,3.25,0.305337 , 0.305515 , 0.0583483
151.146,3.43,0.277324 , 0.277651 , 0.117815
151.146,3.61,0.260168 , 0.260608 , 0.169164
151.146,3.79,0.252922 , 0.25339 , 0.184783
151.146,3.97,0.25137 , 0.251762 , 0.155593
151.146,4.15,0.248932 , 0.24916 , 0.0916789
151.146,4.33,0.241605 , 0.241622 , 0.00716733
151.146,4.51,0.227902 , 0.227705 , -0.08619
151.146,4.69,0.208662 , 0.208286 , -0.180231
151.146,4.87,0.18635 , 0.185849 , -0.26838
151.146,5.05,0.163259 , 0.162696 , -0.344501
151.146,5.23,0.141199 , 0.140631 , -0.402416
151.146,5.41,0.121505 , 0.120976 , -0.435529
151.146,5.59,0.104761 , 0.104302 , -0.438507
151.146,5.77,0.0910929 , 0.0907212 , -0.407988
151.146,5.95,0.0802779 , 0.08 , -0.346161
151.146,6.13,0.0719226 , 0.071736 , -0.25941
151.146,6.31,0.0655778 , 0.0654746 , -0.15742
151.146,6.49,0.0607139 , 0.0606829 , -0.0511267
151.146,6.67,0.0570421 , 0.0570708 , 0.0502527
151.146,6.85,0.054232 , 0.0543078 , 0.139769
151.146,7.03,0.05202 , 0.0521312 , 0.213626
151.146,7.21,0.0501342 , 0.0502702 , 0.271243
151.146,7.39,0.0484824 , 0.0486342 , 0.313143
151.146,7.57,0.0469863 , 0.0471465 , 0.340814
151.146,7.75,0.0455734 , 0.0457358 , 0.356367
151.146,7.93,0.0441969 , 0.0443569 , 0.361971
151.146,8.11,0.0428111 , 0.0429652 , 0.359871
151.146,8.29,0.0414215 , 0.0415671 , 0.351547
151.146,8.47,0.0400245 , 0.0401599 , 0.338443
151.146,8.65,0.0386207 , 0.038745 , 0.321766
151.146,8.83,0.0372147 , 0.0373273 , 0.302494
151.146,9.01,0.0358155 , 0.0359163 , 0.281457
151.146,9.19,0.0344295 , 0.0345188 , 0.259257
151.146,9.37,0.0330612 , 0.0331394 , 0.236348
151.146,9.55,0.0317171 , 0.0317847 , 0.213122
151.146,9.73,0.0304029 , 0.0304606 , 0.189888
151.146,9.91,0.0291233 , 0.0291719 , 0.166887
151.997,1.09,2.27713 , 2.27872 , 0.0698494
151.997,1.27,1.67745 , 1.677 , -0.0268836
151.997,1.45,1.33776 , 1.33706 , -0.0522077
151.997,1.63,1.09837 , 1.09843 , 0.00540761
151.997,1.81,0.954943 , 0.955013 , 0.00727212
151.997,1.99,0.760375 , 0.760224 , -0.0197744
151.997,2.17,0.660506 , 0.660507 , 0.000120513
151.997,2.35,0.587361 , 0.586922 , -0.0747826
151.997,2.53,0.584856 , 0.584662 , -0.0331451
151.997,2.71,0.513447 , 0.513572 , 0.0243019
151.997,2.89,0.412532 , 0.412663 , 0.0319853
151.997,3.07,0.342762 , 0.342838 , 0.0220508
151.997,3.25,0.30211 , 0.302226 , 0.0382799
151.997,3.43,0.275972 , 0.276195 , 0.0806279
151.997,3.61,0.259955 , 0.260262 , 0.118408
151.997,3.79,0.252077 , 0.252389 , 0.123651
151.997,3.97,0.248343 , 0.248567 , 0.0903462
151.997,4.15,0.242925 , 0.243 , 0.0307407
151.997,4.33,0.232519 , 0.232425 , -0.0406457
151.997,4.51,0.216222 , 0.215977 , -0.113269
151.997,4.69,0.195242 , 0.194889 , -0.180558
151.997,4.87,0.172149 , 0.17174 , -0.237532
151.997,5.05,0.149196 , 0.148778 , -0.27971
151.997,5.23,0.128034 , 0.127647 , -0.30279
151.997,5.41,0.109778 , 0.109445 , -0.302636
151.997,5.59,0.0947921 , 0.0945294 , -0.277182
151.997,5.77,0.0830116 , 0.0828229 , -0.227308
151.997,5.95,0.0740565 , 0.0739389 , -0.158763
151.997,6.13,0.0674262 , 0.0673722 , -0.0800644
151.997,6.31,0.0626055 , 0.0626051 , -0.000517937
151.997,6.49,0.0590423 , 0.0590849 , 0.072165
151.997,6.67,0.0564294 , 0.0565045 , 0.132999
151.997,6.85,0.0544463 , 0.0545442 , 0.179855
151.997,7.03,0.0528502 , 0.0529627 , 0.212874
151.997,7.21,0.0514055 , 0.0515258 , 0.233927
151.997,7.39,0.0500414 , 0.0501639 , 0.244787
151.997,7.57,0.0487041 , 0.0488245 , 0.247361
151.997,7.75,0.0473471 , 0.0474624 , 0.243532
151.997,7.93,0.0459476 , 0.0460555 , 0.234898
151.997,8.11,0.0444799 , 0.0445791 , 0.222949
151.997,8.29,0.0429669 , 0.0430565 , 0.208493
151.997,8.47,0.0414189 , 0.0414985 , 0.192316
151.997,8.65,0.0398477 , 0.0399175 , 0.175041
151.997,8.83,0.0382665 , 0.0383267 , 0.157144
151.997,9.01,0.0366912 , 0.0367422 , 0.138996
151.997,9.19,0.0351328 , 0.0351753 , 0.120869
151.997,9.37,0.0335995 , 0.0336341 , 0.102968
151.997,9.55,0.0321003 , 0.0321278 , 0.0854515
151.997,9.73,0.0306425 , 0.0306635 , 0.0684391
151.997,9.91,0.0292316 , 0.0292468 , 0.0520196
152.849,1.09,2.22849 , 2.22927 , 0.0348806
152.849,1.27,1.66352 , 1.66308 , -0.0267589
152.849,1.45,1.29152 , 1.2912 , -0.0247851
152.849,1.63,1.08723 , 1.08737 , 0.0127468
152.849,1.81,0.936095 , 0.935953 , -0.0151875
152.849,1.99,0.734396 , 0.734283 , -0.0153927
152.849,2.17,0.645212 , 0.645134 , -0.0120788
152.849,2.35,0.561997 , 0.561778 , -0.0388942
152.849,2.53,0.563273 , 0.563184 , -0.0156975
152.849,2.71,0.509215 , 0.509306 , 0.0179636
152.849,2.89,0.413129 , 0.413241 , 0.0271827
152.849,3.07,0.340911 , 0.34098 , 0.0202486
152.849,3.25,0.299469 , 0.29954 , 0.0238135
152.849,3.43,0.274655 , 0.274777 , 0.0443068
152.849,3.61,0.259401 , 0.259566 , 0.0636585
152.849,3.79,0.250298 , 0.250456 , 0.0633998
152.849,3.97,0.243578 , 0.243675 , 0.0395729
152.849,4.15,0.234487 , 0.234488 , 0.000119006
152.849,4.33,0.22072 , 0.220621 , -0.0452165
152.849,4.51,0.202056 , 0.201876 , -0.0892062
152.849,4.69,0.179981 , 0.179752 , -0.127224
152.849,4.87,0.156987 , 0.156743 , -0.155778
152.849,5.05,0.135093 , 0.134861 , -0.17195
152.849,5.23,0.115647 , 0.115447 , -0.173394
152.849,5.41,0.0994578 , 0.0993001 , -0.158595
152.849,5.59,0.0866428 , 0.0865317 , -0.128301
152.849,5.77,0.0769484 , 0.0768823 , -0.085857
152.849,5.95,0.0698719 , 0.0698459 , -0.03724
152.849,6.13,0.0648475 , 0.0648547 , 0.0110958
152.849,6.31,0.0613367 , 0.0613697 , 0.0538692
152.849,6.49,0.0588021 , 0.0588539 , 0.0880785
152.849,6.67,0.0569495 , 0.0570137 , 0.112692
152.849,6.85,0.0554922 , 0.0555634 , 0.128259
152.849,7.03,0.0542253 , 0.0542991 , 0.136136
152.849,7.21,0.0529603 , 0.0530334 , 0.138115
152.849,7.39,0.0516538 , 0.0517238 , 0.135532
152.849,7.57,0.0502793 , 0.0503445 , 0.129569
152.849,7.75,0.048817 , 0.0488762 , 0.12124
152.849,7.93,0.0472656 , 0.0473182 , 0.111329
152.849,8.11,0.0456183 , 0.0456641 , 0.100524
152.849,8.29,0.0439104 , 0.0439496 , 0.0891361
152.849,8.47,0.0421627 , 0.0421953 , 0.0774824
152.849,8.65,0.0403947 , 0.0404213 , 0.0658012
152.849,8.83,0.038625 , 0.038646 , 0.0542663
152.849,9.01,0.0368728 , 0.0368886 , 0.0430018
152.849,9.19,0.0351515 , 0.0351628 , 0.0321
152.849,9.37,0.0334711 , 0.0334783 , 0.0216267
152.849,9.55,0.0318409 , 0.0318446 , 0.0116262
152.849,9.73,0.030268 , 0.0302686 , 0.00212819
152.849,9.91,0.0287576 , 0.0287556 , -0.00684858
153.7,1.09,2.13379 , 2.13398 , 0.00908537
153.7,1.27,1.64937 , 1.64919 , -0.0108572
153.7,1.45,1.25327 , 1.25319 , -0.00608662
153.7,1.63,1.07927 , 1.07933 , 0.00562889
153.7,1.81,0.907541 , 0.907475 , -0.00726716
153.7,1.99,0.710327 , 0.710294 , -0.00463591
153.7,2.17,0.626712 , 0.626673 , -0.00626547
153.7,2.35,0.538262 , 0.538212 , -0.00926196
153.7,2.53,0.538117 , 0.538102 , -0.00284774
153.7,2.71,0.500197 , 0.500223 , 0.0052908
153.7,2.89,0.4127 , 0.412737 , 0.00878065
153.7,3.07,0.339954 , 0.33998 , 0.00752921
153.7,3.25,0.297347 , 0.297368 , 0.00721499
153.7,3.43,0.27307 , 0.273099 , 0.0107293
153.7,3.61,0.25808 , 0.258117 , 0.0142891
153.7,3.79,0.247414 , 0.247447 , 0.0132884
153.7,3.97,0.237418 , 0.237434 , 0.00658213
153.7,4.15,0.224487 , 0.224478 , -0.0039625
153.7,4.33,0.207447 , 0.207415 , -0.0158174
153.7,4.51,0.186791 , 0.186741 , -0.0269418
153.7,4.69,0.164207 , 0.164148 , -0.0359068
153.7,4.87,0.141985 , 0.141926 , -0.041607
153.7,5.05,0.121787 , 0.121734 , -0.0432172
153.7,5.23,0.104564 , 0.104522 , -0.0402867
153.7,5.41,0.0907798 , 0.0907499 , -0.0328801
153.7,5.59,0.0802942 , 0.0802766 , -0.0219176
153.7,5.77,0.0726829 , 0.0726763 , -0.00903645
153.7,5.95,0.0673555 , 0.0673581 , 0.00380574
153.7,6.13,0.0637195 , 0.0637291 , 0.0150113
153.7,6.31,0.0612488 , 0.0612633 , 0.0236617
153.7,6.49,0.0594491 , 0.0594667 , 0.0295474
153.7,6.67,0.0580638 , 0.0580829 , 0.0328737
153.7,6.85,0.056857 , 0.0568764 , 0.0340914
153.7,7.03,0.0556724 , 0.0556912 , 0.033699
153.7,7.21,0.0543735 , 0.054391 , 0.0321878
153.7,7.39,0.0529472 , 0.0529631 , 0.0298869
153.7,7.57,0.0513939 , 0.0514078 , 0.0270608
153.7,7.75,0.0497179 , 0.0497298 , 0.0239194
153.7,7.93,0.0479368 , 0.0479467 , 0.0206149
153.7,8.11,0.0460586 , 0.0460666 , 0.0172751
153.7,8.29,0.044127 , 0.0441331 , 0.0139487
153.7,8.47,0.042169 , 0.0421735 , 0.0106885
153.7,8.65,0.0402085 , 0.0402116 , 0.0075323
153.7,8.83,0.0382665 , 0.0382682 , 0.00450591
153.7,9.01,0.0363621 , 0.0363627 , 0.00162645
153.7,9.19,0.0345093 , 0.0345089 , -0.00109395
153.7,9.37,0.0327177 , 0.0327165 , -0.00364864
153.7,9.55,0.0309955 , 0.0309936 , -0.00603451
153.7,9.73,0.0293483 , 0.0293459 , -0.00825082
153.7,9.91,0.0277797 , 0.0277768 , -0.0102986
154.551,1.09,2.01911 , 2.01911 , 0
154.551,1.27,1.62361 , 1.62361 , 0
154.551,1.45,1.22296 , 1.22296 , 0
154.551,1.63,1.06808 , 1.06808 , 0
154.551,1.81,0.872434 , 0.872434 , 0
154.551,1.99,0.687713 , 0.687713 , 0
154.551,2.17,0.606095 , 0.606095 , 0
154.551,2.35,0.516399 , 0.516399 , 0
154.551,2.53,0.511291 , 0.511291 , 0
154.551,2.71,0.486658 , 0.486658 , 0
154.551,2.89,0.410344 , 0.410344 , 0
154.551,3.07,0.339374 , 0.339374 , 0
154.551,3.25,0.295666 , 0.295666 , 0
154.551,3.43,0.271093 , 0.271093 , 0
154.551,3.61,0.255727 , 0.255727 , 0
154.551,3.79,0.243253 , 0.243253 , 0
154.551,3.97,0.23003 , 0.23003 , 0
154.551,4.15,0.213512 , 0.213512 , 0
154.551,4.33,0.193616 , 0.193616 , 0
154.551,4.51,0.171492 , 0.171492 , 0
154.551,4.69,0.148954 , 0.148954 , 0
154.551,4.87,0.128012 , 0.128012 , 0
154.551,5.05,0.109903 , 0.109903 , 0
154.551,5.23,0.095148 , 0.095148 , 0
154.551,5.41,0.0838568 , 0.0838568 , 0
154.551,5.59,0.0756497 , 0.0756497 , 0
154.551,5.77,0.0699582 , 0.0699582 , 0
154.551,5.95,0.0661409 , 0.0661409 , 0
154.551,6.13,0.0636121 , 0.0636121 , 0
154.551,6.31,0.0618859 , 0.0618859 , 0
154.551,6.49,0.0605309 , 0.0605309 , 0
154.551,6.67,0.0593456 , 0.0593456 , 0
154.551,6.85,0.0581544 , 0.0581544 , 0
154.551,7.03,0.0568545 , 0.0568545 , 0
154.551,7.21,0.0553617 , 0.0553617 , 0
154.551,7.39,0.0536921 , 0.0536921 , 0
154.551,7.57,0.0518704 , 0.0518704 , 0
154.551,7.75,0.0499214 , 0.0499214 , 0
154.551,7.93,0.0478768 , 0.0478768 , 0
154.551,8.11,0.0457555 , 0.0457555 , 0
154.551,8.29,0.0436049 , 0.0436049 , 0
154.551,8.47,0.041455 , 0.041455 , 0
154.551,8.65,0.0393304 , 0.0393304 , 0
154.551,8.83,0.0372517 , 0.0372517 , 0
154.551,9.01,0.0352359 , 0.0352359 , 0
154.551,9.19,0.0332955 , 0.0332955 , 0
154.551,9.37,0.0314383 , 0.0314383 , 0
154.551,9.55,0.02967 , 0.02967 , 0
154.551,9.73,0.0279938 , 0.0279938 , 0
154.551,9.91,0.0264108 , 0.0264108 , 0
155.402,1.09,1.91385 , 1.91385 , 0
155.402,1.27,1.58495 , 1.58495 , 0
155.402,1.45,1.19829 , 1.19829 , 0
155.402,1.63,1.04912 , 1.04912 , 0
155.402,1.81,0.835528 , 0.835528 , 0
155.402,1.99,0.665343 , 0.665343 , 0
155.402,2.17,0.584594 , 0.584594 , 0
155.402,2.35,0.496171 , 0.496171 , 0
155.402,2.53,0.484123 , 0.484123 , 0
155.402,2.71,0.469054 , 0.469054 , 0
155.402,2.89,0.405064 , 0.405064 , 0
155.402,3.07,0.338164 , 0.338164 , 0
155.402,3.25,0.293932 , 0.293932 , 0
155.402,3.43,0.268435 , 0.268435 , 0
155.402,3.61,0.252038 , 0.252038 , 0
155.402,3.79,0.237597 , 0.237597 , 0
155.402,3.97,0.221476 , 0.221476 , 0
155.402,4.15,0.201995 , 0.201995 , 0
155.402,4.33,0.179967 , 0.179967 , 0
155.402,4.51,0.157053 , 0.157053 , 0
155.402,4.69,0.1351 , 0.1351 , 0
155.402,4.87,0.115794 , 0.115794 , 0
155.402,5.05,0.0999373 , 0.0999373 , 0
155.402,5.23,0.0876398 , 0.0876398 , 0
155.402,5.41,0.0786932 , 0.0786932 , 0
155.402,5.59,0.0725172 , 0.0725172 , 0
155.402,5.77,0.0684382 , 0.0684382 , 0
155.402,5.95,0.0658009 , 0.0658009 , 0
155.402,6.13,0.0640537 , 0.0640537 , 0
155.402,6.31,0.0627705 , 0.0627705 , 0
155.402,6.49,0.0615933 , 0.0615933 , 0
155.402,6.67,0.0603841 , 0.0603841 , 0
155.402,6.85,0.0590295 , 0.0590295 , 0
155.402,7.03,0.0574783 , 0.0574783 , 0
155.402,7.21,0.0556942 , 0.0556942 , 0
155.402,7.39,0.0537185 , 0.0537185 , 0
155.402,7.57,0.0515954 , 0.0515954 , 0
155.402,7.75,0.0493646 , 0.0493646 , 0
155.402,7.93,0.0470669 , 0.0470669 , 0
155.402,8.11,0.0447275 , 0.0447275 , 0
155.402,8.29,0.0423938 , 0.0423938 , 0
155.402,8.47,0.0400951 , 0.0400951 , 0
155.402,8.65,0.0378545 , 0.0378545 , 0
155.402,8.83,0.0356899 , 0.0356899 , 0
155.402,9.01,0.0336146 , 0.0336146 , 0
155.402,9.19,0.031638 , 0.031638 , 0
155.402,9.37,0.0297652 , 0.0297652 , 0
155.402,9.55,0.0279986 , 0.0279986 , 0
155.402,9.73,0.0263385 , 0.0263385 , 0
155.402,9.91,0.0247832 , 0.0247832 , 0
156.254,1.09,1.83387 , 1.83387 , 0
156.254,1.27,1.53658 , 1.53658 , 0
156.254,1.45,1.17527 , 1.17527 , 0
156.254,1.63,1.01899 , 1.01899 , 0
156.254,1.81,0.800679 , 0.800679 , 0
156.254,1.99,0.642565 , 0.642565 , 0
156.254,2.17,0.562718 , 0.562718 , 0
156.254,2.35,0.478114 , 0.478114 , 0
156.254,2.53,0.458777 , 0.458777 , 0
156.254,2.71,0.449161 , 0.449161 , 0
156.254,2.89,0.397396 , 0.397396 , 0
156.254,3.07,0.336627 , 0.336627 , 0
156.254,3.25,0.292838 , 0.292838 , 0
156.254,3.43,0.26606 , 0.26606 , 0
156.254,3.61,0.24794 , 0.24794 , 0
156.254,3.79,0.231158 , 0.231158 , 0
156.254,3.97,0.212212 , 0.212212 , 0
156.254,4.15,0.190164 , 0.190164 , 0
156.254,4.33,0.166545 , 0.166545 , 0
156.254,4.51,0.143379 , 0.143379 , 0
156.254,4.69,0.12245 , 0.12245 , 0
156.254,4.87,0.105073 , 0.105073 , 0
156.254,5.05,0.0916039 , 0.0916039 , 0
156.254,5.23,0.0817565 , 0.0817565 , 0
156.254,5.41,0.0750325 , 0.0750325 , 0
156.254,5.59,0.0706842 , 0.0706842 , 0
156.254,5.77,0.0679655 , 0.0679655 , 0
156.254,5.95,0.0662371 , 0.0662371 , 0
156.254,6.13,0.0650048 , 0.0650048 , 0
156.254,6.31,0.0639181 , 0.0639181 , 0
156.254,6.49,0.0627008 , 0.0627008 , 0
156.254,6.67,0.0612855 , 0.0612855 , 0
156.254,6.85,0.0596222 , 0.0596222 , 0
156.254,7.03,0.0577101 , 0.0577101 , 0
156.254,7.21,0.0555568 , 0.0555568 , 0
156.254,7.39,0.0532253 , 0.0532253 , 0
156.254,7.57,0.050775 , 0.050775 , 0
156.254,7.75,0.0482562 , 0.0482562 , 0
156.254,7.93,0.0457149 , 0.0457149 , 0
156.254,8.11,0.0431779 , 0.0431779 , 0
156.254,8.29,0.04069 , 0.04069 , 0
156.254,8.47,0.0382774 , 0.0382774 , 0
156.254,8.65,0.0359592 , 0.0359592 , 0
156.254,8.83,0.0337487 , 0.0337487 , 0
156.254,9.01,0.0316548 , 0.0316548 , 0
156.254,9.19,0.0296826 , 0.0296826 , 0
156.254,9.37,0.0278332 , 0.0278332 , 0
156.254,9.55,0.0261054 , 0.0261054 , 0
156.254,9.73,0.024496 , 0.024496 , 0
156.254,9.91,0.0230005 , 0.0230005 , 0
157.105,1.09,1.77852 , 1.77852 , 0
157.105,1.27,1.48713 , 1.48713 , 0
157.105,1.45,1.15028 , 1.15028 , 0
157.105,1.63,0.980566 , 0.980566 , 0
157.105,1.81,0.769731 , 0.769731 , 0
157.105,1.99,0.619175 , 0.619175 , 0
157.105,2.17,0.541187 , 0.541187 , 0
157.105,2.35,0.461399 , 0.461399 , 0
157.105,2.53,0.435381 , 0.435381 , 0
157.105,2.71,0.42759 , 0.42759 , 0
157.105,2.89,0.386709 , 0.386709 , 0
157.105,3.07,0.333461 , 0.333461 , 0
157.105,3.25,0.291325 , 0.291325 , 0
157.105,3.43,0.263312 , 0.263312 , 0
157.105,3.61,0.243015 , 0.243015 , 0
157.105,3.79,0.223685 , 0.223685 , 0
157.105,3.97,0.202207 , 0.202207 , 0
157.105,4.15,0.17825 , 0.17825 , 0
157.105,4.33,0.15381 , 0.15381 , 0
157.105,4.51,0.131059 , 0.131059 , 0
157.105,4.69,0.111595 , 0.111595 , 0
157.105,4.87,0.0963347 , 0.0963347 , 0
157.105,5.05,0.0852184 , 0.0852184 , 0
157.105,5.23,0.0776188 , 0.0776188 , 0
157.105,5.41,0.0728102 , 0.0728102 , 0
157.105,5.59,0.069933 , 0.069933 , 0
157.105,5.77,0.0682116 , 0.0682116 , 0
157.105,5.95,0.0670548 , 0.0670548 , 0
157.105,6.13,0.0660435 , 0.0660435 , 0
157.105,6.31,0.0649118 , 0.0649118 , 0
157.105,6.49,0.0634656 , 0.0634656 , 0
157.105,6.67,0.0617074 , 0.0617074 , 0
157.105,6.85,0.0596448 , 0.0596448 , 0
157.105,7.03,0.0573204 , 0.0573204 , 0
157.105,7.21,0.0547776 , 0.0547776 , 0
157.105,7.39,0.0520948 , 0.0520948 , 0
157.105,7.57,0.0493407 , 0.0493407 , 0
157.105,7.75,0.0465709 , 0.0465709 , 0
157.105,7.93,0.0438318 , 0.0438318 , 0
157.105,8.11,0.041148 , 0.041148 , 0
157.105,8.29,0.0385588 , 0.0385588 , 0
157.105,8.47,0.0360857 , 0.0360857 , 0
157.105,8.65,0.0337421 , 0.0337421 , 0
157.105,8.83,0.0315358 , 0.0315358 , 0
157.105,9.01,0.0294702 , 0.0294702 , 0
157.105,9.19,0.0275459 , 0.0275459 , 0
157.105,9.37,0.0257597 , 0.0257597 , 0
157.105,9.55,0.0241064 , 0.0241064 , 0
157.105,9.73,0.0225795 , 0.0225795 , 0
157.105,9.91,0.0211718 , 0.0211718 , 0
157.956,1.09,1.73537 , 1.73537 , 0
157.956,1.27,1.4411 , 1.4411 , 0
157.956,1.45,1.12126 , 1.12126 , 0
157.956,1.63,0.938047 , 0.938047 , 0
157.956,1.81,0.742561 , 0.742561 , 0
157.956,1.99,0.595613 , 0.595613 , 0
157.956,2.17,0.520204 , 0.520204 , 0
157.956,2.35,0.445619 , 0.445619 , 0
157.956,2.53,0.414186 , 0.414186 , 0
157.956,2.71,0.405445 , 0.405445 , 0
157.956,2.89,0.373334 , 0.373334 , 0
157.956,3.07,0.328168 , 0.328168 , 0
157.956,3.25,0.288843 , 0.288843 , 0
157.956,3.43,0.259979 , 0.259979 , 0
157.956,3.61,0.237341 , 0.237341 , 0
157.956,3.79,0.215389 , 0.215389 , 0
157.956,3.97,0.191702 , 0.191702 , 0
157.956,4.15,0.166477 , 0.166477 , 0
157.956,4.33,0.14194 , 0.14194 , 0
157.956,4.51,0.120199 , 0.120199 , 0
157.956,4.69,0.102553 , 0.102553 , 0
157.956,4.87,0.0895028 , 0.0895028 , 0
157.956,5.05,0.0806134 , 0.0806134 , 0
157.956,5.23,0.0749867 , 0.0749867 , 0
157.956,5.41,0.0717378 , 0.0717378 , 0
157.956,5.59,0.0699531 , 0.0699531 , 0
157.956,5.77,0.0688703 , 0.0688703 , 0
157.956,5.95,0.0679717 , 0.0679717 , 0
157.956,6.13,0.0669269 , 0.0669269 , 0
157.956,6.31,0.065557 , 0.065557 , 0
157.956,6.49,0.063746 , 0.063746 , 0
157.956,6.67,0.0615608 , 0.0615608 , 0
157.956,6.85,0.0590578 , 0.0590578 , 0
157.956,7.03,0.0563143 , 0.0563143 , 0
157.956,7.21,0.0534 , 0.0534 , 0
157.956,7.39,0.0504021 , 0.0504021 , 0
157.956,7.57,0.0473928 , 0.0473928 , 0
157.956,7.75,0.0444276 , 0.0444276 , 0
157.956,7.93,0.0415498 , 0.0415498 , 0
157.956,8.11,0.0387777 , 0.0387777 , 0
157.956,8.29,0.0361446 , 0.0361446 , 0
157.956,8.47,0.033665 , 0.033665 , 0
157.956,8.65,0.031346 , 0.031346 , 0
157.956,8.83,0.0291892 , 0.0291892 , 0
157.956,9.01,0.0271931 , 0.0271931 , 0
157.956,9.19,0.0253531 , 0.0253531 , 0
157.956,9.37,0.0236617 , 0.0236617 , 0
157.956,9.55,0.0221101 , 0.0221101 , 0
157.956,9.73,0.0206889 , 0.0206889 , 0
157.956,9.91,0.0193883 , 0.0193883 , 0
158.808,1.09,1.69246 , 1.69246 , 0
158.808,1.27,1.39905 , 1.39905 , 0
158.808,1.45,1.08829 , 1.08829 , 0
158.808,1.63,0.895731 , 0.895731 , 0
158.808,1.81,0.717824 , 0.717824 , 0
158.808,1.99,0.57255 , 0.57255 , 0
158.808,2.17,0.499755 , 0.499755 , 0
158.808,2.35,0.430359 , 0.430359 , 0
158.808,2.53,0.395005 , 0.395005 , 0
158.808,2.71,0.383596 , 0.383596 , 0
158.808,2.89,0.35784 , 0.35784 , 0
158.808,3.07,0.320495 , 0.320495 , 0
158.808,3.25,0.284859 , 0.284859 , 0
158.808,3.43,0.255743 , 0.255743 , 0
158.808,3.61,0.230917 , 0.230917 , 0
158.808,3.79,0.206471 , 0.206471 , 0
158.808,3.97,0.180953 , 0.180953 , 0
158.808,4.15,0.155058 , 0.155058 , 0
158.808,4.33,0.131053 , 0.131053 , 0
158.808,4.51,0.110802 , 0.110802 , 0
158.808,4.69,0.0952111 , 0.0952111 , 0
158.808,4.87,0.0843623 , 0.0843623 , 0
158.808,5.05,0.0774988 , 0.0774988 , 0
158.808,5.23,0.0735244 , 0.0735244 , 0
158.808,5.41,0.0714636 , 0.0714636 , 0
158.808,5.59,0.0704036 , 0.0704036 , 0
158.808,5.77,0.069632 , 0.069632 , 0
158.808,5.95,0.068725 , 0.068725 , 0
158.808,6.13,0.0674465 , 0.0674465 , 0
158.808,6.31,0.0657028 , 0.0657028 , 0
158.808,6.49,0.0634482 , 0.0634482 , 0
158.808,6.67,0.0608046 , 0.0608046 , 0
158.808,6.85,0.0578667 , 0.0578667 , 0
158.808,7.03,0.0547363 , 0.0547363 , 0
158.808,7.21,0.0515005 , 0.0515005 , 0
158.808,7.39,0.0482484 , 0.0482484 , 0
158.808,7.57,0.0450502 , 0.0450502 , 0
158.808,7.75,0.0419573 , 0.0419573 , 0
158.808,7.93,0.0390066 , 0.0390066 , 0
158.808,8.11,0.0362077 , 0.0362077 , 0
158.808,8.29,0.0335867 , 0.0335867 , 0
158.808,8.47,0.0311512 , 0.0311512 , 0
158.808,8.65,0.0289013 , 0.0289013 , 0
158.808,8.83,0.0268326 , 0.0268326 , 0
158.808,9.01,0.0249387 , 0.0249387 , 0
158.808,9.19,0.0232107 , 0.0232107 , 0
158.808,9.37,0.0216367 , 0.0216367 , 0
158.808,9.55,0.0202049 , 0.0202049 , 0
158.808,9.73,0.0189033 , 0.0189033 , 0
158.808,9.91,0.0177203 , 0.0177203 , 0
159.659,1.09,1.64521 , 1.64521 , 0
159.659,1.27,1.35874 , 1.35874 , 0
159.659,1.45,1.05286 , 1.05286 , 0
159.659,1.63,0.85636 , 0.85636 , 0
159.659,1.81,0.693906 , 0.693906 , 0
159.659,1.99,0.550614 , 0.550614 , 0
159.659,2.17,0.479683 , 0.479683 , 0
159.659,2.35,0.415222 , 0.415222 , 0
159.659,2.53,0.377352 , 0.377352 , 0
159.659,2.71,0.362584 , 0.362584 , 0
159.659,2.89,0.340914 , 0.340914 , 0
159.659,3.07,0.31048 , 0.31048 , 0
159.659,3.25,0.278993 , 0.278993 , 0
159.659,3.43,0.250292 , 0.250292 , 0
159.659,3.61,0.223703 , 0.223703 , 0
159.659,3.79,0.197109 , 0.197109 , 0
159.659,3.97,0.17021 , 0.17021 , 0
159.659,4.15,0.144183 , 0.144183 , 0
159.659,4.33,0.121205 , 0.121205 , 0
159.659,4.51,0.102769 , 0.102769 , 0
159.659,4.69,0.0893357 , 0.0893357 , 0
159.659,4.87,0.0805821 , 0.0805821 , 0
159.659,5.05,0.0754873 , 0.0754873 , 0
159.659,5.23,0.0728282 , 0.0728282 , 0
159.659,5.41,0.0716005 , 0.0716005 , 0
159.659,5.59,0.0709383 , 0.0709383 , 0
159.659,5.77,0.0702078 , 0.0702078 , 0
159.659,5.95,0.0690903 , 0.0690903 , 0
159.659,6.13,0.0674443 , 0.0674443 , 0
159.659,6.31,0.065254 , 0.065254 , 0
159.659,6.49,0.0625339 , 0.0625339 , 0
159.659,6.67,0.0594493 , 0.0594493 , 0
159.659,6.85,0.0561221 , 0.0561221 , 0
159.659,7.03,0.0526684 , 0.0526684 , 0
159.659,7.21,0.0491841 , 0.0491841 , 0
159.659,7.39,0.0457543 , 0.0457543 , 0
159.659,7.57,0.0424431 , 0.0424431 , 0
159.659,7.75,0.0392945 , 0.0392945 , 0
159.659,7.93,0.0363367 , 0.0363367 , 0
159.659,8.11,0.0335691 , 0.0335691 , 0
159.659,8.29,0.0310111 , 0.0310111 , 0
159.659,8.47,0.0286628 , 0.0286628 , 0
159.659,8.65,0.0265179 , 0.0265179 , 0
159.659,8.83,0.0245665 , 0.0245665 , 0
159.659,9.01,0.0227981 , 0.0227981 , 0
159.659,9.19,0.0212 , 0.0212 , 0
159.659,9.37,0.0197564 , 0.0197564 , 0
159.659,9.55,0.0184532 , 0.0184532 , 0
159.659,9.73,0.0172766 , 0.0172766 , 0
159.659,9.91,0.0162138 , 0.0162138 , 0
160.51,1.09,1.59266 , 1.59266 , 0
160.51,1.27,1.31757 , 1.31757 , 0
160.51,1.45,1.01639 , 1.01639 , 0
160.51,1.63,0.820288 , 0.820288 , 0
160.51,1.81,0.669164 , 0.669164 , 0
160.51,1.99,0.530085 , 0.530085 , 0
160.51,2.17,0.460072 , 0.460072 , 0
160.51,2.35,0.400758 , 0.400758 , 0
160.51,2.53,0.361659 , 0.361659 , 0
160.51,2.71,0.343256 , 0.343256 , 0
160.51,2.89,0.323752 , 0.323752 , 0
160.51,3.07,0.299141 , 0.299141 , 0
160.51,3.25,0.271968 , 0.271968 , 0
160.51,3.43,0.244182 , 0.244182 , 0
160.51,3.61,0.216145 , 0.216145 , 0
160.51,3.79,0.187584 , 0.187584 , 0
160.51,3.97,0.159532 , 0.159532 , 0
160.51,4.15,0.133699 , 0.133699 , 0
160.51,4.33,0.112094 , 0.112094 , 0
160.51,4.51,0.0957421 , 0.0957421 , 0
160.51,4.69,0.0845872 , 0.0845872 , 0
160.51,4.87,0.0778964 , 0.0778964 , 0
160.51,5.05,0.0744141 , 0.0744141 , 0
160.51,5.23,0.072839 , 0.072839 , 0
160.51,5.41,0.0721843 , 0.0721843 , 0
160.51,5.59,0.0716694 , 0.0716694 , 0
160.51,5.77,0.0707651 , 0.0707651 , 0
160.51,5.95,0.0692699 , 0.0692699 , 0
160.51,6.13,0.06714 , 0.06714 , 0
160.51,6.31,0.0644342 , 0.0644342 , 0
160.51,6.49,0.0612202 , 0.0612202 , 0
160.51,6.67,0.0576986 , 0.0576986 , 0
160.51,6.85,0.0540095 , 0.0540095 , 0
160.51,7.03,0.050276 , 0.050276 , 0
160.51,7.21,0.0465953 , 0.0465953 , 0
160.51,7.39,0.0430439 , 0.0430439 , 0
160.51,7.57,0.0396759 , 0.0396759 , 0
160.51,7.75,0.036525 , 0.036525 , 0
160.51,7.93,0.0336095 , 0.0336095 , 0
160.51,8.11,0.0309169 , 0.0309169 , 0
160.51,8.29,0.0284596 , 0.0284596 , 0
160.51,8.47,0.0262305 , 0.0262305 , 0
160.51,8.65,0.024217 , 0.024217 , 0
160.51,8.83,0.022404 , 0.022404 , 0
160.51,9.01,0.0207776 , 0.0207776 , 0
160.51,9.19,0.0193214 , 0.0193214 , 0
160.51,9.37,0.0180166 , 0.0180166 , 0
160.51,9.55,0.0168471 , 0.0168471 , 0
160.51,9.73,0.0157979 , 0.0157979 , 0
160.51,9.91,0.0148552 , 0.0148552 , 0
161.362,1.09,1.54218 , 1.54218 , 0
161.362,1.27,1.27376 , 1.27376 , 0
161.362,1.45,0.98025 , 0.98025 , 0
161.362,1.63,0.78765 , 0.78765 , 0
161.362,1.81,0.643188 , 0.643188 , 0
161.362,1.99,0.510908 , 0.510908 , 0
161.362,2.17,0.440604 , 0.440604 , 0
161.362,2.35,0.386295 , 0.386295 , 0
161.362,2.53,0.346784 , 0.346784 , 0
161.362,2.71,0.325198 , 0.325198 , 0
161.362,2.89,0.306457 , 0.306457 , 0
161.362,3.07,0.286243 , 0.286243 , 0
161.362,3.25,0.263092 , 0.263092 , 0
161.362,3.43,0.236679 , 0.236679 , 0
161.362,3.61,0.207813 , 0.207813 , 0
161.362,3.79,0.177851 , 0.177851 , 0
161.362,3.97,0.14914 , 0.14914 , 0
161.362,4.15,0.123904 , 0.123904 , 0
161.362,4.33,0.103942 , 0.103942 , 0
161.362,4.51,0.0897703 , 0.0897703 , 0
161.362,4.69,0.0808227 , 0.0808227 , 0
161.362,4.87,0.0759919 , 0.0759919 , 0
161.362,5.05,0.0738438 , 0.0738438 , 0
161.362,5.23,0.0730541 , 0.0730541 , 0
161.362,5.41,0.0726966 , 0.0726966 , 0
161.362,5.59,0.0721037 , 0.0721037 , 0
161.362,5.77,0.0708648 , 0.0708648 , 0
161.362,5.95,0.068896 , 0.068896 , 0
161.362,6.13,0.0662437 , 0.0662437 , 0
161.362,6.31,0.063031 , 0.063031 , 0
161.362,6.49,0.0593671 , 0.0593671 , 0
161.362,6.67,0.0554759 , 0.0554759 , 0
161.362,6.85,0.0515058 , 0.0515058 , 0
161.362,7.03,0.0475786 , 0.0475786 , 0
161.362,7.21,0.0437863 , 0.0437863 , 0
161.362,7.39,0.0401932 , 0.0401932 , 0
161.362,7.57,0.0368407 , 0.0368407 , 0
161.362,7.75,0.033751 , 0.033751 , 0
161.362,7.93,0.0309313 , 0.0309313 , 0
161.362,8.11,0.0283577 , 0.0283577 , 0
161.362,8.29,0.0260363 , 0.0260363 , 0
161.362,8.47,0.0239535 , 0.0239535 , 0
161.362,8.65,0.0220912 , 0.0220912 , 0
161.362,8.83,0.0204301 , 0.0204301 , 0
161.362,9.01,0.0189537 , 0.0189537 , 0
161.362,9.19,0.0176429 , 0.0176429 , 0
161.362,9.37,0.0164766 , 0.0164766 , 0
161.362,9.55,0.0154376 , 0.0154376 , 0
161.362,9.73,0.0145102 , 0.0145102 , 0
161.362,9.91,0.0136805 , 0.0136805 , 0
162.213,1.09,1.49134 , 1.49134 , 0
162.213,1.27,1.22164 , 1.22164 , 0
162.213,1.45,0.942274 , 0.942274 , 0
162.213,1.63,0.75553 , 0.75553 , 0
162.213,1.81,0.615296 , 0.615296 , 0
162.213,1.99,0.492556 , 0.492556 , 0
162.213,2.17,0.42092 , 0.42092 , 0
162.213,2.35,0.371425 , 0.371425 , 0
162.213,2.53,0.332076 , 0.332076 , 0
162.213,2.71,0.308123 , 0.308123 , 0
162.213,2.89,0.289392 , 0.289392 , 0
162.213,3.07,0.272238 , 0.272238 , 0
162.213,3.25,0.252556 , 0.252556 , 0
162.213,3.43,0.227822 , 0.227822 , 0
162.213,3.61,0.198817 , 0.198817 , 0
162.213,3.79,0.16816 , 0.16816 , 0
162.213,3.97,0.139354 , 0.139354 , 0
162.213,4.15,0.115066 , 0.115066 , 0
162.213,4.33,0.0968787 , 0.0968787 , 0
162.213,4.51,0.0848236 , 0.0848236 , 0
162.213,4.69,0.0778727 , 0.0778727 , 0
162.213,4.87,0.0746102 , 0.0746102 , 0
162.213,5.05,0.0734839 , 0.0734839 , 0
162.213,5.23,0.0731935 , 0.0731935 , 0
162.213,5.41,0.0729025 , 0.0729025 , 0
162.213,5.59,0.07207 , 0.07207 , 0
162.213,5.77,0.0704077 , 0.0704077 , 0
162.213,5.95,0.067939 , 0.067939 , 0
162.213,6.13,0.0647876 , 0.0647876 , 0
162.213,6.31,0.061127 , 0.061127 , 0
162.213,6.49,0.0570963 , 0.0570963 , 0
162.213,6.67,0.0529303 , 0.0529303 , 0
162.213,6.85,0.0487771 , 0.0487771 , 0
162.213,7.03,0.0447505 , 0.0447505 , 0
162.213,7.21,0.0409318 , 0.0409318 , 0
162.213,7.39,0.0373715 , 0.0373715 , 0
162.213,7.57,0.0340977 , 0.0340977 , 0
162.213,7.75,0.0311208 , 0.0311208 , 0
162.213,7.93,0.0284377 , 0.0284377 , 0
162.213,8.11,0.026014 , 0.026014 , 0
162.213,8.29,0.0238505 , 0.0238505 , 0
162.213,8.47,0.0219283 , 0.0219283 , 0
162.213,8.65,0.0202249 , 0.0202249 , 0
162.213,8.83,0.0187179 , 0.0187179 , 0
162.213,9.01,0.0173892 , 0.0173892 , 0
162.213,9.19,0.0162179 , 0.0162179 , 0
162.213,9.37,0.0151815 , 0.0151815 , 0
162.213,9.55,0.0142623 , 0.0142623 , 0
162.213,9.73,0.0134447 , 0.0134447 , 0
162.213,9.91,0.012715 , 0.012715 , 0
163.064,1.09,1.43884 , 1.43884 , 0
163.064,1.27,1.16276 , 1.16276 , 0
163.064,1.45,0.902097 , 0.902097 , 0
163.064,1.63,0.722747 , 0.722747 , 0
163.064,1.81,0.585317 , 0.585317 , 0
163.064,1.99,0.474522 , 0.474522 , 0
163.064,2.17,0.401303 , 0.401303 , 0
163.064,2.35,0.357079 , 0.357079 , 0
163.064,2.53,0.318373 , 0.318373 , 0
163.064,2.71,0.292544 , 0.292544 , 0
163.064,2.89,0.27334 , 0.27334 , 0
163.064,3.07,0.258191 , 0.258191 , 0
163.064,3.25,0.241373 , 0.241373 , 0
163.064,3.43,0.218344 , 0.218344 , 0
163.064,3.61,0.189536 , 0.189536 , 0
163.064,3.79,0.158568 , 0.158568 , 0
163.064,3.97,0.129988 , 0.129988 , 0
163.064,4.15,0.106875 , 0.106875 , 0
163.064,4.33,0.0905807 , 0.0905807 , 0
163.064,4.51,0.0806536 , 0.0806536 , 0
163.064,4.69,0.075615 , 0.075615 , 0
163.064,4.87,0.0737699 , 0.0737699 , 0
163.064,5.05,0.0734808 , 0.0734808 , 0
163.064,5.23,0.073502 , 0.073502 , 0
163.064,5.41,0.0731105 , 0.0731105 , 0
163.064,5.59,0.0719075 , 0.0719075 , 0
163.064,5.77,0.0697345 , 0.0697345 , 0
163.064,5.95,0.0667196 , 0.0667196 , 0
163.064,6.13,0.0630585 , 0.0630585 , 0
163.064,6.31,0.0589674 , 0.0589674 , 0
163.064,6.49,0.0546077 , 0.0546077 , 0
163.064,6.67,0.0502172 , 0.0502172 , 0
163.064,6.85,0.0459369 , 0.0459369 , 0
163.064,7.03,0.0418678 , 0.0418678 , 0
163.064,7.21,0.0380756 , 0.0380756 , 0
163.064,7.39,0.0345956 , 0.0345956 , 0
163.064,7.57,0.0314419 , 0.0314419 , 0
163.064,7.75,0.0286124 , 0.0286124 , 0
163.064,7.93,0.0260933 , 0.0260933 , 0
163.064,8.11,0.0238409 , 0.0238409 , 0
163.064,8.29,0.0218509 , 0.0218509 , 0
163.064,8.47,0.0200994 , 0.0200994 , 0
163.064,8.65,0.0185607 , 0.0185607 , 0
163.064,8.83,0.0172095 , 0.0172095 , 0
163.064,9.01,0.0160268 , 0.0160268 , 0
163.064,9.19,0.0149905 , 0.0149905 , 0
163.064,9.37,0.0140774 , 0.0140774 , 0
163.064,9.55,0.01327 , 0.01327 , 0
163.064,9.73,0.0125531 , 0.0125531 , 0
163.064,9.91,0.0119136 , 0.0119136 , 0
163.915,1.09,1.39051 , 1.39051 , 0
163.915,1.27,1.10131 , 1.10131 , 0
163.915,1.45,0.861512 , 0.861512 , 0
163.915,1.63,0.689495 , 0.689495 , 0
163.915,1.81,0.555067 , 0.555067 , 0
163.915,1.99,0.456794 , 0.456794 , 0
163.915,2.17,0.381469 , 0.381469 , 0
163.915,2.35,0.342205 , 0.342205 , 0
163.915,2.53,0.304467 , 0.304467 , 0
163.915,2.71,0.27745 , 0.27745 , 0
163.915,2.89,0.257715 , 0.257715 , 0
163.915,3.07,0.24367 , 0.24367 , 0
163.915,3.25,0.229 , 0.229 , 0
163.915,3.43,0.207682 , 0.207682 , 0
163.915,3.61,0.179605 , 0.179605 , 0
163.915,3.79,0.14898 , 0.14898 , 0
163.915,3.97,0.121116 , 0.121116 , 0
163.915,4.15,0.0993906 , 0.0993906 , 0
163.915,4.33,0.0849512 , 0.0849512 , 0
163.915,4.51,0.0769407 , 0.0769407 , 0
163.915,4.69,0.0735213 , 0.0735213 , 0
163.915,4.87,0.0727936 , 0.0727936 , 0
163.915,5.05,0.0730857 , 0.0730857 , 0
163.915,5.23,0.0732321 , 0.0732321 , 0
163.915,5.41,0.0726308 , 0.0726308 , 0
163.915,5.59,0.0710196 , 0.0710196 , 0
163.915,5.77,0.0683579 , 0.0683579 , 0
163.915,5.95,0.0648621 , 0.0648621 , 0
163.915,6.13,0.0607837 , 0.0607837 , 0
163.915,6.31,0.0563687 , 0.0563687 , 0
163.915,6.49,0.0517907 , 0.0517907 , 0
163.915,6.67,0.0472817 , 0.0472817 , 0
163.915,6.85,0.0429706 , 0.0429706 , 0
163.915,7.03,0.038943 , 0.038943 , 0
163.915,7.21,0.0352477 , 0.0352477 , 0
163.915,7.39,0.0319048 , 0.0319048 , 0
163.915,7.57,0.0289151 , 0.0289151 , 0
163.915,7.75,0.0262651 , 0.0262651 , 0
163.915,7.93,0.0239321 , 0.0239321 , 0
163.915,8.11,0.0218649 , 0.0218649 , 0
163.915,8.29,0.0200551 , 0.0200551 , 0
163.915,8.47,0.0184755 , 0.0184755 , 0
163.915,8.65,0.0170977 , 0.0170977 , 0
163.915,8.83,0.0158954 , 0.0158954 , 0
163.915,9.01,0.014849 , 0.014849 , 0
163.915,9.19,0.0139361 , 0.0139361 , 0
163.915,9.37,0.0131336 , 0.0131336 , 0
163.915,9.55,0.0124248 , 0.0124248 , 0
163.915,9.73,0.0117953 , 0.0117953 , 0
163.915,9.91,0.0112329 , 0.0112329 , 0
164.767,1.09,1.34212 , 1.34212 , 0
164.767,1.27,1.03896 , 1.03896 , 0
164.767,1.45,0.819745 , 0.819745 , 0
164.767,1.63,0.655322 , 0.655322 , 0
164.767,1.81,0.524695 , 0.524695 , 0
164.767,1.99,0.438874 , 0.438874 , 0
164.767,2.17,0.361602 , 0.361602 , 0
164.767,2.35,0.327159 , 0.327159 , 0
164.767,2.53,0.290718 , 0.290718 , 0
164.767,2.71,0.26295 , 0.26295 , 0
164.767,2.89,0.24277 , 0.24277 , 0
164.767,3.07,0.229232 , 0.229232 , 0
164.767,3.25,0.216076 , 0.216076 , 0
164.767,3.43,0.196318 , 0.196318 , 0
164.767,3.61,0.169264 , 0.169264 , 0
164.767,3.79,0.13942 , 0.13942 , 0
164.767,3.97,0.112612 , 0.112612 , 0
164.767,4.15,0.0924217 , 0.0924217 , 0
164.767,4.33,0.0797971 , 0.0797971 , 0
164.767,4.51,0.0735378 , 0.0735378 , 0
164.767,4.69,0.0715164 , 0.0715164 , 0
164.767,4.87,0.0716858 , 0.0716858 , 0
164.767,5.05,0.0723767 , 0.0723767 , 0
164.767,5.23,0.0725204 , 0.0725204 , 0
164.767,5.41,0.0716401 , 0.0716401 , 0
164.767,5.59,0.0696042 , 0.0696042 , 0
164.767,5.77,0.0664803 , 0.0664803 , 0
164.767,5.95,0.0625598 , 0.0625598 , 0
164.767,6.13,0.0581387 , 0.0581387 , 0
164.767,6.31,0.0534824 , 0.0534824 , 0
164.767,6.49,0.0487697 , 0.0487697 , 0
164.767,6.67,0.0442208 , 0.0442208 , 0
164.767,6.85,0.0399492 , 0.0399492 , 0
164.767,7.03,0.0360232 , 0.0360232 , 0
164.767,7.21,0.0324741 , 0.0324741 , 0
164.767,7.39,0.0293072 , 0.0293072 , 0
164.767,7.57,0.0265107 , 0.0265107 , 0
164.767,7.75,0.0240608 , 0.0240608 , 0
164.767,7.93,0.021927 , 0.021927 , 0
164.767,8.11,0.0200521 , 0.0200521 , 0
164.767,8.29,0.0184246 , 0.0184246 , 0
164.767,8.47,0.0170147 , 0.0170147 , 0
164.767,8.65,0.0157928 , 0.0157928 , 0
164.767,8.83,0.0147319 , 0.0147319 , 0
164.767,9.01,0.0138126 , 0.0138126 , 0
164.767,9.19,0.0130127 , 0.0130127 , 0
164.767,9.37,0.0123099 , 0.0123099 , 0
164.767,9.55,0.0116886 , 0.0116886 , 0
164.767,9.73,0.0111355 , 0.0111355 , 0
164.767,9.91,0.0106395 , 0.0106395 , 0
165.618,1.09,1.28984 , 1.28984 , 0
165.618,1.27,0.97687 , 0.97687 , 0
165.618,1.45,0.776454 , 0.776454 , 0
165.618,1.63,0.620023 , 0.620023 , 0
165.618,1.81,0.49456 , 0.49456 , 0
165.618,1.99,0.42034 , 0.42034 , 0
165.618,2.17,0.341669 , 0.341669 , 0
165.618,2.35,0.311809 , 0.311809 , 0
165.618,2.53,0.277032 , 0.277032 , 0
165.618,2.71,0.248846 , 0.248846 , 0
165.618,2.89,0.228399 , 0.228399 , 0
165.618,3.07,0.214995 , 0.214995 , 0
165.618,3.25,0.202816 , 0.202816 , 0
165.618,3.43,0.184434 , 0.184434 , 0
165.618,3.61,0.158622 , 0.158622 , 0
165.618,3.79,0.129936 , 0.129936 , 0
165.618,3.97,0.104482 , 0.104482 , 0
165.618,4.15,0.085928 , 0.085928 , 0
165.618,4.33,0.0750369 , 0.0750369 , 0
165.618,4.51,0.0703323 , 0.0703323 , 0
165.618,4.69,0.0694739 , 0.0694739 , 0
165.618,4.87,0.0703255 , 0.0703255 , 0
165.618,5.05,0.0712533 , 0.0712533 , 0
165.618,5.23,0.0712974 , 0.0712974 , 0
165.618,5.41,0.0701034 , 0.0701034 , 0
165.618,5.59,0.0676595 , 0.0676595 , 0
165.618,5.77,0.0641275 , 0.0641275 , 0
165.618,5.95,0.0598596 , 0.0598596 , 0
165.618,6.13,0.0551836 , 0.0551836 , 0
165.618,6.31,0.0503753 , 0.0503753 , 0
165.618,6.49,0.0456124 , 0.0456124 , 0
165.618,6.67,0.0410985 , 0.0410985 , 0
165.618,6.85,0.0369299 , 0.0369299 , 0
165.618,7.03,0.0331568 , 0.0331568 , 0
165.618,7.21,0.0297937 , 0.0297937 , 0
165.618,7.39,0.0268319 , 0.0268319 , 0
165.618,7.57,0.0242483 , 0.0242483 , 0
165.618,7.75,0.0220102 , 0.0220102 , 0
165.618,7.93,0.0200809 , 0.0200809 , 0
165.618,8.11,0.0183986 , 0.0183986 , 0
165.618,8.29,0.0169498 , 0.0169498 , 0
165.618,8.47,0.0157031 , 0.0157031 , 0
165.618,8.65,0.0146283 , 0.0146283 , 0
165.618,8.83,0.0136986 , 0.0136986 , 0
165.618,9.01,0.0128952 , 0.0128952 , 0
165.618,9.19,0.0121967 , 0.0121967 , 0
165.618,9.37,0.0115821 , 0.0115821 , 0
165.618,9.55,0.0110371 , 0.0110371 , 0
165.618,9.73,0.0105496 , 0.0105496 , 0
165.618,9.91,0.0101097 , 0.0101097 , 0
166.469,1.09,1.23154 , 1.23154 , 0
166.469,1.27,0.915615 , 0.915615 , 0
166.469,1.45,0.731627 , 0.731627 , 0
166.469,1.63,0.583687 , 0.583687 , 0
166.469,1.81,0.464923 , 0.464923 , 0
166.469,1.99,0.400987 , 0.400987 , 0
166.469,2.17,0.321674 , 0.321674 , 0
166.469,2.35,0.295777 , 0.295777 , 0
166.469,2.53,0.263015 , 0.263015 , 0
166.469,2.71,0.234771 , 0.234771 , 0
166.469,2.89,0.214336 , 0.214336 , 0
166.469,3.07,0.200928 , 0.200928 , 0
166.469,3.25,0.18935 , 0.18935 , 0
166.469,3.43,0.172187 , 0.172187 , 0
166.469,3.61,0.147807 , 0.147807 , 0
166.469,3.79,0.120618 , 0.120618 , 0
166.469,3.97,0.0967609 , 0.0967609 , 0
166.469,4.15,0.0798822 , 0.0798822 , 0
166.469,4.33,0.0705774 , 0.0705774 , 0
166.469,4.51,0.0671765 , 0.0671765 , 0
166.469,4.69,0.0672147 , 0.0672147 , 0
166.469,4.87,0.0685286 , 0.0685286 , 0
166.469,5.05,0.0695507 , 0.0695507 , 0
166.469,5.23,0.0694333 , 0.0694333 , 0
166.469,5.41,0.0679337 , 0.0679337 , 0
166.469,5.59,0.0651416 , 0.0651416 , 0
166.469,5.77,0.0612942 , 0.0612942 , 0
166.469,5.95,0.0567866 , 0.0567866 , 0
166.469,6.13,0.0519653 , 0.0519653 , 0
166.469,6.31,0.0471074 , 0.0471074 , 0
166.469,6.49,0.0423839 , 0.0423839 , 0
166.469,6.67,0.0379796 , 0.0379796 , 0
166.469,6.85,0.0339725 , 0.0339725 , 0
166.469,7.03,0.030396 , 0.030396 , 0
166.469,7.21,0.0272493 , 0.0272493 , 0
166.469,7.39,0.0245116 , 0.0245116 , 0
166.469,7.57,0.0221505 , 0.0221505 , 0
166.469,7.75,0.0201266 , 0.0201266 , 0
166.469,7.93,0.0183983 , 0.0183983 , 0
166.469,8.11,0.0169017 , 0.0169017 , 0
166.469,8.29,0.0156216 , 0.0156216 , 0
166.469,8.47,0.0145261 , 0.0145261 , 0
166.469,8.65,0.0135855 , 0.0135855 , 0
166.469,8.83,0.0127737 , 0.0127737 , 0
166.469,9.01,0.0120728 , 0.0120728 , 0
166.469,9.19,0.0114627 , 0.0114627 , 0
166.469,9.37,0.010924 , 0.010924 , 0
166.469,9.55,0.0104438 , 0.0104438 , 0
166.469,9.73,0.0100113 , 0.0100113 , 0
166.469,9.91,0.00961807 , 0.00961807 , 0
167.321,1.09,1.16669 , 1.16669 , 0
167.321,1.27,0.856297 , 0.856297 , 0
167.321,1.45,0.685616 , 0.685616 , 0
167.321,1.63,0.546738 , 0.546738 , 0
167.321,1.81,0.435692 , 0.435692 , 0
167.321,1.99,0.380526 , 0.380526 , 0
167.321,2.17,0.301704 , 0.301704 , 0
167.321,2.35,0.279419 , 0.279419 , 0
167.321,2.53,0.249039 , 0.249039 , 0
167.321,2.71,0.220932 , 0.220932 , 0
167.321,2.89,0.200698 , 0.200698 , 0
167.321,3.07,0.187238 , 0.187238 , 0
167.321,3.25,0.175976 , 0.175976 , 0
167.321,3.43,0.15984 , 0.15984 , 0
167.321,3.61,0.136944 , 0.136944 , 0
167.321,3.79,0.11144 , 0.11144 , 0
167.321,3.97,0.0893351 , 0.0893351 , 0
167.321,4.15,0.0741557 , 0.0741557 , 0
167.321,4.33,0.0663316 , 0.0663316 , 0
167.321,4.51,0.0640546 , 0.0640546 , 0
167.321,4.69,0.0647978 , 0.0647978 , 0
167.321,4.87,0.0664173 , 0.0664173 , 0
167.321,5.05,0.0674337 , 0.0674337 , 0
167.321,5.23,0.0671145 , 0.0671145 , 0
167.321,5.41,0.0653206 , 0.0653206 , 0
167.321,5.59,0.0622289 , 0.0622289 , 0
167.321,5.77,0.0581378 , 0.0581378 , 0
167.321,5.95,0.053472 , 0.053472 , 0
167.321,6.13,0.0485868 , 0.0485868 , 0
167.321,6.31,0.0437542 , 0.0437542 , 0
167.321,6.49,0.0391349 , 0.0391349 , 0
167.321,6.67,0.0348924 , 0.0348924 , 0
167.321,6.85,0.0310871 , 0.0310871 , 0
167.321,7.03,0.027736 , 0.027736 , 0
167.321,7.21,0.0248244 , 0.0248244 , 0
167.321,7.39,0.0223214 , 0.0223214 , 0
167.321,7.57,0.0201867 , 0.0201867 , 0
167.321,7.75,0.0183755 , 0.0183755 , 0
167.321,7.93,0.016843 , 0.016843 , 0
167.321,8.11,0.0155242 , 0.0155242 , 0
167.321,8.29,0.0144032 , 0.0144032 , 0
167.321,8.47,0.0134484 , 0.0134484 , 0
167.321,8.65,0.0126309 , 0.0126309 , 0
167.321,8.83,0.0119258 , 0.0119258 , 0
167.321,9.01,0.0113164 , 0.0113164 , 0
167.321,9.19,0.0107843 , 0.0107843 , 0
167.321,9.37,0.0103118 , 0.0103118 , 0
167.321,9.55,0.00988736 , 0.00988736 , 0
167.321,9.73,0.00950189 , 0.00950189 , 0
167.321,9.91,0.00914804 , 0.00914804 , 0
168.172,1.09,1.09572 , 1.09572 , 0
168.172,1.27,0.798634 , 0.798634 , 0
168.172,1.45,0.638873 , 0.638873 , 0
168.172,1.63,0.509407 , 0.509407 , 0
168.172,1.81,0.406909 , 0.406909 , 0
168.172,1.99,0.358999 , 0.358999 , 0
168.172,2.17,0.281747 , 0.281747 , 0
168.172,2.35,0.262357 , 0.262357 , 0
168.172,2.53,0.234632 , 0.234632 , 0
168.172,2.71,0.206967 , 0.206967 , 0
168.172,2.89,0.187173 , 0.187173 , 0
168.172,3.07,0.173761 , 0.173761 , 0
168.172,3.25,0.162701 , 0.162701 , 0
168.172,3.43,0.147496 , 0.147496 , 0
168.172,3.61,0.126158 , 0.126158 , 0
168.172,3.79,0.102505 , 0.102505 , 0
168.172,3.97,0.0822524 , 0.0822524 , 0
168.172,4.15,0.0687288 , 0.0687288 , 0
168.172,4.33,0.0622144 , 0.0622144 , 0
168.172,4.51,0.0608314 , 0.0608314 , 0
168.172,4.69,0.0620622 , 0.0620622 , 0
168.172,4.87,0.0638293 , 0.0638293 , 0
168.172,5.05,0.0647594 , 0.0647594 , 0
168.172,5.23,0.0642304 , 0.0642304 , 0
168.172,5.41,0.0621914 , 0.0621914 , 0
168.172,5.59,0.058886 , 0.058886 , 0
168.172,5.77,0.0546552 , 0.0546552 , 0
168.172,5.95,0.0499378 , 0.0499378 , 0
168.172,6.13,0.0450875 , 0.0450875 , 0
168.172,6.31,0.0403649 , 0.0403649 , 0
168.172,6.49,0.0359178 , 0.0359178 , 0
168.172,6.67,0.0318883 , 0.0318883 , 0
168.172,6.85,0.0283201 , 0.0283201 , 0
168.172,7.03,0.0252161 , 0.0252161 , 0
168.172,7.21,0.0225503 , 0.0225503 , 0
168.172,7.39,0.0202839 , 0.0202839 , 0
168.172,7.57,0.018371 , 0.018371 , 0
168.172,7.75,0.0167634 , 0.0167634 , 0
168.172,7.93,0.0154145 , 0.0154145 , 0
168.172,8.11,0.01426 , 0.01426 , 0
168.172,8.29,0.0132837 , 0.0132837 , 0
168.172,8.47,0.0124551 , 0.0124551 , 0
168.172,8.65,0.0117465 , 0.0117465 , 0
168.172,8.83,0.0111348 , 0.0111348 , 0
168.172,9.01,0.0106047 , 0.0106047 , 0
168.172,9.19,0.0101394 , 0.0101394 , 0
168.172,9.37,0.00972304 , 0.00972304 , 0
168.172,9.55,0.00934575 , 0.00934575 , 0
168.172,9.73,0.00899972 , 0.00899972 , 0
168.172,9.91,0.00867884 , 0.00867884 , 0
169.023,1.09,1.02038 , 1.02038 , 0
169.023,1.27,0.743642 , 0.743642 , 0
169.023,1.45,0.591707 , 0.591707 , 0
169.023,1.63,0.472201 , 0.472201 , 0
169.023,1.81,0.37838 , 0.37838 , 0
169.023,1.99,0.335888 , 0.335888 , 0
169.023,2.17,0.261859 , 0.261859 , 0
169.023,2.35,0.24588 , 0.24588 , 0
169.023,2.53,0.221186 , 0.221186 , 0
169.023,2.71,0.193835 , 0.193835 , 0
169.023,2.89,0.174422 , 0.174422 , 0
169.023,3.07,0.160999 , 0.160999 , 0
169.023,3.25,0.14989 , 0.14989 , 0
169.023,3.43,0.135311 , 0.135311 , 0
169.023,3.61,0.115359 , 0.115359 , 0
169.023,3.79,0.0935487 , 0.0935487 , 0
169.023,3.97,0.0752323 , 0.0752323 , 0
169.023,4.15,0.06345 , 0.06345 , 0
169.023,4.33,0.0582851 , 0.0582851 , 0
169.023,4.51,0.057782 , 0.057782 , 0
169.023,4.69,0.059448 , 0.059448 , 0
169.023,4.87,0.0612942 , 0.0612942 , 0
169.023,5.05,0.0620724 , 0.0620724 , 0
169.023,5.23,0.0612825 , 0.0612825 , 0
169.023,5.41,0.0589663 , 0.0589663 , 0
169.023,5.59,0.0554344 , 0.0554344 , 0
169.023,5.77,0.0510669 , 0.0510669 , 0
169.023,5.95,0.0463121 , 0.0463121 , 0
169.023,6.13,0.0415179 , 0.0415179 , 0
169.023,6.31,0.0369296 , 0.0369296 , 0
169.023,6.49,0.032679 , 0.032679 , 0
169.023,6.67,0.0288847 , 0.0288847 , 0
169.023,6.85,0.0255727 , 0.0255727 , 0
169.023,7.03,0.0227312 , 0.0227312 , 0
169.023,7.21,0.0203229 , 0.0203229 , 0
169.023,7.39,0.0183011 , 0.0183011 , 0
169.023,7.57,0.0166148 , 0.0166148 , 0
169.023,7.75,0.0152129 , 0.0152129 , 0
169.023,7.93,0.0140474 , 0.0140474 , 0
169.023,8.11,0.0130554 , 0.0130554 , 0
169.023,8.29,0.0122208 , 0.0122208 , 0
169.023,8.47,0.0115143 , 0.0115143 , 0
169.023,8.65,0.01091 , 0.01091 , 0
169.023,8.83,0.0103867 , 0.0103867 , 0
169.023,9.01,0.00993066 , 0.00993066 , 0
169.023,9.19,0.00952696 , 0.00952696 , 0
169.023,9.37,0.00916182 , 0.00916182 , 0
169.023,9.55,0.00882692 , 0.00882692 , 0
169.023,9.73,0.00851588 , 0.00851588 , 0
169.023,9.91,0.00822388 , 0.00822388 , 0
169.875,1.09,0.941718 , 0.941718 , 0
169.875,1.27,0.690606 , 0.690606 , 0
169.875,1.45,0.544373 , 0.544373 , 0
169.875,1.63,0.435161 , 0.435161 , 0
169.875,1.81,0.350549 , 0.350549 , 0
169.875,1.99,0.3107 , 0.3107 , 0
169.875,2.17,0.242012 , 0.242012 , 0
169.875,2.35,0.230815 , 0.230815 , 0
169.875,2.53,0.209559 , 0.209559 , 0
169.875,2.71,0.182037 , 0.182037 , 0
169.875,2.89,0.162717 , 0.162717 , 0
169.875,3.07,0.14911 , 0.14911 , 0
169.875,3.25,0.137572 , 0.137572 , 0
169.875,3.43,0.123165 , 0.123165 , 0
169.875,3.61,0.104328 , 0.104328 , 0
169.875,3.79,0.0843623 , 0.0843623 , 0
169.875,3.97,0.0681699 , 0.0681699 , 0
169.875,4.15,0.0583657 , 0.0583657 , 0
169.875,4.33,0.0547287 , 0.0547287 , 0
169.875,4.51,0.0551809 , 0.0551809 , 0
169.875,4.69,0.0572589 , 0.0572589 , 0
169.875,4.87,0.0590929 , 0.0590929 , 0
169.875,5.05,0.059596 , 0.059596 , 0
169.875,5.23,0.0584203 , 0.0584203 , 0
169.875,5.41,0.0557197 , 0.0557197 , 0
169.875,5.59,0.0518814 , 0.0518814 , 0
169.875,5.77,0.0473273 , 0.0473273 , 0
169.875,5.95,0.0425126 , 0.0425126 , 0
169.875,6.13,0.0377734 , 0.0377734 , 0
169.875,6.31,0.033334 , 0.033334 , 0
169.875,6.49,0.0293045 , 0.0293045 , 0
169.875,6.67,0.0257751 , 0.0257751 , 0
169.875,6.85,0.0227501 , 0.0227501 , 0
169.875,7.03,0.0202006 , 0.0202006 , 0
169.875,7.21,0.0180764 , 0.0180764 , 0
169.875,7.39,0.0163219 , 0.0163219 , 0
169.875,7.57,0.0148808 , 0.0148808 , 0
169.875,7.75,0.013699 , 0.013699 , 0
169.875,7.93,0.0127276 , 0.0127276 , 0
169.875,8.11,0.0119054 , 0.0119054 , 0
169.875,8.29,0.0112168 , 0.0112168 , 0
169.875,8.47,0.0106343 , 0.0106343 , 0
169.875,8.65,0.0101343 , 0.0101343 , 0
169.875,8.83,0.00969778 , 0.00969778 , 0
169.875,9.01,0.00931297 , 0.00931297 , 0
169.875,9.19,0.00896717 , 0.00896717 , 0
169.875,9.37,0.00864896 , 0.00864896 , 0
169.875,9.55,0.00835186 , 0.00835186 , 0
169.875,9.73,0.00807111 , 0.00807111 , 0
169.875,9.91,0.00780328 , 0.00780328 , 0
170.726,1.09,0.85934 , 0.85934 , 0
170.726,1.27,0.636725 , 0.636725 , 0
170.726,1.45,0.497807 , 0.497807 , 0
170.726,1.63,0.397806 , 0.397806 , 0
170.726,1.81,0.322764 , 0.322764 , 0
170.726,1.99,0.285562 , 0.285562 , 0
170.726,2.17,0.221989 , 0.221989 , 0
170.726,2.35,0.213125 , 0.213125 , 0
170.726,2.53,0.195115 , 0.195115 , 0
170.726,2.71,0.16847 , 0.16847 , 0
170.726,2.89,0.149814 , 0.149814 , 0
170.726,3.07,0.13652 , 0.13652 , 0
170.726,3.25,0.125037 , 0.125037 , 0
170.726,3.43,0.111239 , 0.111239 , 0
170.726,3.61,0.0938793 , 0.0938793 , 0
170.726,3.79,0.075935 , 0.075935 , 0
170.726,3.97,0.0617582 , 0.0617582 , 0
170.726,4.15,0.053557 , 0.053557 , 0
170.726,4.33,0.0509374 , 0.0509374 , 0
170.726,4.51,0.0518547 , 0.0518547 , 0
170.726,4.69,0.0539899 , 0.0539899 , 0
170.726,4.87,0.0556418 , 0.0556418 , 0
170.726,5.05,0.0558762 , 0.0558762 , 0
170.726,5.23,0.0544553 , 0.0544553 , 0
170.726,5.41,0.0515937 , 0.0515937 , 0
170.726,5.59,0.0477061 , 0.0477061 , 0
170.726,5.77,0.0432181 , 0.0432181 , 0
170.726,5.95,0.038566 , 0.038566 , 0
170.726,6.13,0.0340615 , 0.0340615 , 0
170.726,6.31,0.0299039 , 0.0299039 , 0
170.726,6.49,0.026184 , 0.026184 , 0
170.726,6.67,0.0229691 , 0.0229691 , 0
170.726,6.85,0.0202499 , 0.0202499 , 0
170.726,7.03,0.0179876 , 0.0179876 , 0
170.726,7.21,0.016126 , 0.016126 , 0
170.726,7.39,0.014607 , 0.014607 , 0
170.726,7.57,0.0133731 , 0.0133731 , 0
170.726,7.75,0.0123711 , 0.0123711 , 0
170.726,7.93,0.0115539 , 0.0115539 , 0
170.726,8.11,0.0108638 , 0.0108638 , 0
170.726,8.29,0.0102868 , 0.0102868 , 0
170.726,8.47,0.00979763 , 0.00979763 , 0
170.726,8.65,0.0093752 , 0.0093752 , 0
170.726,8.83,0.00900294 , 0.00900294 , 0
170.726,9.01,0.00867077 , 0.00867077 , 0
170.726,9.19,0.00836797 , 0.00836797 , 0
170.726,9.37,0.00808514 , 0.00808514 , 0
170.726,9.55,0.00781723 , 0.00781723 , 0
170.726,9.73,0.0075607 , 0.0075607 , 0
170.726,9.91,0.00731312 , 0.00731312 , 0
