129.012,1.09,1.57504 , 1.57504 , 0
129.012,1.27,1.99901 , 1.99901 , 0
129.012,1.45,0.241037 , 0.241037 , 0
129.012,1.63,4.50582 , 4.50582 , 0
129.012,1.81,0.246217 , 0.246217 , 0
129.012,1.99,3.47667 , 3.47667 , 0
129.012,2.17,1.2134 , 1.2134 , 0
129.012,2.35,0.21631 , 0.21631 , 0
129.012,2.53,1.71022 , 1.71022 , 0
129.012,2.71,2.15585 , 2.15585 , 0
129.012,2.89,1.26287 , 1.26287 , 0
129.012,3.07,0.339125 , 0.339125 , 0
129.012,3.25,0.0580226 , 0.0580226 , 0
129.012,3.43,0.299706 , 0.299706 , 0
129.012,3.61,0.698659 , 0.698659 , 0
129.012,3.79,0.992024 , 0.992024 , 0
129.012,3.97,1.09063 , 1.09063 , 0
129.012,4.15,1.0179 , 1.0179 , 0
129.012,4.33,0.84385 , 0.84385 , 0
129.012,4.51,0.635511 , 0.635511 , 0
129.012,4.69,0.440077 , 0.440077 , 0
129.012,4.87,0.28407 , 0.28407 , 0
129.012,5.05,0.17551 , 0.17551 , 0
129.012,5.23,0.111654 , 0.111654 , 0
129.012,5.41,0.0844549 , 0.0844549 , 0
129.012,5.59,0.0840808 , 0.0840808 , 0
129.012,5.77,0.101107 , 0.101107 , 0
129.012,5.95,0.127763 , 0.127763 , 0
129.012,6.13,0.158082 , 0.158082 , 0
129.012,6.31,0.187849 , 0.187849 , 0
129.012,6.49,0.214082 , 0.214082 , 0
129.012,6.67,0.235471 , 0.235471 , 0
129.012,6.85,0.251375 , 0.251375 , 0
129.012,7.03,0.261754 , 0.261754 , 0
129.012,7.21,0.266916 , 0.266916 , 0
129.012,7.39,0.267463 , 0.267463 , 0
129.012,7.57,0.264087 , 0.264087 , 0
129.012,7.75,0.257488 , 0.257488 , 0
129.012,7.93,0.248345 , 0.248345 , 0
129.012,8.11,0.237209 , 0.237209 , 0
129.012,8.29,0.224707 , 0.224707 , 0
129.012,8.47,0.211319 , 0.211319 , 0
129.012,8.65,0.197443 , 0.197443 , 0
129.012,8.83,0.183404 , 0.183404 , 0
129.012,9.01,0.169442 , 0.169442 , 0
129.012,9.19,0.155767 , 0.155767 , 0
129.012,9.37,0.142555 , 0.142555 , 0
129.012,9.55,0.129917 , 0.129917 , 0
129.012,9.73,0.117932 , 0.117932 , 0
129.012,9.91,0.10665 , 0.10665 , 0
129.863,1.09,0.242063 , 0.242063 , 0
129.863,1.27,0.433282 , 0.433282 , 0
129.863,1.45,1.09906 , 1.09906 , 0
129.863,1.63,4.57234 , 4.57234 , 0
129.863,1.81,0.13121 , 0.13121 , 0
129.863,1.99,3.01991 , 3.01991 , 0
129.863,2.17,1.79836 , 1.79836 , 0
129.863,2.35,0.0807697 , 0.0807697 , 0
129.863,2.53,1.26286 , 1.26286 , 0
129.863,2.71,2.0973 , 2.0973 , 0
129.863,2.89,1.49968 , 1.49968 , 0
129.863,3.07,0.538766 , 0.538766 , 0
129.863,3.25,0.0729163 , 0.0729163 , 0
129.863,3.43,0.169643 , 0.169643 , 0
129.863,3.61,0.524286 , 0.524286 , 0
129.863,3.79,0.850943 , 0.850943 , 0
129.863,3.97,1.01536 , 1.01536 , 0
129.863,4.15,1.00663 , 1.00663 , 0
129.863,4.33,0.877967 , 0.877967 , 0
129.863,4.51,0.692996 , 0.692996 , 0
129.863,4.69,0.502539 , 0.502539 , 0
129.863,4.87,0.339298 , 0.339298 , 0
129.863,5.05,0.217071 , 0.217071 , 0
129.863,5.23,0.137511 , 0.137511 , 0
129.863,5.41,0.0954438 , 0.0954438 , 0
129.863,5.59,0.0825706 , 0.0825706 , 0
129.863,5.77,0.0900599 , 0.0900599 , 0
129.863,5.95,0.110156 , 0.110156 , 0
129.863,6.13,0.136569 , 0.136569 , 0
129.863,6.31,0.164611 , 0.164611 , 0
129.863,6.49,0.190831 , 0.190831 , 0
129.863,6.67,0.213419 , 0.213419 , 0
129.863,6.85,0.231328 , 0.231328 , 0
129.863,7.03,0.244188 , 0.244188 , 0
129.863,7.21,0.252042 , 0.252042 , 0
129.863,7.39,0.255316 , 0.255316 , 0
129.863,7.57,0.254573 , 0.254573 , 0
129.863,7.75,0.250432 , 0.250432 , 0
129.863,7.93,0.243517 , 0.243517 , 0
129.863,8.11,0.234343 , 0.234343 , 0
129.863,8.29,0.223543 , 0.223543 , 0
129.863,8.47,0.211602 , 0.211602 , 0
129.863,8.65,0.198932 , 0.198932 , 0
129.863,8.83,0.185878 , 0.185878 , 0
129.863,9.01,0.17272 , 0.17272 , 0
129.863,9.19,0.159682 , 0.159682 , 0
129.863,9.37,0.146946 , 0.146946 , 0
129.863,9.55,0.134645 , 0.134645 , 0
129.863,9.73,0.122879 , 0.122879 , 0
129.863,9.91,0.111715 , 0.111715 , 0
130.715,1.09,1.35401 , 1.35401 , 0
130.715,1.27,0.332062 , 0.332062 , 0
130.715,1.45,2.51387 , 2.51387 , 0
130.715,1.63,3.98039 , 3.98039 , 0
130.715,1.81,0.48149 , 0.48149 , 0
130.715,1.99,2.33797 , 2.33797 , 0
130.715,2.17,2.30564 , 2.30564 , 0
130.715,2.35,0.141111 , 0.141111 , 0
130.715,2.53,0.83445 , 0.83445 , 0
130.715,2.71,1.92911 , 1.92911 , 0
130.715,2.89,1.67167 , 1.67167 , 0
130.715,3.07,0.756957 , 0.756957 , 0
130.715,3.25,0.143071 , 0.143071 , 0
130.715,3.43,0.0847609 , 0.0847609 , 0
130.715,3.61,0.366722 , 0.366722 , 0
130.715,3.79,0.701658 , 0.701658 , 0
130.715,3.97,0.918247 , 0.918247 , 0
130.715,4.15,0.970581 , 0.970581 , 0
130.715,4.33,0.8911 , 0.8911 , 0
130.715,4.51,0.736198 , 0.736198 , 0
130.715,4.69,0.557676 , 0.557676 , 0
130.715,4.87,0.392977 , 0.392977 , 0
130.715,5.05,0.261191 , 0.261191 , 0
130.715,5.23,0.168413 , 0.168413 , 0
130.715,5.41,0.11265 , 0.11265 , 0
130.715,5.59,0.0874965 , 0.0874965 , 0
130.715,5.77,0.0850461 , 0.0850461 , 0
130.715,5.95,0.0978253 , 0.0978253 , 0
130.715,6.13,0.119416 , 0.119416 , 0
130.715,6.31,0.14479 , 0.14479 , 0
130.715,6.49,0.170106 , 0.170106 , 0
130.715,6.67,0.193103 , 0.193103 , 0
130.715,6.85,0.212347 , 0.212347 , 0
130.715,7.03,0.227144 , 0.227144 , 0
130.715,7.21,0.237269 , 0.237269 , 0
130.715,7.39,0.242952 , 0.242952 , 0
130.715,7.57,0.244615 , 0.244615 , 0
130.715,7.75,0.242775 , 0.242775 , 0
130.715,7.93,0.237991 , 0.237991 , 0
130.715,8.11,0.230733 , 0.230733 , 0
130.715,8.29,0.221623 , 0.221623 , 0
130.715,8.47,0.211143 , 0.211143 , 0
130.715,8.65,0.199713 , 0.199713 , 0
130.715,8.83,0.18769 , 0.18769 , 0
130.715,9.01,0.175382 , 0.175382 , 0
130.715,9.19,0.163028 , 0.163028 , 0
130.715,9.37,0.150819 , 0.150819 , 0
130.715,9.55,0.138909 , 0.138909 , 0
130.715,9.73,0.127414 , 0.127414 , 0
130.715,9.91,0.11642 , 0.11642 , 0
131.566,1.09,3.93046 , 3.93046 , 0
131.566,1.27,1.56995 , 1.56995 , 0
131.566,1.45,3.91297 , 3.91297 , 0
131.566,1.63,2.95119 , 2.95119 , 0
131.566,1.81,1.16682 , 1.16682 , 0
131.566,1.99,1.58106 , 1.58106 , 0
131.566,2.17,2.65662 , 2.65662 , 0
131.566,2.35,0.368244 , 0.368244 , 0
131.566,2.53,0.474044 , 0.474044 , 0
131.566,2.71,1.67767 , 1.67767 , 0
131.566,2.89,1.76685 , 1.76685 , 0
131.566,3.07,0.972792 , 0.972792 , 0
131.566,3.25,0.258167 , 0.258167 , 0
131.566,3.43,0.0473603 , 0.0473603 , 0
131.566,3.61,0.234994 , 0.234994 , 0
131.566,3.79,0.553954 , 0.553954 , 0
131.566,3.97,0.806537 , 0.806537 , 0
131.566,4.15,0.913562 , 0.913562 , 0
131.566,4.33,0.884099 , 0.884099 , 0
131.566,4.51,0.763966 , 0.763966 , 0
131.566,4.69,0.603299 , 0.603299 , 0
131.566,4.87,0.442557 , 0.442557 , 0
131.566,5.05,0.3054 , 0.3054 , 0
131.566,5.23,0.202205 , 0.202205 , 0
131.566,5.41,0.134326 , 0.134326 , 0
131.566,5.59,0.0975283 , 0.0975283 , 0
131.566,5.77,0.0851227 , 0.0851227 , 0
131.566,5.95,0.090162 , 0.090162 , 0
131.566,6.13,0.106287 , 0.106287 , 0
131.566,6.31,0.128265 , 0.128265 , 0
131.566,6.49,0.151949 , 0.151949 , 0
131.566,6.67,0.174683 , 0.174683 , 0
131.566,6.85,0.194674 , 0.194674 , 0
131.566,7.03,0.210914 , 0.210914 , 0
131.566,7.21,0.222925 , 0.222925 , 0
131.566,7.39,0.230726 , 0.230726 , 0
131.566,7.57,0.234579 , 0.234579 , 0
131.566,7.75,0.234888 , 0.234888 , 0
131.566,7.93,0.232136 , 0.232136 , 0
131.566,8.11,0.226744 , 0.226744 , 0
131.566,8.29,0.219305 , 0.219305 , 0
131.566,8.47,0.21029 , 0.21029 , 0
131.566,8.65,0.20012 , 0.20012 , 0
131.566,8.83,0.18916 , 0.18916 , 0
131.566,9.01,0.177712 , 0.177712 , 0
131.566,9.19,0.16604 , 0.16604 , 0
131.566,9.37,0.154365 , 0.154365 , 0
131.566,9.55,0.142858 , 0.142858 , 0
131.566,9.73,0.131654 , 0.131654 , 0
131.566,9.91,0.120853 , 0.120853 , 0
132.417,1.09,6.2201 , 6.2201 , 0
132.417,1.27,3.42901 , 3.42901 , 0
132.417,1.45,4.76913 , 4.76913 , 0
132.417,1.63,1.77636 , 1.77636 , 0
132.417,1.81,1.98839 , 1.98839 , 0
132.417,1.99,0.884989 , 0.884989 , 0
132.417,2.17,2.7941 , 2.7941 , 0
132.417,2.35,0.711635 , 0.711635 , 0
132.417,2.53,0.215204 , 0.215204 , 0
132.417,2.71,1.37088 , 1.37088 , 0
132.417,2.89,1.77748 , 1.77748 , 0
132.417,3.07,1.16506 , 1.16506 , 0
132.417,3.25,0.404389 , 0.404389 , 0
132.417,3.43,0.0557507 , 0.0557507 , 0
132.417,3.61,0.135278 , 0.135278 , 0
132.417,3.79,0.416287 , 0.416287 , 0
132.417,3.97,0.687357 , 0.687357 , 0
132.417,4.15,0.839948 , 0.839948 , 0
132.417,4.33,0.858638 , 0.858638 , 0
132.417,4.51,0.775922 , 0.775922 , 0
132.417,4.69,0.637726 , 0.637726 , 0
132.417,4.87,0.485745 , 0.485745 , 0
132.417,5.05,0.347264 , 0.347264 , 0
132.417,5.23,0.236593 , 0.236593 , 0
132.417,5.41,0.158448 , 0.158448 , 0
132.417,5.59,0.110945 , 0.110945 , 0
132.417,5.77,0.0888435 , 0.0888435 , 0
132.417,5.95,0.0859509 , 0.0859509 , 0
132.417,6.13,0.0961507 , 0.0961507 , 0
132.417,6.31,0.114142 , 0.114142 , 0
132.417,6.49,0.135568 , 0.135568 , 0
132.417,6.67,0.157441 , 0.157441 , 0
132.417,6.85,0.177645 , 0.177645 , 0
132.417,7.03,0.194874 , 0.194874 , 0
132.417,7.21,0.208403 , 0.208403 , 0
132.417,7.39,0.218034 , 0.218034 , 0
132.417,7.57,0.223864 , 0.223864 , 0
132.417,7.75,0.226175 , 0.226175 , 0
132.417,7.93,0.225363 , 0.225363 , 0
132.417,8.11,0.221788 , 0.221788 , 0
132.417,8.29,0.216006 , 0.216006 , 0
132.417,8.47,0.208471 , 0.208471 , 0
132.417,8.65,0.199594 , 0.199594 , 0
132.417,8.83,0.189744 , 0.189744 , 0
132.417,9.01,0.179215 , 0.179215 , 0
132.417,9.19,0.168288 , 0.168288 , 0
132.417,9.37,0.157212 , 0.157212 , 0
132.417,9.55,0.146176 , 0.146176 , 0
132.417,9.73,0.135328 , 0.135328 , 0
132.417,9.91,0.124782 , 0.124782 , 0
133.269,1.09,6.82983 , 6.82983 , 0
133.269,1.27,4.99354 , 4.99354 , 0
133.269,1.45,4.80902 , 4.80902 , 0
133.269,1.63,0.779476 , 0.779476 , 0
133.269,1.81,2.73763 , 2.73763 , 0
133.269,1.99,0.368589 , 0.368589 , 0
133.269,2.17,2.70817 , 2.70817 , 0
133.269,2.35,1.11075 , 1.11075 , 0
133.269,2.53,0.0777815 , 0.0777815 , 0
133.269,2.71,1.04318 , 1.04318 , 0
133.269,2.89,1.7075 , 1.7075 , 0
133.269,3.07,1.31798 , 1.31798 , 0
133.269,3.25,0.566683 , 0.566683 , 0
133.269,3.43,0.104142 , 0.104142 , 0
133.269,3.61,0.0697227 , 0.0697227 , 0
133.269,3.79,0.294366 , 0.294366 , 0
133.269,3.97,0.566457 , 0.566457 , 0
133.269,4.15,0.753802 , 0.753802 , 0
133.269,4.33,0.816757 , 0.816757 , 0
133.269,4.51,0.77246 , 0.77246 , 0
133.269,4.69,0.660301 , 0.660301 , 0
133.269,4.87,0.521382 , 0.521382 , 0
133.269,5.05,0.385522 , 0.385522 , 0
133.269,5.23,0.270457 , 0.270457 , 0
133.269,5.41,0.184152 , 0.184152 , 0
133.269,5.59,0.12717 , 0.12717 , 0
133.269,5.77,0.0959017 , 0.0959017 , 0
133.269,5.95,0.0851097 , 0.0851097 , 0
133.269,6.13,0.0890975 , 0.0890975 , 0
133.269,6.31,0.102636 , 0.102636 , 0
133.269,6.49,0.121256 , 0.121256 , 0
133.269,6.67,0.141713 , 0.141713 , 0
133.269,6.85,0.161613 , 0.161613 , 0
133.269,7.03,0.179374 , 0.179374 , 0
133.269,7.21,0.194034 , 0.194034 , 0
133.269,7.39,0.205183 , 0.205183 , 0
133.269,7.57,0.212748 , 0.212748 , 0
133.269,7.75,0.216881 , 0.216881 , 0
133.269,7.93,0.217882 , 0.217882 , 0
133.269,8.11,0.216044 , 0.216044 , 0
133.269,8.29,0.211876 , 0.211876 , 0
133.269,8.47,0.205806 , 0.205806 , 0
133.269,8.65,0.198233 , 0.198233 , 0
133.269,8.83,0.18952 , 0.18952 , 0
133.269,9.01,0.179949 , 0.179949 , 0
133.269,9.19,0.169813 , 0.169813 , 0
133.269,9.37,0.159391 , 0.159391 , 0
133.269,9.55,0.14888 , 0.14888 , 0
133.269,9.73,0.138443 , 0.138443 , 0
133.269,9.91,0.128208 , 0.128208 , 0
134.12,1.09,5.49226 , 5.49226 , 0
134.12,1.27,5.57439 , 5.57439 , 0
134.12,1.45,4.06354 , 4.06354 , 0
134.12,1.63,0.200838 , 0.200838 , 0
134.12,1.81,3.24476 , 3.24476 , 0
134.12,1.99,0.103235 , 0.103235 , 0
134.12,2.17,2.42259 , 2.42259 , 0
134.12,2.35,1.50382 , 1.50382 , 0
134.12,2.53,0.0655413 , 0.0655413 , 0
134.12,2.71,0.727261 , 0.727261 , 0
134.12,2.89,1.56781 , 1.56781 , 0
134.12,3.07,1.42134 , 1.42134 , 0
134.12,3.25,0.731284 , 0.731284 , 0
134.12,3.43,0.184909 , 0.184909 , 0
134.12,3.61,0.0372302 , 0.0372302 , 0
134.12,3.79,0.190297 , 0.190297 , 0
134.12,3.97,0.446091 , 0.446091 , 0
134.12,4.15,0.655978 , 0.655978 , 0
134.12,4.33,0.757658 , 0.757658 , 0
134.12,4.51,0.751566 , 0.751566 , 0
134.12,4.69,0.668429 , 0.668429 , 0
134.12,4.87,0.546861 , 0.546861 , 0
134.12,5.05,0.417946 , 0.417946 , 0
134.12,5.23,0.302161 , 0.302161 , 0
134.12,5.41,0.210456 , 0.210456 , 0
134.12,5.59,0.145847 , 0.145847 , 0
134.12,5.77,0.10648 , 0.10648 , 0
134.12,5.95,0.0882534 , 0.0882534 , 0
134.12,6.13,0.0860666 , 0.0860666 , 0
134.12,6.31,0.0949104 , 0.0949104 , 0
134.12,6.49,0.110314 , 0.110314 , 0
134.12,6.67,0.12887 , 0.12887 , 0
134.12,6.85,0.147963 , 0.147963 , 0
134.12,7.03,0.165775 , 0.165775 , 0
134.12,7.21,0.181128 , 0.181128 , 0
134.12,7.39,0.193411 , 0.193411 , 0
134.12,7.57,0.202384 , 0.202384 , 0
134.12,7.75,0.20807 , 0.20807 , 0
134.12,7.93,0.210668 , 0.210668 , 0
134.12,8.11,0.210398 , 0.210398 , 0
134.12,8.29,0.207716 , 0.207716 , 0
134.12,8.47,0.203018 , 0.203018 , 0
134.12,8.65,0.196681 , 0.196681 , 0
134.12,8.83,0.189063 , 0.189063 , 0
134.12,9.01,0.180425 , 0.180425 , 0
134.12,9.19,0.171071 , 0.171071 , 0
134.12,9.37,0.1613 , 0.1613 , 0
134.12,9.55,0.151322 , 0.151322 , 0
134.12,9.73,0.14131 , 0.14131 , 0
134.12,9.91,0.131404 , 0.131404 , 0
134.971,1.09,3.08301 , 3.08301 , 0
134.971,1.27,4.9806 , 4.9806 , 0
134.971,1.45,2.82879 , 2.82879 , 0
134.971,1.63,0.142652 , 0.142652 , 0
134.971,1.81,3.41055 , 3.41055 , 0
134.971,1.99,0.112358 , 0.112358 , 0
134.971,2.17,1.99646 , 1.99646 , 0
134.971,2.35,1.83487 , 1.83487 , 0
134.971,2.53,0.165429 , 0.165429 , 0
134.971,2.71,0.451766 , 0.451766 , 0
134.971,2.89,1.37448 , 1.37448 , 0
134.971,3.07,1.46827 , 1.46827 , 0
134.971,3.25,0.883961 , 0.883961 , 0
134.971,3.43,0.289598 , 0.289598 , 0
134.971,3.61,0.0385834 , 0.0385834 , 0
134.971,3.79,0.1116 , 0.1116 , 0
134.971,3.97,0.336578 , 0.336578 , 0
134.971,4.15,0.556519 , 0.556519 , 0
134.971,4.33,0.689446 , 0.689446 , 0
134.971,4.51,0.718868 , 0.718868 , 0
134.971,4.69,0.665379 , 0.665379 , 0
134.971,4.87,0.563518 , 0.563518 , 0
134.971,5.05,0.444436 , 0.444436 , 0
134.971,5.23,0.330614 , 0.330614 , 0
134.971,5.41,0.235644 , 0.235644 , 0
134.971,5.59,0.1649 , 0.1649 , 0
134.971,5.77,0.118332 , 0.118332 , 0
134.971,5.95,0.0930941 , 0.0930941 , 0
134.971,6.13,0.0848081 , 0.0848081 , 0
134.971,6.31,0.0888025 , 0.0888025 , 0
134.971,6.49,0.1007 , 0.1007 , 0
134.971,6.67,0.117 , 0.117 , 0
134.971,6.85,0.134918 , 0.134918 , 0
134.971,7.03,0.152434 , 0.152434 , 0
134.971,7.21,0.168171 , 0.168171 , 0
134.971,7.39,0.181327 , 0.181327 , 0
134.971,7.57,0.191499 , 0.191499 , 0
134.971,7.75,0.198576 , 0.198576 , 0
134.971,7.93,0.202655 , 0.202655 , 0
134.971,8.11,0.203875 , 0.203875 , 0
134.971,8.29,0.202636 , 0.202636 , 0
134.971,8.47,0.199292 , 0.199292 , 0
134.971,8.65,0.194198 , 0.194198 , 0
134.971,8.83,0.187696 , 0.187696 , 0
134.971,9.01,0.180027 , 0.180027 , 0
134.971,9.19,0.1715 , 0.1715 , 0
134.971,9.37,0.162433 , 0.162433 , 0
134.971,9.55,0.153042 , 0.153042 , 0
134.971,9.73,0.143511 , 0.143511 , 0
134.971,9.91,0.133989 , 0.133989 , 0
135.823,1.09,0.96703 , 0.96703 , 0
135.823,1.27,3.5296 , 3.5296 , 0
135.823,1.45,1.52042 , 1.52042 , 0
135.823,1.63,0.561719 , 0.561719 , 0
135.823,1.81,3.22149 , 3.22149 , 0
135.823,1.99,0.362108 , 0.362108 , 0
135.823,2.17,1.49887 , 1.49887 , 0
135.823,2.35,2.06371 , 2.06371 , 0
135.823,2.53,0.354215 , 0.354215 , 0
135.823,2.71,0.238006 , 0.238006 , 0
135.823,2.89,1.14735 , 1.14735 , 0
135.823,3.07,1.45888 , 1.45888 , 0
135.823,3.25,1.01398 , 1.01398 , 0
135.823,3.43,0.408169 , 0.408169 , 0
135.823,3.61,0.0691544 , 0.0691544 , 0
135.823,3.79,0.0584646 , 0.0584646 , 0
135.823,3.97,0.240559 , 0.240559 , 0
135.823,4.15,0.458467 , 0.458467 , 0
135.823,4.33,0.614454 , 0.614454 , 0
135.823,4.51,0.675653 , 0.675653 , 0
135.823,4.69,0.651516 , 0.651516 , 0
135.823,4.87,0.571095 , 0.571095 , 0
135.823,5.05,0.464416 , 0.464416 , 0
135.823,5.23,0.35517 , 0.35517 , 0
135.823,5.41,0.259152 , 0.259152 , 0
135.823,5.59,0.18393 , 0.18393 , 0
135.823,5.77,0.131255 , 0.131255 , 0
135.823,5.95,0.0996156 , 0.0996156 , 0
135.823,6.13,0.0854669 , 0.0854669 , 0
135.823,6.31,0.0845842 , 0.0845842 , 0
135.823,6.49,0.0927759 , 0.0927759 , 0
135.823,6.67,0.106526 , 0.106526 , 0
135.823,6.85,0.122935 , 0.122935 , 0
135.823,7.03,0.139819 , 0.139819 , 0
135.823,7.21,0.155625 , 0.155625 , 0
135.823,7.39,0.169375 , 0.169375 , 0
135.823,7.57,0.180509 , 0.180509 , 0
135.823,7.75,0.188785 , 0.188785 , 0
135.823,7.93,0.194194 , 0.194194 , 0
135.823,8.11,0.196793 , 0.196793 , 0
135.823,8.29,0.196917 , 0.196917 , 0
135.823,8.47,0.194879 , 0.194879 , 0
135.823,8.65,0.191002 , 0.191002 , 0
135.823,8.83,0.185609 , 0.185609 , 0
135.823,9.01,0.17892 , 0.17892 , 0
135.823,9.19,0.171241 , 0.171241 , 0
135.823,9.37,0.162907 , 0.162907 , 0
135.823,9.55,0.15414 , 0.15414 , 0
135.823,9.73,0.145129 , 0.145129 , 0
135.823,9.91,0.136034 , 0.136034 , 0
136.674,1.09,0.198482 , 0.198482 , 0
136.674,1.27,1.84676 , 1.84676 , 0
136.674,1.45,0.529989 , 0.529989 , 0
136.674,1.63,1.29952 , 1.29952 , 0
136.674,1.81,2.73809 , 2.73809 , 0
136.674,1.99,0.782532 , 0.782532 , 0
136.674,2.17,1.00016 , 1.00016 , 0
136.674,2.35,2.16606 , 2.16606 , 0
136.674,2.53,0.601391 , 0.601391 , 0
136.674,2.71,0.0988937 , 0.0988937 , 0
136.674,2.89,0.906703 , 0.906703 , 0
136.674,3.07,1.39778 , 1.39778 , 0
136.674,3.25,1.11424 , 1.11424 , 0
136.674,3.43,0.531966 , 0.531966 , 0
136.674,3.61,0.123935 , 0.123935 , 0
136.674,3.79,0.0297125 , 0.0297125 , 0
136.674,3.97,0.158819 , 0.158819 , 0
136.674,4.15,0.362784 , 0.362784 , 0
136.674,4.33,0.532845 , 0.532845 , 0
136.674,4.51,0.621064 , 0.621064 , 0
136.674,4.69,0.625169 , 0.625169 , 0
136.674,4.87,0.567489 , 0.567489 , 0
136.674,5.05,0.475721 , 0.475721 , 0
136.674,5.23,0.373879 , 0.373879 , 0
136.674,5.41,0.279413 , 0.279413 , 0
136.674,5.59,0.201829 , 0.201829 , 0
136.674,5.77,0.144601 , 0.144601 , 0
136.674,5.95,0.107591 , 0.107591 , 0
136.674,6.13,0.0881758 , 0.0881758 , 0
136.674,6.31,0.082677 , 0.082677 , 0
136.674,6.49,0.0871818 , 0.0871818 , 0
136.674,6.67,0.0982419 , 0.0982419 , 0
136.674,6.85,0.112908 , 0.112908 , 0
136.674,7.03,0.128879 , 0.128879 , 0
136.674,7.21,0.144459 , 0.144459 , 0
136.674,7.39,0.158516 , 0.158516 , 0
136.674,7.57,0.170349 , 0.170349 , 0
136.674,7.75,0.179591 , 0.179591 , 0
136.674,7.93,0.186129 , 0.186129 , 0
136.674,8.11,0.189939 , 0.189939 , 0
136.674,8.29,0.191292 , 0.191292 , 0
136.674,8.47,0.190451 , 0.190451 , 0
136.674,8.65,0.187708 , 0.187708 , 0
136.674,8.83,0.183363 , 0.183363 , 0
136.674,9.01,0.17761 , 0.17761 , 0
136.674,9.19,0.170753 , 0.170753 , 0
136.674,9.37,0.163136 , 0.163136 , 0
136.674,9.55,0.154985 , 0.154985 , 0
136.674,9.73,0.146495 , 0.146495 , 0
136.674,9.91,0.137832 , 0.137832 , 0
137.525,1.09,1.01029 , 1.01029 , 0
137.525,1.27,0.576551 , 0.576551 , 0
137.525,1.45,0.112817 , 0.112817 , 0
137.525,1.63,2.13631 , 2.13631 , 0
137.525,1.81,2.07255 , 2.07255 , 0
137.525,1.99,1.28304 , 1.28304 , 0
137.525,2.17,0.569229 , 0.569229 , 0
137.525,2.35,2.13893 , 2.13893 , 0
137.525,2.53,0.872728 , 0.872728 , 0
137.525,2.71,0.0382478 , 0.0382478 , 0
137.525,2.89,0.671541 , 0.671541 , 0
137.525,3.07,1.29183 , 1.29183 , 0
137.525,3.25,1.17842 , 1.17842 , 0
137.525,3.43,0.65137 , 0.65137 , 0
137.525,3.61,0.197258 , 0.197258 , 0
137.525,3.79,0.025461 , 0.025461 , 0
137.525,3.97,0.0958345 , 0.0958345 , 0
137.525,4.15,0.276012 , 0.276012 , 0
137.525,4.33,0.45135 , 0.45135 , 0
137.525,4.51,0.560904 , 0.560904 , 0
137.525,4.69,0.590753 , 0.590753 , 0
137.525,4.87,0.555686 , 0.555686 , 0
137.525,5.05,0.480091 , 0.480091 , 0
137.525,5.23,0.387493 , 0.387493 , 0
137.525,5.41,0.296452 , 0.296452 , 0
137.525,5.59,0.218116 , 0.218116 , 0
137.525,5.77,0.15756 , 0.15756 , 0
137.525,5.95,0.116014 , 0.116014 , 0
137.525,6.13,0.0918225 , 0.0918225 , 0
137.525,6.31,0.081927 , 0.081927 , 0
137.525,6.49,0.0827662 , 0.0827662 , 0
137.525,6.67,0.0910262 , 0.0910262 , 0
137.525,6.85,0.103762 , 0.103762 , 0
137.525,7.03,0.118594 , 0.118594 , 0
137.525,7.21,0.133713 , 0.133713 , 0
137.525,7.39,0.147853 , 0.147853 , 0
137.525,7.57,0.160181 , 0.160181 , 0
137.525,7.75,0.170214 , 0.170214 , 0
137.525,7.93,0.177739 , 0.177739 , 0
137.525,8.11,0.182646 , 0.182646 , 0
137.525,8.29,0.18514 , 0.18514 , 0
137.525,8.47,0.185436 , 0.185436 , 0
137.525,8.65,0.183787 , 0.183787 , 0
137.525,8.83,0.180471 , 0.180471 , 0
137.525,9.01,0.175649 , 0.175649 , 0
137.525,9.19,0.169621 , 0.169621 , 0
137.525,9.37,0.162739 , 0.162739 , 0
137.525,9.55,0.155229 , 0.155229 , 0
137.525,9.73,0.147289 , 0.147289 , 0
137.525,9.91,0.13909 , 0.13909 , 0
138.376,1.09,2.80504 , 2.80504 , 0
138.376,1.27,0.133001 , 0.133001 , 0
138.376,1.45,0.317969 , 0.317969 , 0
138.376,1.63,2.85625 , 2.85625 , 0
138.376,1.81,1.36207 , 1.36207 , 0
138.376,1.99,1.77021 , 1.77021 , 0
138.376,2.17,0.253065 , 0.253065 , 0
138.376,2.35,1.99395 , 1.99395 , 0
138.376,2.53,1.13596 , 1.13596 , 0
138.376,2.71,0.052538 , 0.052538 , 0
138.376,2.89,0.458816 , 0.458816 , 0
138.376,3.07,1.15164 , 1.15164 , 0
138.376,3.25,1.20461 , 1.20461 , 0
138.376,3.43,0.758673 , 0.758673 , 0
138.376,3.61,0.282431 , 0.282431 , 0
138.376,3.79,0.0427768 , 0.0427768 , 0
138.376,3.97,0.0521031 , 0.0521031 , 0
138.376,4.15,0.200614 , 0.200614 , 0
138.376,4.33,0.373022 , 0.373022 , 0
138.376,4.51,0.497937 , 0.497937 , 0
138.376,4.69,0.550347 , 0.550347 , 0
138.376,4.87,0.537028 , 0.537028 , 0
138.376,5.05,0.47824 , 0.47824 , 0
138.376,5.23,0.39627 , 0.39627 , 0
138.376,5.41,0.310235 , 0.310235 , 0
138.376,5.59,0.232594 , 0.232594 , 0
138.376,5.77,0.169871 , 0.169871 , 0
138.376,5.95,0.124614 , 0.124614 , 0
138.376,6.13,0.0961633 , 0.0961633 , 0
138.376,6.31,0.0821325 , 0.0821325 , 0
138.376,6.49,0.0793734 , 0.0793734 , 0
138.376,6.67,0.0847657 , 0.0847657 , 0
138.376,6.85,0.0954183 , 0.0954183 , 0
138.376,7.03,0.108915 , 0.108915 , 0
138.376,7.21,0.123359 , 0.123359 , 0
138.376,7.39,0.137372 , 0.137372 , 0
138.376,7.57,0.150003 , 0.150003 , 0
138.376,7.75,0.160657 , 0.160657 , 0
138.376,7.93,0.169024 , 0.169024 , 0
138.376,8.11,0.174913 , 0.174913 , 0
138.376,8.29,0.178461 , 0.178461 , 0
138.376,8.47,0.179828 , 0.179828 , 0
138.376,8.65,0.179231 , 0.179231 , 0
138.376,8.83,0.176917 , 0.176917 , 0
138.376,9.01,0.173019 , 0.173019 , 0
138.376,9.19,0.167826 , 0.167826 , 0
138.376,9.37,0.161692 , 0.161692 , 0
138.376,9.55,0.154844 , 0.154844 , 0
138.376,9.73,0.147481 , 0.147481 , 0
138.376,9.91,0.139777 , 0.139777 , 0
139.228,1.09,4.65247 , 4.65247 , 0
139.228,1.27,0.582368 , 0.582368 , 0
139.228,1.45,1.02527 , 1.02527 , 0
139.228,1.63,3.33114 , 3.33114 , 0
139.228,1.81,0.74154 , 0.74154 , 0
139.228,1.99,2.18329 , 2.18329 , 0
139.228,2.17,0.0775948 , 0.0775948 , 0
139.228,2.35,1.76554 , 1.76554 , 0
139.228,2.53,1.37171 , 1.37171 , 0
139.228,2.71,0.132694 , 0.132694 , 0
139.228,2.89,0.282867 , 0.282867 , 0
139.228,3.07,0.993505 , 0.993505 , 0
139.228,3.25,1.19919 , 1.19919 , 0
139.228,3.43,0.852126 , 0.852126 , 0
139.228,3.61,0.375216 , 0.375216 , 0
139.228,3.79,0.0785684 , 0.0785684 , 0
139.228,3.97,0.0265964 , 0.0265964 , 0
139.228,4.15,0.137045 , 0.137045 , 0
139.228,4.33,0.298857 , 0.298857 , 0
139.228,4.51,0.432977 , 0.432977 , 0
139.228,4.69,0.504204 , 0.504204 , 0
139.228,4.87,0.511157 , 0.511157 , 0
139.228,5.05,0.469354 , 0.469354 , 0
139.228,5.23,0.399176 , 0.399176 , 0
139.228,5.41,0.319698 , 0.319698 , 0
139.228,5.59,0.24432 , 0.24432 , 0
139.228,5.77,0.180821 , 0.180821 , 0
139.228,5.95,0.132948 , 0.132948 , 0
139.228,6.13,0.101019 , 0.101019 , 0
139.228,6.31,0.083354 , 0.083354 , 0
139.228,6.49,0.0772643 , 0.0772643 , 0
139.228,6.67,0.0798837 , 0.0798837 , 0
139.228,6.85,0.0884259 , 0.0884259 , 0
139.228,7.03,0.100479 , 0.100479 , 0
139.228,7.21,0.114085 , 0.114085 , 0
139.228,7.39,0.12778 , 0.12778 , 0
139.228,7.57,0.140515 , 0.140515 , 0
139.228,7.75,0.151599 , 0.151599 , 0
139.228,7.93,0.160632 , 0.160632 , 0
139.228,8.11,0.167344 , 0.167344 , 0
139.228,8.29,0.171806 , 0.171806 , 0
139.228,8.47,0.174128 , 0.174128 , 0
139.228,8.65,0.174485 , 0.174485 , 0
139.228,8.83,0.173097 , 0.173097 , 0
139.228,9.01,0.170085 , 0.170085 , 0
139.228,9.19,0.165722 , 0.165722 , 0
139.228,9.37,0.160343 , 0.160343 , 0
139.228,9.55,0.154168 , 0.154168 , 0
139.228,9.73,0.147399 , 0.147399 , 0
139.228,9.91,0.140212 , 0.140212 , 0
140.079,1.09,5.66611 , 5.66611 , 0
140.079,1.27,1.68909 , 1.68909 , 0
140.079,1.45,2.00073 , 2.00073 , 0
140.079,1.63,3.46082 , 3.46082 , 0
140.079,1.81,0.292469 , 0.292469 , 0
140.079,1.99,2.45798 , 2.45798 , 0
140.079,2.17,0.048292 , 0.048292 , 0
140.079,2.35,1.4743 , 1.4743 , 0
140.079,2.53,1.55622 , 1.55622 , 0
140.079,2.71,0.265159 , 0.265159 , 0
140.079,2.89,0.149577 , 0.149577 , 0
140.079,3.07,0.824108 , 0.824108 , 0
140.079,3.25,1.161 , 1.161 , 0
140.079,3.43,0.925564 , 0.925564 , 0
140.079,3.61,0.469504 , 0.469504 , 0
140.079,3.79,0.129455 , 0.129455 , 0
140.079,3.97,0.0188354 , 0.0188354 , 0
140.079,4.15,0.0867305 , 0.0867305 , 0
140.079,4.33,0.231055 , 0.231055 , 0
140.079,4.51,0.368204 , 0.368204 , 0
140.079,4.69,0.454088 , 0.454088 , 0
140.079,4.87,0.479282 , 0.479282 , 0
140.079,5.05,0.454097 , 0.454097 , 0
140.079,5.23,0.396408 , 0.396408 , 0
140.079,5.41,0.324697 , 0.324697 , 0
140.079,5.59,0.252925 , 0.252925 , 0
140.079,5.77,0.189899 , 0.189899 , 0
140.079,5.95,0.140437 , 0.140437 , 0
140.079,6.13,0.105796 , 0.105796 , 0
140.079,6.31,0.0850185 , 0.0850185 , 0
140.079,6.49,0.0759075 , 0.0759075 , 0
140.079,6.67,0.0758972 , 0.0758972 , 0
140.079,6.85,0.0823508 , 0.0823508 , 0
140.079,7.03,0.0929003 , 0.0929003 , 0
140.079,7.21,0.105554 , 0.105554 , 0
140.079,7.39,0.118787 , 0.118787 , 0
140.079,7.57,0.131475 , 0.131475 , 0
140.079,7.75,0.142839 , 0.142839 , 0
140.079,7.93,0.152396 , 0.152396 , 0
140.079,8.11,0.159806 , 0.159806 , 0
140.079,8.29,0.165073 , 0.165073 , 0
140.079,8.47,0.168258 , 0.168258 , 0
140.079,8.65,0.169494 , 0.169494 , 0
140.079,8.83,0.168971 , 0.168971 , 0
140.079,9.01,0.166809 , 0.166809 , 0
140.079,9.19,0.163256 , 0.163256 , 0
140.079,9.37,0.158622 , 0.158622 , 0
140.079,9.55,0.153122 , 0.153122 , 0
140.079,9.73,0.146953 , 0.146953 , 0
140.079,9.91,0.140294 , 0.140294 , 0
140.93,1.09,5.40535 , 5.40535 , 0
140.93,1.27,3.02074 , 3.02074 , 0
140.93,1.45,2.95717 , 2.95717 , 0
140.93,1.63,3.22762 , 3.22762 , 0
140.93,1.81,0.0734464 , 0.0734464 , 0
140.93,1.99,2.5573 , 2.5573 , 0
140.93,2.17,0.154104 , 0.154104 , 0
140.93,2.35,1.15127 , 1.15127 , 0
140.93,2.53,1.67319 , 1.67319 , 0
140.93,2.71,0.43329 , 0.43329 , 0
140.93,2.89,0.0634676 , 0.0634676 , 0
140.93,3.07,0.653166 , 0.653166 , 0
140.93,3.25,1.0925 , 1.0925 , 0
140.93,3.43,0.974343 , 0.974343 , 0
140.93,3.61,0.558615 , 0.558615 , 0
140.93,3.79,0.19062 , 0.19062 , 0
140.93,3.97,0.0271957 , 0.0271957 , 0
140.93,4.15,0.0508366 , 0.0508366 , 0
140.93,4.33,0.172528 , 0.172528 , 0
140.93,4.51,0.307272 , 0.307272 , 0
140.93,4.69,0.403687 , 0.403687 , 0
140.93,4.87,0.444708 , 0.444708 , 0
140.93,5.05,0.435195 , 0.435195 , 0
140.93,5.23,0.390063 , 0.390063 , 0
140.93,5.41,0.326747 , 0.326747 , 0
140.93,5.59,0.259416 , 0.259416 , 0
140.93,5.77,0.197694 , 0.197694 , 0
140.93,5.95,0.147339 , 0.147339 , 0
140.93,6.13,0.110506 , 0.110506 , 0
140.93,6.31,0.0869514 , 0.0869514 , 0
140.93,6.49,0.0749984 , 0.0749984 , 0
140.93,6.67,0.0724124 , 0.0724124 , 0
140.93,6.85,0.0767404 , 0.0767404 , 0
140.93,7.03,0.0856893 , 0.0856893 , 0
140.93,7.21,0.0972612 , 0.0972612 , 0
140.93,7.39,0.109891 , 0.109891 , 0
140.93,7.57,0.122388 , 0.122388 , 0
140.93,7.75,0.133897 , 0.133897 , 0
140.93,7.93,0.143859 , 0.143859 , 0
140.93,8.11,0.151864 , 0.151864 , 0
140.93,8.29,0.157854 , 0.157854 , 0
140.93,8.47,0.161836 , 0.161836 , 0
140.93,8.65,0.163904 , 0.163904 , 0
140.93,8.83,0.164214 , 0.164214 , 0
140.93,9.01,0.162881 , 0.162881 , 0
140.93,9.19,0.160132 , 0.160132 , 0
140.93,9.37,0.156245 , 0.156245 , 0
140.93,9.55,0.15143 , 0.15143 , 0
140.93,9.73,0.14588 , 0.14588 , 0
140.93,9.91,0.139771 , 0.139771 , 0
141.782,1.09,4.05443 , 4.05443 , 0
141.782,1.27,4.11079 , 4.11079 , 0
141.782,1.45,3.64337 , 3.64337 , 0
141.782,1.63,2.70078 , 2.70078 , 0
141.782,1.81,0.0998821 , 0.0998821 , 0
141.782,1.99,2.479 , 2.479 , 0
141.782,2.17,0.368657 , 0.368657 , 0
141.782,2.35,0.829116 , 0.829116 , 0
141.782,2.53,1.71573 , 1.71573 , 0
141.782,2.71,0.619569 , 0.619569 , 0
141.782,2.89,0.0256502 , 0.0256502 , 0
141.782,3.07,0.491022 , 0.491022 , 0
141.782,3.25,1.00006 , 1.00006 , 0
141.782,3.43,0.998204 , 0.998204 , 0
141.782,3.61,0.638856 , 0.638856 , 0
141.782,3.79,0.258276 , 0.258276 , 0
141.782,3.97,0.0492858 , 0.0492858 , 0
141.782,4.15,0.0284032 , 0.0284032 , 0
141.782,4.33,0.123176 , 0.123176 , 0
141.782,4.51,0.250347 , 0.250347 , 0
141.782,4.69,0.353059 , 0.353059 , 0
141.782,4.87,0.407229 , 0.407229 , 0
141.782,5.05,0.412189 , 0.412189 , 0
141.782,5.23,0.379507 , 0.379507 , 0
141.782,5.41,0.325139 , 0.325139 , 0
141.782,5.59,0.26311 , 0.26311 , 0
141.782,5.77,0.203609 , 0.203609 , 0
141.782,5.95,0.153189 , 0.153189 , 0
141.782,6.13,0.114826 , 0.114826 , 0
141.782,6.31,0.0889795 , 0.0889795 , 0
141.782,6.49,0.0744986 , 0.0744986 , 0
141.782,6.67,0.0695076 , 0.0695076 , 0
141.782,6.85,0.071769 , 0.071769 , 0
141.782,7.03,0.0790955 , 0.0790955 , 0
141.782,7.21,0.0895115 , 0.0895115 , 0
141.782,7.39,0.101432 , 0.101432 , 0
141.782,7.57,0.113617 , 0.113617 , 0
141.782,7.75,0.125147 , 0.125147 , 0
141.782,7.93,0.135394 , 0.135394 , 0
141.782,8.11,0.143885 , 0.143885 , 0
141.782,8.29,0.150501 , 0.150501 , 0
141.782,8.47,0.1552 , 0.1552 , 0
141.782,8.65,0.158033 , 0.158033 , 0
141.782,8.83,0.159123 , 0.159123 , 0
141.782,9.01,0.15858 , 0.15858 , 0
141.782,9.19,0.156604 , 0.156604 , 0
141.782,9.37,0.153447 , 0.153447 , 0
141.782,9.55,0.149307 , 0.149307 , 0
141.782,9.73,0.144373 , 0.144373 , 0
141.782,9.91,0.138819 , 0.138819 , 0
142.633,1.09,2.25374 , 2.25374 , 0
142.633,1.27,4.61849 , 4.61849 , 0
142.633,1.45,3.90112 , 3.90112 , 0
142.633,1.63,2.00269 , 2.00269 , 0
142.633,1.81,0.344322 , 0.344322 , 0
142.633,1.99,2.24491 , 2.24491 , 0
142.633,2.17,0.656787 , 0.656787 , 0
142.633,2.35,0.53699 , 0.53699 , 0
142.633,2.53,1.68385 , 1.68385 , 0
142.633,2.71,0.806883 , 0.806883 , 0
142.633,2.89,0.033608 , 0.033608 , 0
142.633,3.07,0.345947 , 0.345947 , 0
142.633,3.25,0.890557 , 0.890557 , 0
142.633,3.43,0.998661 , 0.998661 , 0
142.633,3.61,0.708484 , 0.708484 , 0
142.633,3.79,0.330217 , 0.330217 , 0
142.633,3.97,0.0837525 , 0.0837525 , 0
142.633,4.15,0.0189295 , 0.0189295 , 0
142.633,4.33,0.0828074 , 0.0828074 , 0
142.633,4.51,0.197031 , 0.197031 , 0
142.633,4.69,0.301318 , 0.301318 , 0
142.633,4.87,0.365442 , 0.365442 , 0
142.633,5.05,0.383272 , 0.383272 , 0
142.633,5.23,0.362722 , 0.362722 , 0
142.633,5.41,0.317831 , 0.317831 , 0
142.633,5.59,0.262089 , 0.262089 , 0
142.633,5.77,0.205957 , 0.205957 , 0
142.633,5.95,0.156589 , 0.156589 , 0
142.633,6.13,0.117674 , 0.117674 , 0
142.633,6.31,0.0903249 , 0.0903249 , 0
142.633,6.49,0.073913 , 0.073913 , 0
142.633,6.67,0.0669358 , 0.0669358 , 0
142.633,6.85,0.0673988 , 0.0673988 , 0
142.633,7.03,0.073251 , 0.073251 , 0
142.633,7.21,0.08257 , 0.08257 , 0
142.633,7.39,0.0937762 , 0.0937762 , 0
142.633,7.57,0.1056 , 0.1056 , 0
142.633,7.75,0.117073 , 0.117073 , 0
142.633,7.93,0.127514 , 0.127514 , 0
142.633,8.11,0.136395 , 0.136395 , 0
142.633,8.29,0.143542 , 0.143542 , 0
142.633,8.47,0.148865 , 0.148865 , 0
142.633,8.65,0.15238 , 0.15238 , 0
142.633,8.83,0.154177 , 0.154177 , 0
142.633,9.01,0.154356 , 0.154356 , 0
142.633,9.19,0.153098 , 0.153098 , 0
142.633,9.37,0.150623 , 0.150623 , 0
142.633,9.55,0.147121 , 0.147121 , 0
142.633,9.73,0.142773 , 0.142773 , 0
142.633,9.91,0.137751 , 0.137751 , 0
143.484,1.09,0.773972 , 0.773972 , 0
143.484,1.27,4.41951 , 4.41951 , 0
143.484,1.45,3.69518 , 3.69518 , 0
143.484,1.63,1.27813 , 1.27813 , 0
143.484,1.81,0.746519 , 0.746519 , 0
143.484,1.99,1.89533 , 1.89533 , 0
143.484,2.17,0.976385 , 0.976385 , 0
143.484,2.35,0.30141 , 0.30141 , 0
143.484,2.53,1.58796 , 1.58796 , 0
143.484,2.71,0.980364 , 0.980364 , 0
143.484,2.89,0.0815382 , 0.0815382 , 0
143.484,3.07,0.224193 , 0.224193 , 0
143.484,3.25,0.769991 , 0.769991 , 0
143.484,3.43,0.975158 , 0.975158 , 0
143.484,3.61,0.761872 , 0.761872 , 0
143.484,3.79,0.399868 , 0.399868 , 0
143.484,3.97,0.126196 , 0.126196 , 0
143.484,4.15,0.0214249 , 0.0214249 , 0
143.484,4.33,0.0536398 , 0.0536398 , 0
143.484,4.51,0.151864 , 0.151864 , 0
143.484,4.69,0.254304 , 0.254304 , 0
143.484,4.87,0.325606 , 0.325606 , 0
143.484,5.05,0.354493 , 0.354493 , 0
143.484,5.23,0.345142 , 0.345142 , 0
143.484,5.41,0.309442 , 0.309442 , 0
143.484,5.59,0.260091 , 0.260091 , 0
143.484,5.77,0.20762 , 0.20762 , 0
143.484,5.95,0.159639 , 0.159639 , 0
143.484,6.13,0.120467 , 0.120467 , 0
143.484,6.31,0.0918305 , 0.0918305 , 0
143.484,6.49,0.0736145 , 0.0736145 , 0
143.484,6.67,0.0646957 , 0.0646957 , 0
143.484,6.85,0.0633385 , 0.0633385 , 0
143.484,7.03,0.0676462 , 0.0676462 , 0
143.484,7.21,0.0757678 , 0.0757678 , 0
143.484,7.39,0.0861432 , 0.0861432 , 0
143.484,7.57,0.0974849 , 0.0974849 , 0
143.484,7.75,0.108786 , 0.108786 , 0
143.484,7.93,0.119313 , 0.119313 , 0
143.484,8.11,0.128489 , 0.128489 , 0
143.484,8.29,0.136087 , 0.136087 , 0
143.484,8.47,0.141972 , 0.141972 , 0
143.484,8.65,0.146119 , 0.146119 , 0
143.484,8.83,0.148587 , 0.148587 , 0
143.484,9.01,0.149466 , 0.149466 , 0
143.484,9.19,0.148911 , 0.148911 , 0
143.484,9.37,0.147116 , 0.147116 , 0
143.484,9.55,0.144255 , 0.144255 , 0
143.484,9.73,0.140506 , 0.140506 , 0
143.484,9.91,0.136033 , 0.136033 , 0
144.336,1.09,0.172407 , 0.172407 , 0
144.336,1.27,3.61779 , 3.61779 , 0
144.336,1.45,3.10443 , 3.10443 , 0
144.336,1.63,0.656785 , 0.656785 , 0
144.336,1.81,1.22884 , 1.22884 , 0
144.336,1.99,1.48274 , 1.48274 , 0
144.336,2.17,1.28855 , 1.28855 , 0
144.336,2.35,0.136029 , 0.136029 , 0
144.336,2.53,1.43924 , 1.43924 , 0
144.336,2.71,1.12763 , 1.12763 , 0
144.336,2.89,0.161891 , 0.161891 , 0
144.336,3.07,0.130043 , 0.130043 , 0
144.336,3.25,0.645589 , 0.645589 , 0
144.336,3.43,0.931424 , 0.931424 , 0
144.336,3.61,0.79874 , 0.79874 , 0
144.336,3.79,0.464946 , 0.464946 , 0
144.336,3.97,0.174121 , 0.174121 , 0
144.336,4.15,0.0339746 , 0.0339746 , 0
144.336,4.33,0.034396 , 0.034396 , 0
144.336,4.51,0.113963 , 0.113963 , 0
144.336,4.69,0.211268 , 0.211268 , 0
144.336,4.87,0.286951 , 0.286951 , 0
144.336,5.05,0.325007 , 0.325007 , 0
144.336,5.23,0.32587 , 0.32587 , 0
144.336,5.41,0.299076 , 0.299076 , 0
144.336,5.59,0.256283 , 0.256283 , 0
144.336,5.77,0.207873 , 0.207873 , 0
144.336,5.95,0.161754 , 0.161754 , 0
144.336,6.13,0.122775 , 0.122775 , 0
144.336,6.31,0.0932229 , 0.0932229 , 0
144.336,6.49,0.0734758 , 0.0734758 , 0
144.336,6.67,0.0627899 , 0.0627899 , 0
144.336,6.85,0.0597006 , 0.0597006 , 0
144.336,7.03,0.0624825 , 0.0624825 , 0
144.336,7.21,0.0693754 , 0.0693754 , 0
144.336,7.39,0.0788544 , 0.0788544 , 0
144.336,7.57,0.0896281 , 0.0896281 , 0
144.336,7.75,0.10066 , 0.10066 , 0
144.336,7.93,0.111176 , 0.111176 , 0
144.336,8.11,0.120554 , 0.120554 , 0
144.336,8.29,0.128518 , 0.128518 , 0
144.336,8.47,0.134889 , 0.134889 , 0
144.336,8.65,0.139604 , 0.139604 , 0
144.336,8.83,0.142689 , 0.142689 , 0
144.336,9.01,0.144224 , 0.144224 , 0
144.336,9.19,0.144339 , 0.144339 , 0
144.336,9.37,0.143198 , 0.143198 , 0
144.336,9.55,0.140965 , 0.140965 , 0
144.336,9.73,0.137805 , 0.137805 , 0
144.336,9.91,0.13388 , 0.13388 , 0
145.187,1.09,0.60736 , 0.60736 , 0
145.187,1.27,2.4822 , 2.4822 , 0
145.187,1.45,2.28485 , 2.28485 , 0
145.187,1.63,0.23586 , 0.23586 , 0
145.187,1.81,1.71082 , 1.71082 , 0
145.187,1.99,1.0604 , 1.0604 , 0
145.187,2.17,1.56171 , 1.56171 , 0
145.187,2.35,0.0473739 , 0.0473739 , 0
145.187,2.53,1.25067 , 1.25067 , 0
145.187,2.71,1.23903 , 1.23903 , 0
145.187,2.89,0.26597 , 0.26597 , 0
145.187,3.07,0.0654847 , 0.0654847 , 0
145.187,3.25,0.523655 , 0.523655 , 0
145.187,3.43,0.872157 , 0.872157 , 0
145.187,3.61,0.821114 , 0.821114 , 0
145.187,3.79,0.526012 , 0.526012 , 0
145.187,3.97,0.227697 , 0.227697 , 0
145.187,4.15,0.0566598 , 0.0566598 , 0
145.187,4.33,0.0248681 , 0.0248681 , 0
145.187,4.51,0.082541 , 0.082541 , 0
145.187,4.69,0.170694 , 0.170694 , 0
145.187,4.87,0.247265 , 0.247265 , 0
145.187,5.05,0.292079 , 0.292079 , 0
145.187,5.23,0.301882 , 0.301882 , 0
145.187,5.41,0.283651 , 0.283651 , 0
145.187,5.59,0.247718 , 0.247718 , 0
145.187,5.77,0.204048 , 0.204048 , 0
145.187,5.95,0.160634 , 0.160634 , 0
145.187,6.13,0.122706 , 0.122706 , 0
145.187,6.31,0.0930214 , 0.0930214 , 0
145.187,6.49,0.0724065 , 0.0724065 , 0
145.187,6.67,0.0604814 , 0.0604814 , 0
145.187,6.85,0.0560563 , 0.0560563 , 0
145.187,7.03,0.0575918 , 0.0575918 , 0
145.187,7.21,0.063438 , 0.063438 , 0
145.187,7.39,0.0721251 , 0.0721251 , 0
145.187,7.57,0.0823752 , 0.0823752 , 0
145.187,7.75,0.0931391 , 0.0931391 , 0
145.187,7.93,0.103614 , 0.103614 , 0
145.187,8.11,0.113145 , 0.113145 , 0
145.187,8.29,0.121413 , 0.121413 , 0
145.187,8.47,0.128204 , 0.128204 , 0
145.187,8.65,0.133419 , 0.133419 , 0
145.187,8.83,0.137057 , 0.137057 , 0
145.187,9.01,0.139185 , 0.139185 , 0
145.187,9.19,0.139913 , 0.139913 , 0
145.187,9.37,0.139375 , 0.139375 , 0
145.187,9.55,0.137724 , 0.137724 , 0
145.187,9.73,0.135116 , 0.135116 , 0
145.187,9.91,0.131707 , 0.131707 , 0
146.038,1.09,1.82783 , 1.82783 , 0
146.038,1.27,1.34505 , 1.34505 , 0
146.038,1.45,1.42483 , 1.42483 , 0
146.038,1.63,0.0665359 , 0.0665359 , 0
146.038,1.81,2.12165 , 2.12165 , 0
146.038,1.99,0.675509 , 0.675509 , 0
146.038,2.17,1.76667 , 1.76667 , 0
146.038,2.35,0.035143 , 0.035143 , 0
146.038,2.53,1.04278 , 1.04278 , 0
146.038,2.71,1.31095 , 1.31095 , 0
146.038,2.89,0.384195 , 0.384195 , 0
146.038,3.07,0.0302893 , 0.0302893 , 0
146.038,3.25,0.40887 , 0.40887 , 0
146.038,3.43,0.799106 , 0.799106 , 0
146.038,3.61,0.825478 , 0.825478 , 0
146.038,3.79,0.576405 , 0.576405 , 0
146.038,3.97,0.280313 , 0.280313 , 0
146.038,4.15,0.0851765 , 0.0851765 , 0
146.038,4.33,0.023933 , 0.023933 , 0
146.038,4.51,0.0594836 , 0.0594836 , 0
146.038,4.69,0.136757 , 0.136757 , 0
146.038,4.87,0.212145 , 0.212145 , 0
146.038,5.05,0.261932 , 0.261932 , 0
146.038,5.23,0.279406 , 0.279406 , 0
146.038,5.41,0.26898 , 0.26898 , 0
146.038,5.59,0.239541 , 0.239541 , 0
146.038,5.77,0.2005 , 0.2005 , 0
146.038,5.95,0.159816 , 0.159816 , 0
146.038,6.13,0.123015 , 0.123015 , 0
146.038,6.31,0.0932719 , 0.0932719 , 0
146.038,6.49,0.0718326 , 0.0718326 , 0
146.038,6.67,0.0586701 , 0.0586701 , 0
146.038,6.85,0.0528709 , 0.0528709 , 0
146.038,7.03,0.0530886 , 0.0530886 , 0
146.038,7.21,0.0577933 , 0.0577933 , 0
146.038,7.39,0.0655799 , 0.0655799 , 0
146.038,7.57,0.0751926 , 0.0751926 , 0
146.038,7.75,0.0855759 , 0.0855759 , 0
146.038,7.93,0.0959035 , 0.0959035 , 0
146.038,8.11,0.105491 , 0.105491 , 0
146.038,8.29,0.113979 , 0.113979 , 0
146.038,8.47,0.121118 , 0.121118 , 0
146.038,8.65,0.126775 , 0.126775 , 0
146.038,8.83,0.130919 , 0.130919 , 0
146.038,9.01,0.133605 , 0.133605 , 0
146.038,9.19,0.134919 , 0.134919 , 0
146.038,9.37,0.134968 , 0.134968 , 0
146.038,9.55,0.133891 , 0.133891 , 0
146.038,9.73,0.131835 , 0.131835 , 0
146.038,9.91,0.128947 , 0.128947 , 0
146.889,1.09,3.32823 , 3.32823 , 0
146.889,1.27,0.498498 , 0.498498 , 0
146.889,1.45,0.699414 , 0.699414 , 0
146.889,1.63,0.148502 , 0.148502 , 0
146.889,1.81,2.40886 , 2.40886 , 0
146.889,1.99,0.366309 , 0.366309 , 0
146.889,2.17,1.88978 , 1.88978 , 0
146.889,2.35,0.0906968 , 0.0906968 , 0
146.889,2.53,0.82993 , 0.82993 , 0
146.889,2.71,1.34113 , 1.34113 , 0
146.889,2.89,0.507555 , 0.507555 , 0
146.889,3.07,0.0228133 , 0.0228133 , 0
146.889,3.25,0.30577 , 0.30577 , 0
146.889,3.43,0.717216 , 0.717216 , 0
146.889,3.61,0.814328 , 0.814328 , 0
146.889,3.79,0.616296 , 0.616296 , 0
146.889,3.97,0.330922 , 0.330922 , 0
146.889,4.15,0.118145 , 0.118145 , 0
146.889,4.33,0.0302623 , 0.0302623 , 0
146.889,4.51,0.0435666 , 0.0435666 , 0
146.889,4.69,0.108265 , 0.108265 , 0
146.889,4.87,0.180363 , 0.180363 , 0
146.889,5.05,0.233284 , 0.233284 , 0
146.889,5.23,0.257132 , 0.257132 , 0
146.889,5.41,0.253772 , 0.253772 , 0
146.889,5.59,0.230539 , 0.230539 , 0
146.889,5.77,0.19614 , 0.19614 , 0
146.889,5.95,0.158371 , 0.158371 , 0
146.889,6.13,0.12295 , 0.12295 , 0
146.889,6.31,0.0934032 , 0.0934032 , 0
146.889,6.49,0.0713562 , 0.0713562 , 0
146.889,6.67,0.0571174 , 0.0571174 , 0
146.889,6.85,0.0500457 , 0.0500457 , 0
146.889,7.03,0.0489925 , 0.0489925 , 0
146.889,7.21,0.0525584 , 0.0525584 , 0
146.889,7.39,0.0594133 , 0.0594133 , 0
146.889,7.57,0.0683333 , 0.0683333 , 0
146.889,7.75,0.0782658 , 0.0782658 , 0
146.889,7.93,0.0883684 , 0.0883684 , 0
146.889,8.11,0.0979326 , 0.0979326 , 0
146.889,8.29,0.106565 , 0.106565 , 0
146.889,8.47,0.113979 , 0.113979 , 0
146.889,8.65,0.120014 , 0.120014 , 0
146.889,8.83,0.124608 , 0.124608 , 0
146.889,9.01,0.127802 , 0.127802 , 0
146.889,9.19,0.129661 , 0.129661 , 0
146.889,9.37,0.130264 , 0.130264 , 0
146.889,9.55,0.129736 , 0.129736 , 0
146.889,9.73,0.128213 , 0.128213 , 0
146.889,9.91,0.125835 , 0.125835 , 0
147.741,1.09,4.62943 , 4.62943 , 0
147.741,1.27,0.181162 , 0.181162 , 0
147.741,1.45,0.236169 , 0.236169 , 0
147.741,1.63,0.544375 , 0.544375 , 0
147.741,1.81,2.52649 , 2.52649 , 0
147.741,1.99,0.153899 , 0.153899 , 0
147.741,2.17,1.96284 , 1.96284 , 0
147.741,2.35,0.296546 , 0.296546 , 0
147.741,2.53,0.604873 , 0.604873 , 0
147.741,2.71,1.28184 , 1.28184 , 0
147.741,2.89,0.625706 , 0.625706 , 0
147.741,3.07,0.0485943 , 0.0485943 , 0
147.741,3.25,0.20585 , 0.20585 , 0
147.741,3.43,0.61547 , 0.61547 , 0
147.741,3.61,0.802183 , 0.802183 , 0
147.741,3.79,0.699721 , 0.699721 , 0
147.741,3.97,0.466135 , 0.466135 , 0
147.741,4.15,0.255526 , 0.255526 , 0
147.741,4.33,0.136954 , 0.136954 , 0
147.741,4.51,0.106446 , 0.106446 , 0
147.741,4.69,0.128377 , 0.128377 , 0
147.741,4.87,0.16608 , 0.16608 , 0
147.741,5.05,0.195021 , 0.195021 , 0
147.741,5.23,0.204478 , 0.204478 , 0
147.741,5.41,0.194229 , 0.194229 , 0
147.741,5.59,0.169382 , 0.169382 , 0
147.741,5.77,0.13679 , 0.13679 , 0
147.741,5.95,0.102761 , 0.102761 , 0
147.741,6.13,0.0720117 , 0.0720117 , 0
147.741,6.31,0.0474363 , 0.0474363 , 0
147.741,6.49,0.0303023 , 0.0303023 , 0
147.741,6.67,0.0206993 , 0.0206993 , 0
147.741,6.85,0.0178951 , 0.0178951 , 0
147.741,7.03,0.0207147 , 0.0207147 , 0
147.741,7.21,0.0277913 , 0.0277913 , 0
147.741,7.39,0.0377975 , 0.0377975 , 0
147.741,7.57,0.0495311 , 0.0495311 , 0
147.741,7.75,0.0619727 , 0.0619727 , 0
147.741,7.93,0.0743116 , 0.0743116 , 0
147.741,8.11,0.0858783 , 0.0858783 , 0
147.741,8.29,0.0962904 , 0.0962904 , 0
147.741,8.47,0.105284 , 0.105284 , 0
147.741,8.65,0.112719 , 0.112719 , 0
147.741,8.83,0.118551 , 0.118551 , 0
147.741,9.01,0.122849 , 0.122849 , 0
147.741,9.19,0.125691 , 0.125691 , 0
147.741,9.37,0.127161 , 0.127161 , 0
147.741,9.55,0.127393 , 0.127393 , 0
147.741,9.73,0.126535 , 0.126535 , 0
147.741,9.91,0.124734 , 0.124734 , 0
148.592,1.09,5.20708 , 5.20708 , 0
148.592,1.27,0.343724 , 0.343724 , 0
148.592,1.45,0.12952 , 0.12952 , 0
148.592,1.63,1.02413 , 1.02413 , 0
148.592,1.81,2.50384 , 2.50384 , 0
148.592,1.99,0.063485 , 0.063485 , 0
148.592,2.17,1.88101 , 1.88101 , 0
148.592,2.35,0.502272 , 0.502272 , 0
148.592,2.53,0.446228 , 0.446228 , 0
148.592,2.71,1.21779 , 1.21779 , 0
148.592,2.89,0.735516 , 0.735516 , 0
148.592,3.07,0.0975645 , 0.0975645 , 0
148.592,3.25,0.126019 , 0.126019 , 0
148.592,3.43,0.493501 , 0.493501 , 0
148.592,3.61,0.723126 , 0.723126 , 0
148.592,3.79,0.688012 , 0.688012 , 0
148.592,3.97,0.504105 , 0.504105 , 0
148.592,4.15,0.315217 , 0.315217 , 0
148.592,4.33,0.19768 , 0.19768 , 0
148.592,4.51,0.158262 , 0.158262 , 0
148.592,4.69,0.169065 , 0.169065 , 0
148.592,4.87,0.197217 , 0.197217 , 0
148.592,5.05,0.219083 , 0.219083 , 0
148.592,5.23,0.22347 , 0.22347 , 0
148.592,5.41,0.209333 , 0.209333 , 0
148.592,5.59,0.181075 , 0.181075 , 0
148.592,5.77,0.145134 , 0.145134 , 0
148.592,5.95,0.107666 , 0.107666 , 0
148.592,6.13,0.0734181 , 0.0734181 , 0
148.592,6.31,0.0454005 , 0.0454005 , 0
148.592,6.49,0.0250322 , 0.0250322 , 0
148.592,6.67,0.0125179 , 0.0125179 , 0
148.592,6.85,0.00721544 , 0.00721544 , 0
148.592,7.03,0.00800031 , 0.00800031 , 0
148.592,7.21,0.0135312 , 0.0135312 , 0
148.592,7.39,0.0224569 , 0.0224569 , 0
148.592,7.57,0.0335338 , 0.0335338 , 0
148.592,7.75,0.0456932 , 0.0456932 , 0
148.592,7.93,0.058069 , 0.058069 , 0
148.592,8.11,0.0699502 , 0.0699502 , 0
148.592,8.29,0.0808855 , 0.0808855 , 0
148.592,8.47,0.0905603 , 0.0905603 , 0
148.592,8.65,0.0987887 , 0.0987887 , 0
148.592,8.83,0.10549 , 0.10549 , 0
148.592,9.01,0.110699 , 0.110699 , 0
148.592,9.19,0.114468 , 0.114468 , 0
148.592,9.37,0.116862 , 0.116862 , 0
148.592,9.55,0.118 , 0.118 , 0
148.592,9.73,0.118016 , 0.118016 , 0
148.592,9.91,0.11705 , 0.11705 , 0
149.443,1.09,4.94042 , 4.94042 , 0
149.443,1.27,0.947539 , 0.947539 , 0
149.443,1.45,0.357228 , 0.357228 , 0
149.443,1.63,1.53666 , 1.53666 , 0
149.443,1.81,2.32655 , 2.32655 , 0
149.443,1.99,0.10206 , 0.10206 , 0
149.443,2.17,1.71109 , 1.71109 , 0
149.443,2.35,0.705235 , 0.705235 , 0
149.443,2.53,0.323952 , 0.323952 , 0
149.443,2.71,1.12702 , 1.12702 , 0
149.443,2.89,0.827199 , 0.827199 , 0
149.443,3.07,0.167122 , 0.167122 , 0
149.443,3.25,0.0747662 , 0.0747662 , 0
149.443,3.43,0.379375 , 0.379375 , 0
149.443,3.61,0.626379 , 0.626379 , 0
149.443,3.79,0.642815 , 0.642815 , 0
149.443,3.97,0.504723 , 0.504723 , 0
149.443,4.15,0.342133 , 0.342133 , 0
149.443,4.33,0.23426 , 0.23426 , 0
149.443,4.51,0.195476 , 0.195476 , 0
149.443,4.69,0.203858 , 0.203858 , 0
149.443,4.87,0.229551 , 0.229551 , 0
149.443,5.05,0.249654 , 0.249654 , 0
149.443,5.23,0.252624 , 0.252624 , 0
149.443,5.41,0.236848 , 0.236848 , 0
149.443,5.59,0.206312 , 0.206312 , 0
149.443,5.77,0.167295 , 0.167295 , 0
149.443,5.95,0.126054 , 0.126054 , 0
149.443,6.13,0.0875576 , 0.0875576 , 0
149.443,6.31,0.0550923 , 0.0550923 , 0
149.443,6.49,0.0303411 , 0.0303411 , 0
149.443,6.67,0.0137197 , 0.0137197 , 0
149.443,6.85,0.00473721 , 0.00473721 , 0
149.443,7.03,0.00235963 , 0.00235963 , 0
149.443,7.21,0.00529076 , 0.00529076 , 0
149.443,7.39,0.0121758 , 0.0121758 , 0
149.443,7.57,0.0217384 , 0.0217384 , 0
149.443,7.75,0.0328601 , 0.0328601 , 0
149.443,7.93,0.0446154 , 0.0446154 , 0
149.443,8.11,0.0562452 , 0.0562452 , 0
149.443,8.29,0.0672239 , 0.0672239 , 0
149.443,8.47,0.0771764 , 0.0771764 , 0
149.443,8.65,0.0858634 , 0.0858634 , 0
149.443,8.83,0.0931572 , 0.0931572 , 0
149.443,9.01,0.0990419 , 0.0990419 , 0
149.443,9.19,0.103539 , 0.103539 , 0
149.443,9.37,0.106694 , 0.106694 , 0
149.443,9.55,0.108606 , 0.108606 , 0
149.443,9.73,0.109391 , 0.109391 , 0
149.443,9.91,0.109176 , 0.109176 , 0
150.295,1.09,3.98929 , 3.98929 , 0
150.295,1.27,1.80897 , 1.80897 , 0
150.295,1.45,0.823334 , 0.823334 , 0
150.295,1.63,2.0096 , 2.0096 , 0
150.295,1.81,2.02469 , 2.02469 , 0
150.295,1.99,0.244767 , 0.244767 , 0
150.295,2.17,1.48025 , 1.48025 , 0
150.295,2.35,0.89003 , 0.89003 , 0
150.295,2.53,0.240609 , 0.240609 , 0
150.295,2.71,1.01601 , 1.01601 , 0
150.295,2.89,0.895012 , 0.895012 , 0
150.295,3.07,0.249427 , 0.249427 , 0
150.295,3.25,0.0521305 , 0.0521305 , 0
150.295,3.43,0.281886 , 0.281886 , 0
150.295,3.61,0.525543 , 0.525543 , 0
150.295,3.79,0.578147 , 0.578147 , 0
150.295,3.97,0.479356 , 0.479356 , 0
150.295,4.15,0.343356 , 0.343356 , 0
150.295,4.33,0.24903 , 0.24903 , 0
150.295,4.51,0.215998 , 0.215998 , 0
150.295,4.69,0.227021 , 0.227021 , 0
150.295,4.87,0.254688 , 0.254688 , 0
150.295,5.05,0.276683 , 0.276683 , 0
150.295,5.23,0.281139 , 0.281139 , 0
150.295,5.41,0.265952 , 0.265952 , 0
150.295,5.59,0.234786 , 0.234786 , 0
150.295,5.77,0.19386 , 0.19386 , 0
150.295,5.95,0.14961 , 0.14961 , 0
150.295,6.13,0.107309 , 0.107309 , 0
150.295,6.31,0.0705849 , 0.0705849 , 0
150.295,6.49,0.0414377 , 0.0414377 , 0
150.295,6.67,0.0205528 , 0.0205528 , 0
150.295,6.85,0.00763213 , 0.00763213 , 0
150.295,7.03,0.00176695 , 0.00176695 , 0
150.295,7.21,0.00172872 , 0.00172872 , 0
150.295,7.39,0.00618382 , 0.00618382 , 0
150.295,7.57,0.0138406 , 0.0138406 , 0
150.295,7.75,0.0235427 , 0.0235427 , 0
150.295,7.93,0.0343126 , 0.0343126 , 0
150.295,8.11,0.0453435 , 0.0453435 , 0
150.295,8.29,0.0560433 , 0.0560433 , 0
150.295,8.47,0.0659785 , 0.0659785 , 0
150.295,8.65,0.0748566 , 0.0748566 , 0
150.295,8.83,0.082502 , 0.082502 , 0
150.295,9.01,0.0888494 , 0.0888494 , 0
150.295,9.19,0.0938859 , 0.0938859 , 0
150.295,9.37,0.097636 , 0.097636 , 0
150.295,9.55,0.100174 , 0.100174 , 0
150.295,9.73,0.101599 , 0.101599 , 0
150.295,9.91,0.102022 , 0.102022 , 0
151.146,1.09,2.71708 , 2.71708 , 0
151.146,1.27,2.68867 , 2.68867 , 0
151.146,1.45,1.4084 , 1.4084 , 0
151.146,1.63,2.37938 , 2.37938 , 0
151.146,1.81,1.64538 , 1.64538 , 0
151.146,1.99,0.458038 , 0.458038 , 0
151.146,2.17,1.21923 , 1.21923 , 0
151.146,2.35,1.04458 , 1.04458 , 0
151.146,2.53,0.195449 , 0.195449 , 0
151.146,2.71,0.892606 , 0.892606 , 0
151.146,2.89,0.935705 , 0.935705 , 0
151.146,3.07,0.336265 , 0.336265 , 0
151.146,3.25,0.0552707 , 0.0552707 , 0
151.146,3.43,0.20586 , 0.20586 , 0
151.146,3.61,0.430131 , 0.430131 , 0
151.146,3.79,0.504514 , 0.504514 , 0
151.146,3.97,0.437007 , 0.437007 , 0
151.146,4.15,0.325182 , 0.325182 , 0
151.146,4.33,0.24529 , 0.24529 , 0
151.146,4.51,0.220353 , 0.220353 , 0
151.146,4.69,0.236776 , 0.236776 , 0
151.146,4.87,0.269112 , 0.269112 , 0
151.146,5.05,0.295478 , 0.295478 , 0
151.146,5.23,0.303657 , 0.303657 , 0
151.146,5.41,0.291038 , 0.291038 , 0
151.146,5.59,0.260964 , 0.260964 , 0
151.146,5.77,0.219597 , 0.219597 , 0
151.146,5.95,0.173558 , 0.173558 , 0
151.146,6.13,0.128432 , 0.128432 , 0
151.146,6.31,0.0882029 , 0.0882029 , 0
151.146,6.49,0.0552079 , 0.0552079 , 0
151.146,6.67,0.0304338 , 0.0304338 , 0
151.146,6.85,0.013803 , 0.013803 , 0
151.146,7.03,0.00455814 , 0.00455814 , 0
151.146,7.21,0.00156084 , 0.00156084 , 0
151.146,7.39,0.00352233 , 0.00352233 , 0
151.146,7.57,0.00915586 , 0.00915586 , 0
151.146,7.75,0.0172831 , 0.0172831 , 0
151.146,7.93,0.0268881 , 0.0268881 , 0
151.146,8.11,0.0371225 , 0.0371225 , 0
151.146,8.29,0.0473397 , 0.0473397 , 0
151.146,8.47,0.0570543 , 0.0570543 , 0
151.146,8.65,0.0659252 , 0.0659252 , 0
151.146,8.83,0.0737324 , 0.0737324 , 0
151.146,9.01,0.0803648 , 0.0803648 , 0
151.146,9.19,0.0857765 , 0.0857765 , 0
151.146,9.37,0.0899687 , 0.0899687 , 0
151.146,9.55,0.0929929 , 0.0929929 , 0
151.146,9.73,0.0949283 , 0.0949283 , 0
151.146,9.91,0.0958716 , 0.0958716 , 0
151.997,1.09,1.50482 , 1.50482 , 0
151.997,1.27,3.37581 , 3.37581 , 0
151.997,1.45,1.99472 , 1.99472 , 0
151.997,1.63,2.60278 , 2.60278 , 0
151.997,1.81,1.24155 , 1.24155 , 0
151.997,1.99,0.705901 , 0.705901 , 0
151.997,2.17,0.956075 , 0.956075 , 0
151.997,2.35,1.16096 , 1.16096 , 0
151.997,2.53,0.184676 , 0.184676 , 0
151.997,2.71,0.764648 , 0.764648 , 0
151.997,2.89,0.94849 , 0.94849 , 0
151.997,3.07,0.420003 , 0.420003 , 0
151.997,3.25,0.0794612 , 0.0794612 , 0
151.997,3.43,0.153239 , 0.153239 , 0
151.997,3.61,0.347044 , 0.347044 , 0
151.997,3.79,0.430649 , 0.430649 , 0
151.997,3.97,0.385889 , 0.385889 , 0
151.997,4.15,0.294067 , 0.294067 , 0
151.997,4.33,0.227345 , 0.227345 , 0
151.997,4.51,0.210762 , 0.210762 , 0
151.997,4.69,0.233551 , 0.233551 , 0
151.997,4.87,0.271835 , 0.271835 , 0
151.997,5.05,0.304016 , 0.304016 , 0
151.997,5.23,0.317465 , 0.317465 , 0
151.997,5.41,0.309001 , 0.309001 , 0
151.997,5.59,0.28159 , 0.28159 , 0
151.997,5.77,0.241277 , 0.241277 , 0
151.997,5.95,0.194821 , 0.194821 , 0
151.997,6.13,0.148081 , 0.148081 , 0
151.997,6.31,0.10538 , 0.10538 , 0
151.997,6.49,0.0693834 , 0.0693834 , 0
151.997,6.67,0.0413915 , 0.0413915 , 0
151.997,6.85,0.0215609 , 0.0215609 , 0
151.997,7.03,0.00930495 , 0.00930495 , 0
151.997,7.21,0.00359462 , 0.00359462 , 0
151.997,7.39,0.00320711 , 0.00320711 , 0
151.997,7.57,0.00688053 , 0.00688053 , 0
151.997,7.75,0.0134323 , 0.0134323 , 0
151.997,7.93,0.021823 , 0.021823 , 0
151.997,8.11,0.0311735 , 0.0311735 , 0
151.997,8.29,0.0407957 , 0.0407957 , 0
151.997,8.47,0.0501614 , 0.0501614 , 0
151.997,8.65,0.0588876 , 0.0588876 , 0
151.997,8.83,0.0667157 , 0.0667157 , 0
151.997,9.01,0.0734942 , 0.0734942 , 0
151.997,9.19,0.0791463 , 0.0791463 , 0
151.997,9.37,0.0836514 , 0.0836514 , 0
151.997,9.55,0.0870387 , 0.0870387 , 0
151.997,9.73,0.0893694 , 0.0893694 , 0
151.997,9.91,0.0907255 , 0.0907255 , 0
152.849,1.09,0.646536 , 0.646536 , 0
152.849,1.27,3.74367 , 3.74367 , 0
152.849,1.45,2.48647 , 2.48647 , 0
152.849,1.63,2.66254 , 2.66254 , 0
152.849,1.81,0.862046 , 0.862046 , 0
152.849,1.99,0.955627 , 0.955627 , 0
152.849,2.17,0.712359 , 0.712359 , 0
152.849,2.35,1.23539 , 1.23539 , 0
152.849,2.53,0.202607 , 0.202607 , 0
152.849,2.71,0.639438 , 0.639438 , 0
152.849,2.89,0.934885 , 0.934885 , 0
152.849,3.07,0.494269 , 0.494269 , 0
152.849,3.25,0.118838 , 0.118838 , 0
152.849,3.43,0.123482 , 0.123482 , 0
152.849,3.61,0.280654 , 0.280654 , 0
152.849,3.79,0.363428 , 0.363428 , 0
152.849,3.97,0.333223 , 0.333223 , 0
152.849,4.15,0.256297 , 0.256297 , 0
152.849,4.33,0.200013 , 0.200013 , 0
152.849,4.51,0.190487 , 0.190487 , 0
152.849,4.69,0.21919 , 0.21919 , 0
152.849,4.87,0.263514 , 0.263514 , 0
152.849,5.05,0.302027 , 0.302027 , 0
152.849,5.23,0.321609 , 0.321609 , 0
152.849,5.41,0.318421 , 0.318421 , 0
152.849,5.59,0.294957 , 0.294957 , 0
152.849,5.77,0.257055 , 0.257055 , 0
152.849,5.95,0.21152 , 0.21152 , 0
152.849,6.13,0.164423 , 0.164423 , 0
152.849,6.31,0.120381 , 0.120381 , 0
152.849,6.49,0.0823585 , 0.0823585 , 0
152.849,6.67,0.0519649 , 0.0519649 , 0
152.849,6.85,0.0295944 , 0.0295944 , 0
152.849,7.03,0.0148417 , 0.0148417 , 0
152.849,7.21,0.00680299 , 0.00680299 , 0
152.849,7.39,0.00433877 , 0.00433877 , 0
152.849,7.57,0.0062303 , 0.0062303 , 0
152.849,7.75,0.0113079 , 0.0113079 , 0
152.849,7.93,0.018525 , 0.018525 , 0
152.849,8.11,0.0269833 , 0.0269833 , 0
152.849,8.29,0.0359667 , 0.0359667 , 0
152.849,8.47,0.044914 , 0.044914 , 0
152.849,8.65,0.0534087 , 0.0534087 , 0
152.849,8.83,0.0611595 , 0.0611595 , 0
152.849,9.01,0.0679811 , 0.0679811 , 0
152.849,9.19,0.0737696 , 0.0737696 , 0
152.849,9.37,0.0784839 , 0.0784839 , 0
152.849,9.55,0.0821336 , 0.0821336 , 0
152.849,9.73,0.084763 , 0.084763 , 0
152.849,9.91,0.0864406 , 0.0864406 , 0
153.7,1.09,0.29775 , 0.29775 , 0
153.7,1.27,3.76077 , 3.76077 , 0
153.7,1.45,2.81961 , 2.81961 , 0
153.7,1.63,2.56698 , 2.56698 , 0
153.7,1.81,0.543697 , 0.543697 , 0
153.7,1.99,1.18136 , 1.18136 , 0
153.7,2.17,0.50261 , 0.50261 , 0
153.7,2.35,1.26777 , 1.26777 , 0
153.7,2.53,0.242511 , 0.242511 , 0
153.7,2.71,0.523189 , 0.523189 , 0
153.7,2.89,0.898318 , 0.898318 , 0
153.7,3.07,0.554421 , 0.554421 , 0
153.7,3.25,0.167134 , 0.167134 , 0
153.7,3.43,0.113993 , 0.113993 , 0
153.7,3.61,0.232822 , 0.232822 , 0
153.7,3.79,0.30759 , 0.30759 , 0
153.7,3.97,0.284808 , 0.284808 , 0
153.7,4.15,0.217482 , 0.217482 , 0
153.7,4.33,0.168082 , 0.168082 , 0
153.7,4.51,0.163275 , 0.163275 , 0
153.7,4.69,0.196388 , 0.196388 , 0
153.7,4.87,0.245906 , 0.245906 , 0
153.7,5.05,0.290473 , 0.290473 , 0
153.7,5.23,0.316414 , 0.316414 , 0
153.7,5.41,0.319135 , 0.319135 , 0
153.7,5.59,0.300544 , 0.300544 , 0
153.7,5.77,0.266164 , 0.266164 , 0
153.7,5.95,0.222737 , 0.222737 , 0
153.7,6.13,0.176456 , 0.176456 , 0
153.7,6.31,0.132172 , 0.132172 , 0
153.7,6.49,0.0931105 , 0.0931105 , 0
153.7,6.67,0.0611664 , 0.0611664 , 0
153.7,6.85,0.0369667 , 0.0369667 , 0
153.7,7.03,0.0202918 , 0.0202918 , 0
153.7,7.21,0.0103738 , 0.0103738 , 0
153.7,7.39,0.00617053 , 0.00617053 , 0
153.7,7.57,0.00652182 , 0.00652182 , 0
153.7,7.75,0.010287 , 0.010287 , 0
153.7,7.93,0.0164267 , 0.0164267 , 0
153.7,8.11,0.024037 , 0.024037 , 0
153.7,8.29,0.0323852 , 0.0323852 , 0
153.7,8.47,0.0408877 , 0.0408877 , 0
153.7,8.65,0.0491025 , 0.0491025 , 0
153.7,8.83,0.0567129 , 0.0567129 , 0
153.7,9.01,0.0635055 , 0.0635055 , 0
153.7,9.19,0.0693534 , 0.0693534 , 0
153.7,9.37,0.074198 , 0.074198 , 0
153.7,9.55,0.0780312 , 0.0780312 , 0
153.7,9.73,0.0808827 , 0.0808827 , 0
153.7,9.91,0.0828083 , 0.0828083 , 0
154.551,1.09,0.463719 , 0.463719 , 0
154.551,1.27,3.4698 , 3.4698 , 0
154.551,1.45,2.96434 , 2.96434 , 0
154.551,1.63,2.3444 , 2.3444 , 0
154.551,1.81,0.308011 , 0.308011 , 0
154.551,1.99,1.36527 , 1.36527 , 0
154.551,2.17,0.335174 , 0.335174 , 0
154.551,2.35,1.26113 , 1.26113 , 0
154.551,2.53,0.297266 , 0.297266 , 0
154.551,2.71,0.420582 , 0.420582 , 0
154.551,2.89,0.843557 , 0.843557 , 0
154.551,3.07,0.597771 , 0.597771 , 0
154.551,3.25,0.218355 , 0.218355 , 0
154.551,3.43,0.120697 , 0.120697 , 0
154.551,3.61,0.203126 , 0.203126 , 0
154.551,3.79,0.265657 , 0.265657 , 0
154.551,3.97,0.244742 , 0.244742 , 0
154.551,4.15,0.18218 , 0.18218 , 0
154.551,4.33,0.135891 , 0.135891 , 0
154.551,4.51,0.132907 , 0.132907 , 0
154.551,4.69,0.16825 , 0.16825 , 0
154.551,4.87,0.221426 , 0.221426 , 0
154.551,5.05,0.271134 , 0.271134 , 0
154.551,5.23,0.303101 , 0.303101 , 0
154.551,5.41,0.311891 , 0.311891 , 0
154.551,5.59,0.29872 , 0.29872 , 0
154.551,5.77,0.268672 , 0.268672 , 0
154.551,5.95,0.228308 , 0.228308 , 0
154.551,6.13,0.183851 , 0.183851 , 0
154.551,6.31,0.140309 , 0.140309 , 0
154.551,6.49,0.101118 , 0.101118 , 0
154.551,6.67,0.06843 , 0.06843 , 0
154.551,6.85,0.0430908 , 0.0430908 , 0
154.551,7.03,0.0250644 , 0.0250644 , 0
154.551,7.21,0.0137253 , 0.0137253 , 0
154.551,7.39,0.00813802 , 0.00813802 , 0
154.551,7.57,0.00721381 , 0.00721381 , 0
154.551,7.75,0.00985456 , 0.00985456 , 0
154.551,7.93,0.0150417 , 0.0150417 , 0
154.551,8.11,0.0218773 , 0.0218773 , 0
154.551,8.29,0.0296233 , 0.0296233 , 0
154.551,8.47,0.0376829 , 0.0376829 , 0
154.551,8.65,0.045597 , 0.045597 , 0
154.551,8.83,0.0530295 , 0.0530295 , 0
154.551,9.01,0.0597453 , 0.0597453 , 0
154.551,9.19,0.0655982 , 0.0655982 , 0
154.551,9.37,0.070515 , 0.070515 , 0
154.551,9.55,0.0744726 , 0.0744726 , 0
154.551,9.73,0.0774877 , 0.0774877 , 0
154.551,9.91,0.079605 , 0.079605 , 0
155.402,1.09,1.02833 , 1.02833 , 0
155.402,1.27,2.95782 , 2.95782 , 0
155.402,1.45,2.92217 , 2.92217 , 0
155.402,1.63,2.03494 , 2.03494 , 0
155.402,1.81,0.161943 , 0.161943 , 0
155.402,1.99,1.49668 , 1.49668 , 0
155.402,2.17,0.213634 , 0.213634 , 0
155.402,2.35,1.22205 , 1.22205 , 0
155.402,2.53,0.359757 , 0.359757 , 0
155.402,2.71,0.334228 , 0.334228 , 0
155.402,2.89,0.776377 , 0.776377 , 0
155.402,3.07,0.623884 , 0.623884 , 0
155.402,3.25,0.267229 , 0.267229 , 0
155.402,3.43,0.138281 , 0.138281 , 0
155.402,3.61,0.188942 , 0.188942 , 0
155.402,3.79,0.237994 , 0.237994 , 0
155.402,3.97,0.215546 , 0.215546 , 0
155.402,4.15,0.154064 , 0.154064 , 0
155.402,4.33,0.107493 , 0.107493 , 0
155.402,4.51,0.103319 , 0.103319 , 0
155.402,4.69,0.138316 , 0.138316 , 0
155.402,4.87,0.193096 , 0.193096 , 0
155.402,5.05,0.24648 , 0.24648 , 0
155.402,5.23,0.283605 , 0.283605 , 0
155.402,5.41,0.298144 , 0.298144 , 0
155.402,5.59,0.290518 , 0.290518 , 0
155.402,5.77,0.26526 , 0.26526 , 0
155.402,5.95,0.228629 , 0.228629 , 0
155.402,6.13,0.186772 , 0.186772 , 0
155.402,6.31,0.144776 , 0.144776 , 0
155.402,6.49,0.106232 , 0.106232 , 0
155.402,6.67,0.0735084 , 0.0735084 , 0
155.402,6.85,0.0476493 , 0.0476493 , 0
155.402,7.03,0.0287944 , 0.0287944 , 0
155.402,7.21,0.0164626 , 0.0164626 , 0
155.402,7.39,0.00983051 , 0.00983051 , 0
155.402,7.57,0.00789021 , 0.00789021 , 0
155.402,7.75,0.00959715 , 0.00959715 , 0
155.402,7.93,0.0139648 , 0.0139648 , 0
155.402,8.11,0.0201117 , 0.0201117 , 0
155.402,8.29,0.0273039 , 0.0273039 , 0
155.402,8.47,0.0349398 , 0.0349398 , 0
155.402,8.65,0.0425504 , 0.0425504 , 0
155.402,8.83,0.0497865 , 0.0497865 , 0
155.402,9.01,0.056396 , 0.056396 , 0
155.402,9.19,0.0622178 , 0.0622178 , 0
155.402,9.37,0.0671665 , 0.0671665 , 0
155.402,9.55,0.0712067 , 0.0712067 , 0
155.402,9.73,0.0743433 , 0.0743433 , 0
155.402,9.91,0.0766114 , 0.0766114 , 0
156.254,1.09,1.81298 , 1.81298 , 0
156.254,1.27,2.32605 , 2.32605 , 0
156.254,1.45,2.71995 , 2.71995 , 0
156.254,1.63,1.6785 , 1.6785 , 0
156.254,1.81,0.102028 , 0.102028 , 0
156.254,1.99,1.57364 , 1.57364 , 0
156.254,2.17,0.135751 , 0.135751 , 0
156.254,2.35,1.1528 , 1.1528 , 0
156.254,2.53,0.424913 , 0.424913 , 0
156.254,2.71,0.266559 , 0.266559 , 0
156.254,2.89,0.700603 , 0.700603 , 0
156.254,3.07,0.632068 , 0.632068 , 0
156.254,3.25,0.310383 , 0.310383 , 0
156.254,3.43,0.163635 , 0.163635 , 0
156.254,3.61,0.188361 , 0.188361 , 0
156.254,3.79,0.223599 , 0.223599 , 0
156.254,3.97,0.196714 , 0.196714 , 0
156.254,4.15,0.132975 , 0.132975 , 0
156.254,4.33,0.0830962 , 0.0830962 , 0
156.254,4.51,0.0751264 , 0.0751264 , 0
156.254,4.69,0.107583 , 0.107583 , 0
156.254,4.87,0.162208 , 0.162208 , 0
156.254,5.05,0.217971 , 0.217971 , 0
156.254,5.23,0.259431 , 0.259431 , 0
156.254,5.41,0.279338 , 0.279338 , 0
156.254,5.59,0.27725 , 0.27725 , 0
156.254,5.77,0.257061 , 0.257061 , 0
156.254,5.95,0.224636 , 0.224636 , 0
156.254,6.13,0.185962 , 0.185962 , 0
156.254,6.31,0.146137 , 0.146137 , 0
156.254,6.49,0.108856 , 0.108856 , 0
156.254,6.67,0.0766688 , 0.0766688 , 0
156.254,6.85,0.0507964 , 0.0507964 , 0
156.254,7.03,0.0315457 , 0.0315457 , 0
156.254,7.21,0.0185785 , 0.0185785 , 0
156.254,7.39,0.0111869 , 0.0111869 , 0
156.254,7.57,0.00845028 , 0.00845028 , 0
156.254,7.75,0.00938613 , 0.00938613 , 0
156.254,7.93,0.0130487 , 0.0130487 , 0
156.254,8.11,0.0185819 , 0.0185819 , 0
156.254,8.29,0.0252633 , 0.0252633 , 0
156.254,8.47,0.0324937 , 0.0324937 , 0
156.254,8.65,0.0398002 , 0.0398002 , 0
156.254,8.83,0.0468255 , 0.0468255 , 0
156.254,9.01,0.0533052 , 0.0533052 , 0
156.254,9.19,0.0590665 , 0.0590665 , 0
156.254,9.37,0.0640144 , 0.0640144 , 0
156.254,9.55,0.0681027 , 0.0681027 , 0
156.254,9.73,0.0713267 , 0.0713267 , 0
156.254,9.91,0.0737125 , 0.0737125 , 0
157.105,1.09,2.62563 , 2.62563 , 0
157.105,1.27,1.67649 , 1.67649 , 0
157.105,1.45,2.39944 , 2.39944 , 0
157.105,1.63,1.31445 , 1.31445 , 0
157.105,1.81,0.116822 , 0.116822 , 0
157.105,1.99,1.5964 , 1.5964 , 0
157.105,2.17,0.0992777 , 0.0992777 , 0
157.105,2.35,1.06306 , 1.06306 , 0
157.105,2.53,0.486627 , 0.486627 , 0
157.105,2.71,0.216907 , 0.216907 , 0
157.105,2.89,0.622083 , 0.622083 , 0
157.105,3.07,0.624726 , 0.624726 , 0
157.105,3.25,0.344559 , 0.344559 , 0
157.105,3.43,0.191302 , 0.191302 , 0
157.105,3.61,0.197078 , 0.197078 , 0
157.105,3.79,0.220657 , 0.220657 , 0
157.105,3.97,0.188756 , 0.188756 , 0
157.105,4.15,0.121013 , 0.121013 , 0
157.105,4.33,0.0656318 , 0.0656318 , 0
157.105,4.51,0.051525 , 0.051525 , 0
157.105,4.69,0.0791507 , 0.0791507 , 0
157.105,4.87,0.131564 , 0.131564 , 0
157.105,5.05,0.18803 , 0.18803 , 0
157.105,5.23,0.232597 , 0.232597 , 0
157.105,5.41,0.257104 , 0.257104 , 0
157.105,5.59,0.260196 , 0.260196 , 0
157.105,5.77,0.24505 , 0.24505 , 0
157.105,5.95,0.217043 , 0.217043 , 0
157.105,6.13,0.181918 , 0.181918 , 0
157.105,6.31,0.14471 , 0.14471 , 0
157.105,6.49,0.109168 , 0.109168 , 0
157.105,6.67,0.077977 , 0.077977 , 0
157.105,6.85,0.0525115 , 0.0525115 , 0
157.105,7.03,0.0332318 , 0.0332318 , 0
157.105,7.21,0.0199378 , 0.0199378 , 0
157.105,7.39,0.0120371 , 0.0120371 , 0
157.105,7.57,0.00870023 , 0.00870023 , 0
157.105,7.75,0.00901277 , 0.00901277 , 0
157.105,7.93,0.0120767 , 0.0120767 , 0
157.105,8.11,0.0170684 , 0.0170684 , 0
157.105,8.29,0.0232833 , 0.0232833 , 0
157.105,8.47,0.0301307 , 0.0301307 , 0
157.105,8.65,0.0371389 , 0.0371389 , 0
157.105,8.83,0.0439472 , 0.0439472 , 0
157.105,9.01,0.0502826 , 0.0502826 , 0
157.105,9.19,0.0559636 , 0.0559636 , 0
157.105,9.37,0.0608878 , 0.0608878 , 0
157.105,9.55,0.065 , 0.065 , 0
157.105,9.73,0.068287 , 0.068287 , 0
157.105,9.91,0.0707671 , 0.0707671 , 0
157.956,1.09,3.30693 , 3.30693 , 0
157.956,1.27,1.09349 , 1.09349 , 0
157.956,1.45,2.00868 , 2.00868 , 0
157.956,1.63,0.973836 , 0.973836 , 0
157.956,1.81,0.190655 , 0.190655 , 0
157.956,1.99,1.57004 , 1.57004 , 0
157.956,2.17,0.0983607 , 0.0983607 , 0
157.956,2.35,0.960317 , 0.960317 , 0
157.956,2.53,0.540983 , 0.540983 , 0
157.956,2.71,0.183865 , 0.183865 , 0
157.956,2.89,0.544895 , 0.544895 , 0
157.956,3.07,0.604452 , 0.604452 , 0
157.956,3.25,0.368322 , 0.368322 , 0
157.956,3.43,0.217508 , 0.217508 , 0
157.956,3.61,0.211144 , 0.211144 , 0
157.956,3.79,0.226206 , 0.226206 , 0
157.956,3.97,0.19001 , 0.19001 , 0
157.956,4.15,0.117714 , 0.117714 , 0
157.956,4.33,0.0555885 , 0.0555885 , 0
157.956,4.51,0.0336878 , 0.0336878 , 0
157.956,4.69,0.054628 , 0.054628 , 0
157.956,4.87,0.103004 , 0.103004 , 0
157.956,5.05,0.158554 , 0.158554 , 0
157.956,5.23,0.204937 , 0.204937 , 0
157.956,5.41,0.233128 , 0.233128 , 0
157.956,5.59,0.240847 , 0.240847 , 0
157.956,5.77,0.2305 , 0.2305 , 0
157.956,5.95,0.206906 , 0.206906 , 0
157.956,6.13,0.17549 , 0.17549 , 0
157.956,6.31,0.141161 , 0.141161 , 0
157.956,6.49,0.10767 , 0.10767 , 0
157.956,6.67,0.0777975 , 0.0777975 , 0
157.956,6.85,0.0530452 , 0.0530452 , 0
157.956,7.03,0.034011 , 0.034011 , 0
157.956,7.21,0.0206255 , 0.0206255 , 0
157.956,7.39,0.0124089 , 0.0124089 , 0
157.956,7.57,0.00862453 , 0.00862453 , 0
157.956,7.75,0.00842957 , 0.00842957 , 0
157.956,7.93,0.0109786 , 0.0109786 , 0
157.956,8.11,0.0154853 , 0.0154853 , 0
157.956,8.29,0.0212683 , 0.0212683 , 0
157.956,8.47,0.0277498 , 0.0277498 , 0
157.956,8.65,0.0344635 , 0.0344635 , 0
157.956,8.83,0.0410491 , 0.0410491 , 0
157.956,9.01,0.047228 , 0.047228 , 0
157.956,9.19,0.0528126 , 0.0528126 , 0
157.956,9.37,0.0576947 , 0.0576947 , 0
157.956,9.55,0.0618116 , 0.0618116 , 0
157.956,9.73,0.0651427 , 0.0651427 , 0
157.956,9.91,0.067699 , 0.067699 , 0
158.808,1.09,3.75051 , 3.75051 , 0
158.808,1.27,0.636372 , 0.636372 , 0
158.808,1.45,1.59414 , 1.59414 , 0
158.808,1.63,0.679095 , 0.679095 , 0
158.808,1.81,0.306008 , 0.306008 , 0
158.808,1.99,1.5022 , 1.5022 , 0
158.808,2.17,0.125626 , 0.125626 , 0
158.808,2.35,0.851729 , 0.851729 , 0
158.808,2.53,0.585464 , 0.585464 , 0
158.808,2.71,0.16511 , 0.16511 , 0
158.808,2.89,0.472145 , 0.472145 , 0
158.808,3.07,0.574339 , 0.574339 , 0
158.808,3.25,0.381489 , 0.381489 , 0
158.808,3.43,0.239446 , 0.239446 , 0
158.808,3.61,0.226854 , 0.226854 , 0
158.808,3.79,0.23689 , 0.23689 , 0
158.808,3.97,0.198042 , 0.198042 , 0
158.808,4.15,0.121705 , 0.121705 , 0
158.808,4.33,0.052576 , 0.052576 , 0
158.808,4.51,0.0220257 , 0.0220257 , 0
158.808,4.69,0.0350115 , 0.0350115 , 0
158.808,4.87,0.0778955 , 0.0778955 , 0
158.808,5.05,0.131101 , 0.131101 , 0
158.808,5.23,0.178051 , 0.178051 , 0
158.808,5.41,0.208948 , 0.208948 , 0
158.808,5.59,0.22061 , 0.22061 , 0
158.808,5.77,0.214647 , 0.214647 , 0
158.808,5.95,0.195277 , 0.195277 , 0
158.808,6.13,0.167549 , 0.167549 , 0
158.808,6.31,0.136192 , 0.136192 , 0
158.808,6.49,0.104914 , 0.104914 , 0
158.808,6.67,0.0765525 , 0.0765525 , 0
158.808,6.85,0.0527107 , 0.0527107 , 0
158.808,7.03,0.0341073 , 0.0341073 , 0
158.808,7.21,0.0207936 , 0.0207936 , 0
158.808,7.39,0.012398 , 0.012398 , 0
158.808,7.57,0.00827535 , 0.00827535 , 0
158.808,7.75,0.00765592 , 0.00765592 , 0
158.808,7.93,0.00974957 , 0.00974957 , 0
158.808,8.11,0.0138109 , 0.0138109 , 0
158.808,8.29,0.0191847 , 0.0191847 , 0
158.808,8.47,0.0253099 , 0.0253099 , 0
158.808,8.65,0.0317289 , 0.0317289 , 0
158.808,8.83,0.0380841 , 0.0380841 , 0
158.808,9.01,0.0440944 , 0.0440944 , 0
158.808,9.19,0.0495677 , 0.0495677 , 0
158.808,9.37,0.0543914 , 0.0543914 , 0
158.808,9.55,0.0584965 , 0.0584965 , 0
158.808,9.73,0.0618556 , 0.0618556 , 0
158.808,9.91,0.0644733 , 0.0644733 , 0
159.659,1.09,3.90979 , 3.90979 , 0
159.659,1.27,0.336215 , 0.336215 , 0
159.659,1.45,1.19534 , 1.19534 , 0
159.659,1.63,0.444025 , 0.444025 , 0
159.659,1.81,0.445388 , 0.445388 , 0
159.659,1.99,1.40208 , 1.40208 , 0
159.659,2.17,0.172869 , 0.172869 , 0
159.659,2.35,0.743517 , 0.743517 , 0
159.659,2.53,0.61895 , 0.61895 , 0
159.659,2.71,0.157817 , 0.157817 , 0
159.659,2.89,0.405851 , 0.405851 , 0
159.659,3.07,0.537584 , 0.537584 , 0
159.659,3.25,0.384965 , 0.384965 , 0
159.659,3.43,0.255468 , 0.255468 , 0
159.659,3.61,0.241165 , 0.241165 , 0
159.659,3.79,0.249399 , 0.249399 , 0
159.659,3.97,0.209988 , 0.209988 , 0
159.659,4.15,0.130922 , 0.130922 , 0
159.659,4.33,0.055422 , 0.055422 , 0
159.659,4.51,0.0161926 , 0.0161926 , 0
159.659,4.69,0.0206267 , 0.0206267 , 0
159.659,4.87,0.0570476 , 0.0570476 , 0
159.659,5.05,0.106778 , 0.106778 , 0
159.659,5.23,0.153188 , 0.153188 , 0
159.659,5.41,0.185835 , 0.185835 , 0
159.659,5.59,0.200692 , 0.200692 , 0
159.659,5.77,0.198587 , 0.198587 , 0
159.659,5.95,0.183112 , 0.183112 , 0
159.659,6.13,0.158903 , 0.158903 , 0
159.659,6.31,0.130469 , 0.130469 , 0
159.659,6.49,0.101437 , 0.101437 , 0
159.659,6.67,0.0746653 , 0.0746653 , 0
159.659,6.85,0.0518353 , 0.0518353 , 0
159.659,7.03,0.0337688 , 0.0337688 , 0
159.659,7.21,0.0206263 , 0.0206263 , 0
159.659,7.39,0.012138 , 0.012138 , 0
159.659,7.57,0.00774724 , 0.00774724 , 0
159.659,7.75,0.00675671 , 0.00675671 , 0
159.659,7.93,0.0084326 , 0.0084326 , 0
159.659,8.11,0.0120719 , 0.0120719 , 0
159.659,8.29,0.0170482 , 0.0170482 , 0
159.659,8.47,0.0228192 , 0.0228192 , 0
159.659,8.65,0.0289383 , 0.0289383 , 0
159.659,8.83,0.0350527 , 0.0350527 , 0
159.659,9.01,0.0408809 , 0.0408809 , 0
159.659,9.19,0.0462279 , 0.0462279 , 0
159.659,9.37,0.0509775 , 0.0509775 , 0
159.659,9.55,0.0550549 , 0.0550549 , 0
159.659,9.73,0.0584272 , 0.0584272 , 0
159.659,9.91,0.0610926 , 0.0610926 , 0
160.51,1.09,3.79258 , 3.79258 , 0
160.51,1.27,0.197036 , 0.197036 , 0
160.51,1.45,0.84274 , 0.84274 , 0
160.51,1.63,0.273332 , 0.273332 , 0
160.51,1.81,0.593767 , 0.593767 , 0
160.51,1.99,1.27958 , 1.27958 , 0
160.51,2.17,0.234928 , 0.234928 , 0
160.51,2.35,0.636799 , 0.636799 , 0
160.51,2.53,0.639329 , 0.639329 , 0
160.51,2.71,0.160716 , 0.160716 , 0
160.51,2.89,0.347235 , 0.347235 , 0
160.51,3.07,0.495048 , 0.495048 , 0
160.51,3.25,0.378574 , 0.378574 , 0
160.51,3.43,0.265164 , 0.265164 , 0
160.51,3.61,0.253827 , 0.253827 , 0
160.51,3.79,0.263463 , 0.263463 , 0
160.51,3.97,0.225309 , 0.225309 , 0
160.51,4.15,0.144502 , 0.144502 , 0
160.51,4.33,0.0630652 , 0.0630652 , 0
160.51,4.51,0.0151107 , 0.0151107 , 0
160.51,4.69,0.0105281 , 0.0105281 , 0
160.51,4.87,0.0397266 , 0.0397266 , 0
160.51,5.05,0.0850815 , 0.0850815 , 0
160.51,5.23,0.130052 , 0.130052 , 0
160.51,5.41,0.163655 , 0.163655 , 0
160.51,5.59,0.18108 , 0.18108 , 0
160.51,5.77,0.182383 , 0.182383 , 0
160.51,5.95,0.170518 , 0.170518 , 0
160.51,6.13,0.149683 , 0.149683 , 0
160.51,6.31,0.124129 , 0.124129 , 0
160.51,6.49,0.0973744 , 0.0973744 , 0
160.51,6.67,0.072266 , 0.072266 , 0
160.51,6.85,0.050541 , 0.050541 , 0
160.51,7.03,0.0331089 , 0.0331089 , 0
160.51,7.21,0.0202295 , 0.0202295 , 0
160.51,7.39,0.0117281 , 0.0117281 , 0
160.51,7.57,0.00713365 , 0.00713365 , 0
160.51,7.75,0.00582078 , 0.00582078 , 0
160.51,7.93,0.00711272 , 0.00711272 , 0
160.51,8.11,0.0103503 , 0.0103503 , 0
160.51,8.29,0.0149379 , 0.0149379 , 0
160.51,8.47,0.0203542 , 0.0203542 , 0
160.51,8.65,0.0261658 , 0.0261658 , 0
160.51,8.83,0.0320266 , 0.0320266 , 0
160.51,9.01,0.0376568 , 0.0376568 , 0
160.51,9.19,0.04286 , 0.04286 , 0
160.51,9.37,0.0475169 , 0.0475169 , 0
160.51,9.55,0.0515485 , 0.0515485 , 0
160.51,9.73,0.0549163 , 0.0549163 , 0
160.51,9.91,0.057613 , 0.057613 , 0
161.362,1.09,3.44685 , 3.44685 , 0
161.362,1.27,0.202447 , 0.202447 , 0
161.362,1.45,0.555628 , 0.555628 , 0
161.362,1.63,0.167119 , 0.167119 , 0
161.362,1.81,0.736808 , 0.736808 , 0
161.362,1.99,1.14367 , 1.14367 , 0
161.362,2.17,0.303064 , 0.303064 , 0
161.362,2.35,0.538215 , 0.538215 , 0
161.362,2.53,0.64793 , 0.64793 , 0
161.362,2.71,0.169799 , 0.169799 , 0
161.362,2.89,0.29707 , 0.29707 , 0
161.362,3.07,0.450823 , 0.450823 , 0
161.362,3.25,0.364914 , 0.364914 , 0
161.362,3.43,0.267903 , 0.267903 , 0
161.362,3.61,0.261827 , 0.261827 , 0
161.362,3.79,0.275212 , 0.275212 , 0
161.362,3.97,0.240447 , 0.240447 , 0
161.362,4.15,0.159815 , 0.159815 , 0
161.362,4.33,0.0739751 , 0.0739751 , 0
161.362,4.51,0.0182594 , 0.0182594 , 0
161.362,4.69,0.00499224 , 0.00499224 , 0
161.362,4.87,0.0267612 , 0.0267612 , 0
161.362,5.05,0.067168 , 0.067168 , 0
161.362,5.23,0.109945 , 0.109945 , 0
161.362,5.41,0.143726 , 0.143726 , 0
161.362,5.59,0.163014 , 0.163014 , 0
161.362,5.77,0.167146 , 0.167146 , 0
161.362,5.95,0.158456 , 0.158456 , 0
161.362,6.13,0.140693 , 0.140693 , 0
161.362,6.31,0.11783 , 0.11783 , 0
161.362,6.49,0.0932478 , 0.0932478 , 0
161.362,6.67,0.0697597 , 0.0697597 , 0
161.362,6.85,0.0491362 , 0.0491362 , 0
161.362,7.03,0.0323579 , 0.0323579 , 0
161.362,7.21,0.0197708 , 0.0197708 , 0
161.362,7.39,0.0112875 , 0.0112875 , 0
161.362,7.57,0.0065173 , 0.0065173 , 0
161.362,7.75,0.00490383 , 0.00490383 , 0
161.362,7.93,0.00582622 , 0.00582622 , 0
161.362,8.11,0.00866895 , 0.00866895 , 0
161.362,8.29,0.0128677 , 0.0128677 , 0
161.362,8.47,0.0179235 , 0.0179235 , 0
161.362,8.65,0.0234172 , 0.0234172 , 0
161.362,8.83,0.0290107 , 0.0290107 , 0
161.362,9.01,0.0344272 , 0.0344272 , 0
161.362,9.19,0.0394699 , 0.0394699 , 0
161.362,9.37,0.0440174 , 0.0440174 , 0
161.362,9.55,0.0479865 , 0.0479865 , 0
161.362,9.73,0.0513339 , 0.0513339 , 0
161.362,9.91,0.0540472 , 0.0540472 , 0
162.213,1.09,2.935 , 2.935 , 0
162.213,1.27,0.319842 , 0.319842 , 0
162.213,1.45,0.342261 , 0.342261 , 0
162.213,1.63,0.118986 , 0.118986 , 0
162.213,1.81,0.862352 , 0.862352 , 0
162.213,1.99,1.00179 , 1.00179 , 0
162.213,2.17,0.369822 , 0.369822 , 0
162.213,2.35,0.450268 , 0.450268 , 0
162.213,2.53,0.646143 , 0.646143 , 0
162.213,2.71,0.182262 , 0.182262 , 0
162.213,2.89,0.255018 , 0.255018 , 0
162.213,3.07,0.407353 , 0.407353 , 0
162.213,3.25,0.346487 , 0.346487 , 0
162.213,3.43,0.264657 , 0.264657 , 0
162.213,3.61,0.264495 , 0.264495 , 0
162.213,3.79,0.282859 , 0.282859 , 0
162.213,3.97,0.253125 , 0.253125 , 0
162.213,4.15,0.174597 , 0.174597 , 0
162.213,4.33,0.0862383 , 0.0862383 , 0
162.213,4.51,0.0242458 , 0.0242458 , 0
162.213,4.69,0.00318258 , 0.00318258 , 0
162.213,4.87,0.0178162 , 0.0178162 , 0
162.213,5.05,0.0531003 , 0.0531003 , 0
162.213,5.23,0.0932108 , 0.0932108 , 0
162.213,5.41,0.126559 , 0.126559 , 0
162.213,5.59,0.147085 , 0.147085 , 0
162.213,5.77,0.153478 , 0.153478 , 0
162.213,5.95,0.147492 , 0.147492 , 0
162.213,6.13,0.132437 , 0.132437 , 0
162.213,6.31,0.112003 , 0.112003 , 0
162.213,6.49,0.0894192 , 0.0894192 , 0
162.213,6.67,0.0674418 , 0.0674418 , 0
162.213,6.85,0.0478575 , 0.0478575 , 0
162.213,7.03,0.0317029 , 0.0317029 , 0
162.213,7.21,0.0193982 , 0.0193982 , 0
162.213,7.39,0.0109343 , 0.0109343 , 0
162.213,7.57,0.00599493 , 0.00599493 , 0
162.213,7.75,0.00408824 , 0.00408824 , 0
162.213,7.93,0.00464683 , 0.00464683 , 0
162.213,8.11,0.00709699 , 0.00709699 , 0
162.213,8.29,0.0109053 , 0.0109053 , 0
162.213,8.47,0.0155951 , 0.0155951 , 0
162.213,8.65,0.0207618 , 0.0207618 , 0
162.213,8.83,0.0260761 , 0.0260761 , 0
162.213,9.01,0.0312658 , 0.0312658 , 0
162.213,9.19,0.0361345 , 0.0361345 , 0
162.213,9.37,0.0405583 , 0.0405583 , 0
162.213,9.55,0.0444507 , 0.0444507 , 0
162.213,9.73,0.0477639 , 0.0477639 , 0
162.213,9.91,0.0504806 , 0.0504806 , 0
163.064,1.09,2.34405 , 2.34405 , 0
163.064,1.27,0.511164 , 0.511164 , 0
163.064,1.45,0.203811 , 0.203811 , 0
163.064,1.63,0.119193 , 0.119193 , 0
163.064,1.81,0.963502 , 0.963502 , 0
163.064,1.99,0.860659 , 0.860659 , 0
163.064,2.17,0.434019 , 0.434019 , 0
163.064,2.35,0.371705 , 0.371705 , 0
163.064,2.53,0.632272 , 0.632272 , 0
163.064,2.71,0.197264 , 0.197264 , 0
163.064,2.89,0.221372 , 0.221372 , 0
163.064,3.07,0.364296 , 0.364296 , 0
163.064,3.25,0.322572 , 0.322572 , 0
163.064,3.43,0.255492 , 0.255492 , 0
163.064,3.61,0.26297 , 0.26297 , 0
163.064,3.79,0.288037 , 0.288037 , 0
163.064,3.97,0.264741 , 0.264741 , 0
163.064,4.15,0.189586 , 0.189586 , 0
163.064,4.33,0.099858 , 0.099858 , 0
163.064,4.51,0.0324849 , 0.0324849 , 0
163.064,4.69,0.00414921 , 0.00414921 , 0
163.064,4.87,0.0117818 , 0.0117818 , 0
163.064,5.05,0.041759 , 0.041759 , 0
163.064,5.23,0.0788131 , 0.0788131 , 0
163.064,5.41,0.111249 , 0.111249 , 0
163.064,5.59,0.13253 , 0.13253 , 0
163.064,5.77,0.140755 , 0.140755 , 0
163.064,5.95,0.137128 , 0.137128 , 0
163.064,6.13,0.124527 , 0.124527 , 0
163.064,6.31,0.10635 , 0.10635 , 0
163.064,6.49,0.0856647 , 0.0856647 , 0
163.064,6.67,0.0651493 , 0.0651493 , 0
163.064,6.85,0.0465915 , 0.0465915 , 0
163.064,7.03,0.0310702 , 0.0310702 , 0
163.064,7.21,0.0190696 , 0.0190696 , 0
163.064,7.39,0.0106516 , 0.0106516 , 0
163.064,7.57,0.0055691 , 0.0055691 , 0
163.064,7.75,0.00339171 , 0.00339171 , 0
163.064,7.93,0.00360369 , 0.00360369 , 0
163.064,8.11,0.0056723 , 0.0056723 , 0
163.064,8.29,0.00909494 , 0.00909494 , 0
163.064,8.47,0.0134177 , 0.0134177 , 0
163.064,8.65,0.0182514 , 0.0182514 , 0
163.064,8.83,0.0232763 , 0.0232763 , 0
163.064,9.01,0.0282264 , 0.0282264 , 0
163.064,9.19,0.0329069 , 0.0329069 , 0
163.064,9.37,0.0371919 , 0.0371919 , 0
163.064,9.55,0.0409918 , 0.0409918 , 0
163.064,9.73,0.044255 , 0.044255 , 0
163.064,9.91,0.0469596 , 0.0469596 , 0
163.915,1.09,1.76342 , 1.76342 , 0
163.915,1.27,0.73669 , 0.73669 , 0
163.915,1.45,0.134102 , 0.134102 , 0
163.915,1.63,0.155718 , 0.155718 , 0
163.915,1.81,1.03671 , 1.03671 , 0
163.915,1.99,0.727888 , 0.727888 , 0
163.915,2.17,0.488634 , 0.488634 , 0
163.915,2.35,0.305704 , 0.305704 , 0
163.915,2.53,0.611032 , 0.611032 , 0
163.915,2.71,0.21169 , 0.21169 , 0
163.915,2.89,0.194519 , 0.194519 , 0
163.915,3.07,0.324598 , 0.324598 , 0
163.915,3.25,0.297154 , 0.297154 , 0
163.915,3.43,0.24229 , 0.24229 , 0
163.915,3.61,0.256348 , 0.256348 , 0
163.915,3.79,0.287913 , 0.287913 , 0
163.915,3.97,0.271753 , 0.271753 , 0
163.915,4.15,0.201488 , 0.201488 , 0
163.915,4.33,0.112312 , 0.112312 , 0
163.915,4.51,0.0413746 , 0.0413746 , 0
163.915,4.69,0.00712609 , 0.00712609 , 0
163.915,4.87,0.00853411 , 0.00853411 , 0
163.915,5.05,0.0334483 , 0.0334483 , 0
163.915,5.23,0.0672979 , 0.0672979 , 0
163.915,5.41,0.09844 , 0.09844 , 0
163.915,5.59,0.119999 , 0.119999 , 0
163.915,5.77,0.129577 , 0.129577 , 0
163.915,5.95,0.127883 , 0.127883 , 0
163.915,6.13,0.117394 , 0.117394 , 0
163.915,6.31,0.101219 , 0.101219 , 0
163.915,6.49,0.0822545 , 0.0822545 , 0
163.915,6.67,0.0630881 , 0.0630881 , 0
163.915,6.85,0.0454927 , 0.0454927 , 0
163.915,7.03,0.0305752 , 0.0305752 , 0
163.915,7.21,0.0188712 , 0.0188712 , 0
163.915,7.39,0.0105042 , 0.0105042 , 0
163.915,7.57,0.0052889 , 0.0052889 , 0
163.915,7.75,0.00285188 , 0.00285188 , 0
163.915,7.93,0.00272608 , 0.00272608 , 0
163.915,8.11,0.00441814 , 0.00441814 , 0
163.915,8.29,0.00745568 , 0.00745568 , 0
163.915,8.47,0.0114075 , 0.0114075 , 0
163.915,8.65,0.0159004 , 0.0159004 , 0
163.915,8.83,0.0206248 , 0.0206248 , 0
163.915,9.01,0.0253215 , 0.0253215 , 0
163.915,9.19,0.0297983 , 0.0297983 , 0
163.915,9.37,0.0339275 , 0.0339275 , 0
163.915,9.55,0.0376177 , 0.0376177 , 0
163.915,9.73,0.0408135 , 0.0408135 , 0
163.915,9.91,0.043489 , 0.043489 , 0
164.767,1.09,1.24721 , 1.24721 , 0
164.767,1.27,0.963714 , 0.963714 , 0
164.767,1.45,0.120669 , 0.120669 , 0
164.767,1.63,0.216345 , 0.216345 , 0
164.767,1.81,1.08121 , 1.08121 , 0
164.767,1.99,0.606625 , 0.606625 , 0
164.767,2.17,0.533082 , 0.533082 , 0
164.767,2.35,0.250976 , 0.250976 , 0
164.767,2.53,0.582599 , 0.582599 , 0
164.767,2.71,0.22466 , 0.22466 , 0
164.767,2.89,0.173885 , 0.173885 , 0
164.767,3.07,0.288131 , 0.288131 , 0
164.767,3.25,0.270399 , 0.270399 , 0
164.767,3.43,0.225686 , 0.225686 , 0
164.767,3.61,0.245694 , 0.245694 , 0
164.767,3.79,0.283627 , 0.283627 , 0
164.767,3.97,0.274995 , 0.274995 , 0
164.767,4.15,0.210636 , 0.210636 , 0
164.767,4.33,0.123434 , 0.123434 , 0
164.767,4.51,0.0503831 , 0.0503831 , 0
164.767,4.69,0.0113771 , 0.0113771 , 0
164.767,4.87,0.00727064 , 0.00727064 , 0
164.767,5.05,0.0273931 , 0.0273931 , 0
164.767,5.23,0.0579693 , 0.0579693 , 0
164.767,5.41,0.0875365 , 0.0875365 , 0
164.767,5.59,0.108996 , 0.108996 , 0
164.767,5.77,0.119538 , 0.119538 , 0
164.767,5.95,0.119434 , 0.119434 , 0
164.767,6.13,0.110781 , 0.110781 , 0
164.767,6.31,0.0964053 , 0.0964053 , 0
164.767,6.49,0.0790276 , 0.0790276 , 0
164.767,6.67,0.0611332 , 0.0611332 , 0
164.767,6.85,0.044466 , 0.044466 , 0
164.767,7.03,0.0301473 , 0.0301473 , 0
164.767,7.21,0.0187529 , 0.0187529 , 0
164.767,7.39,0.010459 , 0.010459 , 0
164.767,7.57,0.00513581 , 0.00513581 , 0
164.767,7.75,0.00246231 , 0.00246231 , 0
164.767,7.93,0.00201763 , 0.00201763 , 0
164.767,8.11,0.00334647 , 0.00334647 , 0
164.767,8.29,0.00600627 , 0.00600627 , 0
164.767,8.47,0.00958882 , 0.00958882 , 0
164.767,8.65,0.0137374 , 0.0137374 , 0
164.767,8.83,0.0181532 , 0.0181532 , 0
164.767,9.01,0.0225852 , 0.0225852 , 0
164.767,9.19,0.0268441 , 0.0268441 , 0
164.767,9.37,0.0308018 , 0.0308018 , 0
164.767,9.55,0.0343651 , 0.0343651 , 0
164.767,9.73,0.037476 , 0.037476 , 0
164.767,9.91,0.040105 , 0.040105 , 0
165.618,1.09,0.828099 , 0.828099 , 0
165.618,1.27,1.1666 , 1.1666 , 0
165.618,1.45,0.149168 , 0.149168 , 0
165.618,1.63,0.289425 , 0.289425 , 0
165.618,1.81,1.09795 , 1.09795 , 0
165.618,1.99,0.499073 , 0.499073 , 0
165.618,2.17,0.565823 , 0.565823 , 0
165.618,2.35,0.206871 , 0.206871 , 0
165.618,2.53,0.548674 , 0.548674 , 0
165.618,2.71,0.235013 , 0.235013 , 0
165.618,2.89,0.158399 , 0.158399 , 0
165.618,3.07,0.255409 , 0.255409 , 0
165.618,3.25,0.24355 , 0.24355 , 0
165.618,3.43,0.206792 , 0.206792 , 0
165.618,3.61,0.231673 , 0.231673 , 0
165.618,3.79,0.275364 , 0.275364 , 0
165.618,3.97,0.274242 , 0.274242 , 0
165.618,4.15,0.216512 , 0.216512 , 0
165.618,4.33,0.132552 , 0.132552 , 0
165.618,4.51,0.0588053 , 0.0588053 , 0
165.618,4.69,0.0162548 , 0.0162548 , 0
165.618,4.87,0.00745009 , 0.00745009 , 0
165.618,5.05,0.0231722 , 0.0231722 , 0
165.618,5.23,0.0505175 , 0.0505175 , 0
165.618,5.41,0.0783199 , 0.0783199 , 0
165.618,5.59,0.0993701 , 0.0993701 , 0
165.618,5.77,0.110536 , 0.110536 , 0
165.618,5.95,0.111707 , 0.111707 , 0
165.618,6.13,0.104631 , 0.104631 , 0
165.618,6.31,0.0918649 , 0.0918649 , 0
165.618,6.49,0.075947 , 0.075947 , 0
165.618,6.67,0.0592522 , 0.0592522 , 0
165.618,6.85,0.0434825 , 0.0434825 , 0
165.618,7.03,0.0297613 , 0.0297613 , 0
165.618,7.21,0.0186939 , 0.0186939 , 0
165.618,7.39,0.0105 , 0.0105 , 0
165.618,7.57,0.00509871 , 0.00509871 , 0
165.618,7.75,0.00221715 , 0.00221715 , 0
165.618,7.93,0.00147771 , 0.00147771 , 0
165.618,8.11,0.00246172 , 0.00246172 , 0
165.618,8.29,0.00475589 , 0.00475589 , 0
165.618,8.47,0.00797507 , 0.00797507 , 0
165.618,8.65,0.0117795 , 0.0117795 , 0
165.618,8.83,0.0158823 , 0.0158823 , 0
165.618,9.01,0.0200407 , 0.0200407 , 0
165.618,9.19,0.0240698 , 0.0240698 , 0
165.618,9.37,0.0278417 , 0.0278417 , 0
165.618,9.55,0.0312624 , 0.0312624 , 0
165.618,9.73,0.0342717 , 0.0342717 , 0
165.618,9.91,0.0368371 , 0.0368371 , 0
166.469,1.09,0.518295 , 0.518295 , 0
166.469,1.27,1.3274 , 1.3274 , 0
166.469,1.45,0.204879 , 0.204879 , 0
166.469,1.63,0.36468 , 0.36468 , 0
166.469,1.81,1.08939 , 1.08939 , 0
166.469,1.99,0.406521 , 0.406521 , 0
166.469,2.17,0.585507 , 0.585507 , 0
166.469,2.35,0.172261 , 0.172261 , 0
166.469,2.53,0.511706 , 0.511706 , 0
166.469,2.71,0.241972 , 0.241972 , 0
166.469,2.89,0.146535 , 0.146535 , 0
166.469,3.07,0.22666 , 0.22666 , 0
166.469,3.25,0.218097 , 0.218097 , 0
166.469,3.43,0.187185 , 0.187185 , 0
166.469,3.61,0.215297 , 0.215297 , 0
166.469,3.79,0.263432 , 0.263432 , 0
166.469,3.97,0.269213 , 0.269213 , 0
166.469,4.15,0.21846 , 0.21846 , 0
166.469,4.33,0.138845 , 0.138845 , 0
166.469,4.51,0.0658181 , 0.0658181 , 0
166.469,4.69,0.0210358 , 0.0210358 , 0
166.469,4.87,0.00849368 , 0.00849368 , 0
166.469,5.05,0.0203557 , 0.0203557 , 0
166.469,5.23,0.0446422 , 0.0446422 , 0
166.469,5.41,0.0705905 , 0.0705905 , 0
166.469,5.59,0.0909937 , 0.0909937 , 0
166.469,5.77,0.102488 , 0.102488 , 0
166.469,5.95,0.104646 , 0.104646 , 0
166.469,6.13,0.098905 , 0.098905 , 0
166.469,6.31,0.0875638 , 0.0875638 , 0
166.469,6.49,0.0729812 , 0.0729812 , 0
166.469,6.67,0.0574143 , 0.0574143 , 0
166.469,6.85,0.0425123 , 0.0425123 , 0
166.469,7.03,0.0293889 , 0.0293889 , 0
166.469,7.21,0.0186682 , 0.0186682 , 0
166.469,7.39,0.0106046 , 0.0106046 , 0
166.469,7.57,0.00515935 , 0.00515935 , 0
166.469,7.75,0.00210287 , 0.00210287 , 0
166.469,7.93,0.00109781 , 0.00109781 , 0
166.469,8.11,0.0017604 , 0.0017604 , 0
166.469,8.29,0.00370592 , 0.00370592 , 0
166.469,8.47,0.00657222 , 0.00657222 , 0
166.469,8.65,0.010037 , 0.010037 , 0
166.469,8.83,0.0138256 , 0.0138256 , 0
166.469,9.01,0.0177051 , 0.0177051 , 0
166.469,9.19,0.021495 , 0.021495 , 0
166.469,9.37,0.025069 , 0.025069 , 0
166.469,9.55,0.0283329 , 0.0283329 , 0
166.469,9.73,0.0312252 , 0.0312252 , 0
166.469,9.91,0.0337107 , 0.0337107 , 0
167.321,1.09,0.313733 , 0.313733 , 0
167.321,1.27,1.4383 , 1.4383 , 0
167.321,1.45,0.274316 , 0.274316 , 0
167.321,1.63,0.434752 , 0.434752 , 0
167.321,1.81,1.05926 , 1.05926 , 0
167.321,1.99,0.328239 , 0.328239 , 0
167.321,2.17,0.593618 , 0.593618 , 0
167.321,2.35,0.145788 , 0.145788 , 0
167.321,2.53,0.471809 , 0.471809 , 0
167.321,2.71,0.245219 , 0.245219 , 0
167.321,2.89,0.13784 , 0.13784 , 0
167.321,3.07,0.20149 , 0.20149 , 0
167.321,3.25,0.193714 , 0.193714 , 0
167.321,3.43,0.166907 , 0.166907 , 0
167.321,3.61,0.197162 , 0.197162 , 0
167.321,3.79,0.248816 , 0.248816 , 0
167.321,3.97,0.260953 , 0.260953 , 0
167.321,4.15,0.217297 , 0.217297 , 0
167.321,4.33,0.142773 , 0.142773 , 0
167.321,4.51,0.0715296 , 0.0715296 , 0
167.321,4.69,0.0255573 , 0.0255573 , 0
167.321,4.87,0.010069 , 0.010069 , 0
167.321,5.05,0.0185308 , 0.0185308 , 0
167.321,5.23,0.0399146 , 0.0399146 , 0
167.321,5.41,0.0639432 , 0.0639432 , 0
167.321,5.59,0.0835053 , 0.0835053 , 0
167.321,5.77,0.0950847 , 0.0950847 , 0
167.321,5.95,0.0979928 , 0.0979928 , 0
167.321,6.13,0.0933872 , 0.0933872 , 0
167.321,6.31,0.0833249 , 0.0833249 , 0
167.321,6.49,0.0699851 , 0.0699851 , 0
167.321,6.67,0.0555008 , 0.0555008 , 0
167.321,6.85,0.0414581 , 0.0414581 , 0
167.321,7.03,0.0289502 , 0.0289502 , 0
167.321,7.21,0.0186103 , 0.0186103 , 0
167.321,7.39,0.010719 , 0.010719 , 0
167.321,7.57,0.00527377 , 0.00527377 , 0
167.321,7.75,0.00208383 , 0.00208383 , 0
167.321,7.93,0.000849319 , 0.000849319 , 0
167.321,8.11,0.00121993 , 0.00121993 , 0
167.321,8.29,0.00283892 , 0.00283892 , 0
167.321,8.47,0.00536726 , 0.00536726 , 0
167.321,8.65,0.00850052 , 0.00850052 , 0
167.321,8.83,0.0119774 , 0.0119774 , 0
167.321,9.01,0.0155749 , 0.0155749 , 0
167.321,9.19,0.0191187 , 0.0191187 , 0
167.321,9.37,0.0224845 , 0.0224845 , 0
167.321,9.55,0.025579 , 0.025579 , 0
167.321,9.73,0.02834 , 0.02834 , 0
167.321,9.91,0.0307306 , 0.0307306 , 0
168.172,1.09,0.199319 , 0.199319 , 0
168.172,1.27,1.49621 , 1.49621 , 0
168.172,1.45,0.346115 , 0.346115 , 0
168.172,1.63,0.493482 , 0.493482 , 0
168.172,1.81,1.01152 , 1.01152 , 0
168.172,1.99,0.263904 , 0.263904 , 0
168.172,2.17,0.589891 , 0.589891 , 0
168.172,2.35,0.125837 , 0.125837 , 0
168.172,2.53,0.431373 , 0.431373 , 0
168.172,2.71,0.244636 , 0.244636 , 0
168.172,2.89,0.130786 , 0.130786 , 0
168.172,3.07,0.179685 , 0.179685 , 0
168.172,3.25,0.171548 , 0.171548 , 0
168.172,3.43,0.147433 , 0.147433 , 0
168.172,3.61,0.178354 , 0.178354 , 0
168.172,3.79,0.232003 , 0.232003 , 0
168.172,3.97,0.24942 , 0.24942 , 0
168.172,4.15,0.212629 , 0.212629 , 0
168.172,4.33,0.143764 , 0.143764 , 0
168.172,4.51,0.0753321 , 0.0753321 , 0
168.172,4.69,0.0292632 , 0.0292632 , 0
168.172,4.87,0.0117148 , 0.0117148 , 0
168.172,5.05,0.017342 , 0.017342 , 0
168.172,5.23,0.0360759 , 0.0360759 , 0
168.172,5.41,0.0581968 , 0.0581968 , 0
168.172,5.59,0.0767807 , 0.0767807 , 0
168.172,5.77,0.0882398 , 0.0882398 , 0
168.172,5.95,0.0916843 , 0.0916843 , 0
168.172,6.13,0.0880295 , 0.0880295 , 0
168.172,6.31,0.0791072 , 0.0791072 , 0
168.172,6.49,0.066921 , 0.066921 , 0
168.172,6.67,0.0534752 , 0.0534752 , 0
168.172,6.85,0.0402843 , 0.0402843 , 0
168.172,7.03,0.0284108 , 0.0284108 , 0
168.172,7.21,0.0184874 , 0.0184874 , 0
168.172,7.39,0.010813 , 0.010813 , 0
168.172,7.57,0.00541491 , 0.00541491 , 0
168.172,7.75,0.00213658 , 0.00213658 , 0
168.172,7.93,0.000712723 , 0.000712723 , 0
168.172,8.11,0.000824837 , 0.000824837 , 0
168.172,8.29,0.00214346 , 0.00214346 , 0
168.172,8.47,0.00435262 , 0.00435262 , 0
168.172,8.65,0.00716625 , 0.00716625 , 0
168.172,8.83,0.010337 , 0.010337 , 0
168.172,9.01,0.0136527 , 0.0136527 , 0
168.172,9.19,0.016946 , 0.016946 , 0
168.172,9.37,0.0200956 , 0.0200956 , 0
168.172,9.55,0.0230101 , 0.0230101 , 0
168.172,9.73,0.0256272 , 0.0256272 , 0
168.172,9.91,0.0279087 , 0.0279087 , 0
169.023,1.09,0.156039 , 0.156039 , 0
169.023,1.27,1.50621 , 1.50621 , 0
169.023,1.45,0.411762 , 0.411762 , 0
169.023,1.63,0.539154 , 0.539154 , 0
169.023,1.81,0.95024 , 0.95024 , 0
169.023,1.99,0.210194 , 0.210194 , 0
169.023,2.17,0.578228 , 0.578228 , 0
169.023,2.35,0.11274 , 0.11274 , 0
169.023,2.53,0.387397 , 0.387397 , 0
169.023,2.71,0.239582 , 0.239582 , 0
169.023,2.89,0.126711 , 0.126711 , 0
169.023,3.07,0.161112 , 0.161112 , 0
169.023,3.25,0.149351 , 0.149351 , 0
169.023,3.43,0.126216 , 0.126216 , 0
169.023,3.61,0.157679 , 0.157679 , 0
169.023,3.79,0.213523 , 0.213523 , 0
169.023,3.97,0.236316 , 0.236316 , 0
169.023,4.15,0.206547 , 0.206547 , 0
169.023,4.33,0.143707 , 0.143707 , 0
169.023,4.51,0.0786188 , 0.0786188 , 0
169.023,4.69,0.0330018 , 0.0330018 , 0
169.023,4.87,0.0138205 , 0.0138205 , 0
169.023,5.05,0.0168521 , 0.0168521 , 0
169.023,5.23,0.0329897 , 0.0329897 , 0
169.023,5.41,0.0531169 , 0.0531169 , 0
169.023,5.59,0.0705556 , 0.0705556 , 0
169.023,5.77,0.0817004 , 0.0817004 , 0
169.023,5.95,0.0854993 , 0.0854993 , 0
169.023,6.13,0.0826482 , 0.0826482 , 0
169.023,6.31,0.0747631 , 0.0747631 , 0
169.023,6.49,0.0636727 , 0.0636727 , 0
169.023,6.67,0.0512464 , 0.0512464 , 0
169.023,6.85,0.0389181 , 0.0389181 , 0
169.023,7.03,0.0277107 , 0.0277107 , 0
169.023,7.21,0.0182481 , 0.0182481 , 0
169.023,7.39,0.0108406 , 0.0108406 , 0
169.023,7.57,0.0055397 , 0.0055397 , 0
169.023,7.75,0.00221965 , 0.00221965 , 0
169.023,7.93,0.000647344 , 0.000647344 , 0
169.023,8.11,0.000534835 , 0.000534835 , 0
169.023,8.29,0.00157954 , 0.00157954 , 0
169.023,8.47,0.0034887 , 0.0034887 , 0
169.023,8.65,0.00599509 , 0.00599509 , 0
169.023,8.83,0.00886601 , 0.00886601 , 0
169.023,9.01,0.0119011 , 0.0119011 , 0
169.023,9.19,0.0149408 , 0.0149408 , 0
169.023,9.37,0.0178678 , 0.0178678 , 0
169.023,9.55,0.0205932 , 0.0205932 , 0
169.023,9.73,0.0230554 , 0.0230554 , 0
169.023,9.91,0.0252157 , 0.0252157 , 0
169.875,1.09,0.162831 , 0.162831 , 0
169.875,1.27,1.4738 , 1.4738 , 0
169.875,1.45,0.465639 , 0.465639 , 0
169.875,1.63,0.570991 , 0.570991 , 0
169.875,1.81,0.878296 , 0.878296 , 0
169.875,1.99,0.164781 , 0.164781 , 0
169.875,2.17,0.559705 , 0.559705 , 0
169.875,2.35,0.107951 , 0.107951 , 0
169.875,2.53,0.33879 , 0.33879 , 0
169.875,2.71,0.228651 , 0.228651 , 0
169.875,2.89,0.126255 , 0.126255 , 0
169.875,3.07,0.146785 , 0.146785 , 0
169.875,3.25,0.126769 , 0.126769 , 0
169.875,3.43,0.101774 , 0.101774 , 0
169.875,3.61,0.133607 , 0.133607 , 0
169.875,3.79,0.192507 , 0.192507 , 0
169.875,3.97,0.221527 , 0.221527 , 0
169.875,4.15,0.199441 , 0.199441 , 0
169.875,4.33,0.143206 , 0.143206 , 0
169.875,4.51,0.0820007 , 0.0820007 , 0
169.875,4.69,0.0372961 , 0.0372961 , 0
169.875,4.87,0.0168012 , 0.0168012 , 0
169.875,5.05,0.0173859 , 0.0173859 , 0
169.875,5.23,0.0309183 , 0.0309183 , 0
169.875,5.41,0.0489264 , 0.0489264 , 0
169.875,5.59,0.0650287 , 0.0650287 , 0
169.875,5.77,0.0756478 , 0.0756478 , 0
169.875,5.95,0.0796036 , 0.0796036 , 0
169.875,6.13,0.0773926 , 0.0773926 , 0
169.875,6.31,0.0704241 , 0.0704241 , 0
169.875,6.49,0.0603515 , 0.0603515 , 0
169.875,6.67,0.0489046 , 0.0489046 , 0
169.875,6.85,0.0374293 , 0.0374293 , 0
169.875,7.03,0.0269001 , 0.0269001 , 0
169.875,7.21,0.017925 , 0.017925 , 0
169.875,7.39,0.0108186 , 0.0108186 , 0
169.875,7.57,0.00565188 , 0.00565188 , 0
169.875,7.75,0.002326 , 0.002326 , 0
169.875,7.93,0.000637585 , 0.000637585 , 0
169.875,8.11,0.000327874 , 0.000327874 , 0
169.875,8.29,0.00112048 , 0.00112048 , 0
169.875,8.47,0.00274574 , 0.00274574 , 0
169.875,8.65,0.00495555 , 0.00495555 , 0
169.875,8.83,0.00753242 , 0.00753242 , 0
169.875,9.01,0.0102883 , 0.0102883 , 0
169.875,9.19,0.0130721 , 0.0130721 , 0
169.875,9.37,0.0157714 , 0.0157714 , 0
169.875,9.55,0.0183003 , 0.0183003 , 0
169.875,9.73,0.0205987 , 0.0205987 , 0
169.875,9.91,0.0226277 , 0.0226277 , 0
170.726,1.09,0.194602 , 0.194602 , 0
170.726,1.27,1.40201 , 1.40201 , 0
170.726,1.45,0.503081 , 0.503081 , 0
170.726,1.63,0.582369 , 0.582369 , 0
170.726,1.81,0.800306 , 0.800306 , 0
170.726,1.99,0.131702 , 0.131702 , 0
170.726,2.17,0.528957 , 0.528957 , 0
170.726,2.35,0.102589 , 0.102589 , 0
170.726,2.53,0.298318 , 0.298318 , 0
170.726,2.71,0.2158 , 0.2158 , 0
170.726,2.89,0.121959 , 0.121959 , 0
170.726,3.07,0.133815 , 0.133815 , 0
170.726,3.25,0.110201 , 0.110201 , 0
170.726,3.43,0.0840955 , 0.0840955 , 0
170.726,3.61,0.113562 , 0.113562 , 0
170.726,3.79,0.171447 , 0.171447 , 0
170.726,3.97,0.203326 , 0.203326 , 0
170.726,4.15,0.18723 , 0.18723 , 0
170.726,4.33,0.13752 , 0.13752 , 0
170.726,4.51,0.0811616 , 0.0811616 , 0
170.726,4.69,0.0387277 , 0.0387277 , 0
170.726,4.87,0.0182021 , 0.0182021 , 0
170.726,5.05,0.017311 , 0.017311 , 0
170.726,5.23,0.0288417 , 0.0288417 , 0
170.726,5.41,0.0450161 , 0.0450161 , 0
170.726,5.59,0.0598413 , 0.0598413 , 0
170.726,5.77,0.0698613 , 0.0698613 , 0
170.726,5.95,0.0738433 , 0.0738433 , 0
170.726,6.13,0.0721363 , 0.0721363 , 0
170.726,6.31,0.0659722 , 0.0659722 , 0
170.726,6.49,0.0568426 , 0.0568426 , 0
170.726,6.67,0.0463394 , 0.0463394 , 0
170.726,6.85,0.0357152 , 0.0357152 , 0
170.726,7.03,0.0258891 , 0.0258891 , 0
170.726,7.21,0.017444 , 0.017444 , 0
170.726,7.39,0.0106917 , 0.0106917 , 0
170.726,7.57,0.00571571 , 0.00571571 , 0
170.726,7.75,0.00243963 , 0.00243963 , 0
170.726,7.93,0.000686335 , 0.000686335 , 0
170.726,8.11,0.000224132 , 0.000224132 , 0
170.726,8.29,0.000801855 , 0.000801855 , 0
170.726,8.47,0.00217256 , 0.00217256 , 0
170.726,8.65,0.00410751 , 0.00410751 , 0
170.726,8.83,0.00640493 , 0.00640493 , 0
170.726,9.01,0.00888978 , 0.00888978 , 0
170.726,9.19,0.0114203 , 0.0114203 , 0
170.726,9.37,0.0138898 , 0.0138898 , 0
170.726,9.55,0.0162166 , 0.0162166 , 0
170.726,9.73,0.0183426 , 0.0183426 , 0
170.726,9.91,0.0202297 , 0.0202297 , 0
