0 0 0 10 1
14.17834746 168.8998733 183.0782208 10 2
8.652689448 68.31586239 76.96855184 10 3
0.2706906489 1.864732597 2.135423246 10 4
5.853712841 42.87627428 48.72998712 10 5
11.82461282 64.38896478 76.21357761 10 6
14.87777959 86.98792886 101.8657084 10 7
10.25579897 61.21090184 71.46670082 10 8
8.499660742 53.60933647 62.10899722 10 9
17.23352316 130.1581635 147.3916867 10 10
12.80416607 93.84928949 106.6534556 10 11
9.546857325 61.14418596 70.69104329 10 12
10.15915484 62.44016181 72.59931665 10 13
16.38592068 87.25228603 103.6382067 10 14
12.25085996 56.38968859 68.64054855 10 15
8.24474336 37.18702889 45.43177225 10 16
11.83929464 45.74856535 57.58785999 10 17
13.48198277 49.47917678 62.96115956 10 18
9.503526907 36.30845857 45.81198548 10 19
7.101145176 26.19594984 33.29709501 10 20
14.85082156 52.17734653 67.0281681 10 21
11.75694844 40.55136746 52.30831591 10 22
8.271861025 29.75276934 38.02463037 10 23
4.538085068 17.32403577 21.86212084 10 24
24.89092143 101.8710033 126.7619247 10 25
23.93576382 86.7381529 110.6739167 10 26
26.94923165 93.5882756 120.5375072 10 27
26.8159254 84.26688231 111.0828077 10 28
22.27026207 71.76291467 94.03317674 10 29
19.31964788 73.73787674 93.05752462 10 30
17.64794005 59.55380156 77.2017416 10 31
17.03335835 61.29512856 78.32848691 10 32
14.83523827 69.61088888 84.44612714 10 33
13.9661168 68.82580014 82.79191695 10 34
1.568179591 8.73580091 10.3039805 10 35
4.404731779 27.18789247 31.59262425 10 36
1.407356508 9.058905526 10.46626203 10 37
0.5736968992 2.076829931 2.65052683 10 38
4.499316261 24.30601379 28.80533005 10 39
3.849458382 21.07808312 24.9275415 10 40
0.01165712472 0.06624933934 0.07790646406 10 41
0.00877946112 0.09731487117 0.1060943323 10 42
2.926265368e-05 0.0009566325456 0.0009858951993 10 43
5.597479888e-11 1.677481254e-09 1.733456053e-09 10 44
